14 0 0 0 0.5375 0.46153958125 0.5375 0.465625 0.52524374375 0.465625 0.48236898437500003 0.46550533437499997 0.47746269531249996 0.4567525984375 0.417287640625 0.4512821390625 0.19518698437499998 0.4521899859375 0 0 0
15 0.871875 0.54308983125 0.871875 0.5352540890624999 0.8592670796874999 0.5248920828125 0.8035983218750001 0.5507423390625 0.7822731828125 0.5596401265625001 0.7821390015625 0.58125 0.7837504296875 0.58125 0.871875 0.54308983125
15 0.78037805 0.3601137453125 0.8044320140625001 0.307445253125 0.8307838859375 0.24012116093749997 0.827102153125 0.2322423 0.8180246671875 0.23121864374999998 0.8149773453125 0.237492884375 0.7823224468750001 0.3275576234375 0.7162925234374999 0.4693459265625 0.7166391109375 0.4696247609375 0.7374205578125 0.449697803125 0.7536490062500001 0.4204339234375 0.78037805 0.3601137453125
15 0.73500930625 0.44856132656250003 0.9079961843750001 0.5528109375 0.91034091875 0.546929840625 0.7308650437499999 0.4347302046875 0.6446545359375 0.37402812343749997 0.640765353125 0.383903328125 0.6752255703125 0.4102599234375 0.73500930625 0.44856132656250003
15 0.56875 0.6349050921875 0.5720138890625 0.6346875 0.5747916671875 0.6285763890625 0.5814583328125 0.5541319437500001 0.5814583328125 0.54524305625 0.575347221875 0.526909721875 0.56875 0.51679398125 0.56875 0.6349050921875
15 0.56875 0.5155439828125 0.57256944375 0.521909721875 0.58368055625 0.5513541671875 0.5897916671875 0.5530208328125 0.595347221875 0.5496875 0.59756944375 0.53524305625 0.5864583328124999 0.51524305625 0.5797916671875 0.49802083281250004 0.575902778125 0.4935763890625 0.57368055625 0.4813541671875 0.56875 0.4686755953125 0.56875 0.5155439828125
15 0.6675694437499999 0.3607986109375 0.66368055625 0.3657986109375 0.6370138890625 0.46579861093749997 0.6381249999999999 0.47468750000000004 0.64868055625 0.4846875 0.65256944375 0.482465278125 0.6670138890625 0.4263541671875 0.685902778125 0.3746875 0.685902778125 0.3685763890625 0.683125 0.3630208328125 0.678125 0.3585763890625 0.67368055625 0.35802083281249997 0.6675694437499999 0.3607986109375
15 0.56875 0.38991705312499997 0.575347221875 0.39413194375 0.5959027781249999 0.40190972187499996 0.605902778125 0.4030208328125 0.5892361109375 0.3780208328125 0.5797916671875 0.3707986109375 0.56875 0.3556674375 0.56875 0.38991705312499997
15 0.605347221875 0.33246527812500004 0.5959027781249999 0.3357986109375 0.5864583328124999 0.3435763890625 0.585902778125 0.3530208328125 0.600347221875 0.362465278125 0.63756944375 0.40913194375 0.6464583328125 0.417465278125 0.6497916671875 0.4180208328125 0.6553472218749999 0.397465278125 0.6475694437499999 0.3907986109375 0.620347221875 0.35190972187499997 0.6170138890625 0.3446875 0.6170138890625 0.336909721875 0.605347221875 0.33246527812500004
15 0.6933808171875 0.4808993234375 0.6971124109375 0.49123691562499994 0.7059594765625 0.48097642656249995 0.71050835625 0.4398524015625 0.77330445625 0.392445765625 0.8275430140625 0.36091098125 0.8279584796874999 0.355340278125 0.8214134125000001 0.347057284375 0.8112876828125 0.3471192046875 0.7454015046875 0.3842750703125 0.696996396875 0.4262790703125 0.6933808171875 0.4808993234375
15 0.9094283953125 0.65 0.877522346875 0.585835825 0.840804678125 0.5185737078125 0.7937077484375 0.4299302671875 0.7749090734375 0.393088028125 0.76672315 0.3979918140625 0.781217815625 0.44343987656249995 0.8325338609375 0.5459976859375 0.883853246875 0.65 0.9094283953125 0.65
15 0.766239059375 0.372170503125 0.774182515625 0.1480031953125 0.7652959171875 0.1465665578125 0.7569146578125 0.1458953109375 0.7522538515624999 0.14851977656249998 0.7493936999999999 0.38320545156249997 0.766239059375 0.372170503125
15 0.7165279328125 0.13529926875 0.732715078125 0.3964688171875 0.7482265484375 0.380952734375 0.74168290625 0.23730288281249998 0.7338643109375 0.11300499374999999 0.7277986109375 0.110182934375 0.7198512578124999 0.1110172828125 0.7165279328125 0.11446416718750001 0.7165279328125 0.13529926875
15 0.614523796875 0.164408984375 0.6331607265625 0.26128428125 0.6615675296875 0.31368261406250003 0.652558140625 0.25129485625000003 0.6438925156249999 0.1933514109375 0.6360249859375 0.15731062812500002 0.6254006921874999 0.1570254578125 0.614523796875 0.164408984375
15 0.645602759375 0.211815459375 0.6952962703125001 0.3452823296875 0.6944551671875 0.276182825 0.675333071875 0.2230650671875 0.6645182046875 0.1992725359375 0.6566590296875 0.19300113593749998 0.645602759375 0.1965099109375 0.645602759375 0.211815459375
15 0.778331003125 0.6307906296875 0.8227618359375001 0.6269464546875 0.8314022796874999 0.62121373125 0.83218765625 0.60674435 0.823551709375 0.5998406828125 0.7962684890625 0.6048345671875001 0.7798211343749999 0.608302678125 0.778331003125 0.6307906296875
15 0.9521901921874999 0.44284110937500004 0.9471276515625 0.43434770624999997 0.9364968171875001 0.43327765312500005 0.872586509375 0.487017275 0.8893408718749999 0.502032684375 0.8983050296874999 0.4958356828125 0.9464272906250001 0.45493021875000006 0.95120249375 0.4496565859375 0.9521901921874999 0.44284110937500004
15 0.9615426703125 0.562699175 0.9641665171875001 0.5553551999999999 0.9575128390625001 0.54794933125 0.83404234375 0.463607896875 0.8286200953125 0.4628679328125 0.8050988859375 0.44948414375 0.819640303125 0.47540799375000004 0.8478903499999999 0.49213439687499994 0.8752714609375 0.5126476546875 0.893020421875 0.526671309375 0.8998565984375 0.5428558234375 0.888212034375 0.5607272828125 0.891710975 0.568429971875 0.902388915625 0.5480657843750001 0.9003150921875 0.5324098953124999 0.90719868125 0.535815015625 0.95150796875 0.5661208546875 0.9585237828125 0.5657199 0.9615426703125 0.562699175
15 0.8625416921875001 0.44779004218749996 0.9276060515625 0.3845991484375 0.931608396875 0.37975888593749996 0.9231187999999999 0.3691684234375 0.9155984078125 0.3703098640625 0.8235998921875 0.45770904218749997 0.825906121875 0.46221184062500004 0.8317859203125 0.46221184062500004 0.839865865625 0.467437915625 0.8625416921875001 0.44779004218749996
15 0.56875 0.41536414375 0.6250422265625 0.43544531875 0.6935103671875 0.4517540140625 0.6935472875 0.4510838125 0.6948415734375 0.4280232265625 0.633060075 0.4077328171875 0.6030177734375 0.40425141875000004 0.56875 0.388333134375 0.56875 0.41536414375
15 0.56875 0.34463011250000003 0.6074426734375 0.401293346875 0.607895884375 0.3695704375 0.5868547828125 0.3537014734375 0.5856562953125 0.344721296875 0.5930521843750001 0.3388257828125 0.58289664375 0.32130022343750003 0.5765903125 0.311219525 0.56875 0.3140804734375 0.56875 0.34463011250000003
15 0.56875 0.29447460625 0.5930184421875 0.3336147265625 0.604124409375 0.3326523140625 0.6130073781250001 0.335113734375 0.5845759484374999 0.2798776125 0.57684624375 0.2627640484375 0.56875 0.260500915625 0.56875 0.29447460625
15 0.5794546406250001 0.2193635953125 0.6952099281249999 0.402074909375 0.6970177234375 0.3669599421875 0.6209136015625 0.23731646718750002 0.601557575 0.20552285 0.589797771875 0.20482619999999999 0.5810074609375 0.212419634375 0.5794546406250001 0.2193635953125
15 0.7112288171875 0.2515645625 0.70035955625 0.2485659796875 0.69462978125 0.25832951406250004 0.6954711859375 0.4100866296875 0.7053331078125 0.41734874218750007 0.7143702890625 0.4084530734375 0.7144275640625001 0.2829037671875 0.7146232296875 0.257650859375 0.7112288171875 0.2515645625
15 0.69859066875 0.20620999375000001 0.6896573328125 0.167391625 0.683829996875 0.16505884531249998 0.67593169375 0.16802179374999998 0.677407228125 0.178052884375 0.6935103671875 0.261064459375 0.6997913703125 0.247144225 0.7074573390625 0.25215763125 0.7071754453125 0.242611628125 0.69859066875 0.20620999375000001
15 0.666163953125 0.5137191140625 0.6458106499999999 0.5110215390625 0.5780976890625 0.59450355 0.5753828249999999 0.632486434375 0.666163953125 0.5137191140625
15 0.661048803125 0.65 0.6775319578125 0.642596496875 0.679343203125 0.6313592 0.670491128125 0.6220157140625 0.6618497359375001 0.6205703890625001 0.611880753125 0.6411931562500001 0.6125614390624999 0.65 0.661048803125 0.65
15 0.601719834375 0.65 0.595163084375 0.613125121875 0.5938493921875 0.6099675437500001 0.5781032421875001 0.629718209375 0.5783031249999999 0.65 0.601719834375 0.65
15 0.65682754375 0.6190765625 0.6590353906249999 0.612099834375 0.655495890625 0.605746478125 0.5824658859375 0.575382275 0.579151025 0.59019871875 0.611467646875 0.60767255 0.6417393046875001 0.6224486828125 0.6482321734375 0.6219378 0.65682754375 0.6190765625
15 0.61037978125 0.5866947812500001 0.6766559296875 0.608558121875 0.6847038640625 0.6004750328124999 0.68580930625 0.587443225 0.6796776234374999 0.5775304515624999 0.6276640296875 0.5686353078125 0.623233175 0.5683918390625 0.61037978125 0.5866947812500001
15 0.6499089515625001 0.5574348328125 0.6757852234375 0.541642025 0.684955365625 0.5394066750000001 0.6908293000000001 0.544902665625 0.6956592671874999 0.5434501375 0.7043268015625 0.5387439328125 0.7089826921875 0.5317698625 0.7066065187499999 0.5212721921875 0.6982721749999999 0.5186859265625 0.6663696859375 0.533662703125 0.6485076109375 0.5519324296875 0.6499089515625001 0.5574348328125
15 0.7763955859375 0.65 0.7899691078125001 0.45612786875 0.775802228125 0.4307495671875 0.7584409046875 0.65 0.7763955859375 0.65
15 0.737108475 0.65 0.733911859375 0.5598224453125 0.7190888156249999 0.5835207546875 0.720829175 0.65 0.737108475 0.65
15 0.6303383890625 0.43603060937500004 0.5879446359375 0.44790945000000004 0.5861954859375 0.45911582656250005 0.594071065625 0.46592653281249996 0.6027175984375 0.4662319984375 0.64243145 0.451731603125 0.6445814828125 0.43931113593750004 0.6303383890625 0.43603060937500004
15 0.805455853125 0.219052540625 0.7969552515625 0.218169540625 0.7898051 0.2543052078125 0.7928524078125 0.3030523765625 0.8137792984375001 0.2297600390625 0.805455853125 0.219052540625
15 0.8591007218750001 0.31474494062499997 0.7954156484375 0.388225740625 0.6823251640625 0.5036485125 0.7058482749999999 0.5079407609375 0.8079700125 0.3914907890625 0.895188015625 0.28677405624999996 0.9773291484375001 0.18407230000000002 0.9980379375 0.1548517265625 0.9959782562499999 0.1503313546875 0.9910248312500001 0.1459453515625 0.9877403640625001 0.1445954078125 0.9522094187500001 0.199223571875 0.8591007218750001 0.31474494062499997
15 0.7348331124999999 0.5092290671875 0.6909669484375 0.5863537578125 0.6976270437500001 0.595752375 0.73950674375 0.5198296234375 0.7486047015625 0.5211397546875001 0.7493429234375 0.5178166953125001 0.7439111515625 0.5070838906249999 0.7348331124999999 0.5092290671875
15 0.7057629484375 0.5992345421875 0.7480265921875 0.5295133203125 0.7482860203125 0.52287265625 0.7412833875 0.520036690625 0.7400152656250001 0.5198421 0.698609721875 0.5927181828125 0.7057629484375 0.5992345421875
15 0.6162547046875 0.29122514375 0.612028321875 0.2997934015625 0.6465196453125001 0.35195392812500004 0.645044271875 0.3232967625 0.6227956703124999 0.2931127109375 0.6162547046875 0.29122514375
15 0.7891342921875 0.5992681234375 0.802629121875 0.596834896875 0.8082838109375 0.6016091484375 0.8387780687499999 0.5951002375 0.8406040515625 0.5905396984375 0.8375061109375 0.5761739859375 0.8267625875 0.573931778125 0.781003053125 0.590653309375 0.7786910406249999 0.6075740140625 0.7845620531249999 0.6075740140625 0.7891342921875 0.5992681234375
18 0.353125 1 0.353125 0.6765625 0.334375 0.6640625 0.2265625 0.6609375 0.1328125 0.6671875 0.01875 0.6625 0.0046875 0.6734375 0 0.681640625 0 0.9424692625000001 0.0202854046875 1 0.353125 1
18 0.56875 1 0.56875 0.6611328125 0.5328125 0.665625 0.359375 0.6640625 0.3515625 0.66875 0.35625 0.83125 0.35270979062499996 1 0.56875 1
4 1 0.7699848578124999 0.9655421953125 0.76240234375 0.9050096703125 0.74677734375 0.8513114625 0.73505859375 0.82006886875 0.72236328125 0.7868736125 0.70185546875 0.7694559609375 0.70185546875 0.763441665625 0.80244140625 0.75660735 0.83173828125 0.7644179984375 0.84443359375 0.7673469921875 0.84833984375 0.7712523156250001 0.86689453125 0.7653943296875 0.87373046875 0.773204978125 0.88251953125 0.7858972812499999 0.88837890625 0.7937079296875 0.88642578125 0.7976132546875 0.88837890625 0.7946842609375 0.90009765625 0.788826275 0.90205078125 0.777110303125 0.90498046875 0.763441665625 0.90009765625 0.777110303125 0.91572265625 0.7829682890624999 0.93134765625 0.801518578125 0.92841796875 0.8093292265625 0.94306640625 0.8210452 0.96943359375 0.8298321796874999 0.97626953125 0.8464298078125001 0.97236328125 0.8444771453125 0.97724609375 0.8386191593750001 0.98505859375 0.8453411984375 1 0.9851400625 1 0.9997137828125 0.97431640625 1 0.9739803328125 1 0.7699848578124999
4 1 0.6752612375 0.978074803125 0.666796875 0.96050084375 0.670703125 0.9487848718749999 0.6638671875 0.93023458125 0.678515625 0.9214476015624999 0.690234375 0.9038736421875001 0.701953125 0.8736073796875001 0.7400390625 1 0.773353121875 1 0.6752612375
17 0.56875 0.901333275 0.58656605 0.9119140625 0.602187346875 0.9099609375 0.6187849734374999 0.9158203125 0.6500275671875 0.9158203125 0.663696203125 0.9080078125 0.6666251953125 0.905078125 0.6724831828125 0.9041015625 0.67638850625 0.897265625 0.695915128125 0.8943359375 0.711536425 0.8884765625 0.7183707421875 0.8767578125 0.727157721875 0.8640625 0.7183707421875 0.8396484375 0.7183707421875 0.819140625 0.7095837625 0.809375 0.692009803125 0.80546875 0.6832228234375 0.8005859375 0.6793175 0.7986328125 0.6705305203125 0.8015625 0.6695541890625 0.783984375 0.663696203125 0.7732421875 0.6490512374999999 0.764453125 0.5846133874999999 0.7478515625 0.56875 0.75039030625 0.56875 0.901333275
17 0.7072984250000001 1 0.6783411687500001 0.965625 0.6383115953125 0.967578125 0.6226902984375 0.96171875 0.6080453328125001 0.95390625 0.582660725 0.9451171875 0.5758264078125 0.9275390625 0.5758264078125 0.9470703125 0.5777790703125001 0.9626953125 0.6217139671874999 0.98515625 0.6490512374999999 0.9861328125 0.6636083328125 1 0.7072984250000001 1
17 0.8460570921875 1 0.8433411171875 0.9900390625 0.817956509375 0.96171875 0.7964772265625 0.93828125 0.787690246875 0.9265625 0.761329309375 0.8962890625 0.7730452812499999 0.8982421875 0.785737584375 0.9021484375 0.7994062203125 0.8953125 0.7925719015625 0.8875 0.784761253125 0.8865234375 0.7681636265625 0.8787109375 0.76913995625 0.862109375 0.7652346328124999 0.8533203125 0.756447653125 0.8337890625 0.7418026875 0.825 0.722276065625 0.823046875 0.725205059375 0.8435546875 0.7281340515625 0.8630859375 0.695915128125 0.8953125 0.6968914578125001 0.9109375 0.6861518171875 0.9333984375 0.6685778578125 0.944140625 0.633429940625 0.965625 0.6793175 0.9666015625 0.7085913828125 1 0.8460570921875 1
17 0.7183707421875 0.8220703125 0.7320393765625 0.8220703125 0.74473168125 0.809375 0.760352978125 0.8083984375 0.7642583015625 0.79765625 0.7681636265625 0.7009765625 0.754494990625 0.7654296875 0.7457080109375 0.7810546875 0.7378973625 0.778125 0.7097259515625 0.7888671875 0.7076311000000001 0.811328125 0.7183707421875 0.8220703125