14 0.44632974687500004 0.0742798828125 0.05643805 0.0327636375 0.049217834375000005 0.0634495578125 0.043802671875 0.23492970156249998 0.0690734296875 0.3324026265625 0.076293646875 0.3396228421875 0.0943441875 0.3396228421875 0.132250325 0.3324026265625 0.1647413 0.4208502796875 0.193622165625 0.4154351171875 0.242358628125 0.4262654421875 0.3271961734375 0.41904522499999997 0.334936009375 0.4296875 0.369238896875 0.4296875 0.39578823125 0.2836661640625 0.44632974687500004 0.0742798828125
10 0.5999605140625001 0.2580550546875 0.59635040625 0.245419675 0.5710796484375 0.22195397187500002 0.534978565625 0.20390342968750003 0.5296875 0.16510228124999998 0.5296875 0.4296875 0.5986503437499999 0.4296875 0.5999605140625001 0.2580550546875
10 0.7245092515625 0.322620453125 0.722704196875 0.2341728 0.7046536546875 0.2215374203125 0.6920182765625 0.1998767703125 0.690213221875 0.1222594421875 0.64508686875 0.115039225 0.630646434375 0.12586955 0.62884138125 0.1962666625 0.5999605140625001 0.245003125 0.5985924828125 0.4296875 0.7349595828125 0.4296875 0.7353395765624999 0.403847890625 0.7245092515625 0.322620453125
10 0.8454478796875 0.113650721875 0.8454478796875 0.043253609375 0.7912962546875 0.037838446875 0.778660875 0.045058664062499997 0.778660875 0.11906588437500001 0.7425597921875 0.16960740000000002 0.73963754375 0.4296875 0.8769296109375 0.4296875 0.8797439078125 0.1876579421875 0.8454478796875 0.113650721875
10 0.9338955328124999 0 0.9338955328124999 0.05269543125 0.8851590703125 0.16099868125 0.8793180078124999 0.4296875 1 0.4296875 1 0.06676263125000001 0.997072428125 0.0617207015625 0.9986154453125 0 0.9338955328124999 0
4 0.0353515625 0.91708984375 0.02705078125 0.94052734375 0.0275390625 0.946875 0.02998046875 0.94833984375 0.05146484375 0.9458984375 0.0568359375 0.94736328125 0.05634765625 0.95224609375 0.04462890625 0.96787109375 0.04560546875 0.96982421875 0.08759765625 0.97666015625 0.09833984375 0.97275390625 0.11591796875 0.9625 0.1544921875 0.95712890625 0.1671875 0.94736328125 0.18037109375 0.92392578125 0.20625 0.9166015625 0.26240234375 0.89609375 0.301953125 0.87998046875 0.3048828125 0.87705078125 0.298046875 0.85166015625 0.28388671875 0.821875 0.278515625 0.8169921875 0.266796875 0.812109375 0.24873046875 0.7984375 0.23896484375 0.79453125 0.23017578125 0.78818359375 0.21943359375 0.78671875 0.200390625 0.796484375 0.1876953125 0.8130859375 0.1486328125 0.83994140625 0.13447265625 0.847265625 0.114453125 0.8482421875 0.08125 0.86484375 0.067578125 0.8755859375 0.06220703125 0.8775390625 0.05439453125 0.8873046875 0.04658203125 0.8931640625 0.0353515625 0.91708984375
4 0.395703125 0.8443359375 0.38447265625 0.8248046875 0.3830078125 0.81748046875 0.376171875 0.80576171875 0.36103515625 0.76767578125 0.35908203125 0.7642578125 0.35517578125 0.76376953125 0.32587890625 0.77255859375 0.3009765625 0.7876953125 0.28779296875 0.79306640625 0.28583984375 0.79697265625 0.26923828125 0.80673828125 0.26630859375 0.81064453125 0.2814453125 0.81845703125 0.29267578125 0.8384765625 0.3693359375 0.8345703125 0.3966796875 0.85068359375 0.395703125 0.8443359375
4 0.3673828125 0.76181640625 0.3693359375 0.765234375 0.38740234375 0.776953125 0.37958984375 0.757421875 0.37275390625 0.749609375 0.35517578125 0.74228515625 0.33857421875 0.74130859375 0.33076171875 0.7388671875 0.3302734375 0.73642578125 0.33369140625 0.73447265625 0.31904296875 0.72861328125 0.27509765625 0.68369140625 0.23896484375 0.6529296875 0.2306640625 0.651953125 0.23017578125 0.67001953125 0.24287109375 0.70908203125 0.27509765625 0.7251953125 0.284375 0.737890625 0.2833984375 0.74326171875 0.2912109375 0.74716796875 0.29658203125 0.75400390625 0.301953125 0.75595703125 0.31025390625 0.76279296875 0.32978515625 0.77158203125 0.3673828125 0.76181640625
4 0 0.87850694375 0.00947265625 0.87998046875 0.02705078125 0.8755859375 0.0744140625 0.8521484375 0.079296875 0.847265625 0.0802734375 0.8404296875 0.07880859375 0.8384765625 0.06220703125 0.83212890625 0.0421875 0.831640625 0.02021484375 0.835546875 0.008984375 0.83408203125 0 0.8259144171875 0 0.87850694375
11 0.42706251875 1 0.42744140625 0.8423828125 0.4181640625 0.84970703125 0.39619140625 0.84921875 0.3888671875 0.847265625 0.3712890625 0.835546875 0.3673828125 0.835546875 0.360546875 0.84140625 0.344921875 0.84873046875 0.329296875 0.86630859375 0.3146484375 0.87509765625 0.3078125 0.8765625 0.30341796875 0.8814453125 0.28486328125 0.89072265625 0.25751953125 0.9 0.2404296875 0.90341796875 0.22822265625 0.91123046875 0.2130859375 0.91416015625 0.2072265625 0.9185546875 0.184765625 0.9224609375 0.17841796875 0.92685546875 0.17060546875 0.94052734375 0.1603515625 0.95078125 0.1447265625 0.956640625 0.133984375 0.9576171875 0.1134765625 0.9654296875 0.10810546875 0.9712890625 0.09736328125 0.97421875 0.0958984375 0.97568359375 0.096875 0.98056640625 0.106640625 0.9947265625 0.11298828125 0.9986328125 0.113818359375 1 0.42706251875 1
11 0 0.82422091875 0.0106119796875 0.8376627609374999 0.0390950515625 0.8319661453125 0.067578125 0.8344075515625 0.09280598906250001 0.8368489578125 0.1302408859375 0.8482421875 0.1595377609375 0.83359375 0.19290364531249998 0.8099934890625 0.2051106765625 0.7790690109375 0.2474283859375 0.77744140625 0.2718424484375 0.7693033859375 0.2921875 0.7636067703125 0.2889322921875 0.7497721359375 0.27102864531250004 0.7538411453125 0.2596354171875 0.7465169265625 0.25149739531250004 0.7570963546875 0.2124348953125 0.7505859375 0.1693033859375 0.7343098953125 0.14895833281249998 0.7123372390625 0.1351236984375 0.6862955734375 0.106640625 0.64560546875 0.0838541671875 0.64072265625 0.0667643234375 0.66513671875 0.0765299484375 0.6830403640625 0.0097981765625 0.7123372390625 0 0.7154866531249999 0 0.7313100953125 0.03828125 0.7359375 0.0220052078125 0.7359375 0 0.7506076390625 0 0.82422091875
6 0.674609375 0.707421875 0.7078125 0.715234375 0.850390625 0.69765625 0.8875 0.6859375 0.908984375 0.66640625 0.920703125 0.613671875 0.912890625 0.58828125 0.889453125 0.56484375 0.7390625 0.527734375 0.698046875 0.52578125 0.627734375 0.555078125 0.5296875 0.555078125 0.5296875 0.6759348671875001 0.621875 0.680078125 0.674609375 0.707421875