15 0.399164325 0 0.39930555624999997 0.2971478171875 0.4007936515625 0.3817212296875 0.40203372968749995 0.610887896875 0.4024585796875 0.6296875 0.437017728125 0.6296875 0.434523809375 0.37304067500000004 0.43303571406249997 0.35419146874999996 0.4322916671875 0.3187251984375 0.43196172343750006 0 0.399164325 0
3 1 0.39153084531250004 0.9609375 0.37509765625 0.888671875 0.33359375 0.8583984375 0.31845703125 0.833984375 0.3091796875 0.82763671875 0.30869140625 0.82275390625 0.31064453125 0.77880859375 0.35654296875 0.77001953125 0.36630859375 0.76806640625 0.37216796875 0.76513671875 0.39267578125 0.7646484375 0.41953125 0.77734375 0.4517578125 0.79052734375 0.4966796875 0.8203125 0.5162109375 0.8876953125 0.55380859375 0.8935546875 0.55966796875 0.9111328125 0.56552734375 0.9267578125 0.573828125 0.93408203125 0.57529296875 0.94384765625 0.566015625 0.9599609375 0.5640625 0.9609375 0.558203125 0.95361328125 0.5533203125 0.95458984375 0.54794921875 0.97314453125 0.5123046875 0.98876953125 0.4869140625 0.9990234375 0.464453125 1 0.4634765625 1 0.39153084531250004
3 0.703125 0.26767578125 0.71484375 0.26474609375 0.72216796875 0.2544921875 0.73291015625 0.24765625 0.7412109375 0.24716796875 0.7490234375 0.2525390625 0.7685546875 0.27255859375 0.77294921875 0.2828125 0.77734375 0.30380859375 0.7958984375 0.304296875 0.830078125 0.29404296875 0.833984375 0.288671875 0.8330078125 0.26767578125 0.82568359375 0.24814453125 0.78857421875 0.1919921875 0.76708984375 0.179296875 0.763671875 0.175390625 0.7607421875 0.167578125 0.76318359375 0.14365234375 0.73583984375 0.08505859375 0.71533203125 0.0318359375 0.7109375 0.0298828125 0.67431640625 0.046484375 0.65673828125 0.0611328125 0.646484375 0.07919921875 0.6318359375 0.11728515625 0.63232421875 0.1373046875 0.64501953125 0.1646484375 0.65380859375 0.2046875 0.66259765625 0.22763671875 0.67138671875 0.24228515625 0.681640625 0.2544921875 0.703125 0.26767578125
3 0.8854008015625 0 0.8720703125 0.01279296875 0.84716796875 0.0328125 0.8193359375 0.0513671875 0.798828125 0.069921875 0.787109375 0.08798828125 0.77490234375 0.11337890625 0.75927734375 0.15537109375 0.76025390625 0.17294921875 0.76611328125 0.17978515625 0.7861328125 0.191015625 0.80810546875 0.2251953125 0.814453125 0.23056640625 0.82080078125 0.2310546875 0.82568359375 0.2291015625 0.8359375 0.2212890625 0.84130859375 0.226171875 0.84765625 0.22470703125 0.95458984375 0.16318359375 0.9853515625 0.14169921875 1 0.1274169921875 1 0 0.8854008015625 0
3 1 0.194176603125 0.89306640625 0.1998046875 0.8466796875 0.22470703125 0.83984375 0.22470703125 0.83447265625 0.222265625 0.8271484375 0.228125 0.818359375 0.2310546875 0.8173828125 0.2359375 0.83056640625 0.25888671875 0.837890625 0.284765625 0.85009765625 0.3150390625 0.88427734375 0.33115234375 0.9423828125 0.36533203125 0.97509765625 0.38193359375 1 0.39116704687500004 1 0.194176603125
3 0.60986328125 0.46787109375 0.6259765625 0.44736328125 0.62841796875 0.4390625 0.62841796875 0.417578125 0.630859375 0.40244140625 0.63720703125 0.390234375 0.650390625 0.37265625 0.67724609375 0.34287109375 0.6865234375 0.3287109375 0.697265625 0.304296875 0.697265625 0.288671875 0.68896484375 0.26669921875 0.685546875 0.26376953125 0.671875 0.259375 0.66015625 0.249609375 0.64892578125 0.24375 0.6376953125 0.24130859375 0.625 0.24912109375 0.60888671875 0.2662109375 0.58154296875 0.3052734375 0.5796875 0.309912109375 0.5796875 0.5009161093750001 0.5859375 0.49228515625 0.60986328125 0.46787109375
3 0.7998046875 0.56015625 0.7919921875 0.499609375 0.78173828125 0.46298828125 0.765625 0.4185546875 0.767578125 0.38388671875 0.775390625 0.33115234375 0.775390625 0.300390625 0.7724609375 0.280859375 0.7685546875 0.27255859375 0.74853515625 0.2515625 0.73974609375 0.245703125 0.7353515625 0.245703125 0.7255859375 0.25107421875 0.71923828125 0.257421875 0.7041015625 0.29208984375 0.70068359375 0.304296875 0.7001953125 0.3140625 0.6962890625 0.321875 0.669921875 0.353125 0.6484375 0.374609375 0.6328125 0.39609375 0.6279296875 0.41171875 0.62841796875 0.44443359375 0.63427734375 0.47275390625 0.66015625 0.515234375 0.67333984375 0.54501953125 0.6708984375 0.54990234375 0.666015625 0.59287109375 0.69140625 0.6119140625 0.72705078125 0.628515625 0.7313936125 0.6296875 0.7919122875 0.6296875 0.79638671875 0.62265625 0.7998046875 0.56015625
3 0.5986328125 0.60556640625 0.64892578125 0.603125 0.6533203125 0.59384765625 0.666015625 0.5884765625 0.67138671875 0.58212890625 0.6748046875 0.5416015625 0.65771484375 0.50888671875 0.64306640625 0.48740234375 0.63427734375 0.4703125 0.6298828125 0.4517578125 0.62841796875 0.40390625 0.626953125 0.40390625 0.5796875 0.45686125625 0.5796875 0.603370715625 0.58251953125 0.6041015625 0.5986328125 0.60556640625
3 0.630859375 0.245703125 0.6484375 0.2388671875 0.6884765625 0.2828125 0.6953125 0.27109375 0.7021484375 0.2681640625 0.6845703125 0.257421875 0.662109375 0.2349609375 0.6484375 0.1705078125 0.6337890625 0.1470703125 0.626953125 0.120703125 0.6572265625 0.0591796875 0.6337890625 0.050390625 0.61328125 0.1099609375 0.5888671875 0.1890625 0.5796875 0.21754306875 0.5796875 0.3017578125 0.5888671875 0.292578125 0.630859375 0.245703125
5 0.12207341249999999 0.634523809375 0.1275297625 0.643204365625 0.15084325468749998 0.6739583328125 0.1677083328125 0.6895833328125 0.18457341249999998 0.7079365078125 0.2014384921875 0.7193452375 0.22301587343749998 0.7295138890625 0.25575396875 0.7476190468749999 0.27782738125 0.7582837296875 0.3103174609375 0.7701884921875 0.362152778125 0.787053571875 0.3827380953125 0.7957341265625 0.40729166718750004 0.8039186515625 0.44697420625 0.8197916671875 0.46458333281249997 0.8235119046875001 0.50625 0.824751984375 0.54717261875 0.8272321421875001 0.56006944375 0.8267361109375001 0.5771825390624999 0.8237599203125001 0.5796875 0.8225365671875 0.5796875 0.6296875 0.11682724687499998 0.6296875 0.12207341249999999 0.634523809375
5 0.5083175437499999 1 0.505809009375 0.98447420625 0.4854717078125 0.884523809375 0.4772871828125 0.8525297625 0.47431099374999997 0.8354166671875 0.47158281874999997 0.8272321421875001 0.46885464375 0.8240079359375001 0.46513440624999997 0.82177579375 0.4450451203125 0.8165674609375 0.42966813593750003 0.809126984375 0.40933083437500006 0.802678571875 0.3765927390625 0.7900297625 0.359975675 0.7818452375 0.2910272625 0.7587797625 0.24564035781250002 0.7376984125 0.234727659375 0.730505953125 0.22207885 0.7248015875 0.19950940625 0.71240079375 0.181404246875 0.7002480156249999 0.162059009375 0.6801587296875 0.15238639062499998 0.671726190625 0.1417217078125 0.6568452375 0.13403321562499998 0.6439484125 0.1246086125 0.6355158734375 0.11592805625 0.634523809375 0.10402329531250001 0.6419642859375 0.09931099374999999 0.6481646828125001 0.0960867859375 0.6647817453125 0.09385464375 0.6868551593750001 0.0926145640625 0.72157738125 0.09360662812500001 0.762251984375 0.09732686562500001 0.799454365625 0.1017911515625 0.8257440468749999 0.1134478984375 0.8676587296875 0.1241125796875 0.900396825 0.1608189296875 0.9921626984374999 0.16458490625 1 0.5083175437499999 1