16 0.559375 0.51875 0.559375 0 0.0920761859375 0 0.097011409375 0.073288071875 0.100731646875 0.10974640468750001 0.106684028125 0.1310757703125 0.1156126 0.1496769609375 0.134709821875 0.1739825171875 0.146614584375 0.184895215625 0.1485987109375 0.189111484375 0.150334821875 0.198784103125 0.147110615625 0.204736484375 0.134213790625 0.2158971984375 0.1265252984375 0.22656188125 0.1178447421875 0.24516307187500003 0.1138764890625 0.2620281515625 0.1046999015625 0.3282483890625 0.094283234375 0.427206725 0.0868427578125 0.4775539453125 0.08485863125000001 0.49789124687499997 0.0846930859375 0.51875 0.559375 0.51875
16 1 0 0.7407728484375 0 0.7810416671875 0.0445833328125 0.804375 0.0595833328125 0.8243750000000001 0.061250000000000006 0.9760416671875 0.03625 1 0.0110307015625 1 0
16 0.559375 0 0.559375 0.0895833328125 0.6027083328125 0.0895833328125 0.619375 0.0679166671875 0.6360416671875 0.05791666718750001 0.6877083328125 0.0479166671875 0.6760416671875 0.0229166671875 0.6577083328125 0.009583332812500001 0.599375 0.01125 0.5855288468750001 0 0.559375 0
16 0.8677083328125 0.0629166671875 0.8127083328125 0.0629166671875 0.779375 0.0479166671875 0.7377083328125 0.04625 0.6360416671875 0.05625 0.614375 0.07125000000000001 0.5960416671875001 0.1079166671875 0.624375 0.1495833328125 0.654375 0.15958333281249998 0.6610416671875 0.17791666718750002 0.6710416671875 0.18125 0.8277083328125 0.15958333281249998 0.8410416671875 0.1545833328125 0.8760416671875 0.1179166671875 0.9060416671875 0.10958333281249999 0.9043749999999999 0.0929166671875 0.8677083328125 0.0629166671875
16 1 0.012291667187499999 0.974375 0.0379166671875 0.8960416671875 0.05125 0.8760416671875 0.061250000000000006 0.884375 0.08125 0.9027083328125001 0.09125 0.9110416671875001 0.1179166671875 0.9493750000000001 0.1145833328125 1 0.10267156875000001 1 0.012291667187499999
16 1 0.101278984375 0.8643750000000001 0.1295833328125 0.8477083328124999 0.1429166671875 0.8327083328124999 0.1679166671875 0.834375 0.19125 0.8810416671875 0.24958333281249998 0.9077083328125 0.2629166671875 0.929375 0.2845833328125 0.9643750000000001 0.28291666718749997 1 0.27279166718750003 1 0.101278984375
16 0.559375 0.291560078125 0.619375 0.2845833328125 0.7260416671875001 0.2545833328125 0.7427083328124999 0.2345833328125 0.7677083328125001 0.2195833328125 0.7527083328125 0.18625 0.7360416671875 0.1729166671875 0.6710416671875 0.1795833328125 0.6477083328125 0.15625 0.6160416671875 0.1495833328125 0.559375 0.1607308734375 0.559375 0.291560078125
16 1 0.2899561390625 0.9910416671875 0.27958333281250003 0.934375 0.28125 0.8777083328125 0.2429166671875 0.8660416671875 0.2279166671875 0.8510416671875 0.2279166671875 0.8227083328125 0.23958333281250002 0.694375 0.2629166671875 0.6610416671875 0.2929166671875 0.6577083328125 0.32458333281249996 0.7077083328125 0.42458333281250005 0.7410416671875 0.43958333281249995 0.784375 0.43624999999999997 0.8243750000000001 0.41958333281250004 0.934375 0.39125 1 0.35717548125 1 0.2899561390625
16 0.9164364031249999 0.51875 0.9210416671875 0.50625 0.8977083328125 0.46958333281250003 0.849375 0.41624999999999995 0.8143750000000001 0.4179166671875 0.764375 0.4345833328125 0.7260416671875001 0.4279166671875 0.6977083328125 0.40625 0.6777083328125 0.3579166671875 0.6610416671875 0.35625 0.629375 0.37625000000000003 0.609375 0.4029166671875 0.6060416671875 0.4179166671875 0.619375 0.44625000000000004 0.6160416671875 0.47291666718750003 0.6335661765625 0.51875 0.9164364031249999 0.51875
16 1 0.3571479875 0.9760416671875 0.3645833328125 0.909375 0.39791666718749996 0.8543749999999999 0.4129166671875 0.8510416671875 0.42458333281250005 0.8977083328125 0.47625 0.944375 0.4879166671875 1 0.47361309531250007 1 0.3571479875
11 0.135595703125 0.51875 0.122900390625 0.519384765625 0.111181640625 0.526220703125 0.102880859375 0.535986328125 0.089697265625 0.545751953125 0.074072265625 0.551611328125 0.063330078125 0.552099609375 0.024267578125 0.546728515625 0.012548828125 0.546728515625 0 0.54898086875 0 1 0.12125379843749999 1 0.127783203125 0.995947265625 0.137060546875 0.987646484375 0.151708984375 0.959814453125 0.157568359375 0.953466796875 0.175634765625 0.945654296875 0.209326171875 0.926611328125 0.223974609375 0.912451171875 0.226904296875 0.897314453125 0.214697265625 0.839697265625 0.215673828125 0.825537109375 0.218603515625 0.820654296875 0.227880859375 0.820166015625 0.238623046875 0.823583984375 0.265966796875 0.838720703125 0.292822265625 0.846533203125 0.375341796875 0.856298828125 0.394873046875 0.862646484375 0.401708984375 0.861181640625 0.411962890625 0.848974609375 0.422705078125 0.829443359375 0.430029296875 0.822607421875 0.433447265625 0.812353515625 0.434375 0.8036946609375001 0.434375 0.770068359375 0.432958984375 0.761572265625 0.425146484375 0.750341796875 0.407080078125 0.741064453125 0.385595703125 0.719091796875 0.382177734375 0.707861328125 0.389990234375 0.688818359375 0.390478515625 0.681982421875 0.380224609375 0.660009765625 0.359228515625 0.637060546875 0.329931640625 0.594580078125 0.315283203125 0.581884765625 0.307470703125 0.577978515625 0.286474609375 0.573583984375 0.277197265625 0.569189453125 0.229833984375 0.569189453125 0.216650390625 0.580908203125 0.208837890625 0.595068359375 0.202490234375 0.597998046875 0.198583984375 0.597021484375 0.186376953125 0.582861328125 0.191259765625 0.569189453125 0.195166015625 0.565771484375 0.199560546875 0.556982421875 0.202978515625 0.533056640625 0.202978515625 0.518896484375 0.2029296875 0.51875 0.1895625 0.51875 0.181494140625 0.530615234375 0.172705078125 0.527197265625 0.16341308593749998 0.51875 0.135595703125 0.51875
0 0 0.51875 0 0.5398305531250001 0.00458984375 0.54677734375 0.0177734375 0.5462890625 0.0216796875 0.54775390625 0.024609375 0.56044921875 0.024609375 0.58193359375 0.0294921875 0.59609375 0.04560546875 0.6048828125 0.0509765625 0.6048828125 0.06708984375 0.598046875 0.07490234375 0.58681640625 0.0685546875 0.57021484375 0.07490234375 0.555078125 0.0607421875 0.55263671875 0.05927734375 0.55068359375 0.0486328125 0.51875 0 0.51875
9 0 1 0.500224609375 1 0.48359375 0.98720703125 0.4611328125 0.957421875 0.4494140625 0.93837890625 0.4494140625 0.93349609375 0.454296875 0.92421875 0.46748046875 0.88173828125 0.46845703125 0.8509765625 0.454296875 0.7943359375 0.44404296875 0.773828125 0.43525390625 0.766015625 0.4328125 0.766015625 0.43037109375 0.77431640625 0.43330078125 0.801171875 0.43232421875 0.81240234375 0.4240234375 0.824609375 0.4064453125 0.840234375 0.3966796875 0.8431640625 0.383984375 0.85390625 0.3693359375 0.8568359375 0.35029296875 0.85146484375 0.30927734375 0.84609375 0.27509765625 0.84609375 0.2384765625 0.85 0.23408203125 0.85341796875 0.22919921875 0.90224609375 0.21259765625 0.91982421875 0.19892578125 0.9291015625 0.1720703125 0.9388671875 0.137890625 0.94423828125 0.10517578125 0.94326171875 0.0626953125 0.93740234375 0.01923828125 0.94423828125 0 0.95173795 0 1
16 0.693821375 0.8501070625 0.7048285296875 0.865517078125 0.720238546875 0.875973875 0.7840800437500001 0.9436678765625001 0.7930893343750001 0.9484375 0.8096537046875 0.9484375 0.829209378125 0.9409160875000001 0.8407668906250001 0.93156000625 0.8484375 0.9189582906249999 0.8484375 0.9056787046875 0.8281086609375 0.8286431109375 0.823155440625 0.8000245078124999 0.81875258125 0.789017353125 0.8110475718749999 0.7807619875 0.80279220625 0.776359125 0.7842174828124999 0.775 0.7790806046875 0.775 0.7499578640625 0.7824130609375001 0.7185874734375 0.79947415 0.697673878125 0.8203877437500001 0.6910695875 0.8341466875 0.6905192296875 0.8418516953124999 0.693821375 0.8501070625
13 0.9379007296874999 0.76524146875 0.9340482250000001 0.7569861031249999 0.9290950062500001 0.7569861031249999 0.9153360625 0.7624896812499999 0.90597998125 0.7630400390625001 0.8955231843749999 0.7564357453125 0.8531456390625 0.754784671875 0.8272788249999999 0.7580868187500001 0.7986602234375 0.772946478125 0.7986602234375 0.775147909375 0.8058148734374999 0.7790004125 0.8190234593750001 0.793860071875 0.8245270359375001 0.80431686875 0.8261781093749999 0.821928315625 0.8426888421875001 0.879715878125 0.85974993125 0.8621044296875 0.86415279375 0.85329870625 0.8834153140625001 0.831284396875 0.8845160296875001 0.826331178125 0.9379007296874999 0.76524146875
1 1 1 1 0.954479453125 0.9918357875 0.946859521875 0.9813789906250001 0.9419063015625 0.9758754125 0.936402725 0.9720229093749999 0.9209927078125 0.9544114609375001 0.9055826906250001 0.9450553796874999 0.886870528125 0.9345985828125001 0.884669096875 0.9241417859375 0.8742122999999999 0.9142353468750001 0.868158365625 0.9054296234375 0.8577015687499999 0.8988253296875 0.85329870625 0.8889188906250001 0.83898940625 0.8762606625 0.8521979906249999 0.8481924187500001 0.8890719593749999 0.847091703125 0.897327325 0.849293134375 0.9149387734375001 0.847091703125 0.92264378125 0.8377356218750001 0.9347516515625 0.8272788249999999 0.9419063015625 0.8195738171875 0.95731631875 0.8201241749999999 0.9611688218750001 0.82507739375 0.96447096875 0.8377356218750001 0.9628198953125 0.8443399140625001 0.9710752609375 0.849293134375 0.972726334375 0.9169871359374999 0.979330628125 0.9301957203125 0.9826327734374999 0.9499750625000001 1 1 1
1 1 0.7790706937499999 0.951659671875 0.7514825265624999 0.8850663875 0.8246801046875 0.883965671875 0.8296333234375 0.898274971875 0.85329870625 0.9114835578125 0.8599029999999999 0.9390014453125 0.8874208859374999 0.9301957203125 0.8951258937500001 0.9307460781250001 0.8967769671875001 0.9544114609375001 0.9022805453125 0.9731236234375 0.9209927078125 0.9797279171875001 0.9242948546874998 0.9918357875 0.9386041546874999 0.9962386484374999 0.9408055859375001 1 0.9446809171874999 1 0.7790706937499999