1 0 0.09524235156250001 0.0405881265625 0.1348405234375 0.05976216875 0.14369008125 0.061237093750000006 0.1304157453125 0.0332134953125 0.0935425890625 0 0.059406496875000006 0 0.09524235156250001
1 0 0.12597455156249998 0.1143344390625 0.19383757343750002 0.0995851765625 0.1746635328125 0.0730365046875 0.161389196875 0 0.10000745312499999 0 0.12597455156249998
1 0 0.16729839062500002 0.20725479375 0.2587343296875 0.20283001406249998 0.24693491875 0.18513090000000001 0.23366058281250002 0.11875921874999999 0.2012122046875 0.086310840625 0.1746635328125 0.00813975 0.12894081875000002 0 0.12455787656249999 0 0.16729839062500002
1 0 0.2057168015625 0.261827065625 0.30150719062500003 0.309375 0.31777358906250003 0.309375 0.2819222765625 0.29575036875 0.2897077796875 0.27067662187499997 0.286757928125 0.1718565640625 0.24545999218749998 0 0.16535735625 0 0.2057168015625
1 0.20872972031249998 0.249884771875 0.20725479375 0.25578447656250003 0.278051253125 0.29118270625 0.2898506640625 0.2897077796875 0.309375 0.27888615156249996 0.309375 0.2090085734375 0.25150258124999997 0.2307107296875 0.20872972031249998 0.249884771875
1 0.064186946875 0.13779037656249998 0.0627120203125 0.1451650078125 0.1172842921875 0.1953125 0.14088311250000002 0.1953125 0.309375 0.1521094515625 0.309375 0.1015515671875 0.09663532500000001 0.1304157453125 0.064186946875 0.13779037656249998
1 0.0466605921875 0.08061385625 0.0304364046875 0.08208878281250001 0.026011625 0.0894634140625 0.05846000312500001 0.135186128125 0.0968080859375 0.13813598124999998 0.309375 0.10062417187499999 0.309375 0.06506442968750001 0.2443007109375 0.0702893734375 0.0466605921875 0.08061385625
1 0.009614675 0.044870021875 0.0258388640625 0.074368546875 0.0627120203125 0.0758434734375 0.1762813421875 0.0655189890625 0.23822824531250003 0.0537195796875 0.309375 0.05042138593749999 0.309375 0.03133298125 0.0258388640625 0.0389703171875 0.009614675 0.044870021875
1 0 0 0 0.023431353125000002 0.0066648234375 0.0360204640625 0.309375 0.02794819375 0.309375 0 0 0
14 0.309375 0 0.309375 0.4 0.954213096875 0.4 0.9537802421875 0.3255488984375 0.9602318546875 0.26103276875 0.9570060484375 0.0368392203125 0.959340928125 0 0.309375 0
4 0 0.9646168890625001 0.01572420625 0.9650793656250001 0.0576388890625 0.9680555562500001 0.096825396875 0.9673115078125001 0.1414682546875 0.9735119046875 0.153125 0.9740079359375 0.1605654765625 0.9727678578125 0.16354166718750002 0.968799603125 0.1670138890625 0.9501984125 0.175446428125 0.9189484125 0.17743055624999998 0.9055555562500001 0.1766865078125 0.881498015625 0.1734623015625 0.8574404765624999 0.17519841249999998 0.8011408734375 0.17470238124999998 0.7803075390624999 0.1729662703125 0.774851190625 0.1697420640625 0.769146825 0.15684523749999998 0.7550099203125 0.1521329359375 0.7413690468749999 0.1541170640625 0.7284722218749999 0.162549603125 0.6927579359375 0.1647817453125 0.6761408734375001 0.1672619046875 0.6729166671875 0.1699900796875 0.6729166671875 0.171230159375 0.6744047625 0.1759424609375 0.687549603125 0.183630953125 0.700446428125 0.1962797625 0.727480159375 0.20223214218750002 0.737152778125 0.20595238125 0.7463293656250001 0.20967261874999998 0.7517857140624999 0.214880953125 0.7634424609375 0.218105159375 0.765674603125 0.22777777812500002 0.7617063484375 0.23769841249999998 0.7552579359375 0.2414186515625 0.750545634375 0.24885912656250003 0.74384920625 0.2701884921875 0.7178075390624999 0.275644840625 0.7081349203125 0.2818452375 0.691021825 0.2882936515625 0.677380953125 0.2952380953125 0.6669642859375 0.30119047656250003 0.6548115078125 0.30243055625 0.6491071421875 0.3014384921875 0.6404265875 0.29424603125000004 0.62529761875 0.2882936515625 0.6193452374999999 0.284821428125 0.6133928578125001 0.2791170640625 0.6076884921875 0.27514880937499997 0.6012400796875 0.25183531718749996 0.578670634375 0.24737103125 0.5724702374999999 0.2416666671875 0.5677579359375 0.23819444375 0.5613095234375 0.23323412656250003 0.5568452374999999 0.22802579375 0.5476686515625 0.2235615078125 0.5432043656250001 0.21884920624999998 0.5337797625 0.214880953125 0.5290674609375 0.2104166671875 0.52137896875 0.20124007968750002 0.5097222218749999 0.194295634375 0.503521825 0.19206349218750002 0.500049603125 0.1826388890625 0.49384920625 0.1771825390625 0.4888888890625 0.1699900796875 0.48541666718750004 0.1511408734375 0.4814484125 0.13799603124999998 0.4814484125 0.13055555624999998 0.4821924609375 0.11865079375000001 0.48516865156250005 0.0998015875 0.49459325468750004 0.084424603125 0.49980158750000003 0.077728175 0.5045138890625 0.061111110937500004 0.512450396875 0.0529265875 0.519394840625 0.04697420625 0.5226190468749999 0.04424603125 0.52509920625 0.039533729687500005 0.5335317453124999 0.0355654765625 0.5375 0.0318452375 0.5553571421875 0.0298611109375 0.559325396875 0.0271329359375 0.5615575390624999 0 0.5600561125 0 0.9646168890625001
7 1 0.7450501640625 0.9970658296874999 0.725 0.9642533296875 0.66875 0.9658158296874999 0.6609375 0.9861283296875 0.6546875 0.9970658296874999 0.628125 0.9939408296875 0.6109375 0.9783158296875 0.590625 0.9705033296875 0.559375 0.9283158296874999 0.5484375 0.8705033296875 0.571875 0.8533158296875 0.571875 0.8142533296875 0.565625 0.7548783296875 0.534375 0.7376908296875 0.5390625 0.7330033296875 0.528125 0.6986283296875 0.5171875 0.6923783296875 0.48125 0.6814408296875001 0.46875 0.6798783296875001 0.4546875 0.6580033296875001 0.4375 0.6517533296875 0.4140625 0.6392533296875 0.4140625 0.5986283296875 0.425 0.5923783296875 0.4375 0.6001908296875 0.44375 0.5986283296875 0.4546875 0.5751908296875 0.4625 0.5642533296875001 0.4859375 0.5423783296875 0.4765625 0.48456582968750006 0.475 0.46425332968750005 0.4609375 0.44550332968750006 0.4609375 0.42987832968750006 0.471875 0.43612832968750004 0.5046875 0.46737832968750004 0.528125 0.46737832968750004 0.5359375 0.44862832968750005 0.5484375 0.4470658296875 0.578125 0.46894082968750006 0.603125 0.4736283296875 0.625 0.49237832968750006 0.634375 0.49081582968750004 0.6453125 0.46894082968750006 0.659375 0.43612832968750004 0.6984375 0.4189408296875 0.759375 0.42519082968750005 0.7828125 0.42519082968750005 0.8421875 0.43769082968750006 0.875 0.47519082968750004 0.90625 0.5642533296875001 0.94375 0.6330033296875001 0.9578125 0.7236283296875 0.9609375 0.7923783296875 0.9546875 0.8923783296875 0.925 0.9423783296874999 0.9 0.9876908296875 0.8609375 1 0.8584756656250001 1 0.7450501640625