7 0 0.3150669640625 0.003125 0.315625 0.025 0.3328125 0.04375 0.3328125 0.0703125 0.3265625 0.0828125 0.3078125 0.10625 0.29375 0.109375 0.2671875 0.103125 0.2296875 0.0734375 0.1765625 0.0625 0.171875 0.0578125 0.178125 0.034375 0.178125 0.01875 0.190625 0 0.18511029375000002 0 0.3150669640625
7 0.103125 0.46875 0.096875 0.521875 0.1046875 0.5421875 0.125 0.5421875 0.146875 0.525 0.1375 0.471875 0.1875 0.4015625 0.184375 0.390625 0.1640625 0.375 0.103125 0.46875
7 0.121875 0.275 0.121875 0.3125 0.1640625 0.3703125 0.1953125 0.403125 0.203125 0.4046875 0.228125 0.3734375 0.259375 0.3015625 0.259375 0.2828125 0.2421875 0.2609375 0.221875 0.265625 0.203125 0.25625 0.1671875 0.25625 0.146875 0.25 0.121875 0.275
7 0.284375 0.3421875 0.2703125 0.35625 0.23125 0.4328125 0.246875 0.4296875 0.2875 0.4421875 0.340625 0.44375 0.3671875 0.4421875 0.38125 0.4328125 0.39375 0.40625 0.384375 0.3265625 0.36875 0.3046875 0.340625 0.29375 0.315625 0.328125 0.284375 0.3421875
7 0.3953125 0.559375 0.403125 0.5359375 0.403125 0.515625 0.415625 0.50625 0.4171875 0.484375 0.409375 0.4765625 0.3609375 0.465625 0.353125 0.4609375 0.3515625 0.4484375 0.3375 0.4421875 0.2921875 0.4421875 0.25625 0.43125 0.225 0.4390625 0.2125 0.4203125 0.19375 0.4140625 0.184375 0.421875 0.209375 0.478125 0.21875 0.478125 0.2234375 0.4859375 0.228125 0.521875 0.240625 0.5375 0.24500000000000002 0.559375 0.3953125 0.559375
7 0.415625 0.5046875 0.4640625 0.490625 0.48125 0.4671875 0.4921875 0.43125 0.46875 0.4015625 0.4546875 0.4 0.4296875 0.4046875 0.4125 0.446875 0.3921875 0.4734375 0.4109375 0.4890625 0.415625 0.5046875
7 0.344034090625 0.25284090937500003 0.344034090625 0.288778409375 0.361221590625 0.304403409375 0.378409090625 0.301278409375 0.389346590625 0.309090909375 0.40497159062500004 0.365340909375 0.42528409062500006 0.391903409375 0.42670454375 0.3921875 0.43517400625 0.3921875 0.453409090625 0.380965909375 0.476846590625 0.352840909375 0.473721590625 0.327840909375 0.4875 0.3140625 0.4875 0.3113636390625 0.484659090625 0.287215909375 0.411221590625 0.19659090937499998 0.383096590625 0.171590909375 0.354971590625 0.160653409375 0.311221590625 0.185653409375 0.344034090625 0.25284090937500003
7 0.33125 0.22059659062499998 0.3078125 0.190909090625 0.290625 0.14715909062500002 0.259375 0.119034090625 0.2375 0.10809659062500002 0.2234375 0.10809659062500002 0.2265625 0.14559659062500002 0.253125 0.173721590625 0.265625 0.206534090625 0.26875 0.240909090625 0.25625 0.308096590625 0.225 0.376846590625 0.2015625 0.40809659062500003 0.2109375 0.426846590625 0.22760416718749998 0.4359375 0.2283832640625 0.4359375 0.24375 0.419034090625 0.28125 0.342471590625 0.321875 0.32528409062499997 0.3328125 0.312784090625 0.34375 0.27059659062499997 0.33125 0.22059659062499998
7 0.271875 0.206534090625 0.2390625 0.14715909062500002 0.196875 0.10653409062500001 0.15 0.092471590625 0.1171875 0.11590909062500002 0.121875 0.15497159062500002 0.096875 0.173721590625 0.09375 0.22059659062499998 0.10625 0.267471590625 0.1196732953125 0.2734375 0.12059659062500001 0.2734375 0.1421875 0.251846590625 0.2046875 0.256534090625 0.2234375 0.265909090625 0.26875 0.259659090625 0.275 0.248721590625 0.271875 0.206534090625
1 0.2381871671875 0.559375 0.237158203125 0.5734375 0.231787109375 0.610546875 0.230322265625 0.6408203125 0.231787109375 0.64619140625 0.236181640625 0.6486328125 0.325537109375 0.66767578125 0.441259765625 0.688671875 0.493017578125 0.70576171875 0.518408203125 0.71748046875 0.523779296875 0.72236328125 0.539892578125 0.75703125 0.545263671875 0.7619140625 0.547705078125 0.76923828125 0.55184849375 0.771875 0.5537904578124999 0.771875 0.568701171875 0.75556640625 0.588720703125 0.7248046875 0.599951171875 0.7130859375 0.634619140625 0.59833984375 0.641455078125 0.57978515625 0.649755859375 0.5666015625 0.6528093359375 0.559375 0.2381871671875 0.559375
1 0.5960210265625 1 0.599169921875 0.978857421875 0.6 0.94150390625 0.6 0.931591796875 0.598681640625 0.901708984375 0.6 0.890283203125 0.6 0.888482665625 0.596240234375 0.874853515625 0.586474609375 0.866064453125 0.577685546875 0.847998046875 0.525927734375 0.725439453125 0.516162109375 0.717138671875 0.493212890625 0.710302734375 0.461474609375 0.697607421875 0.388232421875 0.682470703125 0.247607421875 0.677587890625 0.205615234375 0.681982421875 0.189013671875 0.688818359375 0.101611328125 0.804052734375 0.101611328125 1 0.5960210265625 1
1 0.101513671875 0.559375 0.101513671875 0.6990234375 0.12896781562499998 0.709375 0.15634765625 0.709375 0.159130859375 0.70927734375 0.165966796875 0.7068359375 0.197216796875 0.6833984375 0.206005859375 0.68095703125 0.224072265625 0.68095703125 0.228466796875 0.67705078125 0.232861328125 0.592578125 0.232461290625 0.559375 0.101513671875 0.559375