19 0.145479721875 0 0.140625 0.0101507828125 0.1385416671875 0.0476507828125 0.1302083328125 0.059109115625 0.11145833281249999 0.071609115625 0.10729166718750001 0.09556744843750001 0.11041666718750001 0.1070257828125 0.128125 0.1205674484375 0.1354166671875 0.140359115625 0.1677083328125 0.17473411562500002 0.1895833328125 0.1851507828125 0.3583333328125 0.1882757828125 0.4625 0.1757757828125 0.46770833281249996 0.1632757828125 0.46666666718750005 0.15077578281249998 0.446875 0.13515078281249998 0.428125 0.0945257828125 0.4125 0.087234115625 0.3739583328125 0.0820257828125 0.35 0.0705674484375 0.334375 0.0570257828125 0.3125 0.060150782812500005 0.296875 0.0195257828125 0.2760416671875 0.012234115625 0.26426066718749996 0 0.145479721875 0
19 0 0.3390625 0.18661045468749998 0.3390625 0.1875 0.3372339890625 0.1833333328125 0.311192321875 0.1677083328125 0.3007756546875 0.140625 0.3101506546875 0.1208333328125 0.2882756546875 0.0770833328125 0.25598398906250003 0.0489583328125 0.2445256546875 0.021875 0.239317321875 0 0.1976506546875 0 0.3390625
15 0.777504509375 0 0.7838013828125 0.3390625 0.8087915499999999 0.3390625 0.7990762921875 0 0.777504509375 0
15 0.7540021703125 0 0.7598146703124999 0.3390625 0.7818325828125 0.3390625 0.7730384546875 0 0.7540021703125 0
15 0.728729815625 0 0.7199356875 0.3390625 0.7419225328125 0.3390625 0.7458254109375 0 0.728729815625 0
15 0.7084405406250001 0 0.686565540625 0.3390625 0.70557075625 0.3390625 0.7264514375 0 0.7084405406250001 0
15 0.675043896875 0 0.6315358765625 0.3390625 0.6568748171875 0.3390625 0.6965576875 0 0.675043896875 0
15 0.6542567609375001 0 0.6092790828125 0.3390625 0.631555153125 0.3390625 0.6744307890625 0 0.6542567609375001 0
15 0.6208518296875 0 0.57391945 0.3390625 0.6002159625 0.3390625 0.6447538328125 0 0.6208518296875 0
15 0.58888624375 0 0.5429517984375 0.3390625 0.569166359375 0.3390625 0.6120856625 0 0.58888624375 0
15 0.5570792499999999 0 0.5103933140625 0.3390625 0.53463545 0.3390625 0.576900859375 0 0.5570792499999999 0
0 0 0.7180819421875 0.01513671875 0.7232421875 0.05712890625 0.730078125 0.06640625 0.72958984375 0.04443359375 0.65634765625 0 0.6501476203125 0 0.7180819421875
0 0 0.8757662937499999 0.078125 0.87119140625 0.087890625 0.86875 0.09814453125 0.86337890625 0.103515625 0.85361328125 0.1025390625 0.8384765625 0.07080078125 0.7408203125 0.05224609375 0.73203125 0.01611328125 0.72275390625 0 0.7163934000000001 0 0.8757662937499999
0 0.294860840625 1 0.29296875 0.987890625 0.2841796875 0.9693359375 0.27490234375 0.95908203125 0.2607421875 0.95126953125 0.24462890625 0.94833984375 0.22265625 0.94833984375 0.21142578125 0.94443359375 0.19873046875 0.94443359375 0.1748046875 0.95419921875 0.146484375 0.9830078125 0.1435546875 0.9888671875 0.14138997343749998 1 0.294860840625 1
0 0.096722146875 1 0.0810546875 0.983984375 0.041015625 0.96298828125 0.0087890625 0.95029296875 0.0078125 0.95615234375 0.0133297546875 1 0.096722146875 1
0 0 0.6500153796875 0.0390625 0.655859375 0.0439453125 0.6548828125 0.02197265625 0.5826171875 0 0.5793712265625001 0 0.6500153796875
18 1 0.4220479984375 0.9264190828125001 0.4180706515625 0.9143417875000001 0.4180706515625 0.9095108703125 0.42290157031250003 0.8962258453124999 0.4712107484375 0.8962258453124999 0.523143115625 0.8599939609374999 0.7936745171874999 0.857578503125 0.8564764500000001 0.8624094203125001 0.862515096875 1 0.8840979328125 1 0.4220479984375
18 0.7694142515625 0.88441828125 0.793568840625 0.88441828125 0.7996074875 0.878379634375 0.8177234296875 0.6525342234375 0.82134661875 0.5450463 0.8310084546875001 0.47258253281249996 0.82496980625 0.437558378125 0.8068538640625 0.4278965421875 0.8044384062500001 0.4109883296875 0.78753019375 0.40253422343749995 0.7645833328125 0.40253422343749995 0.746467390625 0.40857287031249995 0.74042874375 0.423065625 0.72835145 0.429104271875 0.6099939609375 0.42548108281249997 0.5894625609374999 0.4448047546875 0.5761775359375 0.46533615624999997 0.579800725 0.615094609375 0.59187801875 0.7503603109375 0.594293478125 0.861471421875 0.599124396875 0.8663023390625 0.7694142515625 0.88441828125
18 0.518206521875 0.5448822468750001 0.5399456515625001 0.7405344203124999 0.543568840625 0.744157609375 0.59187801875 0.739326690625 0.5785929953125 0.4651721015625 0.611201690625 0.4241093 0.666757246875 0.4265247578125 0.6740036234375 0.421693840625 0.6679649765625 0.374592390625 0.6546799515624999 0.370969203125 0.6486413046874999 0.3504378015625 0.6208635265625 0.349230071875 0.602747584375 0.3552687203125 0.599124396875 0.3733846625 0.5000905796875 0.374592390625 0.4771437203125 0.39874698125 0.4819746375 0.4253170296875 0.5000905796875 0.4277324875 0.50371376875 0.4349788640625 0.513375603125 0.525558575 0.5085446859375 0.536428140625 0.513375603125 0.536428140625 0.518206521875 0.5448822468750001
18 0.5314915453125 0.8735487578125 0.5387379234375 0.867510109375 0.535114734375 0.8010849890625 0.5387379234375 0.7394907859375001 0.5278683578125001 0.68393523125 0.5266606281249999 0.5957709796875 0.504921496875 0.43393523125 0.5000905796875 0.4278965828125 0.4819746375 0.423065665625 0.4723128015625 0.3989110765625 0.46875 0.398425240625 0.46875 0.8792264578125 0.49888285000000004 0.8771719453125 0.5314915453125 0.8735487578125