18 0.039551403125 0 0.0188291140625 0.133366528125 0 0.2371042875 0 0.6296875 0.28156475 0.6296875 0.29045358593750004 0.44191083124999997 0.3023206765625 0.1188623078125 0.3041307609375 0 0.039551403125 0
18 0.4390625 0.6296875 0.4390625 0 0.30899525625 0 0.304621571875 0.11621505937500001 0.29275448437499996 0.41948510156249996 0.2961448453125 0.6296875 0.4390625 0.6296875
15 0.8229673999999999 0 0.9038526734375001 0.6296875 0.9546965343749999 0.6296875 0.885797209375 0 0.8229673999999999 0
15 0.8866727734375001 0 0.9585869437500001 0.6296875 1 0.6296875 1 0.4967115765625 0.9454316859375 0 0.8866727734375001 0
18 0 0.6296875 0 0.9782750406249999 0.046973128125 0.9796044687500001 0.0590504234375 0.9675271734375 0.0687122578125 0.9071407 0.10735960156249999 0.748928140625 0.1284020671875 0.6296875 0 0.6296875
18 0.4390625 0.6296875 0.1808034921875 0.6296875 0.1339221015625 0.8116319437499999 0.12305253593750001 0.8925498187500001 0.124260265625 0.9650135875 0.1339221015625 0.9867527171875 0.15566123125 0.99399909375 0.280480059375 1 0.281293403125 1 0.2921346625 0.9855449875 0.3223278984375 0.9118734906249999 0.4390625 0.7037420296875 0.4390625 0.6296875
5 1 0.6296875 0.7983000578125 0.6296875 0.8029296875 0.6546875 0.8146484375 0.66640625 0.8078125 0.680078125 0.8263671875 0.70546875 0.83515625 0.6966796875 0.8478515625 0.7220703125 0.83515625 0.726953125 0.8166015625 0.742578125 0.8341796875 0.758203125 0.8654296875 0.7826171875 0.9064453125 0.8138671875 0.9326096749999999 0.8390625 0.933984375 0.8390625 0.950390625 0.836328125 0.962109375 0.8197265625 0.9787109375 0.7953125 0.977734375 0.7865234375 0.9748046875 0.7640625 0.9845703125 0.7494140625 0.9796875 0.7279296875 0.9865234375 0.69765625 1 0.6965011156250001 1 0.6296875
5 0.451411290625 0.6296875 0.446875 0.6390625 0.44541015625 0.64638671875 0.4439453125 0.73720703125 0.4390625 0.74990234375 0.4390625 0.7630563453125 0.4546875 0.808984375 0.4595703125 0.8373046875 0.4703125 0.8685546875 0.47666015625 0.91298828125 0.480078125 0.91982421875 0.49375 0.9349609375 0.50009765625 0.965234375 0.50986328125 0.97744140625 0.5123046875 0.992578125 0.51564453125 1 0.7864968046875 1 0.80234375 0.9876953125 0.81845703125 0.9720703125 0.8169921875 0.95888671875 0.81796875 0.91201171875 0.82333984375 0.88369140625 0.8248046875 0.83681640625 0.8287109375 0.80654296875 0.82578125 0.79677734375 0.8267578125 0.78115234375 0.82529296875 0.77431640625 0.81015625 0.75087890625 0.79599609375 0.73671875 0.79599609375 0.73427734375 0.8013671875 0.72890625 0.81552734375 0.7201171875 0.8189453125 0.71376953125 0.81064453125 0.683984375 0.812109375 0.66591796875 0.81064453125 0.6615234375 0.804296875 0.6546875 0.804296875 0.6458984375 0.80185546875 0.63857421875 0.7951904296875 0.6296875 0.7669094671875 0.6296875 0.7310546875 0.66640625 0.71640625 0.67666015625 0.6900390625 0.6888671875 0.66611328125 0.69619140625 0.63291015625 0.7025390625 0.624609375 0.70205078125 0.5923828125 0.676171875 0.56357421875 0.656640625 0.5325982390624999 0.6296875 0.451411290625 0.6296875
5 0.4390625 1 0.51732421875 1 0.5171875 0.99794921875 0.51376953125 0.99404296875 0.51376953125 0.98818359375 0.50986328125 0.97646484375 0.509375 0.96474609375 0.50546875 0.95302734375 0.49814453125 0.94423828125 0.4966796875 0.93740234375 0.47275390625 0.91591796875 0.47373046875 0.8841796875 0.472265625 0.86904296875 0.46689453125 0.85927734375 0.46787109375 0.85439453125 0.46494140625 0.84365234375 0.456640625 0.832421875 0.45029296875 0.8294921875 0.4390625 0.8373046875 0.4390625 1
5 1 0.6296875 0.9350886421875 0.6296875 0.93125 0.63173828125 0.92099609375 0.641015625 0.9205078125 0.64345703125 0.92880859375 0.65126953125 0.93173828125 0.65712890625 0.93515625 0.6595703125 0.9419921875 0.65810546875 0.952734375 0.6654296875 0.956640625 0.67421875 0.96201171875 0.67666015625 0.96591796875 0.7005859375 0.9712890625 0.7103515625 0.978125 0.7083984375 0.98349609375 0.70302734375 0.99033203125 0.70205078125 1 0.69560546875 1 0.6296875
5 0.8140625 0.9232421875 0.81015625 0.9515625 0.8248046875 0.9681640625 0.862890625 0.94765625 0.894140625 0.930078125 0.9185546875 0.9203125 0.9341796875 0.9056640625 0.9400390625 0.8900390625 0.9439453125 0.8509765625 0.9146484375 0.8216796875 0.886328125 0.7962890625 0.831640625 0.7611328125 0.8248046875 0.771875 0.8248046875 0.8099609375 0.8169921875 0.8421875 0.823828125 0.87734375 0.8140625 0.9232421875