7 0 0.30034497187500003 0.011421996875 0.3055367875 0.09049176406250001 0.3086375625 0.17886385625 0.3380949265625 0.2579336234375 0.3908081046875 0.3106468015625 0.41406391875 0.3432049421875 0.45437399687499996 0.37266230624999996 0.4776298109375 0.40056928281250004 0.48383136093749995 0.409375 0.4834791328125 0.409375 0.26840258125 0.4083212203125 0.26987787343749997 0.37886385625 0.2760794234375 0.2997940890625 0.260575546875 0.228476259375 0.2357693453125 0.112197190625 0.20631198125 0 0.18783244375000002 0 0.30034497187500003
2 0.4245495390625 0 0.4259287953125 0.04827396875 0.46575180312500003 0.117595503125 0.5099995921875 0.1574185125 0.54244796875 0.17511762656250002 0.6058697984375 0.17511762656250002 0.66044206875 0.15004388125 0.68994059375 0.12054535468750001 0.722388971875 0.0541736734375 0.7209140453125 0.0232002234375 0.7078639203125 0 0.4245495390625 0
2 0.592431784375 0.2251014015625 0.585057153125 0.21477691718749997 0.5673580390625 0.21477691718749997 0.5526087765625001 0.23100110625 0.555558628125 0.2678742625 0.5644081859375001 0.2914730828125 0.577682521875 0.30622234531250003 0.592431784375 0.3165468296875 0.6352046453125 0.3165468296875 0.6647031703125 0.2988477140625 0.6647031703125 0.26049963125 0.6307798671875 0.22215154843749998 0.6116058265625 0.219201696875 0.592431784375 0.2251014015625
2 0.8520188046875001 0.30327249218749996 0.8357946171874999 0.2811485984375 0.819570428125 0.27082411562500003 0.7369745578125 0.27082411562500003 0.7074760328125 0.2811485984375 0.69125184375 0.30917219687499997 0.6838772125 0.3711191 0.694201696875 0.3902931421875 0.716325590625 0.3991426984375 0.76499815625 0.3991426984375 0.8210453546875 0.38144358437500003 0.8446441734375 0.366694321875 0.8549686578125 0.344570428125 0.8564435843749999 0.32539638593750003 0.8520188046875001 0.30327249218749996
2 0.8772569640625001 0.24575036875 0.9185549 0.21477691718749997 0.9288793828124999 0.1926530234375 0.922979678125 0.1203816375 0.9111802687500001 0.11300700625 0.9082304156250001 0.09678281718750001 0.8875814484375001 0.0613845875 0.8743071125 0.0525350296875 0.8580829234375 0.0525350296875 0.8005608000000001 0.06875921874999999 0.7400888234375 0.06728429218750001 0.7150150765625 0.0790837015625 0.701740740625 0.0923580390625 0.6751920671875 0.14545538281249998 0.6884664046875 0.1897031703125 0.70616551875 0.213301990625 0.7592628640625 0.24575036875 0.797610946875 0.26049963125 0.8256345453125 0.26049963125 0.8772569640625001 0.24575036875
2 1 0.1338230875 0.9746047984375 0.1338230875 0.9347817890625001 0.14119771875 0.92593223125 0.1647965390625 0.9318319359375 0.1795458015625 0.9628053875000001 0.2105192515625 1 0.2168234234375 1 0.1338230875
2 0.9524774671875 0.226576328125 0.9288786468750001 0.226576328125 0.9038049015625 0.248700221875 0.90970460625 0.2914730828125 0.921504015625 0.307697271875 0.965751803125 0.30917219687499997 0.9716515093750001 0.301797565625 0.9775512140625 0.2737739671875 0.9746013609374999 0.22952617968750003 0.958377171875 0.2177267703125 0.9524774671875 0.226576328125
2 1 0.0862912359375 0.9921367999999999 0.07187536718750001 0.9478890124999999 0.02910250625 0.9346146750000001 0.0246777265625 0.9095409296874999 0.033527284375 0.9021662984375001 0.060075957812500004 0.9021662984375001 0.0689255140625 0.9213403390625 0.099898965625 0.9316648234375 0.107273596875 0.9449391593750001 0.107273596875 0.9950866515625 0.099898965625 1 0.09007226874999999 1 0.0862912359375
3 0 0.6938821625 0.025248015625 0.733829365625 0.0391369046875 0.7514384921875 0.043353175 0.7802083328125 0.0507936515625 0.8007936515624999 0.06319444375 0.853869046875 0.0674107140625 0.86552579375 0.0741071421875 0.8784226187499999 0.0803075390625 0.8863591265625 0.0837797625 0.893303571875 0.0884920640625 0.8982638890624999 0.096924603125 0.9101686515624999 0.10213293593749999 0.9205853171875 0.109821428125 0.931498015625 0.1167658734375 0.9386904765624999 0.1199900796875 0.943898809375 0.13759920625 0.9610119046875001 0.1425595234375 0.96845238125 0.1544642859375 0.9761408734374999 0.16165674531250002 0.9820932546875 0.17951388906250001 0.9882936515624999 0.190178571875 0.99052579375 0.2087797625 0.98407738125 0.213244046875 0.981101190625 0.224652778125 0.96845238125 0.23060515937499998 0.955803571875 0.23779761875 0.9322420640625 0.240277778125 0.91884920625 0.24523809531250002 0.8647817453125001 0.24523809531250002 0.8419642859375 0.246726190625 0.8384920640625 0.250446428125 0.8357638890624999 0.2546626984375 0.83427579375 0.265575396875 0.8335317453125001 0.27475198437500004 0.831299603125 0.28789682499999997 0.8208829359375001 0.29707341249999997 0.8104662703125 0.3303075390625 0.7675595234375 0.3414682546875 0.7556547625000001 0.3486607140625 0.746230159375 0.3642857140625 0.7298611109375 0.3727182546875 0.7189484125 0.3826388890625 0.7033234125 0.3893353171875 0.6884424609375001 0.3935515875 0.6757936515625 0.400744046875 0.649751984375 0.40892857187500004 0.6113095234375 0.409375 0.61004676875 0.409375 0.55 0 0.55 0 0.6938821625
12 0.78411328125 1 0.778125 0.9315625000000001 0.771875 0.9103125000000001 0.774375 0.8053125 0.770625 0.7190624999999999 0.756875 0.6815625 0.735625 0.6490625 0.7306250000000001 0.6290625000000001 0.7221540171874999 0.55 0.57316200625 0.55 0.576875 0.6440625 0.555625 0.6940625 0.546875 0.7315625 0.5493750000000001 0.7765625 0.558125 0.8240624999999999 0.563125 0.8290625 0.563125 0.8740625 0.5777427453125 1 0.78411328125 1
12 0.981681871875 1 0.9833799484375 0.9405673218749999 0.9771299484375 0.918067321875 0.9871299484374999 0.8605673218750001 0.9858799484375 0.7255673218750001 0.9796299484375 0.6943173218750001 0.9471299484375001 0.6218173218749999 0.9444027078125 0.55 0.8005668343749999 0.55 0.7996299484375 0.638067321875 0.7758799484375001 0.699317321875 0.7721299484374999 0.720567321875 0.7833799484374999 0.9955673218750001 0.7841036515625001 1 0.981681871875 1