4 0 0.4 0.5296875 0.4 0.5296875 0.11296060156250001 0.5289930546875 0.11294642968749999 0.49476686406250003 0.115178571875 0.40796130937499997 0.1159226203125 0.344965278125 0.1193948421875 0.23311011874999998 0.11865079375000001 0.1884672609375 0.11964285781249999 0.152008928125 0.1226190484375 0.13291170624999998 0.12733135 0.10414186406249999 0.1315476203125 0.07413194375 0.13328373124999998 0.0478422609375 0.136755953125 0 0.1392348265625 0 0.4
15 1 0 0.746865140625 0 0.5296875 0.0320224125 0.5296875 0.0747208296875 1 0.0038639562500000003 1 0
15 1 0.0486258203125 0.5802579359375 0.10260416718750001 0.57529761875 0.11748511875 0.5740575390625 0.11748511875 0.5740575390625 0.1249255953125 0.5728174609375001 0.136086309375 0.5802579359375 0.1534474203125 1 0.096209865625 1 0.0486258203125
15 1 0.13961649375000001 0.552976190625 0.1881696421875 0.544295634375 0.1968501984375 0.5480158734375 0.1993303578125 0.5480158734375 0.2005704359375 0.540575396875 0.2154513890625 0.544295634375 0.222891865625 0.5542162703125 0.2328125 1 0.183463746875 1 0.13961649375000001
16 0.5296875 0.564699075 0.521354165625 0.565625 0.511979165625 0.5541666671875001 0.5171875 0.5322916671875 0.4973958328125 0.484375 0.47864583281249995 0.4635416671875 0.461979165625 0.45833333437499996 0.42864583281249996 0.47395833437499996 0.4171875 0.47395833437499996 0.4015625 0.4635416671875 0.3890625 0.467708334375 0.386979165625 0.48541666718750004 0.39114583281250004 0.5 0.386979165625 0.5375 0.4140625 0.571875 0.4536458328125 0.6 0.4828125 0.6427083343750001 0.502604165625 0.6604166671874999 0.5296875 0.6782801421875 0.5296875 0.564699075
16 0.475 0.6286458328125001 0.45729166718750003 0.6046875 0.4270833328125 0.5807291671875 0.41041666718750003 0.5807291671875 0.3958333328125 0.5901041671875 0.38333333281250004 0.5880208328125 0.3802083328125 0.5682291671875 0.403125 0.5661458328125 0.40416666718750005 0.5588541671875 0.3760416671875 0.5244791671875 0.36666666718749996 0.5067708328125 0.3395833328125 0.47864583281249995 0.3322916671875 0.47864583281249995 0.21979166718749998 0.5338541671875 0.2260416671875 0.5526041671875 0.2270833328125 0.5890625 0.2427083328125 0.6098958328125 0.328125 0.6828125 0.3958333328125 0.7473958328125001 0.415625 0.7536458328125001 0.43333333281249997 0.7380208328125001 0.47291666718750003 0.7182291671875 0.4791666671875 0.7088541671874999 0.48541666718750004 0.6765625 0.4739583328125 0.6515625 0.475 0.6286458328125001
17 0.1395833328125 0.9151041671875 0.13125 0.8942708328125001 0.125 0.8901041671875 0.1270833328125 0.8838541671875 0.1520833328125 0.8651041671874999 0.1666666671875 0.8598958328125 0.24479166718749998 0.8578125 0.24583333281250003 0.8359375 0.23333333281250002 0.8005208328125001 0.20729166718749997 0.7713541671874999 0.171875 0.7526041671874999 0.10833333281249999 0.7401041671874999 0.1020833328125 0.7505208328125 0.09375 0.7546875 0.08854166718749999 0.7692708328125001 0.0947916671875 0.7984375 0.08854166718749999 0.8296875 0.1020833328125 0.8484375 0.09895833281250001 0.9119791671874999 0.115625 0.9296875 0.1302083328125 0.9338541671874999 0.153125 0.9328125 0.1708333328125 0.9234375 0.1729166671875 0.9171875 0.1395833328125 0.9151041671875
14 0 0.854782196875 0.0020833328125000002 0.8578125 0.021875 0.9088541671874999 0.0354166671875 0.9244791671874999 0.051041667187499994 0.9223958328125 0.060416667187499995 0.9119791671874999 0.08854166718749999 0.8505208328125 0.096875 0.8015625 0.0916666671875 0.7776041671874999 0.09375 0.7609375 0.1041666671875 0.7557291671874999 0.1125 0.7453125 0.1416666671875 0.7463541671874999 0.1177083328125 0.6973958328125001 0.1010416671875 0.7015625 0.0958333328125 0.6942708328125 0.07291666718749999 0.6869791671875 0.0427083328125 0.6609375 0.0239583328125 0.6661458328125001 0.0083333328125 0.6786458328125 0 0.6916087953125001 0 0.854782196875
17 0.12395833281249999 0.6484375 0.12395833281249999 0.6671875 0.1166666671875 0.6994791671874999 0.140625 0.7463541671874999 0.15625 0.7484375 0.1666666671875 0.7463541671874999 0.1729166671875 0.7328125 0.171875 0.6786458328125 0.178125 0.6505208328125001 0.1708333328125 0.6390625 0.1541666671875 0.6286458328125001 0.1447916671875 0.6276041671874999 0.12395833281249999 0.6484375
17 0.1470743578125 1 0.1516098484375 0.9791367421875 0.168655303125 0.9762958328125 0.1828598484375 0.9658791671875001 0.2008522734375 0.964932196875 0.21979166718749998 0.9734549234374998 0.2321022734375 0.9857655296875001 0.2453598484375 0.97440189375 0.21884469687500002 0.9412579546875002 0.1866477265625 0.9497806828125 0.162973484375 0.9384170453125 0.1705492421875 0.9545155296875001 0.11846590937499998 0.9365231062500001 0.09668560625 0.9677731062500001 0.0701704546875 0.9753488640625001 0.059605682812500005 1 0.102157953125 1 0.115625 0.9980761359375 0.1179538875 1 0.1470743578125 1
17 0.2957700953125 1 0.300284090625 0.9952352265624999 0.2860795453125 0.9677731062500001 0.28418560625 0.945992803125 0.2756628796875 0.9232655296875001 0.2538825765625 0.8958034093750001 0.225473484375 0.8692882578125001 0.1989583328125 0.8598185609375001 0.162973484375 0.8598185609375001 0.14119318281249998 0.883492803125 0.162973484375 0.8995912875000001 0.1961174234375 0.921371590625 0.19327651562499998 0.933682196875 0.22831439375 0.939364015625 0.25672348437500003 0.9696670453125 0.2472537875 0.9895534093750001 0.248027609375 1 0.2957700953125 1
0 1 0.6792031765625 0.966986146875 0.6516916328125 0.76080058125 0.5839449453125 0.7416547781249999 0.5839449453125 0.7180907140625 0.5913087156250001 0.6370892390625 0.6354913375000001 0.5501967515625 0.7017652703125 0.5296875 0.7220414625 0.5296875 0.9149235625 0.7151452046875 0.9653882453125 0.8020376953125 0.9963160796875 0.8339650015625001 1 0.8896622015625001 1 0.9228035265625 0.9845340484375 0.96551339375 0.943296934375 1 0.8781555687499999 1 0.6792031765625