19 0 0.137120440625 0.11742309687500001 0.1326041671875 0.077423096875 0.2009375 0.07242309687500001 0.23260416718750002 0.07726684687499999 0.2390625 0.0788814375 0.2390625 0.0890897625 0.2376041671875 0.10408976249999999 0.2226041671875 0.1390897625 0.16593750000000002 0.16075642968749998 0.149270834375 0.16875 0.1332836921875 0.16875 0.1321187921875 0.157423096875 0.1159375 0.122423096875 0.089270834375 0.0890897625 0.089270834375 0 0.10002304687500001 0 0.137120440625
19 0.0965624984375 0.014141846874999999 0.063229165625 0.0574751796875 0.07322916562500001 0.0758085140625 0.08156249843749999 0.07747517968749999 0.103229165625 0.0658085140625 0.128229165625 0.0958085140625 0.16156249843749998 0.119141846875 0.218229165625 0.14747517968749999 0.23555092656249998 0.1484375 0.248370034375 0.1484375 0.25625 0.10903767187499999 0.25625 0.1074404578125 0.2415624984375 0.1058085140625 0.2415624984375 0.0974751796875 0.2515625 0.079141846875 0.193229165625 0.0858085140625 0.11822916562500001 0.044141846875 0.0965624984375 0.014141846874999999
19 0.5296875 0.046953125 0.5252083328125 0.0458333328125 0.5118750000000001 0.0641666671875 0.48687500000000006 0.0508333328125 0.471875 0.054166667187499996 0.471875 0.0808333328125 0.448541665625 0.0941666671875 0.441875 0.2008333328125 0.45854166718749995 0.2791666671875 0.5052083328125 0.2791666671875 0.498541665625 0.25916666718750003 0.498541665625 0.1775 0.515208334375 0.1125 0.5296875 0.08767857343749999 0.5296875 0.046953125
19 0.1838463671875 0.21056134375000002 0.15625 0.19492340156250001 0.15625 0.195836503125 0.16069821875 0.220746528125 0.1761930078125 0.228125 0.1949202890625 0.228125 0.2310685890625 0.22352430625 0.264401921875 0.2022280109375 0.28569821875 0.15037615937499998 0.290625 0.1150675546875 0.290625 0.1105041828125 0.2810685890625 0.1096354171875 0.26069821875 0.10870949218749999 0.2523648859375 0.1346354171875 0.24588340468749997 0.1846354171875 0.21810562500000003 0.2198206015625 0.1838463671875 0.21056134375000002
19 0.38192408125 0 0.3810185171875 0.0048900484375 0.3745370359375 0.030815973437499998 0.35858443125 0.043410134375 0.3578703703125 0.048408565625 0.399468309375 0.0546875 0.4125868125 0.0546875 0.4254629625 0.0521122703125 0.4384259265625 0.024334490625 0.440115821875 0 0.38192408125 0
19 0.2170879109375 0 0.208333334375 0.006212924999999999 0.175 0.0469536671875 0.16851851874999998 0.06362033593750001 0.17962962968750001 0.076583296875 0.1943745921875 0.0796875 0.1975439078125 0.0796875 0.21759259375 0.0423240375 0.241265359375 0 0.2170879109375 0
19 0.24657835781249998 0.089091434375 0.23824502343749998 0.10483217656249999 0.25305983906249996 0.10483217656249999 0.2706524328125 0.106684028125 0.2894892375 0.109375 0.3000666546875 0.109375 0.3252820609375 0.10205439999999999 0.353985765625 0.100202546875 0.36875 0.06083125625 0.36875 0.055758101562499995 0.3521339140625 0.055758101562499995 0.34935613593750003 0.0668692125 0.3012079875 0.0724247671875 0.2632450234375 0.0696469890625 0.254911690625 0.075202546875 0.24657835781249998 0.089091434375
19 0.2702256953125 0.22884838125 0.259114584375 0.2436631953125 0.27865740625 0.2703125 0.28041886250000003 0.2703125 0.301707175 0.2445891203125 0.3202256953125 0.21588541718749998 0.3331886578125 0.176070603125 0.340625 0.1157536015625 0.340625 0.10829861249999999 0.3183738421875 0.10384838125 0.2896701390625 0.11125578750000001 0.2896701390625 0.15384838125 0.2822627328125 0.1807002328125 0.2868923625 0.2094039359375 0.2702256953125 0.22884838125
19 0.2792784609375 0 0.276591434375 0.013136575000000001 0.27196180625 0.048321759375 0.27196180625 0.0696180546875 0.27288773125 0.0686921296875 0.27288773125 0.0696180546875 0.2710358796875 0.07054397968750001 0.2807966890625 0.071875 0.29144241875 0.071875 0.2923321765625 0.036284720312500005 0.296875 0.0188705625 0.296875 0 0.2792784609375 0
19 0.330894978125 0.2177003640625 0.343857940625 0.2399225875 0.3716357203125 0.224181846875 0.373460003125 0.2734375 0.3805588609375 0.2734375 0.3910801625 0.27232999375 0.3892283109375 0.22140406875 0.4392283109375 0.1945522171875 0.4421875 0.166735840625 0.4421875 0.1517836921875 0.398487571875 0.17140406875 0.3975616453125 0.13621888437500002 0.3651542375 0.1704781421875 0.368857940625 0.1927003640625 0.34478386875 0.2010336984375 0.330894978125 0.2177003640625
19 0.39375 0.059368503125000006 0.39375 0.0584314046875 0.3737188828125 0.049326353125 0.3524225859375 0.1039559828125 0.344089253125 0.13358561093750002 0.3558215671875 0.140625 0.3585388515625 0.140625 0.39375 0.059368503125000006
19 0.33987531875 0.178125 0.34355710781250004 0.178125 0.3656539359375 0.173553240625 0.40269097187499997 0.1300347234375 0.4193576390625 0.0994791671875 0.4265625 0.0706597203125 0.4265625 0.0645337296875 0.421209490625 0.056886574999999995 0.3925057875 0.0550347234375 0.3693576390625 0.12355324062499999 0.363802084375 0.1420717609375 0.36102430625 0.158738428125 0.33987531875 0.178125
19 0.44016893437500004 0 0.438859953125 0.026179617187499997 0.4240451375 0.05303146875 0.42311921249999995 0.0604388765625 0.44534143437499996 0.07803146875 0.462031946875 0.0859375 0.46357498125 0.0859375 0.4740451375 0.0789573953125 0.47219328593750004 0.05303146875 0.48793402812500003 0.0502536921875 0.5046875 0.05642602343749999 0.5046875 0.054464615625000004 0.4897858796875 0.0141425796875 0.48496454531250005 0 0.44016893437500004 0
18 0.5296875 0 0.5296875 0.409375 0.735378521875 0.409375 0.7245298984375 0.21159621875 0.7221144374999999 0.048552740625 0.716836965625 0 0.5296875 0
18 0.7245837640625 0 0.7238828500000001 0.0012266 0.7311292265625 0.0978449578125 0.7359601453125 0.39736186562500003 0.7366882140625 0.409375 1 0.409375 1 0.141254815625 0.9811292265624999 0.0000188703125 0.9811040656250001 0 0.7245837640625 0
19 0.2574240671875 0.7799026390625 0.20466094531249998 0.74380155625 0.17133686875 0.7562980859375 0.1255162640625 0.77573713125 0.1102427296875 0.7854566515625001 0.1491208171875 0.804895696875 0.2338195125 0.8451622890625 0.2796401171875 0.8562703140625001 0.32321835781249997 0.8734375 0.34224449218749997 0.8734375 0.35184228281249996 0.872932353125 0.390625 0.8394989765624998 0.390625 0.8377036421875002 0.360173303125 0.8271117484375001 0.347676775 0.8160037234375 0.3226837171875 0.8007301859375 0.2990791625 0.7951761734374999 0.278251615625 0.7826796453125 0.2574240671875 0.7799026390625
19 0.114087871875 0.409375 0.120060834375 0.42990705625 0.09645627968750001 0.5118287453125 0.045081660937500004 0.6367940328125 0 0.75027545625 0 0.8743729343750001 0.014534590625 0.852012028125 0.0339736359375 0.79369489375 0.0423046546875 0.7631478234375 0.05341268125 0.742320275 0.074240228125 0.7020536828124999 0.074240228125 0.67428361875 0.0853482546875 0.6229090015625001 0.10062178906250001 0.599304446875 0.1283918515625 0.5354332984375001 0.1390625 0.47022378593749997 0.1390625 0.409375 0.114087871875 0.409375
19 0.09197249843750001 0.7057201984375 0.0642024359375 0.7140512187500001 0.0475403984375 0.7543178109374999 0.0475403984375 0.7820878734375001 0.06827306562499999 0.79375 0.0724792375 0.79375 0.15584364687500002 0.7682028421875 0.21554928437499998 0.737655771875 0.2683124046875 0.723770740625 0.29608246875 0.71960523125 0.30580199218750004 0.7015546890625 0.298859475 0.673784625 0.3203125 0.6563540421875 0.3203125 0.6548075499999999 0.3016364828125 0.632129528125 0.25998138437499996 0.6390720453125001 0.2002757484375 0.658511090625 0.1586206515625 0.6723961234375 0.144735621875 0.6960006765625 0.09197249843750001 0.7057201984375
19 0 1 0.0748373171875 1 0.068721275 0.9935927171875001 0.0465052234375 0.9685996593749999 0.0242891734375 0.9436066015625 0 0.9216306843750001 0 1
19 0 0.7566327890625001 0.010428371875 0.738383140625 0.0203125 0.6864914671875 0.0203125 0.6763943171875 0.013205376562500001 0.65507295 0.007651364062500001 0.6217488718749999 0.0020973515625 0.5773167703125 0.010428371875 0.4995605921875 0 0.511593328125 0 0.7566327890625001
19 0.041045084375 0.8931422343750001 0.05727785 0.909375 0.0589233921875 0.909375 0.0796875 0.90204649375 0.0796875 0.8836073109375 0.0771461671875 0.8556526468750001 0.07298065625 0.81538605625 0.0438220890625 0.779284971875 0.031325560937500004 0.7987240171875 0.0202175359375 0.8389906093749999 0.041045084375 0.8931422343750001
19 0.140315646875 1 0.18370147187500002 0.9672392734375 0.2420186078125 0.9075336374999999 0.271875 0.8410353078125 0.271875 0.8356982515624999 0.26145765 0.7784028390625 0.23718662968749998 0.7703125 0.23398004218750001 0.7703125 0.1934634828125 0.7742373296875 0.1670819234375 0.7908993687500001 0.1407003625 0.8242234453125 0.11293029843749999 0.860324528125 0.082383228125 0.8867060890625 0.12403832343750001 0.8686555468750001 0.15597389687500002 0.8325544640625001 0.1934634828125 0.7992303875 0.23095306875000002 0.7922878718749999 0.246226603125 0.8103384124999999 0.24344959843749997 0.8617130312499999 0.2212335484375 0.9019796249999998 0.150419884375 0.9783473 0.09267935000000001 1 0.140315646875 1
19 0.0449307921875 0.969577815625 0.06776007656250001 0.99375 0.08718144375 0.99375 0.1226869703125 0.9876283578125001 0.1615650609375 0.9570812859375 0.13240649375 0.952915778125 0.1643420671875 0.9348652359375 0.196277640625 0.8876561281249999 0.221875 0.8458920156249998 0.221875 0.8441768609375 0.19766614375 0.8307274953124999 0.139349009375 0.9001526562500001 0.11157894531250001 0.9168146953124999 0.0754778625 0.952915778125 0.0310457609375 0.9445847578125001 0.0449307921875 0.969577815625
19 0.019869828125 0.49543673593750004 0.061524923437500004 0.5232068015625 0.0666002953125 0.5234375 0.09236144375000001 0.5234375 0.1078125 0.46163327499999995 0.1078125 0.4577046421875 0.08235247031250001 0.451004634375 0.05041689687499999 0.44545062187499995 0.036531865625 0.44267361562499996 0.019869828125 0.4690551765625 0.0087618 0.4884942203125 0.019869828125 0.49543673593750004
19 0.15052147031250002 0.535870384375 0.19356506874999999 0.5428128984375 0.24216268125 0.54558990625 0.27854595625 0.55 0.2882952640625 0.55 0.290625 0.541457634375 0.290625 0.5319916328125001 0.2768752609375 0.49699229375 0.21578111875 0.47477624375000005 0.154686978125 0.46366821874999997 0.14219045 0.488661275 0.12275140468750001 0.5303163703125 0.15052147031250002 0.535870384375
19 0.0765625 0.550361753125 0.00826874375 0.5203125 0.0078987609375 0.5203125 0.0078987609375 0.55763929375 0.013452773437500001 0.58263235 0.04996013125 0.5875 0.055514604687500003 0.5875 0.0765625 0.5519816750000001 0.0765625 0.550361753125
19 0.1622350125 0.538367303125 0.1275224328125 0.5300362828124999 0.117802909375 0.57307988125 0.146961478125 0.5689143734375 0.206667115625 0.5911304234375 0.262207240625 0.6230659968750001 0.283481265625 0.625 0.2948618234375 0.625 0.3125 0.617944728125 0.3125 0.6165965640625 0.29553131875 0.6022384484375001 0.27470377031250004 0.5841879078125001 0.2594302359375 0.57307988125 0.24137969374999999 0.5453098187500001 0.20250160468749998 0.546698321875 0.1622350125 0.538367303125
19 0.0966464609375 0.6400604078125001 0.16792516875000002 0.6625 0.1742467953125 0.6625 0.20911521875 0.6470029234375 0.1771796453125 0.6317293890625 0.1521865890625 0.61784435625 0.104977478125 0.599793815625 0.08970394375 0.61506735 0.0966464609375 0.6400604078125001
19 0.20106275 0.409375 0.174543659375 0.41821469687499996 0.168989646875 0.4626468 0.21908559218749998 0.471875 0.224762115625 0.471875 0.289789425 0.461258296875 0.3640625 0.44887945 0.3640625 0.4485499375 0.29534343750000003 0.42793421875000004 0.23841480625 0.42932272187500004 0.310226609375 0.409375 0.20106275 0.409375
2 0.8238312328124999 0.409375 0.81063988125 0.4116691484375 0.7349950390625001 0.44267113125 0.6568700390625001 0.5096354171875 0.6469494046875 0.5307167671874999 0.624627975 0.5753596234375 0.63330853125 0.5902405765625 0.6283482140625 0.5964409734375 0.6320684515625 0.6596850203125 0.648189484375 0.7030877984374999 0.6816716265625 0.7390501 0.7039930546875001 0.7638516875000001 0.7089533718750001 0.7836929578125 0.730034721875 0.7836929578125 0.7511160703125 0.8134548625000001 0.7721974203124999 0.8494171640625 0.81436011875 0.8568576390625001 0.871748228125 0.8671875 0.8793853765625 0.8671875 0.9259672609375 0.85437748125 0.9966517859374999 0.8221354171874999 1 0.81864769375 1 0.465457590625 0.9916914671875 0.45507192500000004 0.9532490078125001 0.43151041718750005 0.9197668640625001 0.416629465625 0.8943762359375 0.409375 0.8238312328124999 0.409375