3 0.017772753125 0 0.0204737109375 0.0145337296875 0.0301463296875 0.053968253125 0.0333705359375 0.060416665625 0.0393229171875 0.077777778125 0.04304315625 0.08447420624999999 0.0499876 0.10183531718750001 0.0861979171875 0.159126984375 0.10008680625 0.1767361109375 0.1043030765625 0.2055059515625 0.11174355312499999 0.22609127031249998 0.1241443453125 0.279166665625 0.128360615625 0.2908234125 0.13505704375 0.3037202375 0.141257440625 0.3116567453125 0.1447296640625 0.31860119062500003 0.149441965625 0.3235615078125 0.1578745046875 0.3354662703125 0.16308283750000002 0.3458829359375 0.1707713296875 0.356795634375 0.177715775 0.3639880953125 0.18093998125 0.36919642812500003 0.1985491078125 0.38630952343749997 0.20350942500000002 0.39375 0.21541418750000002 0.4014384921875 0.222606646875 0.4073908734375 0.240463790625 0.41359127031250004 0.2501805015625 0.415625 0.25170081718750004 0.415625 0.2697296640625 0.409375 0.2741939484375 0.406398809375 0.2856026796875 0.39375 0.2915550609375 0.38110119062500003 0.29874752031249996 0.35753968281250004 0.3012276796875 0.344146825 0.306187996875 0.2900793640625 0.306187996875 0.2672619046875 0.3076760921875 0.26378968281250004 0.31139632968750003 0.2610615078125 0.3156126 0.2595734125 0.3265252984375 0.2588293640625 0.3357018859375 0.256597221875 0.34884672656250004 0.2461805546875 0.3580233140625 0.2357638890625 0.391257440625 0.1928571421875 0.40241815625 0.18095238125 0.409610615625 0.171527778125 0.425235615625 0.1551587296875 0.43366815625 0.14424603125 0.44358879062499995 0.12862103125 0.45028521875000005 0.1137400796875 0.4545014890625 0.10109127031250001 0.4616939484375 0.075049603125 0.4698784734375 0.036607142187500004 0.478559028125 0.012053571875 0.4843826640625 0 0.017772753125 0
12 0.6795113984375 0 0.6660355671875 0.0383542875 0.6480175499999999 0.16748341718749998 0.6453125 0.335196509375 0.6453125 0.3570322171875 0.6543808484375 0.459375 0.9341320671875 0.459375 0.9375 0.43680985625 0.9375 0.2553548796875 0.933302834375 0.2455614953125 0.933302834375 0.1779939265625 0.90477430625 0.08189783125 0.90596123125 0 0.6795113984375 0
1 0.61875 0.8342779203124999 0.5338751234375 0.7935379796875 0.54272468125 0.733066003125 0.54272468125 0.710942109375 0.53535005 0.7094671828125 0.43210521249999995 0.7492901921875 0.4262055078125 0.818611725 0.442429696875 0.8259863562499999 0.4483294015625 0.8097621687500001 0.44685447500000003 0.8348359140625 0.46897836875000004 0.85400995625 0.505851525 0.8407356187499999 0.49995182031249996 0.8805586281250001 0.61875 0.9836911140625 0.61875 0.8342779203124999
1 0.4238039203125 1 0.4348912234375 0.8821973953125 0.32427175468749997 0.8158257140625 0.3095224921875 0.8158257140625 0.31099741875000003 0.8541737968750001 0.2800239671875 0.8453242390625 0.2608499265625 0.8482740921874999 0.26527470468750003 0.9161206984374999 0.262324853125 0.9883920859374999 0.3596527515625 1 0.4238039203125 1
1 0.08238385000000001 0.9647933468750001 0.1295814890625 0.9780676828124999 0.2608499265625 0.9883921671875001 0.26527470468750003 0.972167978125 0.2608499265625 0.957418715625 0.19595317031249998 0.8733479187500001 0.1590800140625 0.839424615625 0.13843104687500002 0.8349998359375 0.1059826703125 0.8821974765625 0.0809089234375 0.9485691578125 0.08238385000000001 0.9647933468750001
1 0 0.95456135 0.0809089234375 0.9484052359374999 0.10450774375 0.8908831124999999 0.0986080390625 0.8584347343750001 0.11925700624999999 0.76698930625 0.0705844390625 0.818611725 0.06320980781249999 0.8348359140625 0.0484605453125 0.8422105453125 0.035186209375 0.8407356187499999 0.0189620203125 0.85548488125 0 0.8577157078125 0 0.95456135
1 0 0.8608121265625 0.051410398437500004 0.852694696875 0.06320980781249999 0.8408952859374998 0.0809089234375 0.8040221296875 0.1222068578125 0.7538746375 0.1222068578125 0.7479749328125 0.0927083328125 0.721426259375 0.12368178437499999 0.7199513328125 0.1266316375 0.7081519234375 0.08975848125 0.6934026609374999 0.04551069375 0.6889778812499999 0.01748709375 0.6683289140625 0 0.685816009375 0 0.8608121265625
1 0.321321903125 0.8127120203124999 0.32427175468749997 0.688818215625 0.3316463859375 0.6283462390625 0.1812039078125 0.5958978609375001 0.175304203125 0.6622695421875 0.1428558265625 0.6032724921875 0.0764841453125 0.666694321875 0.086808628125 0.6902931421874999 0.1295814890625 0.69324299375 0.1354811953125 0.814186946875 0.145805678125 0.8082872421874999 0.1546552359375 0.78173856875 0.160554940625 0.7846884218750001 0.1620298671875 0.7994376843750001 0.1738292765625 0.8053373890625 0.28887352499999996 0.818611725 0.321321903125 0.8127120203124999
1 0.61875 1 0.61875 0.9804810671874999 0.43636615 0.82451143125 0.4275165921875 0.8156618734375 0.4275165921875 0.7935379796875 0.3272216078125 0.710942109375 0.3198469765625 0.8127120203124999 0.35524520625 0.8304111359374999 0.4407909296875 0.83926069375 0.43636615 0.9602046453125 0.45849004375 0.9838034656249999 0.47323930625 0.9911780968749999 0.5233868 0.9336559734375001 0.5337112828125 0.9336559734375001 0.542560840625 0.9543049406249999 0.54806626875 1 0.61875 1
1 0.172511153125 0.8481102500000001 0.2182338671875 0.9041574484375001 0.266906434375 0.9071073015625 0.26395658125 0.8481102500000001 0.2772309171875 0.8451603984375 0.312629146875 0.85548488125 0.3067294421875 0.818611725 0.1562869640625 0.8038624625 0.1474374078125 0.81123709375 0.14301262812499999 0.8333609875000001 0.172511153125 0.8481102500000001
17 1 0.7993354109374999 0.9858134921874999 0.7888268859374999 0.94365079375 0.7578249015624999 0.8940476187499999 0.752864584375 0.8642857140625001 0.740463790625 0.8382440484375 0.750384425 0.8109623015625 0.7727058546875 0.78368055625 0.7863467265625 0.7415178578124999 0.785106646875 0.699355159375 0.7838665687499999 0.63487103125 0.7937872031250001 0.61875 0.7897569453125 0.61875 0.852646684375 0.649751984375 0.847110615625 0.686954365625 0.8508308546875 0.7167162703125001 0.8545510921874999 0.7477182546875 0.8644717265625002 0.7762400796875 0.8731522828125 0.8233630953125001 0.8892733140625001 0.8481646828125001 0.9053943453125001 0.8804067468750001 0.9041542671875 0.9176091265625 0.888033234375 0.9796130953125001 0.8582713296875 1 0.8432494 1 0.7993354109374999
17 0.61875 0.9662083765624999 0.6188244046875 0.9661954359374999 0.660987103125 0.9624751984375 0.710590278125 0.9575148812500001 0.7725942453125001 0.9575148812500001 0.829637896875 0.9525545640625002 0.8879216265625001 0.948834325 0.9189236109374999 0.9413938484374998 0.9586061515625 0.9252728171874999 0.99208829375 0.9029513890625 0.9945684531250001 0.8744295640625002 0.9499255953125001 0.8967509921874999 0.9052827375 0.8942708328125001 0.8618799609375 0.91163194375 0.8246775796874999 0.8905505953125001 0.7490327375 0.9066716265625001 0.6560267859375 0.9314732140625 0.61875 0.935681884375 0.61875 0.9662083765624999
17 0.61875 0.6269625890625 0.6275049609375001 0.6276537703125 0.660987103125 0.6338541671875 0.6957093249999999 0.6400545640625 0.70811011875 0.6313740078125 0.7316716265625 0.6450148812500001 0.75399305625 0.638814484375 0.7725942453125001 0.6474950390625 0.8184771828124999 0.651215278125 0.873040675 0.654935515625 0.9015625 0.6400545640625 0.9288442453125001 0.6090525796875 0.9288442453125001 0.579290675 0.9400049609375 0.5805307546874999 0.9313244046874999 0.5569692453125 0.91024305625 0.5383680562500001 0.86063988125 0.523487103125 0.8184771828124999 0.5123263890625 0.7837549609375 0.5086061515625 0.763913690625 0.5024057546875 0.7787946421875 0.527207340625 0.788715278125 0.54580853125 0.833358134375 0.5532490078125 0.8593998015625001 0.558209325 0.8184771828124999 0.5817708328125 0.7775545640625 0.5966517859375 0.7378720234375 0.6164930562500001 0.6870287703125 0.6078125 0.657266865625 0.5904513890625 0.61875 0.5949827843750001 0.61875 0.6269625890625
17 1 0.5666228999999999 0.985887896875 0.5309275796875 0.9722470234374999 0.5048859125 0.96728670625 0.54580853125 0.9412450390625 0.573090278125 0.9214037703125 0.6251736109375 0.9152033734374999 0.6611359125 0.9003224203125001 0.6722966265625001 0.842038690625 0.6859375 0.8073164687500001 0.6760168656250001 0.78623511875 0.663616071875 0.76143353125 0.6685763890625 0.70811011875 0.6710565468749999 0.6337053578125 0.663616071875 0.61875 0.6597146734375 0.61875 0.7656663359375 0.6275049609375001 0.7715029765625 0.6709077375 0.7752232140624999 0.7118303578125 0.7752232140624999 0.7589533734375 0.7677827374999999 0.8035962296875001 0.7591021828125 0.86436011875 0.7392609125 0.88916170625 0.7491815468749999 0.9028025796874999 0.7591021828125 0.9090029765625001 0.714459325 0.9263640875 0.69833829375 0.96728670625 0.6859375 0.9908482140625001 0.651215278125 1 0.6363436265625 1 0.5666228999999999