14 0.12509765625 0.01826171875 0.06943359375 0.01533203125 0.04453125 0.0109375 0.03720703125 0.012890625 0.0337890625 0.01826171875 0.0318359375 0.03046875 0.028125 0.1190673828125 0.028125 0.1326171875 0.02890625 0.1681640625 0.03525390625 0.17890625 0.05234375 0.19111328125 0.058203125 0.1974609375 0.08212890625 0.21357421875 0.09287109375 0.22431640625 0.108984375 0.2306640625 0.13828125 0.23408203125 0.161279296875 0.234375 0.21904296875 0.234375 0.23251953125 0.23212890625 0.26865234375 0.2169921875 0.2734375 0.20829190312499998 0.2734375 0.18161272343749998 0.27060546875 0.0578125 0.27158203125 0.01533203125 0.26767578125 0.0080078125 0.25791015625 0.00751953125 0.167578125 0.01826171875 0.12509765625 0.01826171875
14 0.0314453125 0.317723990625 0.03095703125 0.43393492812499995 0.034375 0.44272399062499995 0.04072265625 0.44760680312499995 0.05048828125 0.44955992812499995 0.11689453125 0.45590758437499995 0.130078125 0.45346617812499995 0.16572265625 0.45444274062499995 0.176953125 0.45248961562499995 0.19013671875 0.45444274062499995 0.20869140625 0.45395445937499995 0.23955573125 0.4578125 0.2648165515625 0.4578125 0.27119140625 0.45639586562499995 0.2765625 0.4492344078125 0.2765625 0.43032164687499996 0.274609375 0.357274771875 0.27509765625 0.295751334375 0.2765625 0.279638053125 0.2765625 0.24468525312499997 0.27119140625 0.241552115625 0.25166015625 0.242528678125 0.0705078125 0.235204459375 0.04169921875 0.235692740625 0.03583984375 0.244481803125 0.0314453125 0.317723990625
0 0.4 0 0.4 0.4609733734375 0.40575420624999997 0.4625 0.41321614531249995 0.4625 0.4970703125 0.45703125 0.6240234375 0.404296875 0.6865234375 0.35546875 0.7099609375 0.314453125 0.7216796875 0.271484375 0.7216796875 0.21484375 0.7060546875 0.109375 0.6552734375 0.005859375 0.6497395828125001 0 0.4 0
0 0.172265625 0.56875 0.172265625 0.704248046875 0.19521484375 0.710595703125 0.2128109578125 0.71875 0.2157734375 0.71875 0.226953125 0.695458984375 0.23427734375 0.685205078125 0.24697265625 0.672998046875 0.25869140625 0.666650390625 0.27529296875 0.652978515625 0.2765625 0.647138671875 0.2765625 0.611357421875 0.27529296875 0.601708984375 0.26943359375 0.584130859375 0.26162109375 0.570947265625 0.259065090625 0.56875 0.172265625 0.56875
0 0.302099609375 0.6533203125 0.286474609375 0.6533203125 0.260595703125 0.66064453125 0.246435546875 0.669921875 0.232275390625 0.6826171875 0.219091796875 0.7041015625 0.214697265625 0.71484375 0.212255859375 0.72900390625 0.210791015625 0.7578125 0.213720703125 0.7724609375 0.219580078125 0.78662109375 0.234716796875 0.8037109375 0.254736328125 0.81640625 0.265673828125 0.8203125 0.28975306875 0.8203125 0.304052734375 0.81787109375 0.334814453125 0.80517578125 0.348486328125 0.796875 0.358740234375 0.78759765625 0.368505859375 0.77490234375 0.376806640625 0.75537109375 0.378125 0.748251953125 0.378125 0.723046875 0.373876953125 0.7060546875 0.364111328125 0.68798828125 0.355322265625 0.67822265625 0.340673828125 0.6669921875 0.324072265625 0.658203125 0.302099609375 0.6533203125
0 0.31005859375 0.96552734375 0.3115234375 0.95625 0.30810546875 0.93330078125 0.30810546875 0.9171875 0.31298828125 0.88935546875 0.33154296875 0.85224609375 0.3486328125 0.84638671875 0.3486328125 0.84150390625 0.345703125 0.837109375 0.33154296875 0.825390625 0.31591796875 0.81904296875 0.29736328125 0.81904296875 0.27099609375 0.821484375 0.25927734375 0.82734375 0.22900390625 0.856640625 0.2197265625 0.87080078125 0.21337890625 0.8869140625 0.2119140625 0.89619140625 0.212890625 0.9162109375 0.22119140625 0.93818359375 0.22900390625 0.94794921875 0.24072265625 0.95771484375 0.26611328125 0.96845703125 0.29833984375 0.96943359375 0.31005859375 0.96552734375
0 0.4 1 0.4 0.9822314125 0.32470703125 0.96552734375 0.32421875 0.989453125 0.32666713125 1 0.4 1
0 0.4 0.56875 0.3473610109375 0.56875 0.3271484375 0.5861328125 0.3095703125 0.60517578125 0.3017578125 0.62177734375 0.30126953125 0.65205078125 0.322265625 0.65791015625 0.33837890625 0.66572265625 0.3564453125 0.6798828125 0.3720703125 0.70380859375 0.37939453125 0.731640625 0.39453125 0.747265625 0.39990234375 0.74970703125 0.4 0.749609375 0.4 0.56875
0 0.9461210937499999 1 0.947216796875 0.997509765625 0.952099609375 0.978955078125 0.953076171875 0.951123046875 0.947216796875 0.929638671875 0.939892578125 0.914013671875 0.926220703125 0.893994140625 0.912060546875 0.880322265625 0.882275390625 0.855419921875 0.869580078125 0.847607421875 0.839306640625 0.818798828125 0.823681640625 0.807568359375 0.794873046875 0.791943359375 0.784130859375 0.788525390625 0.756787109375 0.786572265625 0.730908203125 0.791943359375 0.702099609375 0.808056640625 0.679150390625 0.829541015625 0.659619140625 0.855419921875 0.647900390625 0.881787109375 0.643994140625 0.916455078125 0.648876953125 0.954541015625 0.659619140625 0.977490234375 0.676501465625 1 0.9461210937499999 1
16 0.4 1 0.6737355203125001 1 0.67333984375 0.997705078125 0.66162109375 0.978662109375 0.65185546875 0.952783203125 0.64599609375 0.923974609375 0.64697265625 0.882958984375 0.658203125 0.848779296875 0.6552734375 0.843408203125 0.6396484375 0.835595703125 0.6181640625 0.829736328125 0.5869140625 0.804345703125 0.5634765625 0.797998046875 0.55419921875 0.793115234375 0.52392578125 0.767724609375 0.49365234375 0.764306640625 0.47265625 0.754541015625 0.44580078125 0.748193359375 0.40185546875 0.745263671875 0.4 0.7449177375 0.4 1
6 0.7732421875 0.674560546875 0.75078125 0.666748046875 0.7107421875 0.642333984375 0.69951171875 0.637451171875 0.686328125 0.635009765625 0.6716796875 0.635009765625 0.6443359375 0.640380859375 0.61064453125 0.625244140625 0.59306640625 0.624267578125 0.57548828125 0.629638671875 0.55498046875 0.647705078125 0.54716796875 0.667236328125 0.53642578125 0.682861328125 0.526171875 0.704833984375 0.5232421875 0.723876953125 0.52568359375 0.764892578125 0.53154296875 0.779052734375 0.54521484375 0.794189453125 0.5642578125 0.802001953125 0.592578125 0.805908203125 0.60283203125 0.818115234375 0.6150390625 0.826416015625 0.6572076609374999 0.840625 0.670166015625 0.840625 0.670703125 0.840576171875 0.6921875 0.818115234375 0.7107421875 0.805419921875 0.7263671875 0.798583984375 0.7595703125 0.790771484375 0.7830078125 0.792724609375 0.79716796875 0.797119140625 0.8396484375 0.823486328125 0.85673828125 0.837646484375 0.86357421875 0.837646484375 0.87236328125 0.829345703125 0.88017578125 0.814208984375 0.88125 0.808623046875 0.88125 0.7509011015625 0.87724609375 0.738525390625 0.86796875 0.719970703125 0.85283203125 0.705322265625 0.83134765625 0.694580078125 0.79033203125 0.682861328125 0.7732421875 0.674560546875
6 0.5407581671875 0.56875 0.537744140625 0.601904296875 0.539208984375 0.643896484375 0.541650390625 0.659033203125 0.545068359375 0.662939453125 0.547998046875 0.663916015625 0.549951171875 0.662451171875 0.558251953125 0.644873046875 0.569970703125 0.634130859375 0.577294921875 0.629248046875 0.597314453125 0.624365234375 0.608544921875 0.624853515625 0.622216796875 0.629248046875 0.642724609375 0.639501953125 0.661767578125 0.636572265625 0.664697265625 0.632666015625 0.695947265625 0.636083984375 0.707666015625 0.640966796875 0.756494140625 0.669775390625 0.800439453125 0.684423828125 0.830712890625 0.685400390625 0.839501953125 0.683447265625 0.852197265625 0.674169921875 0.861962890625 0.659521484375 0.8734375 0.631064453125 0.8734375 0.6016977156250001 0.867822265625 0.592626953125 0.858056640625 0.587255859375 0.855615234375 0.583837890625 0.855126953125 0.570654296875 0.8547657937500001 0.56875 0.5407581671875 0.56875