7 0 0.3290178578125 0.028125 0.334375 0.0375 0.346875 0.121875 0.35 0.175 0.3640625 0.1921875 0.3609375 0.2078125 0.34375 0.2078125 0.3046875 0.215625 0.29375 0.2 0.26875 0.1703125 0.275 0.1703125 0.2828125 0.159375 0.2859375 0.15 0.3 0.13125 0.3015625 0.1046875 0.2875 0.0921875 0.303125 0.075 0.3046875 0 0.2796875 0 0.3290178578125
7 0.16875 0.265625 0.1609375 0.2875 0.2171875 0.3015625 0.2359375 0.2921875 0.2578125 0.2921875 0.278125 0.28125 0.2796875 0.28129595625000003 0.2796875 0.245294540625 0.225 0.2484375 0.16875 0.265625
7 0.1203125 0.2109375 0.0875 0.203125 0.0640625 0.20625 0.0484375 0.2125 0.040625 0.225 0.04375 0.26875 0.0625 0.278125 0.1109375 0.2734375 0.1046875 0.278125 0.1078125 0.290625 0.125 0.3 0.15 0.3015625 0.1578125 0.290625 0.153125 0.2671875 0.1578125 0.2640625 0.1921875 0.2609375 0.2796875 0.23505721875000002 0.2796875 0.19314630625 0.1828125 0.2140625 0.1203125 0.2109375
7 0 0.23655660312500001 0.0421875 0.2453125 0.0421875 0.221875 0.05 0.2078125 0.025 0.19375 0 0.190865384375 0 0.23655660312500001
7 0.053515625 0 0.0421875 0.009375 0 0.05548691875 0 0.10865384687499999 0.028125 0.071875 0.0765625 0.028125 0.1125 0.0140625 0.121875 0.0046875 0.121875 0 0.053515625 0
7 0.1345982140625 0 0.1171875 0.01875 0.034375 0.0796875 0.034375 0.090625 0.0484375 0.0984375 0.06875 0.1390625 0.0515625 0.14375 0.028125 0.16875 0 0.14791666718750002 0 0.191741071875 0.0234375 0.190625 0.046875 0.2078125 0.0921875 0.2015625 0.1203125 0.209375 0.153125 0.209375 0.165625 0.2 0.1921875 0.1421875 0.2046875 0.0828125 0.215625 0.078125 0.2171875 0.09375 0.2296875 0.09375 0.24375 0.0171875 0.25 0.0078125 0.2640625 0.0125 0.26875 0.003125 0.267598684375 0 0.1345982140625 0
7 0.3336103765625 0 0.315878503125 0.0314337765625 0.3026041671875 0.0845311203125 0.3070289453125 0.14057831875 0.338002396875 0.22022433593750002 0.34980180625 0.236448525 0.41617348749999994 0.27479660781250004 0.45452157031249996 0.2792213859375 0.500244284375 0.2644721234375 0.5666159656249999 0.22464911562499998 0.5931646390624999 0.1922007375 0.5931646390624999 0.1538526546875 0.5887398593750001 0.1435281703125 0.5710407453124999 0.1494278765625 0.5651410390625 0.1273039828125 0.5489168515625 0.1214042765625 0.5430171453125 0.0992803828125 0.5238431046875001 0.0801063421875 0.51056876875 0.0461830390625 0.500244284375 0.03733348125 0.5090938421875 0.00930988125 0.5005001046875 0 0.3336103765625 0
7 0.677235434375 0.3868941953125 0.7008342546875 0.360345521875 0.7067339609375 0.34117148125 0.7037841078125 0.2747998 0.6742855828125001 0.23645171718750002 0.6447870578125 0.20990304375000002 0.6359375 0.18925407656249998 0.602014196875 0.18040451875000002 0.5931646390624999 0.19957856093749998 0.5636661140625 0.2335018640625 0.5503917765625 0.234976790625 0.5267929578125 0.25562575781249997 0.49581950625 0.2703750203125 0.488444875 0.308723103125 0.4987693578125 0.3426464078125 0.5385923671875 0.367720153125 0.6005392703125 0.389844046875 0.640362278125 0.3942688265625 0.677235434375 0.3868941953125
7 0.830627765625 0.2939735953125 0.8276779124999999 0.2571004390625 0.727382928125 0.24677595624999998 0.7155835171875 0.25415058749999997 0.7082088859375 0.27627448125 0.7185333703125 0.280699259375 0.742132190625 0.33527153125 0.7214832234374999 0.36477005625 0.70230918125 0.3750945390625 0.734757559375 0.3824691703125 0.7967044609375 0.369194834375 0.8144035765625001 0.3529706453125 0.8262029875 0.3219971953125 0.830627765625 0.2939735953125
7 0.5400672937500001 0.3690311578125 0.5194183265625 0.3542818953125 0.485495021875 0.3395326328125 0.4441970875 0.33215800156249997 0.43387260312500003 0.3159338125 0.4250230453125 0.3159338125 0.4250230453125 0.3100341078125 0.4205982671875 0.30855918125000004 0.3910997421875 0.3174087390625 0.389624815625 0.3247833703125 0.419123340625 0.38378042031250004 0.4238938046875 0.4 0.5921770015625001 0.4 0.5754655234375 0.38230549375 0.5400672937500001 0.3690311578125
7 0.342427175 0.385255346875 0.374875553125 0.3542818953125 0.389624815625 0.34838219062500003 0.39257466875 0.3365827796875 0.3837251109375 0.32330844375 0.40142422499999997 0.311509034375 0.39404959375000004 0.26431139375 0.360126290625 0.24513735312499998 0.342427175 0.2274382375 0.308503871875 0.1477922203125 0.293754609375 0.14926714531250002 0.2796875 0.14082688125 0.2796875 0.4 0.33610803906250003 0.4 0.342427175 0.385255346875
7 0.6234569609375 0 0.6477369093750001 0.02979811875 0.6521616890625 0.0460223078125 0.665436025 0.057821718749999994 0.6742855828125001 0.076995759375 0.6742855828125001 0.099119653125 0.665436025 0.128618178125 0.6669109515625 0.2141639015625 0.662486171875 0.22006360625000002 0.669860803125 0.23481286875000001 0.7701557890624999 0.253986909375 1 0.2594593921875 1 0 0.6234569609375 0
7 0.5944803890625 0.14795139531249998 0.5974302421875 0.1671254359375 0.6092296515625 0.1671254359375 0.625453840625 0.17597499375 0.6534774390625 0.1774499203125 0.65790221875 0.1686003625 0.6667517765625 0.1656505109375 0.6638019234375 0.1523761734375 0.6652768499999999 0.1110782390625 0.6785511859375 0.09485405 0.6770762593749999 0.084529565625 0.59890516875 0.060930746875 0.5812060531250001 0.060930746875 0.5635069374999999 0.0668304515625 0.55613230625 0.07862986093749999 0.5458078234375 0.084529565625 0.5428579703125 0.091904196875 0.5443328968750001 0.10370360781250001 0.5576072328125 0.1155030171875 0.5649818640625 0.1287773546875 0.56940664375 0.14795139531249998 0.5753063484375 0.149426321875 0.588580684375 0.14352661718749998 0.5944803890625 0.14795139531249998
12 0.2796875 1 0.2796875 0.5370493125 0.2557103984375 0.5022254265625 0.2557103984375 0.4887119125 0.2662209078125 0.4751984 0.25786553125 0.4 0.13729555625 0.4 0.1400947828125 0.46018338437499995 0.135590278125 0.485708909375 0.149103790625 0.4932164171875 0.15060529218750002 0.5082314328125 0.098052740625 0.598321521875 0.0785332203125 0.6538770781250001 0.06051520312500001 0.7830062078125 0.0575122 0.96919239375 0.060241987500000004 1 0.2796875 1
13 0.3916015625 0.5203125 0.3603515625 0.80986328125 0.35302734375 0.889453125 0.3505859375 0.9529296875 0.357421875 0.96220703125 0.36572265625 0.965625 0.40771484375 0.97099609375 0.451171875 0.97978515625 0.5849609375 0.9958984375 0.59375 0.99345703125 0.59765625 0.9900390625 0.60302734375 0.97783203125 0.615234375 0.8884765625 0.62158203125 0.783984375 0.6259765625 0.748828125 0.6220703125 0.73515625 0.61181640625 0.7126953125 0.60791015625 0.6970703125 0.60400390625 0.6755859375 0.60400390625 0.65166015625 0.607421875 0.627734375 0.61669921875 0.600390625 0.626953125 0.580859375 0.64208984375 0.561328125 0.6474609375 0.54814453125 0.64697265625 0.53251953125 0.65380859375 0.4763671875 0.6579489828125 0.4 0.40550735781249997 0.4 0.39990234375 0.46025390625 0.3916015625 0.5203125
13 0.6291990578125 0.75126953125 0.6516599953125 0.7751953125 0.6721678078125 0.7908203125 0.7004881203125 0.8044921875 0.7312498390625 0.81279296875 0.7498045265625 0.81376953125 0.7913084328125 0.8083984375 0.8074217140625001 0.803515625 0.8401365578125001 0.78447265625 0.8645506203125001 0.76103515625 0.8806639015625001 0.73857421875 0.8918943703125001 0.713671875 0.8987303078125001 0.68779296875 0.9001951515625001 0.658984375 0.8962889015625001 0.6228515625 0.8879881203125001 0.596484375 0.8738279640625001 0.5720703125 0.8557615578125001 0.5515625 0.8401365578125001 0.53935546875 0.7971678078125 0.51787109375 0.7688474953125 0.5115234375 0.7410154640625 0.51103515625 0.7190428078125 0.5134765625 0.6965818703125 0.51982421875 0.6721678078125 0.53251953125 0.6438474953125 0.5564453125 0.6223631203125 0.5857421875 0.6116209328125 0.60966796875 0.6038084328125 0.63798828125 0.6018553078125 0.66728515625 0.6101560890625 0.71220703125 0.6189451515625 0.73466796875 0.6291990578125 0.75126953125
13 1 0.4 0.7049367421875 0.4 0.70556640625 0.40703125 0.71435546875 0.434375 0.7294921875 0.459765625 0.7529296875 0.487109375 0.77099609375 0.502734375 0.787109375 0.51201171875 0.8369140625 0.52763671875 0.87060546875 0.530078125 0.900390625 0.52568359375 0.94091796875 0.51005859375 0.97509765625 0.48759765625 0.99658203125 0.46513671875 1 0.4600535859375 1 0.4