17 0.4017113109375 0 0.40096726250000003 0.0008928578124999999 0.398487103125 0.0078373015625 0.397991071875 0.016269840625 0.3992311515625 0.0279265875 0.3994791671875 0.049007935937500004 0.39724702343749996 0.059672618749999996 0.39699900781249997 0.08075396875 0.40071924531249997 0.10555555624999999 0.40419146875 0.119196428125 0.41659226250000003 0.15565476250000002 0.420064484375 0.162103175 0.4252728171875 0.168799603125 0.44114583281249997 0.203521825 0.4466021828125 0.2112103171875 0.459375 0.224168246875 0.459375 0.0015749 0.450818453125 0.000148809375 0.45037202499999995 0 0.4017113109375 0
17 0.37985854531249996 0 0.351612103125 0.0356150796875 0.33797122968750004 0.0728174609375 0.339211309375 0.141021825 0.34789186562499996 0.16458333281249998 0.364012896875 0.1955853171875 0.36153273750000003 0.22534722187499998 0.323090278125 0.219146825 0.3218501984375 0.2303075390625 0.3466517859375 0.250148809375 0.35905257968750004 0.26875 0.4024553578125 0.26875 0.417336309375 0.26006944375 0.4408978171875 0.2451884921875 0.45825892812499996 0.2241071421875 0.43717757968750004 0.1955853171875 0.40989583281249997 0.13730158750000002 0.3974950390625 0.0876984125 0.401215278125 0.045535714062499996 0.401215278125 0.0021329359375 0.40014880937499997 0 0.37985854531249996 0
17 0.1182308765625 0 0.1184771828125 0.0008928578124999999 0.120957340625 0.041815476562499995 0.10731646875 0.0703373015625 0.0961557546875 0.0951388890625 0.1035962296875 0.127380953125 0.073834325 0.1521825390625 0.0589533734375 0.1695436515625 0.0849950390625 0.193105159375 0.11227678593749998 0.22286706406249998 0.113516865625 0.26378968281250004 0.1120137390625 0.26875 0.1739386625 0.26875 0.19908234062500002 0.2427083328125 0.17676091249999998 0.20674603125000002 0.16932043593749999 0.200545634375 0.1780009921875 0.1831845234375 0.1941220234375 0.15342261875000002 0.16436011875 0.1769841265625 0.151959325 0.17450396875000002 0.138318453125 0.1447420640625 0.14079861093749999 0.11622023749999999 0.16063988125 0.0740575390625 0.18544146875 0.038095237500000004 0.19908234062500002 0.012053571875 0.20845734062500001 0 0.1182308765625 0
17 0.3390182890625 0 0.3404513890625 0.02197420625 0.3181299609375 0.060416667187499995 0.30324900781249997 0.110019840625 0.2908482140625 0.1447420640625 0.28836805625 0.209226190625 0.27224702343749996 0.24890872968750002 0.2760626515625 0.26875 0.3024974453125 0.26875 0.3069692453125 0.2476686515625 0.3280505953125 0.21294642812500003 0.335491071875 0.18690476250000002 0.3367311515625 0.155902778125 0.339211309375 0.11622023749999999 0.34169146875 0.0678571421875 0.35905257968750004 0.028174603124999996 0.3675903390625 0 0.3390182890625 0
17 0.28701636875 0 0.29208829375 0.040575396875 0.2759672625 0.118700396875 0.2524057546875 0.162103175 0.22760416718749998 0.1943452375 0.21768353125 0.20302579375000002 0.21396329375 0.22782738125000002 0.2052827375 0.2439484125 0.22760416718749998 0.2265873015625 0.2548859125 0.2117063484375 0.28340773750000003 0.19930555625 0.2908482140625 0.1658234125 0.302008928125 0.10009920624999999 0.32433035781249997 0.055456348437500004 0.3317708328125 0.015773809375 0.3321064453125 0 0.28701636875 0
17 0.23672916718749998 0 0.2338045640625 0.0132936515625 0.2288442453125 0.0802579359375 0.21148313437500002 0.1323412703125 0.19288194375 0.180704365625 0.186681546875 0.22286706406249998 0.195362103125 0.2439484125 0.174234825 0.26875 0.1838798859375 0.26875 0.19288194375 0.2513888890625 0.2127232140625 0.21418650781249998 0.2288442453125 0.1695436515625 0.2437251984375 0.081498015625 0.2660466265625 0.0033730156249999997 0.26642847812500003 0 0.23672916718749998 0
17 0.060416667187499995 0 0.053993056250000004 0.02569444375 0.039112103125 0.07529761874999999 0.022991071874999998 0.1075396828125 0.016790674999999998 0.12490079375 0.0453125 0.11746031718750001 0.0750744046875 0.10877976250000002 0.094915675 0.0988591265625 0.10731646875 0.065376984375 0.1197172625 0.038095237500000004 0.1221974203125 0.0070932546875 0.12003860468750001 0 0.060416667187499995 0
19 0.4077083328125 0.8557914906249999 0.3760416671875 0.82245815625 0.31437499999999996 0.7841248234375 0.2860416671875 0.77745815625 0.2460416671875 0.7941248234375 0.259375 0.8157914906249999 0.294375 0.835791490625 0.319375 0.8641248234375001 0.344375 0.8641248234375001 0.38937499999999997 0.8941248234374999 0.41604166718749996 0.9274581562499999 0.459375 0.9665979421875001 0.459375 0.8974581562499999 0.42770833281250004 0.8657914906249999 0.4077083328125 0.8557914906249999
19 0 0.7125364640625 0.039375 0.7424614640625 0.0760416671875 0.7941281296875 0.0910416671875 0.860794796875 0.09770833281249999 0.8674614640625 0.10604166718750001 0.8641281296875001 0.109375 0.8291281296875 0.094375 0.7657947968750001 0.0810416671875 0.7357947968749999 0.0560416671875 0.7074614640625 0 0.6696659203124999 0 0.7125364640625
19 0.36121146406250004 0.6489583328124999 0.36121146406250004 0.6422916671875 0.349544796875 0.6422916671875 0.209544796875 0.6489583328124999 0.10787812968749999 0.6622916671875 0.0662114640625 0.660625 0.0312114640625 0.645625 0.024544796875 0.6822916671875 0.064544796875 0.7089583328125 0.1828781296875 0.7089583328125 0.2912114640625 0.7006249999999999 0.32454479687500004 0.690625 0.344544796875 0.670625 0.36121146406250004 0.6489583328124999
19 0 0.6680882359375 0.019375 0.680625 0.027708332812499997 0.6772916671875 0.0360416671875 0.6489583328124999 0.049375 0.635625 0.05437499999999999 0.5689583328125 0.0710416671875 0.540625 0.0710416671875 0.5222916671875 0.05437499999999999 0.4939583328125 0.0477083328125 0.4922916671875 0.022708332812500003 0.5122916671875 0.0010416671875 0.545625 0.0010416671875 0.5789583328125001 0 0.582083334375 0 0.6680882359375
19 0.08937500000000001 1 0.08937500000000001 0.9806250000000001 0.10604166718750001 0.915625 0.129375 0.875625 0.1227083328125 0.850625 0.1160416671875 0.8489583328125001 0.1027083328125 0.8672916671875001 0.0777083328125 0.8539583328125 0.0627083328125 0.8572916671874999 0.0627083328125 0.8839583328125 0.039375 0.8972916671875 0.032955728125 1 0.08937500000000001 1
19 0.3428748234375 0.805625 0.389541490625 0.835625 0.4028748234375 0.835625 0.459375 0.8125112906249999 0.459375 0.7353044203125 0.44120815625 0.7422916671875 0.3428748234375 0.805625
19 0.32679788125 0.862677425 0.311057140625 0.8524922406250001 0.286057140625 0.8293440921874999 0.2573534359375 0.8395292781249999 0.25642750937500003 0.851566315625 0.24346454843749998 0.8460107578124999 0.22124232500000002 0.8589737218750001 0.210131215625 0.8589737218750001 0.18142750937500002 0.8617514999999999 0.17679788125 0.862677425 0.17772380625 0.876566315625 0.17494602812499999 0.9237885359375 0.18790899218749998 0.9237885359375 0.1943904734375 0.914529278125 0.22031640000000002 0.9080477968749999 0.2369830671875 0.9043440921875 0.27402010312499997 0.8848996484375 0.2934645484375 0.8830477968749999 0.30364973281249996 0.8710107578124999 0.32679788125 0.862677425
19 0 0.8586111109375001 0.015856481250000002 0.855439815625 0.028819445312500004 0.8276620359375 0.0334490734375 0.7609953703125 0.031597221875 0.740625 0 0.712618371875 0 0.8586111109375001
19 0.3047453703125 0.48431301875 0.299189815625 0.49912783281250006 0.30196759375000004 0.54727598125 0.300115740625 0.5713500546875 0.2890046296875 0.5741278328125 0.30196759375000004 0.58431301875 0.32233796406250004 0.6074611671875 0.344560184375 0.60931301875 0.350115740625 0.5611648703125 0.34363425937500003 0.5009796843750001 0.344560184375 0.487090796875 0.34178240625 0.4463500546875 0.3399305546875 0.42320190625 0.344560184375 0.41579449999999996 0.3084490734375 0.41579449999999996 0.313078703125 0.44820190625 0.31030092656249997 0.4611648703125 0.3047453703125 0.48431301875
19 0.205671296875 0.6119212968750001 0.1982638890625 0.6508101843749999 0.23252314843750002 0.637847221875 0.243634259375 0.643402778125 0.255671296875 0.636921296875 0.2788194453125 0.6452546296875 0.3325231484375 0.643402778125 0.36770833281250004 0.640625 0.3760416671875 0.6174768515625 0.35104166718749996 0.6100694453125 0.287152778125 0.6017361109375 0.218634259375 0.599884259375 0.205671296875 0.6119212968750001
19 0.1603009265625 0.9630169328125 0.174189815625 0.9167206390624999 0.1760416671875 0.869498415625 0.162152778125 0.8306095265625 0.12696759375 0.782461378125 0.0834490734375 0.7296836 0.0982638890625 0.7704243421875 0.10659722187500001 0.8204243421875 0.130671296875 0.875053971875 0.13807870312499998 0.9528317484375 0.14641203593750002 0.9741280453125001 0.1603009265625 0.9630169328125
19 0.188078703125 0.5684027781250001 0.1834490734375 0.524884259375 0.1538194453125 0.54803240625 0.125115740625 0.5795138890625 0.1140046296875 0.6091435187500001 0.1325231484375 0.6461805546875 0.14363425937500002 0.656365740625 0.16400462968750001 0.6137731484375 0.188078703125 0.5684027781250001
19 0.1890046296875 0.5926434265625 0.168634259375 0.6102360203125 0.155671296875 0.6333841687499999 0.1473379640625 0.650976759375 0.14641203593750002 0.6528286109375 0.17974537031249999 0.650976759375 0.19548611093749999 0.6491249078125 0.20844907343750002 0.6009767593750001 0.2454861109375 0.5981989828125001 0.27789351875 0.5824582421875 0.299189815625 0.5602360203125001 0.300115740625 0.5315323171874999 0.2982638890625 0.4926434265625 0.27048611093749997 0.5204212046875 0.24085648124999998 0.5370878718750001 0.2232638890625 0.55838416875 0.1890046296875 0.5926434265625
19 0.42881944531249994 0.6767361109375 0.424189815625 0.686921296875 0.3973379640625 0.6961805546875001 0.363078703125 0.7146990734374999 0.3362268515625 0.7341435187500001 0.3038194453125 0.7600694453125 0.309375 0.7665509265625 0.305671296875 0.7711805546875 0.3288194453125 0.761921296875 0.35196759375000003 0.768402778125 0.3649305546875 0.7508101843749999 0.40196759374999996 0.7415509265625 0.4325231484375 0.72210648125 0.45844907343749997 0.706365740625 0.459375 0.7056620359375 0.459375 0.6574832374999999 0.45196759374999995 0.662847221875 0.42881944531249994 0.6767361109375
19 0.2760416671875 0.754683684375 0.287152778125 0.7352392421875 0.2510416671875 0.7065355359375001 0.21307870312500002 0.759313315625 0.1584490734375 0.8074614640625001 0.1473379640625 0.8139429453125 0.169560184375 0.8352392421875001 0.199189815625 0.8074614640625001 0.2399305546875 0.7861651671875001 0.2760416671875 0.754683684375
19 0.3853009265625 0.49912804531250005 0.41678240625 0.5056095265625 0.41585648124999997 0.54820211875 0.394560184375 0.600979896875 0.344560184375 0.6704243421875 0.2964120359375 0.7296836 0.2510416671875 0.7713502671875 0.26307870312500004 0.7880169328125 0.306597221875 0.7583873046875 0.3399305546875 0.728757675 0.380671296875 0.6602391562500001 0.4084490734375 0.6083873046875 0.4325231484375 0.56023915625 0.431597221875 0.5120910078125 0.40567129687500003 0.4815354515625 0.37696759375 0.464868784375 0.344560184375 0.46764656406249994 0.3473379640625 0.519498415625 0.3853009265625 0.49912804531250005
19 0.149189815625 0.4176434265625 0.0853009265625 0.41579157499999997 0.11215277812499999 0.43431009375 0.1390046296875 0.463013796875 0.163078703125 0.49449527812499994 0.17974537031249999 0.5148656500000001 0.1964120359375 0.53431009375 0.19548611093749999 0.49634712968750005 0.17789351874999998 0.465791575 0.149189815625 0.4176434265625
19 0.2603009265625 0.506365740625 0.23622685156249998 0.47303240625000004 0.2232638890625 0.4295138890625 0.21122685156249998 0.4174768515625 0.2103009265625 0.4452546296875 0.2149305546875 0.4767361109375 0.225115740625 0.5008101843749999 0.2427083328125 0.5304398156250001 0.269560184375 0.518402778125 0.2603009265625 0.506365740625
19 0.130671296875 0.5684027781250001 0.12696759375 0.5424768515625 0.1399305546875 0.540625 0.1510416671875 0.5100694453125 0.163078703125 0.5035879640625 0.1325231484375 0.49710648125 0.1112268515625 0.5072916671875001 0.0899305546875 0.524884259375 0.1075231484375 0.5304398156250001 0.09548611093750001 0.5600694453124999 0.109375 0.6100694453125 0.124189815625 0.5795138890625 0.130671296875 0.5684027781250001
19 0.40567129687500003 0.5637731484375 0.41770833281249997 0.53414351875 0.4010416671875 0.5350694453125 0.35196759375000003 0.53414351875 0.349189815625 0.5359953703125 0.3482638890625 0.5359953703125 0.35104166718749996 0.5674768515624999 0.40567129687500003 0.5637731484375
19 0.13530092656249998 0.793402778125 0.1454861109375 0.8137731484374999 0.1927083328125 0.7785879640625 0.17789351874999998 0.7600694453125 0.193634259375 0.769328703125 0.23530092656249998 0.7369212968750001 0.180671296875 0.706365740625 0.144560184375 0.711921296875 0.1325231484375 0.7387731484375 0.1232638890625 0.7711805546875 0.13530092656249998 0.793402778125
19 0.0149305546875 0.8557981421875 0.0140046296875 0.86320555 0.0362268515625 0.8807981421875001 0.053819445312500006 0.8891314749999999 0.0649305546875 0.88172406875 0.063078703125 0.8557981421875 0.0788194453125 0.853020365625 0.0964120359375 0.8595018453125001 0.08067129687499999 0.816909253125 0.06678240625000001 0.7761685109375 0.0353009265625 0.742835178125 0.031597221875 0.7919092531249999 0.0297453703125 0.828946290625 0.0149305546875 0.8557981421875
13 1 0.535009928125 0.9819538281250001 0.5207629500000001 0.953125 0.5099521390625 0.8306024781250001 0.4829251125 0.6864583328125 0.47211430156249995 0.5585304046874999 0.47211430156249995 0.459375 0.48546214374999996 0.459375 0.8853565218749999 0.493665540625 0.90094313125 0.6306024781249999 0.92616835625 0.7206925671875 0.92616835625 0.8233952703125 0.9135557437499999 0.875647521875 0.899141328125 0.9206925671875 0.8703125 0.9423141890625001 0.8324746624999999 0.9819538281250001 0.623465653125 1 0.608700603125 1 0.535009928125
13 1 0.34206976875 0.9729448203125 0.32977195937500003 0.881052928125 0.3117539421875 0.6306024781249999 0.299141328125 0.459375 0.3093857078125 0.459375 0.610829784375 0.45943130625000006 0.610853040625 0.60357545 0.62706925625 0.718890765625 0.6288710578125001 0.8792511265625 0.610853040625 0.9098817562500001 0.598240428125 0.9423141890625001 0.573015203125 0.9603322078125001 0.5189611484375 0.9819538281250001 0.4036458328125 1 0.3938024671875 1 0.34206976875
13 0.48465653125 0.4000422296875 0.6990709453124999 0.410853040625 0.9080799546874999 0.39463682499999997 0.9585304046875001 0.37301520312499997 0.986334459375 0.26875 0.459375 0.26875 0.459375 0.39667135937500003 0.48465653125 0.4000422296875