7 0 0.31991429843749997 0.0685642515625 0.37612463125 0.1703341640625 0.43069690312500003 0.23965569687500002 0.4513458703125 0.3664993546875 0.46019542812500003 0.4063223640625 0.46019542812500003 0.45057015156249997 0.44987094375 0.5125170546875 0.44987094375 0.5759388828125 0.4365966078125 0.6 0.41395085 0.6 0.333634959375 0.5906881453125 0.31712758124999996 0.584788440625 0.2935287609375 0.55823976875 0.24928097343750003 0.5479152843749999 0.24190634218749998 0.5346409484375 0.24338126875000002 0.5213666124999999 0.2640302359375 0.4903931609375 0.292053834375 0.44024566875 0.314177728125 0.3841984703125 0.32302728593749996 0.2927530421875 0.3156526546875 0.201307615625 0.2891039828125 0.142310565625 0.262555309375 0.06413947343750001 0.210932890625 0 0.1561227953125 0 0.31991429843749997
7 0.2957115703125 0.3156526546875 0.3842071453125 0.32302728593749996 0.45942838437500005 0.3082780234375 0.4918767625 0.2935287609375 0.5081009515625 0.2787794984375 0.49777646718749996 0.2596054578125 0.450578828125 0.2315818578125 0.4092808921875 0.22715707968749999 0.348808915625 0.20208333281250002 0.29276171875 0.1489859875 0.2883369390625 0.129811946875 0.260313340625 0.1165376109375 0.22344018437500002 0.11211283125 0.134944609375 0.12096238906250001 0.1260950515625 0.12391224218750001 0.11724549375 0.13718657812499999 0.120195346875 0.1504609140625 0.157068503125 0.1755346609375 0.1688679125 0.19913348125000002 0.17771747031250001 0.22715707968749999 0.1703428390625 0.2315818578125 0.1688679125 0.24338126875000002 0.1880419546875 0.28320427656249997 0.2957115703125 0.3156526546875
7 0 0.11905811875000001 0.0566095125 0.11080256562499999 0.111181784375 0.1211270484375 0.2306508109375 0.112277490625 0.280798303125 0.12850167968749998 0.3043971234375 0.1580002046875 0.35306969062500004 0.199298140625 0.41796644531249993 0.21109755 0.48876290625 0.236171296875 0.5433351765625 0.2420710015625 0.5684089234374999 0.2612450421875 0.59200774375 0.26271996875000003 0.6 0.26648103125 0.6 0.1726123453125 0.5610342921875 0.1580002046875 0.5507098078125 0.149150646875 0.540385325 0.122601975 0.5256360625000001 0.112277490625 0.43124078125 0.0783541875 0.32799594375 0.0518055140625 0.2675239671875 0.0429559578125 0.1893528765625 0.04148103125 0.06988385 0.0518055140625 0 0.0682068265625 0 0.11905811875000001
7 0 0 0 0.0717349796875 0.0757835546875 0.0516408546875 0.15247972031249998 0.0427912984375 0.2306508109375 0.041316371875 0.330945796875 0.05311578125000001 0.4150165921875 0.07376475 0.5241611359375 0.1135877578125 0.5551345875 0.1357116515625 0.566933996875 0.115062684375 0.5684089234374999 0.09736356874999999 0.5610342921875 0.0796644546875 0.5374354718750001 0.063440265625 0.5492348812500001 0.03836651875 0.5374354718750001 0.02361725625 0.54186025 0.0014933625 0.5413375734375 0 0 0
7 0 0.1588467234375 0.0744723859375 0.21699639531249998 0.1039709109375 0.21699639531249998 0.1408440671875 0.1919226484375 0.15706825625 0.1904477234375 0.152643478125 0.17127368125 0.1187201734375 0.14767486093749999 0.1187201734375 0.1196512625 0.1039709109375 0.11227663125000001 0.05087356562499999 0.10785185312500001 0 0.11304303281250001 0 0.1588467234375
16 0.6 0 0.6 0.609375 1 0.609375 1 0 0.6 0
19 0.2795443234375 0.6542268421874999 0.295480578125 0.7036292328125 0.30583914375 0.7243463640625001 0.3193849609375 0.7115973609374999 0.3305403390625 0.6845057265625 0.336914840625 0.67972485 0.3512574703125 0.6526332171875 0.35031707343749996 0.609375 0.278278634375 0.609375 0.277153884375 0.637493775 0.2795443234375 0.6542268421874999
19 0.34567978125 0.6608400750000001 0.318588146875 0.7158201546875 0.3042455171875 0.731756409375 0.30902639375 0.7445054125 0.297871015625 0.7453022265625 0.2922933265625 0.7492862890625 0.2795443234375 0.7684097953125 0.26838894375 0.793110990625 0.26599850625 0.80028230625 0.26759213125 0.811437684375 0.2811379484375 0.8281707515625 0.3018550796875 0.8393261296875 0.31062002031249997 0.8377325046875 0.318588146875 0.8273739390625 0.3520542828125 0.7588480421875 0.42695468124999997 0.6257803140625 0.43422521875 0.609375 0.3799378328125 0.609375 0.3727714140625 0.6225930625 0.34567978125 0.6608400750000001
19 0.329366653125 1 0.3313371515625 0.9285694624999999 0.3416957171875 0.8050634859375 0.3401020921875 0.797892171875 0.334524403125 0.7955017328125 0.3098232078125 0.83056149375 0.295480578125 0.8313583078125 0.2819347609375 0.8233901796875 0.275560259375 0.8265774312499999 0.2739666328125 0.8321551203125 0.27077938281249997 0.8879320125 0.2723145609375 1 0.329366653125 1
13 0.73486328125 0.64013671875 0.744140625 0.65087890625 0.7626953125 0.666015625 0.7822265625 0.67529296875 0.8193359375 0.6845703125 0.861328125 0.6904296875 0.8828125 0.6904296875 0.91015625 0.685546875 0.92578125 0.677734375 0.9404296875 0.6669921875 0.953125 0.6533203125 0.96435546875 0.6357421875 0.970703125 0.61865234375 0.9722493484375001 0.609375 0.7216936390625001 0.609375 0.724609375 0.61865234375 0.73486328125 0.64013671875
13 1 0.700322690625 0.982421875 0.697265625 0.927734375 0.69677734375 0.841796875 0.69189453125 0.81884765625 0.6884765625 0.81298828125 0.69580078125 0.8037109375 0.72802734375 0.79443359375 0.78857421875 0.79345703125 0.87841796875 0.798828125 0.92724609375 0.8046875 0.943359375 0.80908203125 0.94580078125 0.8173828125 0.9443359375 0.830078125 0.935546875 0.8427734375 0.931640625 0.85986328125 0.9306640625 0.88232421875 0.92578125 0.9951171875 0.90966796875 1 0.9075753343749999 1 0.700322690625