16 0 0 0 0.17743277500000001 0.007370903125 0.17999002656250002 0.023243918750000002 0.1829662171875 0.125922490625 0.193382884375 0.191150665625 0.197103121875 0.2370336015625 0.1973511375 0.247202253125 0.1946229640625 0.2556347921875 0.1973511375 0.2650593953125 0.197599153125 0.27398796718749996 0.19239082031250002 0.27746018906250003 0.1918947890625 0.29184510937499997 0.1958630421875 0.3057339984375 0.19511899531250002 0.3111903484375 0.1958630421875 0.3330157453125 0.2047916140625 0.35136891875 0.209007884375 0.372202253125 0.209007884375 0.39898796718749996 0.20751978906250002 0.5274601890625 0.1896626453125 0.559375 0.1836636203125 0.559375 0 0 0
16 0 0.4 0.559375 0.4 0.559375 0.1822587765625 0.5281498015625 0.18836805625 0.3984375 0.2067212296875 0.3753720234375 0.20845734062500001 0.35106646874999997 0.2087053578125 0.3401537703125 0.2067212296875 0.3252728171875 0.20126488125000003 0.3151041671875 0.19630456406250002 0.3064236109375 0.19456845312499998 0.30121527812500004 0.19481646875 0.2841021828125 0.20027281718749998 0.2662450390625 0.20349702343749998 0.230034721875 0.2030009921875 0.217137896875 0.20200892812500001 0.19853670625 0.198040675 0.18563988125 0.1965525796875 0.129836309375 0.1933283734375 0.025917659375000002 0.182663690625 0.0159970234375 0.1809275796875 0 0.1755231796875 0 0.4
15 0.6697656109375 0 0.6798400828125 0.0939411796875 0.7046849421875 0.33432326875 0.705975584375 0.33625923125 0.7111381531250001 0.338840515625 0.7169460421875 0.338840515625 0.721463290625 0.3346459296875 0.7201726484375001 0.32657941562500004 0.7163007218749999 0.286892171875 0.699522375 0.11781805781250002 0.6879065093750001 0 0.6697656109375 0
15 0.727698196875 0 0.7369509953125 0.11652741562499999 0.7585692500000001 0.37917308125 0.7627638375 0.3801410625 0.7727663125 0.38110904375 0.77792888125 0.3769144578125 0.768249065625 0.25623942187500004 0.7559879656249999 0.0949091609375 0.7480069687500001 0 0.727698196875 0
3 0 0.462570834375 0.006348017187500001 0.4680119921875 0.032178275 0.479082103125 0.03402329375 0.5270525828125 0.0764587171875 0.5676429890625 0.2148351015625 0.5750230625 0.246200415625 0.5621079328125 0.2720306734375 0.5621079328125 0.320001153125 0.5418127312500001 0.395646909375 0.482772140625 0.5432483859375 0.41819649375 0.5459112875 0.4 0.07383725468749999 0.4 0.0635435890625 0.407126384375 0.07276868125 0.45694188125 0.054318496875 0.45140682656250003 0.032178275 0.46247693749999996 0 0.4410247546875 0 0.462570834375
3 0.559375 1 0.559375 0.7866192921875 0.4509974625 0.7595249078124999 0.401181965625 0.7576798890625 0.34398639375 0.7761300734375001 0.2886358390625 0.7724400375 0.2904808578125 0.8185654984375 0.356901521875 0.8757610703125 0.3735066875 0.903436346875 0.40487200156250003 0.9329566421875001 0.4860528140625 0.9698570109375 0.49527790625 0.984617159375 0.511883071875 0.9919972328125001 0.519885840625 1 0.559375 1
3 0.40500269062500005 1 0.41409709375 0.9883071953125 0.4473074265625 0.9919972328125001 0.49158786875000005 0.980927121875 0.4878978328125 0.9717020296875001 0.40302698281250005 0.9311116234375 0.358746540625 0.88314114375 0.316311115625 0.8905212171875 0.30155096875 0.9052813656250001 0.28679082031249997 0.9071263843749999 0.1391893453125 0.87945110625 0.1373443265625 0.8499308125 0.12627421562500002 0.8314806265625 0.056163514062499996 0.783510146875 0.0450934046875 0.713399446875 0.010038053125 0.7244695578125 0 0.7144315046874999 0 0.8426072421875 0.010038053125 0.864690959375 0.046938421875000004 0.9108164203125 0.1059790125 0.9514068265625 0.2753188578125 1 0.40500269062500005 1
3 0.1354993078125 0.8812961250000001 0.2259052125 0.9071263843749999 0.2923258765625 0.9163514765624999 0.318156134375 0.9366466796875 0.3495214484375 0.9329566421875001 0.37535170625 0.938491696875 0.3827317796875 0.92373155 0.377196725 0.9052813656250001 0.35505650312500003 0.8702260140625 0.2904808578125 0.8130304421875 0.2904808578125 0.7779750921875 0.3495214484375 0.7779750921875 0.40856203906250005 0.7595249078124999 0.46760262968750005 0.7613699265625 0.5008129609374999 0.744764759375 0.508193034375 0.7373846859375 0.5063480171875 0.72815959375 0.46760262968750005 0.674654059375 0.45284248125 0.6672739859375 0.395646909375 0.6875691875000001 0.377196725 0.7060193734375 0.356901521875 0.707864390625 0.3273812265625 0.7300046124999999 0.277565728125 0.744764759375 0.2535804890625 0.7429197421875 0.209300046875 0.6949492625 0.1834697875 0.6801891140625 0.1576395296875 0.7170894828125001 0.1447244 0.752144834375 0.1354993078125 0.8812961250000001
3 0.4842077953125 0.5086023984375 0.41594211249999996 0.5657979703125 0.3716616703125 0.61376845 0.3144660984375 0.6488238 0.2757207109375 0.65066881875 0.2646506 0.6119234312499999 0.26280558125 0.5657979703125 0.2351303046875 0.5694880078125 0.2166801203125 0.5842481546875 0.207455028125 0.6248385609375 0.1742446953125 0.6451337640625 0.18900484374999998 0.6838791515625 0.246200415625 0.7410747234375 0.2720306734375 0.748454796875 0.32553620781250003 0.73184963125 0.35505650312500003 0.707864390625 0.37904174375 0.7041743546875 0.397491928125 0.6857241703125 0.46760262968750005 0.65804889375 0.5561635140625001 0.6395987078125 0.559375 0.6353167265625 0.559375 0.4855125703125 0.5450934046875 0.501222325 0.4842077953125 0.5086023984375
3 0.2652732921875 1 0.25911554375 0.9938422515625 0.203764990625 0.9753920671874999 0.10413399375000001 0.9532518453125001 0.0838387921875 0.9624769375 0.0819937734375 0.9883071953125 0.0875324703125 1 0.2652732921875 1
19 0.6084427515625 0.74160976875 0.6487788859375 0.68782825625 0.6975183828125 0.659256828125 0.7109637609374999 0.6037946421875 0.7025603984375001 0.538248425 0.6723082984375 0.501273634375 0.6353335078125 0.48278623906250007 0.58323266875 0.4794248953125 0.559375 0.48368519374999996 0.559375 0.7404157375 0.569787290625 0.7449711140625 0.6084427515625 0.74160976875
19 0.64735505 0.43430364218750006 0.6271869828125001 0.4729591046875 0.6305483265625 0.48640448281250004 0.6624811 0.4981691890625 0.699455890625 0.5401859953125 0.7078592515625 0.5805221296874999 0.702817234375 0.654471709375 0.7213046296875001 0.651110365625 0.7280273187499999 0.6225389375 0.75827941875 0.5754801140625 0.872565134375 0.5183372562499999 0.860800428125 0.47800112187500005 0.810380259375 0.424219609375 0.771628884375 0.4 0.6914200390625 0.4 0.672565134375 0.41077423125 0.64735505 0.43430364218750006
19 0.9916360296875 0.6561523828125 0.969787290625 0.5788414578125 0.9479385499999999 0.5502700296875 0.9294511546875001 0.5385053234375 0.8991990546874999 0.5233792734375 0.8706276265625 0.5216986015625 0.8168461140625001 0.5385053234375 0.75970325625 0.57211876875 0.731131828125 0.6141355749999999 0.7260898109375 0.651110365625 0.8168461140625001 0.6611943984375 0.8571822484375 0.6981691890625 0.8790309875 0.7401859953125001 0.9328125 0.7250599453125 0.9798713234375 0.7216986015625 0.9882746843750001 0.701530534375 0.9916360296875 0.6561523828125
19 0.8591191140625 0.7653953734375001 0.8792871812499999 0.74522730625 0.8641611296875 0.7032105 0.8204636515624999 0.66119369375 0.7952535671875001 0.651109659375 0.7666821390624999 0.6494289875 0.6759258359375 0.666235709375 0.6238249953125 0.7099331890625 0.6070182734375 0.7418659625 0.603656928125 0.7922861296875 0.6137409625 0.8158155421875 0.6624804578125 0.874639071875 0.7263460046875 0.9099331890625001 0.7818081890624999 0.9082525171875 0.8271863406250001 0.8813617609375 0.838951046875 0.8023701640625 0.8591191140625 0.7653953734375001
19 0.7154083499999999 1 0.7815519953125001 0.9735425421875 0.8017200624999999 0.9550551468749999 0.8269301468749999 0.9079963234375 0.8269301468749999 0.8794248953125001 0.7630646015625 0.9063156515624999 0.7160057765625 0.9063156515624999 0.6756696421874999 0.8844669125 0.6353335078125 0.847492121875 0.6034007359375 0.7869879203125 0.5933167015625 0.7903492640625001 0.5798713234374999 0.81892069375 0.5798713234374999 0.8340467437499999 0.59835871875 0.8642988453125 0.59835871875 0.901273634375 0.5865940125 0.9584164921875 0.6168461140625 0.9886685921874999 0.646307771875 1 0.7154083499999999 1
19 1 0.7275182140625 0.931131828125 0.7231223734375 0.877350315625 0.739929096875 0.8571822484375 0.7617778359375 0.8302914921875001 0.81892069375 0.8302914921875001 0.87270220625 0.8571822484375 0.9130383406249999 0.9126444328125001 0.96513918125 0.9378545171875 0.9752232140625001 0.9865940125 0.9735425421875 1 0.9673551640625 1 0.7275182140625
19 1 0.4 0.899593453125 0.4 0.8924763656250001 0.412454903125 0.8924763656250001 0.46623641562499996 0.9092830875000001 0.504891878125 0.9529805671875 0.5469086843750001 1 0.571176778125 1 0.4