15 0.4617941765625 0 0.62195848125 0.509375 0.6510378109375 0.509375 0.48212589375 0 0.4617941765625 0
15 0.6563442796875 0 0.6293055390625 0.509375 0.6520862015625 0.509375 0.6798072890625 0 0.6563442796875 0
15 0.6090136218750001 0 0.6034072937499999 0.509375 0.6234684515625 0.509375 0.6266720671874999 0 0.6090136218750001 0
15 0.58923649375 0 0.57901755 0.509375 0.6017300640625 0.509375 0.6103768625 0 0.58923649375 0
15 0.5756956515625 0.509375 0.578710025 0.00145308125 0.5613489140625 0.0002130015625 0.551513690625 0.509375 0.5756956515625 0.509375
15 0.5124364953125 0 0.5098638953125001 0.509375 0.5367874796875001 0.509375 0.5324998109375001 0 0.5124364953125 0
15 0.4892783890625 0 0.49100801718750003 0.509375 0.5096864390625 0.509375 0.5078704843749999 0 0.4892783890625 0
15 0.47078356875000005 0 0.464125071875 0.509375 0.48778743124999996 0.509375 0.494456825 0 0.47078356875000005 0
15 0.4419258734375 0 0.42639614843749996 0.509375 0.44766333906250005 0.509375 0.459436259375 0 0.4419258734375 0
15 0.4189415109375 0 0.39793635625 0.509375 0.42123092656249994 0.509375 0.43523436406249993 0 0.4189415109375 0
15 0.4011732375 0 0.3709214328125 0.509375 0.3957066890625 0.509375 0.42031417656250003 0 0.4011732375 0
15 0.382002475 0 0.3604679234375 0.509375 0.3694084421875 0.509375 0.40227134531250003 0 0.382002475 0
15 0.368775996875 0 0.3319537078125 0.509375 0.35712448124999996 0.509375 0.3835169671875 0 0.368775996875 0
15 0.24219219375 0.509375 0.305214465625 1 0.3296875 1 0.3296875 0.7587188515625 0.30240472343749997 0.509375 0.24219219375 0.509375
12 0.6071325953125 0.509375 0.6025862078124999 0.521309265625 0.5980603453125 0.5297144406250001 0.5967672421875 0.5376885765624999 0.5993534484375 0.6907058187499999 0.602155171875 0.7613954734374999 0.6051724140625 0.7693696109375 0.613793103125 0.7754040953125 0.6297413796875 0.7792834046875 0.64116379375 0.77992995625 0.649480071875 0.78125 0.6743668953124999 0.78125 0.6851293109375 0.780792025 0.7043103453125 0.7777747828124999 0.7379310343750001 0.7741109921875 0.7489224140624999 0.7704471984375 0.7573275859375 0.766136853125 0.7609375 0.7619252890625 0.7609375 0.69919339375 0.7579741375 0.6284213375000001 0.75366379375 0.571309265625 0.7528017250000001 0.54587823125 0.75086206875 0.533809265625 0.74741379375 0.52195581875 0.7407777578125 0.509375 0.6071325953125 0.509375