0 0.384375 0.0375 0.3734375 0.0421875 0.3796875 0.059375 0.375 0.1578125 0.3171875 0.36875 0.30996206718749997 0.4 0.41875 0.4 0.41875 0.0383384140625 0.384375 0.0375
0 0.38148841875 0.12367591874999999 0.37836341875 0.07992591875 0.38617591875 0.05805091875 0.37211341875000004 0.047113418750000004 0.33617591875 0.03773841875 0.11586341874999999 0.01898841875 0.07211341875 0.02836341875 0.07211341875 0.05336341875 0.06117591875 0.08461341875 0.043799246874999996 0.4 0.31383187343749996 0.4 0.36898841875 0.18305091874999999 0.38148841875 0.12367591874999999
7 0.75625 0.3390625 0.809375 0.353125 0.8265625 0.35 0.8421875 0.3328125 0.8421875 0.29375 0.85 0.2828125 0.834375 0.2578125 0.8046875 0.2640625 0.8046875 0.271875 0.79375 0.275 0.784375 0.2890625 0.765625 0.290625 0.7390625 0.2765625 0.7265625 0.2921875 0.709375 0.29375 0.6296875 0.2671875 0.6203125 0.259375 0.609375 0.2296875 0.575 0.2296875 0.5625 0.2375 0.5609375 0.2609375 0.5421875 0.2875 0.55 0.3109375 0.5625 0.321875 0.6 0.325 0.6046875 0.315625 0.6296875 0.3171875 0.6625 0.3234375 0.671875 0.3359375 0.75625 0.3390625
7 0.4875 0.025 0.4828125 0.0625 0.49375 0.121875 0.4953125 0.1796875 0.4671875 0.2609375 0.4921875 0.28125 0.5140625 0.28125 0.546875 0.2703125 0.553125 0.228125 0.5296875 0.159375 0.5125 0.053125 0.4875 0.025
7 1 0.2296875 0.9953125 0.2296875 0.859375 0.2375 0.803125 0.2546875 0.7953125 0.2765625 0.8515625 0.290625 0.8703125 0.28125 0.8921875 0.28125 0.9125 0.2703125 0.965625 0.271875 1 0.2770833328125 1 0.2296875
7 1 0.1592218140625 0.9546875 0.1734375 0.8171875 0.203125 0.7546875 0.2 0.721875 0.1921875 0.6984375 0.1953125 0.6828125 0.2015625 0.675 0.2140625 0.678125 0.2578125 0.696875 0.2671875 0.7453125 0.2625 0.7390625 0.2671875 0.7421875 0.2796875 0.759375 0.2890625 0.784375 0.290625 0.7921875 0.2796875 0.7875 0.25625 0.7921875 0.253125 0.8265625 0.25 0.9375 0.2171875 0.9890625 0.2140625 1 0.2160511359375 1 0.1592218140625
7 0.5703125 0.1578125 0.5625 0.1546875 0.534375 0.16875 0.540625 0.2078125 0.5515625 0.2296875 0.56875 0.2296875 0.59375 0.2171875 0.6765625 0.234375 0.6765625 0.2109375 0.684375 0.196875 0.659375 0.1828125 0.578125 0.1734375 0.5703125 0.1578125
7 0.675132978125 0 0.609375 0.071875 0.5484375 0.10625 0.5421875 0.1375 0.5484375 0.1453125 0.6015625 0.15 0.6125 0.1453125 0.6125 0.13125 0.621875 0.1140625 0.6625 0.0609375 0.7109375 0.0171875 0.746875 0.003125 0.75 0 0.675132978125 0
7 0.9000625 0 0.8984375 0.0203125 0.9296875 0.1 0.9390625 0.15625 0.9578125 0.16875 0.990625 0.1578125 1 0.14161931875 1 0 0.9000625 0
7 0.7588169640625 0 0.7515625 0.0078125 0.66875 0.06875 0.66875 0.0796875 0.6828125 0.0875 0.703125 0.128125 0.6859375 0.1328125 0.6625 0.1578125 0.6203125 0.1265625 0.6140625 0.1359375 0.6140625 0.159375 0.625 0.18125 0.6578125 0.1796875 0.68125 0.196875 0.7265625 0.190625 0.7546875 0.1984375 0.7875 0.1984375 0.8 0.1890625 0.8265625 0.13125 0.8390625 0.071875 0.85 0.0671875 0.8515625 0.0828125 0.8640625 0.0828125 0.878125 0.00625 0.8822916671875 0 0.7588169640625 0
7 0.468209134375 0 0.4828125 0.0140625 0.5 0.0453125 0.5453125 0.078125 0.55625 0.1 0.584375 0.0921875 0.6234375 0.0578125 0.6328125 0.0296875 0.659375 0.01875 0.676625 0 0.468209134375 0
5 0.16180805781250002 1 0.163045634375 0.994494046875 0.1734623015625 0.93447420625 0.18115079375 0.871478175 0.181646825 0.81220238125 0.1761904765625 0.75615079375 0.17569444375 0.7422619046875 0.177678571875 0.7365575390625 0.1806547625 0.7335813484375 0.181894840625 0.730853175 0.177678571875 0.72490079375 0.168501984375 0.7080357140625 0.15262896875 0.66612103125 0.1429563484375 0.6452876984375 0.140476190625 0.640575396875 0.130803571875 0.6284226187499999 0.1241071421875 0.6043650796875 0.11493055625 0.5768353171875 0.105505953125 0.5540178578125 0.10128968281249999 0.540376984375 0.0943452375 0.52822420625 0.075 0.50987103125 0.059623015625 0.5001984125 0.0521825390625 0.49697420625 0.036805556249999996 0.49375 0.0244047625 0.48829365156250004 0.005803571875 0.483829365625 0 0.48323994062500003 0 1 0.16180805781250002 1