19 0.251953125 0.14922425156250002 0.25 0.17266175156250002 0.25146484375 0.19951722031250002 0.2568359375 0.21270081406250002 0.26416015625 0.22393128281250002 0.28173828125 0.23809143906250002 0.2978515625 0.23906800156250002 0.30615234375 0.24199768906250002 0.318359375 0.2537164390625 0.3232421875 0.2561578453125 0.330078125 0.2644586265625 0.349609375 0.2756890953125 0.38232421875 0.2791070640625 0.4072265625 0.2776422203125 0.416015625 0.2756890953125 0.4345703125 0.2654351890625 0.44775390625 0.2512750328125 0.4619140625 0.22393128281250002 0.4755859375 0.21074768906250002 0.482421875 0.19951722031250002 0.486328125 0.18828675156250002 0.48828125 0.17510315781250002 0.48828125 0.15117737656250002 0.48486328125 0.11748597031250001 0.48095703125 0.10430237656250001 0.4755859375 0.0945367515625 0.447265625 0.0657281578125 0.44091796875 0.0623101890625 0.43505859375 0.0544976890625 0.42578125 0.0510797203125 0.41455078125 0.0505914390625 0.39794921875 0.0515680015625 0.3876953125 0.0549859703125 0.37939453125 0.0642633140625 0.36767578125 0.0715875328125 0.35791015625 0.0735406578125 0.31982421875 0.0745172203125 0.294921875 0.0818414390625 0.28076171875 0.0945367515625 0.27099609375 0.10723206406250001 0.26171875 0.12383362656250001 0.251953125 0.14922425156250002
19 0.49560869687500003 0 0.49443879687500003 0.005180984375 0.48809114062500003 0.020317703125 0.48711457812500003 0.073052078125 0.49004426562500003 0.083794265625 0.511040359375 0.110649734375 0.525688796875 0.125298171875 0.538384109375 0.133598953125 0.542778640625 0.146294265625 0.544243484375 0.162407546875 0.546684890625 0.166313796875 0.556938796875 0.174126296875 0.565727859375 0.176567703125 0.592583328125 0.175102859375 0.605278640625 0.169243484375 0.609375 0.168033196875 0.609375 0 0.49560869687500003 0
2 0.609375 0 0.609375 0.309375 0.8971971578125 0.309375 0.9101870640625 0.27276708437499997 0.9171074796875001 0.2277843859375 0.9188375828125 0.1326286765625 0.9032666484374999 0.065154628125 0.8721247796875 0.0028708906249999997 0.869523034375 0 0.609375 0
13 0 0.749084559375 0.018 0.7554375 0.086 0.7534375 0.13 0.7014375 0.182 0.6614375 0.194 0.6014375000000001 0.21200000000000002 0.5734375 0.21200000000000002 0.5534375 0.188 0.5214375 0.13999999999999999 0.5014375 0.022 0.49343750000000003 0 0.49915750000000003 0 0.749084559375
13 0.364 0.8734375 0.4 0.8074375 0.40599999999999997 0.7294375 0.388 0.6914374999999999 0.33199999999999996 0.6494375 0.296 0.6394375 0.256 0.6394375 0.21200000000000002 0.6494375 0.15 0.6794374999999999 0.10800000000000001 0.7194375 0.074 0.7814375 0.066 0.8434375 0.074 0.8834375 0.096 0.9214375 0.136 0.9494374999999999 0.21200000000000002 0.9594374999999999 0.296 0.9314375 0.364 0.8734375
13 0.364 0.6734375 0.39 0.6994374999999999 0.40199999999999997 0.7294375 0.404 0.7794375 0.386 0.8334374999999999 0.458 0.8374375000000001 0.49400000000000005 0.8294375 0.526 0.8114375 0.55 0.7814375 0.576 0.6814375 0.596 0.6574375 0.596 0.6254375 0.5740000000000001 0.5974375000000001 0.518 0.5714375 0.45199999999999996 0.5594375 0.392 0.5594375 0.31 0.5774375 0.264 0.6134375000000001 0.258 0.6594375 0.27799999999999997 0.6754374999999999 0.302 0.7794375 0.35 0.8234375 0.366 0.8194375 0.38 0.7834375 0.384 0.7414375 0.38 0.7014375 0.364 0.6734375
13 0.534 0.46343750000000006 0.52 0.48343749999999996 0.52 0.5094375 0.534 0.5334375 0.536 0.5794374999999999 0.5599999999999999 0.5934375000000001 0.542 0.5974375000000001 0.5559999999999999 0.6834374999999999 0.5940000000000001 0.7094375 0.609375 0.7142927625 0.609375 0.438964015625 0.5599999999999999 0.4494375 0.534 0.46343750000000006
7 1 0.4625 0.990625 0.4578125 0.975 0.4765625 0.9546875 0.521875 0.95625 0.5453125 0.946875 0.55 0.953125 0.571875 0.978125 0.58125 0.9796875 0.5875 0.9703125 0.590625 0.934375 0.63125 0.934375 0.665625 0.9390625 0.6703125 0.971875 0.68125 1 0.6570043109375 1 0.4625
7 0.7663862171875 1 0.7677083328125 0.9942708328125001 0.8020833328125001 0.9776041671875 0.8354166671875 0.9401041671874999 0.81875 0.9369791671875 0.84375 0.9192708328125001 0.8739583328125 0.9182291671874999 0.8645833328125001 0.8921875 0.8645833328125001 0.8661458328125 0.8760416671875 0.8494791671874999 0.865625 0.8307291671874999 0.8510416671875 0.8265625 0.8291666671875 0.8067708328125001 0.80625 0.7963541671875001 0.79375 0.7682291671875 0.7635416671875 0.7682291671875 0.7645833328125 0.7546875 0.721875 0.7630208328125 0.690625 0.8026041671874999 0.6854166671875 0.8390625 0.66875 0.8755208328125 0.6375 0.8890625 0.646875 0.9130208328125 0.6614583328125 0.9359375 0.6822916671875 0.9609375 0.7020833328125 0.9869791671874999 0.7097162359375 1 0.7663862171875 1
7 1 0.6573851484375 0.9708333328125001 0.6828125 0.93125 0.6651041671875 0.909375 0.6901041671875 0.8875 0.7015625 0.8729166671874999 0.7182291671875001 0.884375 0.7296875 0.871875 0.7453125 0.8416666671874999 0.7546875 0.8260416671874999 0.7619791671875 0.8010416671874999 0.7776041671875 0.8104166671874999 0.7994791671875 0.8375 0.8098958328125001 0.8572916671874999 0.8307291671874999 0.875 0.8401041671874999 0.8885416671874999 0.8213541671875 0.9177083328125001 0.8036458328125 0.9489583328125001 0.7807291671875001 0.9729166671874999 0.7744791671875 1 0.781016521875 1 0.704286859375 0.98125 0.7057291671875 0.9770833328125 0.7005208328125 0.9833333328125 0.6869791671875001 1 0.6790081515625 1 0.6573851484375
7 0.8708333328125001 0.7161458328125 0.8822916671875 0.7046875 0.90625 0.6911458328125 0.9270833328125001 0.6671875 0.9197916671874999 0.6546875 0.8916666671875 0.6442708328125 0.8552083328125001 0.6380208328125 0.8260416671874999 0.6692708328125 0.7854166671875 0.6880208328124999 0.7520833328125 0.7057291671875 0.728125 0.7192708328124999 0.7229166671875 0.7380208328125 0.7197916671875 0.7536458328125 0.6885416671875 0.7598958328125 0.6625 0.7723958328125 0.6697916671875 0.7921875 0.6614583328125 0.8078125 0.6708333328125 0.8192708328125 0.68125 0.8098958328125001 0.6875 0.8223958328125001 0.6989583328125 0.7880208328125 0.725 0.7609375 0.7625 0.7588541671875 0.7666666671875 0.7661458328124999 0.79375 0.7640625 0.7979166671875 0.7796875 0.8229166671874999 0.7598958328125 0.85 0.7515625 0.8708333328125001 0.7432291671875 0.8864583328125001 0.7286458328125 0.8708333328125001 0.7161458328125
7 0.9838324640625 1 0.9989583328125 0.9786458328125001 0.99375 0.9369791671875 0.990625 0.8984375 0.9885416671874999 0.9015625 0.9875 0.9057291671875 0.9614583328125 0.8963541671874999 0.9364583328125 0.9255208328125001 0.89375 0.9244791671874999 0.8625 0.9171875 0.8416666671874999 0.9213541671875 0.821875 0.9348958328125001 0.8729166671874999 0.9411458328125001 0.8875 0.9838541671875 0.8703450515625001 1 0.9838324640625 1
7 0.93125 0.5473958328124999 0.9166666671874999 0.5963541671875 0.9 0.5880208328125 0.875 0.5911458328125 0.8708333328125001 0.6223958328125 0.8708333328125001 0.6338541671875 0.89375 0.6442708328125 0.915625 0.6505208328125 0.9302083328125 0.6619791671875 0.9375 0.6286458328125 0.9572916671874999 0.6119791671875 0.9645833328125001 0.5963541671875 0.978125 0.5973958328125 0.9958333328125001 0.5786458328124999 0.9541666671875 0.5723958328125 0.946875 0.5536458328125 0.93125 0.5473958328124999
7 0.840625 0.6161458328125 0.8270833328125 0.6265625 0.803125 0.6234375 0.7697916671875 0.6526041671875 0.725 0.6630208328125 0.7177083328125 0.6744791671875 0.740625 0.7036458328124999 0.78125 0.6901041671875 0.8177083328125001 0.6744791671875 0.8354166671875 0.6557291671875001 0.8645833328125001 0.6338541671875 0.840625 0.6161458328125
7 0.6510416671875 0.8765625 0.6625 0.8796875 0.6729166671875 0.8661458328125 0.684375 0.8401041671874999 0.684375 0.8130208328125 0.6739583328125 0.8213541671875 0.6635416671875001 0.8078125 0.6708333328125 0.7973958328124999 0.665625 0.7713541671875 0.7166666671875 0.7557291671875 0.728125 0.7192708328124999 0.75 0.7078125 0.721875 0.6786458328125 0.7010416671875 0.6744791671875 0.675 0.6557291671875001 0.6489583328124999 0.6651041671875 0.6322916671875001 0.6536458328125 0.6239583328125 0.6578125 0.609375 0.64225694375 0.609375 0.8492277296875 0.6375 0.8598958328125 0.6510416671875 0.8765625
7 0.7729166671875001 0.6546875 0.7520833328125 0.6578125 0.734375 0.6609375 0.715625 0.6723958328124999 0.71875 0.6713541671875001 0.7177083328125 0.6755208328125 0.7395833328125 0.6984375 0.75 0.7067708328125 0.7802083328125 0.6890625 0.8083333328125001 0.6786458328125 0.821875 0.6640625 0.8552083328125001 0.6453125 0.8645833328125001 0.6348958328125 0.8416666671874999 0.6255208328124999 0.828125 0.6286458328125 0.815625 0.6234375 0.7916666671875 0.6369791671875 0.7729166671875001 0.6546875