5 0.145128521875 0 0.14503634062499998 0.01318204375 0.1465244359375 0.027814978125 0.1470204671875 0.048648314062499996 0.14950062656250002 0.071465771875 0.157437134375 0.1046999015625 0.16735776875 0.13892609218750002 0.180006578125 0.17488839375 0.2067922921875 0.2421006953125 0.2154728484375 0.2607018859375 0.2650760234375 0.3534598203125 0.27450062656249996 0.36883680625 0.2787168953125 0.37404513906250003 0.282933165625 0.3819816453125 0.2918617375 0.3938864078125 0.304510546875 0.40703125 0.321054665625 0.41875 0.46875 0.41875 0.46875 0.036094309375 0.4657208640625 0.031287203125 0.4500958640625 0.012437996875 0.43685909843750004 0 0.145128521875 0
16 0.46875 0 0.46875 0.41875 0.8908638515625 0.41875 0.9005580359375 0.40760168593749996 0.9070064484374999 0.39569692343749996 0.9089905765624999 0.384040178125 0.909375 0.352517425 0.909375 0.340561428125 0.9075024812500001 0.293514384375 0.9070064484374999 0.24564732031249997 0.9075024812500001 0.1013020828125 0.9087425578125 0.0583953359375 0.907984178125 0 0.46875 0
15 0.46875 0.4998350921875 0.2453125 0.8175997687500001 0.2453125 0.818030753125 0.2691881625 0.8359375 0.2702891625 0.8359375 0.46875 0.5460028 0.46875 0.4998350921875
15 0.311607671875 0.41875 0.2453125 0.9137037234375001 0.2453125 0.9138908734375001 0.26698907968749996 0.915625 0.2763780734375 0.915625 0.335405328125 0.41875 0.311607671875 0.41875
15 0.2459799296875 0.41875 0.0764384921875 0.8497271828125001 0.10248015937499999 0.8571676593750001 0.27171958906250004 0.41875 0.2459799296875 0.41875
15 0.2818245109375 0.41875 0.2029405828125 1 0.224950396875 1 0.24012896874999998 0.988616071875 0.30966619687499997 0.41875 0.2818245109375 0.41875
15 0.2991811953125 0.41875 0.35421627031249997 0.982415675 0.3889384921875 0.97373511875 0.32601104531249997 0.41875 0.2991811953125 0.41875
19 0.46875 0.8617901140625002 0.4740234375 0.869091796875 0.4837890625 0.868115234375 0.49306640625 0.874951171875 0.51064453125 0.881787109375 0.527307128125 0.8828125 0.5441720140624999 0.8828125 0.55556640625 0.876904296875 0.5619140625 0.869580078125 0.57314453125 0.862744140625 0.575 0.8605175781250001 0.575 0.85521573125 0.56435546875 0.832958984375 0.55849609375 0.826123046875 0.54921875 0.819775390625 0.54873046875 0.797314453125 0.5453125 0.788037109375 0.5345703125 0.780712890625 0.53115234375 0.773876953125 0.5111328125 0.771923828125 0.49697265625 0.773876953125 0.4916015625 0.778271484375 0.47158203125 0.787060546875 0.46875 0.792724609375 0.46875 0.8617901140625002
19 0.62470703125 0.66806640625 0.626171875 0.66513671875 0.630078125 0.6666015625 0.6408203125 0.687109375 0.637890625 0.69296875 0.653515625 0.70859375 0.6583984375 0.7095703125 0.6837890625 0.7076171875 0.708203125 0.69931640625 0.71943359375 0.68759765625 0.7267578125 0.67001953125 0.7365234375 0.6626953125 0.72431640625 0.63876953125 0.71650390625 0.632421875 0.70087890625 0.62802734375 0.69013671875 0.62265625 0.67548828125 0.6119140625 0.6720703125 0.6060546875 0.66376953125 0.60458984375 0.659375 0.60654296875 0.6427734375 0.60703125 0.62958984375 0.6041015625 0.62421875 0.597265625 0.61494140625 0.60458984375 0.61005859375 0.612890625 0.60810546875 0.624609375 0.60908203125 0.64560546875 0.610546875 0.6490234375 0.61591796875 0.6490234375 0.6310546875 0.6431640625 0.630078125 0.64755859375 0.61640625 0.6509765625 0.6115234375 0.65537109375 0.61640625 0.65927734375 0.62177734375 0.667578125 0.62470703125 0.66806640625
19 0.46875 0.778671875 0.469921875 0.7759765625 0.4865234375 0.7662109375 0.4875 0.757421875 0.49775390625 0.75009765625 0.50068359375 0.74521484375 0.52265625 0.73837890625 0.53095703125 0.73251953125 0.536328125 0.72568359375 0.536328125 0.702734375 0.53876953125 0.696875 0.5265625 0.67392578125 0.49775390625 0.66123046875 0.47724609375 0.66025390625 0.4689453125 0.663671875 0.46875 0.6638437500000001 0.46875 0.778671875
19 0.74581640625 1 0.74970703125 0.97568359375 0.74873046875 0.95810546875 0.74140625 0.94150390625 0.73212890625 0.93466796875 0.71357421875 0.92685546875 0.6984375 0.90927734375 0.684765625 0.9068359375 0.67548828125 0.91171875 0.65888671875 0.933203125 0.64912109375 0.94931640625 0.6466796875 0.96103515625 0.6486328125 0.987890625 0.645703125 0.99765625 0.6455078125 1 0.74581640625 1
19 0.46875 0.65207625625 0.47529296875 0.6529296875 0.47724609375 0.6548828125 0.4865234375 0.65341796875 0.48701171875 0.64755859375 0.4962890625 0.64560546875 0.50556640625 0.62705078125 0.52705078125 0.6021484375 0.53193359375 0.5904296875 0.5333984375 0.5806640625 0.53876953125 0.5806640625 0.53291015625 0.56552734375 0.52412109375 0.5533203125 0.52412109375 0.54453125 0.52216796875 0.54111328125 0.508984375 0.5357421875 0.505078125 0.5318359375 0.4826171875 0.52939453125 0.46875 0.5326962421875 0.46875 0.65207625625
19 0.46875 1 0.49202649843749996 1 0.49921875 0.98935546875 0.508984375 0.9849609375 0.52021484375 0.9830078125 0.5236328125 0.97666015625 0.52119140625 0.97275390625 0.52314453125 0.9673828125 0.52216796875 0.95517578125 0.51142578125 0.93857421875 0.50654296875 0.92685546875 0.50556640625 0.90341796875 0.50703125 0.8931640625 0.501171875 0.88974609375 0.49287109375 0.88828125 0.47919921875 0.88974609375 0.46875 0.8931350296874999 0.46875 1
19 0.673046875 0.82626953125 0.676953125 0.82431640625 0.684765625 0.81015625 0.69404296875 0.80087890625 0.70478515625 0.79501953125 0.71015625 0.78720703125 0.7130859375 0.759375 0.70673828125 0.74912109375 0.70673828125 0.7330078125 0.70185546875 0.72373046875 0.70966796875 0.718359375 0.7130859375 0.71884765625 0.7130859375 0.730078125 0.7287109375 0.7427734375 0.731640625 0.74228515625 0.73994140625 0.73056640625 0.73896484375 0.72421875 0.731640625 0.71396484375 0.71943359375 0.70712890625 0.712109375 0.7056640625 0.69990234375 0.7115234375 0.6544921875 0.7134765625 0.64423828125 0.71591796875 0.62666015625 0.72763671875 0.61787109375 0.74228515625 0.61787109375 0.7603515625 0.622265625 0.77255859375 0.637890625 0.790625 0.65595703125 0.79599609375 0.66474609375 0.80087890625 0.6662109375 0.80625 0.6740234375 0.8140625 0.673046875 0.82626953125
19 0.5041015625 0.41875 0.49775390625 0.4263671875 0.4962890625 0.43857421875 0.516796875 0.45908203125 0.524609375 0.4830078125 0.536328125 0.4888671875 0.5509765625 0.48984375 0.563671875 0.48740234375 0.57099609375 0.4771484375 0.57783203125 0.4830078125 0.58759765625 0.48056640625 0.59736328125 0.48349609375 0.598828125 0.48154296875 0.5939453125 0.4673828125 0.5939453125 0.45859375 0.59833984375 0.44931640625 0.5939453125 0.43564453125 0.5853015984375001 0.41875 0.5041015625 0.41875
19 0.46875 0.5329829546875 0.47822265625 0.5298828125 0.4923828125 0.5123046875 0.49970703125 0.5064453125 0.50849609375 0.503515625 0.52119140625 0.4908203125 0.52265625 0.480078125 0.520703125 0.46787109375 0.51728515625 0.4595703125 0.508984375 0.44931640625 0.4962890625 0.4439453125 0.46875 0.4426935375 0.46875 0.5329829546875
19 0.6938802078125 0.5168619796875 0.6873697921874999 0.47454427031249996 0.6759765625 0.43873697968750003 0.6515625 0.42897135468750003 0.6173828125 0.44361979218750003 0.5994791671875 0.456640625 0.6043619796875 0.48919270781249996 0.6271484375 0.5184895828125 0.6531901046875 0.5510416671875 0.6938802078125 0.5168619796875
19 0.5848307296875 0.9611979171874999 0.6043619796875 0.925390625 0.6141276046875 0.8993489578125 0.5978515625 0.8716796875 0.5750651046875 0.85703125 0.5490234375 0.8814453125 0.5262369796875 0.8847005203125 0.5099609375 0.8798177078125 0.5018229171875 0.9172526046874999 0.5083333328124999 0.9400390625 0.524609375 0.9481770828125 0.5490234375 0.9660807296874999 0.5848307296875 0.9611979171874999
19 0.5034505203124999 0.6275390625 0.4888020828125 0.6552083328125 0.5229817703124999 0.6682291671874999 0.5392578125 0.6877604171874999 0.534375 0.7121744796874999 0.5392578125 0.7382161453125 0.5685546875 0.7268229171874999 0.5945963546875 0.7430989578125 0.6076171875 0.7479817703125 0.6206380203124999 0.7382161453125 0.6287760421875 0.7219401046874999 0.6548177078124999 0.7089192703125 0.6385416671875 0.68125 0.6076171875 0.6486979171874999 0.6059895828124999 0.6177734375 0.6206380203124999 0.5982421875 0.6108723953124999 0.5901041671875 0.5734375 0.5949869796875 0.5376302078124999 0.5754557296875 0.5213541671875 0.6096354171875 0.5034505203124999 0.6275390625
19 0.8029296875 0.6259114578125 0.8078125 0.6080078125 0.7915364578125 0.5884765625 0.7654947921874999 0.5982421875 0.74921875 0.5787109375 0.7345703125 0.5884765625 0.7182942703125 0.5787109375 0.7069010421874999 0.593359375 0.6987630203125 0.62265625 0.7182942703125 0.6307942703125 0.7329427078125 0.6421875 0.7410807296874999 0.6633463546874999 0.7280598953125 0.6747395828125 0.7345703125 0.6877604171874999 0.74921875 0.6991536453125 0.7671223953125 0.6975260421874999 0.8045572921874999 0.6893880203125 0.82734375 0.6747395828125 0.8647786453125 0.6698567703125 0.856640625 0.6584635421874999 0.8305989578125 0.6259114578125 0.8029296875 0.6259114578125
19 0.6173828125 0.7658854171874999 0.622265625 0.7349609375 0.6352864578124999 0.7186848953125 0.6076171875 0.7056640625 0.5750651046875 0.6893880203125 0.5376302078124999 0.6926432296874999 0.5376302078124999 0.7382161453125 0.5360026046875 0.7610026046874999 0.5294921875 0.7772786453125 0.5473958328124999 0.7870442703125 0.5490234375 0.8244791671874999 0.5718098953124999 0.8456380203125 0.5864583328124999 0.8440104171874999 0.6076171875 0.8488932296874999 0.622265625 0.8342447921874999 0.6483072921875 0.8505208328125 0.6597005203124999 0.8326171875 0.6727213546874999 0.827734375 0.6694661453125 0.8065755203125 0.6401692703124999 0.7902994796874999 0.6173828125 0.7658854171874999
19 0.5360026046875 0.5787109375 0.5799479171875 0.593359375 0.6011067703124999 0.58359375 0.6238932296875 0.5998697921875 0.6515625 0.6096354171875 0.6678385421875 0.603125 0.6987630203125 0.6275390625 0.7069010421874999 0.5754557296875 0.6727213546874999 0.5298828125 0.6564453125 0.5526692703125 0.63203125 0.5201171875 0.5962239578124999 0.47779947968750003 0.5799479171875 0.48430989531249996 0.5408854171875 0.4908203125 0.5180989578124999 0.47779947968750003 0.5132161453124999 0.5038411453125 0.47740885468750005 0.525 0.5001953125 0.5380208328125 0.5083333328124999 0.5282552078125 0.5262369796875 0.5429036453125 0.5213541671875 0.5575520828125 0.5360026046875 0.5787109375
19 0.5889302562500001 0.41875 0.5945963546875 0.45501302031249996 0.6434244796875 0.4322265625 0.642631740625 0.41875 0.5889302562500001 0.41875
19 0.6824869796874999 0.827734375 0.6580729171875 0.8326171875 0.6483072921875 0.8537760421874999 0.6238932296875 0.8342447921874999 0.6059895828124999 0.8521484375 0.5734375 0.8423828125 0.5962239578124999 0.8716796875 0.6125 0.8977213546874999 0.5783203125 0.9660807296874999 0.5783203125 0.99375 0.602734375 0.9856119796874999 0.63203125 0.9921223953125 0.6499348953124999 0.9921223953125 0.6466796875 0.9595703125 0.6824869796874999 0.905859375 0.7231770828125 0.9302734375 0.7182942703125 0.8814453125 0.700390625 0.8814453125 0.6743489578125 0.8912109375 0.6759765625 0.8684244796874999 0.7020182296874999 0.8505208328125 0.7166666671874999 0.8440104171874999 0.6824869796874999 0.827734375
19 0.8029296875 0.691015625 0.7541015625 0.6991536453125 0.7264322921874999 0.6763671875 0.700390625 0.7056640625 0.7264322921874999 0.7121744796874999 0.7410807296874999 0.7268229171874999 0.7313151046874999 0.7463541671874999 0.7052734375 0.7203125 0.7069010421874999 0.749609375 0.7117838546874999 0.7951822921874999 0.6824869796874999 0.8114583328125 0.6792317703125 0.8293619796874999 0.7134114578125 0.8440104171874999 0.6792317703125 0.8700520828125 0.6759765625 0.886328125 0.7248046875 0.8830729171874999 0.7248046875 0.93515625 0.7459635421874999 0.93515625 0.7736328125 0.9286458328125 0.8029296875 0.9384114578125 0.7931640625 0.905859375 0.8224609375 0.8895833328125 0.8110677078125 0.8765625 0.8289713546874999 0.8375 0.8387369796874999 0.7968098953125 0.8403645828125 0.7642578125 0.8550130203125 0.7349609375 0.8843098953125 0.710546875 0.8826822921874999 0.68125 0.8615234375 0.6698567703125 0.8208333328125 0.6747395828125 0.8029296875 0.691015625
19 0.6458697921875001 0.41875 0.6450520828124999 0.42897135468750003 0.6792317703125 0.4419921875 0.6922526046874999 0.5070963546875 0.7231770828125 0.5461588546875 0.7508463546874999 0.5184895828125 0.7654947921874999 0.5103515625 0.7524739578125 0.49244791718750003 0.74921875 0.46315104218750003 0.7524739578125 0.44361979218750003 0.7380756578125001 0.41875 0.6824869796874999 0.41875 0.6824869796874999 0.4224609375 0.6694661453125 0.42083333281249996 0.6681119796875 0.41875 0.6458697921875001 0.41875
19 0.7361979171874999 0.5331380203125 0.7280598953125 0.54453125 0.6955078125 0.50546875 0.6759765625 0.5331380203125 0.7069010421874999 0.5803385421875 0.719921875 0.5754557296875 0.7280598953125 0.5901041671875 0.74921875 0.5770833328125 0.7573567703125 0.593359375 0.8013020828125 0.5917317703125 0.78828125 0.554296875 0.7915364578125 0.515234375 0.7671223953125 0.5412760421875 0.7361979171874999 0.5331380203125