19 0 0.19495630625 0.042633928125 0.175 0.1066220234375 0.1764880953125 0.2316220234375 0.1913690484375 0.3134672609375 0.2241071421875 0.26436011875 0.14970238125 0.2226934515625 0.1363095234375 0.3015625 0.072321428125 0.2688244046875 0.072321428125 0.2286458328125 0.0514880953125 0.18251488124999998 0.0514880953125 0.1527529765625 0.0991071421875 0.11703869062500001 0.058928571875 0.0590029765625 0.0693452390625 0.008407739062499999 0.057440476562499995 0 0.060768540625 0 0.19495630625
19 0.429538690625 0.277678571875 0.46525297656250003 0.3 0.497991071875 0.3014880953125 0.5158482140625 0.2955357140625 0.44441964218749996 0.2479166671875 0.4593005953125 0.21964285781249998 0.41019345156250003 0.2077380953125 0.3938244046875 0.1913690484375 0.3447172609375 0.1764880953125 0.29561011875 0.1020833328125 0.2866815484375 0.15714285781249998 0.273288690625 0.1482142859375 0.32090773906250003 0.2241071421875 0.429538690625 0.277678571875
19 0 0.482317709375 0.033705357812499996 0.45029761874999996 0.060491071875 0.4294642859375 0.0828125 0.3625 0.091741071875 0.402678571875 0.1720982140625 0.3163690484375 0.2554315484375 0.2494047609375 0.29858630937499997 0.2241071421875 0.236086309375 0.1928571421875 0.1304315484375 0.18095238125 0.054538690625 0.1764880953125 0 0.199295184375 0 0.482317709375
19 0.4578125 0.31190476093749997 0.4057291671875 0.26279761874999996 0.3015625 0.2166666671875 0.2093005953125 0.2851190484375 0.1572172609375 0.3357142859375 0.1215029765625 0.3729166671875 0.1095982140625 0.4056547609375 0.12001488125 0.41904761874999996 0.1765625 0.39970238125 0.2063244046875 0.3892857140625 0.2197172609375 0.41309523906249995 0.2316220234375 0.43988095156250007 0.24799107187499997 0.44136904843749997 0.2718005953125 0.43988095156250007 0.29561011875 0.43095238125 0.29561011875 0.390773809375 0.3253720234375 0.340178571875 0.417633928125 0.32529761874999996 0.4578125 0.31190476093749997
19 0.3685267859375 0.3357142859375 0.3253720234375 0.340178571875 0.2941220234375 0.39375 0.3015625 0.390773809375 0.3253720234375 0.433928571875 0.36108630937499997 0.43541666718750005 0.37150297656250003 0.402678571875 0.3938244046875 0.4145833328125 0.40721726093750005 0.390773809375 0.4250744046875 0.43839285781250004 0.4563244046875 0.45922619062500003 0.4771577390625 0.5008928578125 0.4905505953125 0.44136904843749997 0.4935267859375 0.3699404765625 0.4563244046875 0.308928571875 0.3685267859375 0.3357142859375
19 0 0.663976934375 0.02626488125 0.6258928578125 0.053050595312500004 0.5961309515625001 0.044122023437500005 0.5678571421874999 0.0783482140625 0.5366071421874999 0.091741071875 0.5619047609375001 0.0902529765625 0.527678571875 0.0753720234375 0.49047619062500003 0.054538690625 0.465178571875 0.056026785937500004 0.4517857140625 0.044122023437500005 0.44285714218749994 0 0.4825669640625 0 0.663976934375
19 0 0.66875 0.048387896875 0.66875 0.04561011875 0.64375 0.0902529765625 0.6616071421874999 0.1587053578125 0.6586309515625001 0.1914434515625 0.6601190484374999 0.1720982140625 0.6273809515625001 0.1527529765625 0.5857142859375 0.1304315484375 0.5291666671875 0.1259672609375 0.4458333328125 0.1334077390625 0.41160714218749994 0.1140625 0.425 0.10364583281249999 0.42797619062500003 0.10811011875000001 0.4056547609375 0.0709077390625 0.3922619046875 0.054538690625 0.40416666718750005 0.061979167187499996 0.43095238125 0.053050595312500004 0.4636904765625 0.085788690625 0.5038690484374999 0.0962053578125 0.5604166671875 0.073883928125 0.5380952390625 0.04561011875 0.572321428125 0.056026785937500004 0.6005952390625 0.0218005953125 0.6273809515625001 0 0.663287815625 0 0.66875
19 0.2688645828125 0.44883095156249997 0.22868601093750002 0.44734285781249994 0.21975744062499997 0.45924761875 0.21975744062499997 0.474128571875 0.20636458281249997 0.4666880953125 0.21826934531250003 0.42799761875 0.2123169640625 0.38781904843750004 0.1810669640625 0.399723809375 0.1557693453125 0.41758095156249997 0.12898363125 0.41609285781249994 0.1304717265625 0.4771047609375 0.1364241078125 0.561926190625 0.1676741078125 0.6095452390625 0.1870193453125 0.6452595234375 0.207852678125 0.6199619046875 0.22868601093750002 0.587223809375 0.22273363124999998 0.5604380953125 0.2316622015625 0.5440690484374999 0.24951934531250003 0.5068666671875001 0.2584479171875 0.5143071421875 0.2777931546875 0.474128571875 0.2688645828125 0.44883095156249997
19 0.3521979171875 0.43692619062500004 0.3269002984375 0.43395 0.3001145828125 0.3863309515625 0.28374553593749996 0.4235333328125 0.2899702484375 0.4247782765625 0.29267410781250003 0.4666880953125 0.28523363125 0.487521428125 0.3655907734375 0.5351404765625001 0.3908883921875 0.555973809375 0.4548764890625 0.5693666671875001 0.4905907734375 0.550021428125 0.48166220156249995 0.5038904765625001 0.45190029843749996 0.456271428125 0.4236264890625 0.42799761875 0.39832886875 0.39674761875 0.3849360109375 0.42055714218749995 0.37451934531250003 0.4012119046875 0.3521979171875 0.43692619062500004
0 0.6296875 0 0.6296875 0.6478959843750001 0.6704760828125 0.6478959843750001 0.7264327625 0.6370656593749999 0.7535085734375 0.622625225 0.7859995484375 0.5865241421875 0.79502481875 0.566668546875 0.796441490625 0 0.6296875 0
5 0.483708778125 1 0.47750496093750006 0.98154761875 0.46956845312500006 0.962946428125 0.4596478171875 0.9478174609375 0.45394345312500006 0.9421130953124999 0.4497271828125 0.934920634375 0.44451884843749995 0.9292162703125 0.439806546875 0.9210317453125001 0.436086309375 0.9178075390625 0.43062996093750006 0.909375 0.423685515625 0.903174603125 0.419965278125 0.8977182546875 0.40508432499999997 0.8835813484375 0.4013640875 0.88134920625 0.39169146875 0.8803571421875 0.37383432499999997 0.8865575390625 0.3649057546875 0.888045634375 0.3619295640625 0.887549603125 0.35672122968750003 0.884821428125 0.34481646875 0.87217261875 0.346056546875 0.8582837296875001 0.3438244046875 0.8483630953124999 0.345560515625 0.837450396875 0.344568453125 0.8337301593750001 0.33390377031249996 0.833978175 0.3242311515625 0.831498015625 0.2994295640625 0.8275297625 0.2743799609375 0.8270337296875001 0.236681546875 0.8300099203125001 0.22353670625 0.8332341265625001 0.198487103125 0.8414186515625 0.192038690625 0.8448908734374999 0.1838541671875 0.8515873015625001 0.17492559531250002 0.855803571875 0.1657490078125 0.8622519843750001 0.15136408750000002 0.86845238125 0.1402033734375 0.8761408734374999 0.1255704359375 0.8830853171875 0.120362103125 0.8885416671874999 0.1131696421875 0.893998015625 0.0992807546875 0.9091269843750001 0.0903521828125 0.92177579375 0.0878720234375 0.9272321421875 0.0851438484375 0.934920634375 0.0819196421875 0.9498015875 0.07373511875 0.9703869046875001 0.067315496875 1 0.483708778125 1
16 1 0.66875 0.6296875 0.66875 0.6296875 0.7311052984375 0.6315028484375 0.7318204359375 0.6441516578125001 0.7387648812500001 0.6630008640625 0.745957340625 0.6701933234374999 0.7496775796875 0.6987151500000001 0.7588541671875 0.7180603875 0.763814484375 0.7562548312499999 0.7695188484375 0.774856021875 0.77100694375 0.81875483125 0.7717509921875 0.8671179265625 0.767038690625 0.8864631656249999 0.76356646875 0.9258976890625 0.751413690625 0.9363143562499999 0.745709325 0.9561556250000001 0.7387648812500001 0.9683084031250001 0.73231646875 0.9826933234374999 0.726612103125 0.9913738796875 0.7211557546875 1 0.7170024374999999 1 0.66875