2 0 0.5568749937499999 0.0168892625 0.5587053562500001 0.028546009374999997 0.5592013890625 0.0461551359375 0.5567212296874999 0.0672364859375 0.55225694375 0.09228608906249999 0.5440724203125 0.10419084999999999 0.541840278125 0.11163132656250001 0.539112103125 0.1141114859375 0.5371279765625 0.125520215625 0.5222470234375 0.144369421875 0.48975694374999995 0.1577622796875 0.4622271828125 0.16892299375 0.43519345156250006 0.1763634703125 0.3967509921875 0.1765625 0.3944422453125 0.1765625 0.35801159375 0.175619421875 0.346155753125 0.1733872796875 0.3320188484375 0.16594680312500001 0.307465278125 0.159250375 0.29308035625 0.15032180312500001 0.27993551562499996 0.1364329140625 0.26356646875 0.1252722 0.2536458328125 0.1089031515625 0.24298115 0.097990453125 0.2382688484375 0.06872458125 0.2288442453125 0.05508370781250001 0.22686011874999998 0.0428813265625 0.2265625 0.0328366859375 0.2265625 0.015649184375 0.2283482140625 0 0.23316334843750003 0 0.5568749937499999
1 0.3296875 0.384286028125 0.8361945531250001 0.446875 0.8456159296875001 0.446875 0.861504425 0.443208425 0.8674041296875 0.396010784375 0.9140625 0.2545776015625 0.9140625 0.2502465875 0.9116519171874999 0.23819367656249998 0.3296875 0.164929746875 0.3296875 0.384286028125
1 0.3296875 0.4410448609375 0.5767837390625 0.45062223437500004 0.7685241515625 0.4535720875 0.79654775 0.4491473078125 0.7537748890625 0.43292311874999995 0.68592828125 0.43144819375 0.38946810468750004 0.38720040624999996 0.3296875 0.38030264375 0.3296875 0.4410448609375
1 0.6006573796875 0.7796875 0.8407955390625 0.5774658921875 0.9012675140624999 0.53469303125 0.9160167765625001 0.5199437687499999 0.9115919984375 0.5125691375 0.7626244468750001 0.5863154500000001 0.49418786875 0.7397077796875 0.46911412187499996 0.7367579281250001 0.3702940640625 0.6954599921875 0.3296875 0.6765332046875 0.3296875 0.70373509375 0.460264565625 0.751507190625 0.5426377765625 0.7796875 0.6006573796875 0.7796875
1 0.40569229374999993 0.7057844765625 0.47648875312500005 0.7411827062499999 0.4882881640625 0.7397077796875 0.8688191374999998 0.5287933265625 0.8938928828125 0.509619284375 0.8879931781250001 0.5066694328125 0.6977276921875 0.5877903765625 0.44994008125 0.6807107296875 0.40716722031249997 0.699884771875 0.40569229374999993 0.7057844765625
1 0.3296875 0.6453125 0.3393206125 0.6453125 0.7419754796875 0.5420676624999999 0.89094303125 0.49781987499999997 0.8865182515625001 0.4919201703125 0.8717689890625 0.49044524375 0.5885831484375 0.5405927359375 0.3296875 0.5757192812499999 0.3296875 0.6453125
1 0.3296875 0.5820579968749999 0.5209093031250001 0.5483129718749999 0.6418532546875 0.5350386359375 0.8291688890625 0.49964040625 0.8881659390625 0.49374070000000003 0.8837411609375 0.48784099531249997 0.8468680046875001 0.48784099531249997 0.44273821093750004 0.5202893734375 0.3296875 0.52619500625 0.3296875 0.5820579968749999
1 0.3296875 0.5196127484375 0.3747188421875 0.5155189890625 0.43666574531249996 0.5037195796875 0.8820934734375001 0.4830706125 0.8732439156249999 0.47864583281249995 0.6623294609375 0.47717090781250004 0.3296875 0.48613095937499995 0.3296875 0.5196127484375
1 0.3296875 0.48269819218750004 0.8688191374999998 0.46832134999999997 0.8629194328124999 0.457996865625 0.3296875 0.4403790703125 0.3296875 0.48269819218750004
14 0.3296875 1 0.3296875 0.8740857625 0.3081819578125 0.88364378125 0.3106450125 0.87625461875 0.3020243234375 0.8700969828125 0.276162253125 0.86886545625 0.22690117031249998 0.8700969828125 0.22197506093750002 0.8774861453125 0.209659790625 0.8811807265624999 0.2071967359375 0.9858605296875 0.21089131718749998 0.999407328125 0.2120766609375 1 0.3296875 1
14 0 0.7796875 0 0.8578209046874999 0.192872415625 0.8543141328124999 0.2027246328125 0.8444619156250001 0.2051876875 0.8346097 0.20575099218749998 0.7796875 0 0.7796875
14 0 1 0.2098343875 1 0.20987498124999998 0.999407328125 0.2049488734375 0.8553186578125 0.19509665625 0.8516240765624999 0 0.85629705 0 1
0 0.44960403125 0.7796875 0.45424452187500003 0.8976885453125 0.4614063234375 1 0.730589878125 1 0.7252312671875 0.962489725 0.728176775 0.9227253640624999 0.745849825 0.8652879562500001 0.767941134375 0.8358328765625 0.7984375 0.8082409265624999 0.7984375 0.8050151718749999 0.7945832890625 0.7796875 0.44960403125 0.7796875
0 1 1 1 0.7796875 0.8705326734375 0.7796875 0.8068598125000002 0.8078027890625 0.77298646875 0.8284213453125 0.7405858796875 0.869658459375 0.72291283125 0.9462416687499999 0.730438996875 1 1 1