0 0.5518422281250001 0.24594902031250002 0.50302333125 0.18925610625 0.49672411875 0.15776004375 0.48727529843750006 0.143586815625 0.46522805468749995 0.1357127984375 0.350267425 0.14043720937499998 0.339243803125 0.1357127984375 0.34081860625 0.1199647671875 0.30932254375 0.1073663421875 0.2258579765625 0.1199647671875 0.2258579765625 0.13413799531249998 0.23688159843749998 0.14516161875 0.27782647968749996 0.14516161875 0.2652280546875 0.15146083125 0.24475561406250002 0.14988602812500001 0.22743277968750003 0.16405925625 0.11247214999999999 0.1672088625 0.095149315625 0.21602775937500002 0.0510548265625 0.2679962640625 0.0290075828125 0.3105159484375 0.05167111875 0.359375 0.5714569015625 0.359375 0.5691650625 0.2837442953125 0.5518422281250001 0.24594902031250002
12 1 0.2146095125 0.9828869046875001 0.198288690625 0.9699900796875 0.1839037703125 0.9608134921874999 0.172991071875 0.9553571421875 0.1625744046875 0.9464285718750001 0.1533978171875 0.9417162703124999 0.1499255953125 0.93700396875 0.1444692453125 0.9270833328125001 0.1409970234375 0.921626984375 0.1407490078125 0.912450396875 0.1432291671875 0.8928571421875 0.1536458328125 0.8841765875 0.1625744046875 0.8816964281249999 0.17274305625 0.8836805562500001 0.17943948437499999 0.890873015625 0.1910962296875 0.8993055562500001 0.21019345312499998 0.9146825390625001 0.273685515625 0.919394840625 0.298983134375 0.9397321421875 0.35850694375000003 0.9401186484374999 0.359375 1 0.359375 1 0.2146095125
3 0.9176587296875001 0.32204141875 0.9040178578125 0.3022001484375 0.8841765875 0.30096006875 0.8482142859374999 0.287319196875 0.8271329359375 0.2587973703125 0.815972221875 0.2277953875 0.8172123015625001 0.19927356093749998 0.8258928578125 0.175712053125 0.8048115078125001 0.13850967187500002 0.703125 0.2017537203125 0.705426040625 0.359375 0.77998100625 0.359375 0.7899305562500001 0.3555235609375 0.8320932546875 0.32700173593750004 0.8556547625 0.299719990625 0.8816964281249999 0.3294818953125 0.9044151875 0.359375 0.933791171875 0.359375 0.9337797625 0.3592438 0.9176587296875001 0.32204141875
12 0.8361927093749999 0 0.8370535718750001 0.0008608625 0.874255953125 0.030641617187499998 0.8816964281249999 0.04552256875 0.9077380953124999 0.0492428078125 0.9238591265625 0.06660391875 0.9201388890625 0.11496701406250001 0.9263392859374999 0.12116741093750001 0.927579365625 0.1310880453125 0.9647817453125 0.13976860156249998 0.9908234125 0.195572171875 0.9982638890625 0.21293328437499998 1 0.21040803281249998 1 0 0.8361927093749999 0
6 0.55791015625 0.66279296875 0.5447265625 0.65888671875 0.537890625 0.657421875 0.514453125 0.6583984375 0.39140625 0.68818359375 0.38408203125 0.6935546875 0.37529296875 0.6955078125 0.36015625 0.6955078125 0.3396484375 0.70087890625 0.33232421875 0.7033203125 0.31572265625 0.716015625 0.3005859375 0.71845703125 0.28740234375 0.723828125 0.2166015625 0.7384765625 0.16923828125 0.7541015625 0.10576171875 0.766796875 0.09111328125 0.77265625 0.07890625 0.782421875 0.0671875 0.7970703125 0.061328125 0.809765625 0.057421875 0.825390625 0.05595703125 0.84931640625 0.0623046875 0.88349609375 0.0779296875 0.91376953125 0.0916015625 0.92451171875 0.1228515625 0.93671875 0.1501953125 0.938671875 0.170703125 0.93623046875 0.1873046875 0.93134765625 0.23466796875 0.923046875 0.3337890625 0.907421875 0.42900390625 0.8888671875 0.56376953125 0.86689453125 0.5798828125 0.85908203125 0.61875 0.824337121875 0.61875 0.686181640625 0.6013671875 0.6818359375 0.55791015625 0.66279296875
6 0.47702148437499997 1 0.48271484375 0.99482421875 0.4841796875 0.98994140625 0.47880859375 0.981640625 0.47392578125 0.9796875 0.46708984375 0.97041015625 0.45244140625 0.95771484375 0.4421875 0.93330078125 0.4333984375 0.903515625 0.42705078125 0.89228515625 0.42021484375 0.89130859375 0.3005859375 0.91181640625 0.287890625 0.9162109375 0.30498046875 0.93671875 0.3142578125 0.94453125 0.326953125 0.95185546875 0.34111328125 0.95478515625 0.35625 0.9611328125 0.37431640625 0.97138671875 0.38115234375 0.9787109375 0.41435546875 0.9953125 0.41923828125 0.99970703125 0.4194010421875 1 0.47702148437499997 1
6 0.57657335 1 0.58330078125 0.99091796875 0.58916015625 0.97919921875 0.59501953125 0.96552734375 0.60087890625 0.94208984375 0.600390625 0.9171875 0.5955078125 0.90546875 0.5818359375 0.89375 0.54130859375 0.87666015625 0.53203125 0.87470703125 0.51591796875 0.87470703125 0.4373046875 0.88837890625 0.43046875 0.8908203125 0.42900390625 0.89423828125 0.45341796875 0.9572265625 0.467578125 0.96943359375 0.471484375 0.97724609375 0.47783203125 0.9806640625 0.4890625 0.99482421875 0.499660528125 1 0.57657335 1
16 0 0.782283809375 0.00810546875 0.7814453125 0.03984375 0.77265625 0.065234375 0.762890625 0.11162109375 0.75458984375 0.18046875 0.7375 0.20048828125 0.731640625 0.23369140625 0.71845703125 0.27177734375 0.71455078125 0.319140625 0.70478515625 0.5837890625 0.64228515625 0.61875 0.63122156875 0.61875 0.5474300046875 0.377734375 0.6095703125 0.24736328125 0.6408203125 0.03544921875 0.6974609375 0.00029296875 0.71162109375 0 0.7118802578125 0 0.782283809375
6 0.467578125 0.4875 0.45390625 0.52265625 0.45537109375 0.55537109375 0.4578125 0.56220703125 0.4587890625 0.575390625 0.46416015625 0.58515625 0.48662109375 0.58076171875 0.5974609375 0.5509765625 0.5935546875 0.50703125 0.584765625 0.4875 0.467578125 0.4875
18 0.6527309781249999 0.5188043484375 0.6779483703125 0.5014130437500001 0.6909918484375 0.48663043437500003 0.712730978125 0.45010869531250003 0.7283831515625 0.4431521734375 0.72577445625 0.42750000000000005 0.7162092390625 0.41967391249999997 0.7083831515625 0.41967391249999997 0.684904890625 0.42576087031250004 0.61875 0.4520634171875 0.61875 0.5570222078125 0.6231657609375 0.5553260875 0.6527309781249999 0.5188043484375
18 1 0.7188943625 0.994470109375 0.7057608703125 0.9909918484375 0.6709782609375 0.986644021875 0.6648913046875 0.9614266296875 0.652717390625 0.9196875 0.6553260875 0.9083831515625 0.6518478265625001 0.9014266296875 0.6596739125 0.8692527171875 0.6709782609375 0.84577445625 0.688369565625 0.8422961953125 0.692717390625 0.8422961953125 0.7048913046874999 0.846644021875 0.7918478265625 0.8562092390625 0.8101086953125 0.8753396734375001 0.9875 0.8806968171875 1 1 1 1 0.7188943625
13 1 0.6267041921875001 0.9883831515624999 0.6101086953125 0.9709918484375001 0.600543478125 0.8301222828125001 0.5448913046875 0.7901222828125001 0.5309782609375 0.7822961953124999 0.5309782609375 0.7744701093749999 0.5370652171875 0.7631657609375 0.5579347828125 0.7483831515625 0.5753260874999999 0.734470109375 0.6057608703125 0.7292527171875001 0.6448913046875 0.7318614125 0.6692391296875 0.7353396734375 0.674456521875 0.7779483703125 0.692717390625 0.8422961953125 0.7101086953125 0.8449048906250001 0.6892391296875 0.8675135875000001 0.672717390625 0.904904890625 0.6622826093749999 0.9066440218749999 0.654456521875 0.9240353265625 0.6570652171875 0.946644021875 0.6509782609375 0.9596875 0.6509782609375 0.9892527171875001 0.6692391296875 0.9909918484375 0.692717390625 0.9936005437500001 0.69358695625 1 0.67694836875 1 0.6267041921875001
13 0.8829783156250001 1 0.8718614125 0.9161956515625 0.8657744562499999 0.8970652171875001 0.8614266296875 0.8927173906249999 0.8022961953125 0.8779347828124999 0.7136005437499999 0.872717390625 0.7040353265625 0.880543478125 0.700557065625 0.8883695656249999 0.6875135875 0.9240217390625001 0.6892527171875 0.9309782609375 0.7983241078125001 1 0.8829783156250001 1
12 0.7414266296875 0.588369565625 0.7544701093749999 0.5596739125 0.7909918484375 0.522282609375 0.794470109375 0.512717390625 0.7883831515625 0.494456521875 0.79360054375 0.482282609375 0.7909918484375 0.4718478265625 0.7753396734375 0.45532608750000003 0.7614266296875 0.44576087031249995 0.752730978125 0.44402173906250003 0.744904890625 0.44923912968749996 0.7301222828125 0.4448913046875 0.714470109375 0.44749999999999995 0.6892527171875 0.4857608703125 0.6527309781249999 0.5161956515624999 0.61875 0.558671875 0.61875 0.723105590625 0.7214266296875 0.6057608703125 0.7414266296875 0.588369565625
1 0.81360054375 0.708369565625 0.7083831515625 0.6622826093749999 0.6814266296875 0.6570652171875 0.6709918484374999 0.6692391296875 0.6596875 0.67358695625 0.6370788046875 0.6961956515625001 0.6275135875 0.7118478265625 0.6596875 0.746630434375 0.820557065625 0.802282609375 0.8362092390625 0.8066304343749999 0.8449048906250001 0.8040217390625 0.8501222828125 0.7570652171875001 0.8440353265624999 0.7153260875 0.81360054375 0.708369565625