14 0 0.43852252812500003 0.062049159374999996 0.44010005 0.0650135875 0.437135621875 0.06995429843749999 0.272115859375 0.07687129375 0.19405261875 0.074895009375 0.14365736093749998 0.0847764328125 0.051760128125000006 0.0808238640625 0.0448431328125 0.045250740625 0.0448431328125 0 0.0487107171875 0 0.43852252812500003
14 0.1203495546875 0.5310091406249999 0.1628396734375 0.534961709375 0.19742465468749998 0.543854990625 0.2310214921875 0.5576889828125 0.310072875 0.573499259375 0.38615983125 0.61302495 0.4029582515625 0.6179656625 0.4197566703125 0.60116724375 0.43062623593750005 0.5715229749999999 0.45829421875 0.3798233703125 0.4849740609375 0.3027482703125 0.5037487640625 0.22764945625 0.5067131921875 0.2009696140625 0.5047369078124999 0.19602890312500001 0.4790452078125 0.18417119531249998 0.34959856718750004 0.13575222343749999 0.3140254453125 0.1150012359375 0.2399147734375 0.08634510937499999 0.22608078125 0.10907238125 0.20730607656250002 0.1584794953125 0.16382781562499998 0.3007719859375 0.121337696875 0.4213253453125 0.1124444171875 0.4361474796875 0.11046813281250001 0.4608510375 0.12627840937499998 0.48160202500000004 0.1252902671875 0.494447875 0.1163969859375 0.5102581515625 0.1163969859375 0.526068428125 0.1203495546875 0.5310091406249999
14 0 0.709375 0.1843392453125 0.709375 0.1865550890625 0.7068984687500001 0.2379384875 0.6713253453125 0.252760621875 0.6565032109375 0.1737092390625 0.5399024203125 0.1628396734375 0.532985425 0.134183546875 0.5300209984375 0.1252902671875 0.52409214375 0.1272665515625 0.48160202500000004 0.11442070156249999 0.4638154640625 0.109479990625 0.449981471875 0.0719305828125 0.4025506421875 0.06797801406250001 0.41045578125000004 0.06896615625 0.43318305312499994 0.060072875000000005 0.4381237640625 0.03042860625 0.437135621875 0 0.4427967578125 0 0.709375
14 0.3407052859375 0.1298233703125 0.3535511359375 0.1288352265625 0.337740859375 0.0547245546875 0.333788290625 0.0507719859375 0.3258831515625 0.0507719859375 0.0995985671875 0.0655941203125 0.0867527171875 0.0695466890625 0.0788475796875 0.11302494999999999 0.07687129375 0.1693490609375 0.111456275 0.4282423421875 0.121337696875 0.4242897734375 0.12825469375 0.41045578125000004 0.20236536562500002 0.1762660578125 0.2349740609375 0.090297678125 0.2458436265625 0.08436882343749999 0.3407052859375 0.1298233703125
15 0.6387876375 0 0.8489087296875001 0.66825396875 0.8786706343749999 0.6645337296875 0.65830711875 0 0.6387876375 0
15 0.8510200078124999 0 0.8166666671874999 0.64717261875 0.8389880953125 0.6533730156249999 0.874545809375 0 0.8510200078124999 0
15 0.8017170421875001 0 0.79390945625 0.709375 0.8146929015625 0.709375 0.819146825 0.001201090625 0.8163442796875 0 0.8017170421875001 0
15 0.7819444437499999 0.020932539062499998 0.7681330984375 0.709375 0.7913182187500001 0.709375 0.80302579375 0.0196924609375 0.7819444437499999 0.020932539062499998
15 0.7535364140625 0.047088001562499995 0.7407433515624999 0.709375 0.7669743984374999 0.709375 0.770897525 0.04832808125 0.7535364140625 0.047088001562499995
15 0.7048607390625 0 0.7014481406249999 0.67569444375 0.7299699656249999 0.674454365625 0.7242927406249999 0 0.7048607390625 0
15 0.681382403125 0.022288231250000002 0.683715465625 0.709375 0.7024198390625 0.709375 0.6999835937500001 0.026008468750000003 0.681382403125 0.022288231250000002
15 0.6635838125 0 0.6543109375 0.709375 0.6779700203125001 0.709375 0.6872580734375 0 0.6635838125 0
15 0.634375 0.038293651562499996 0.613915203125 0.709375 0.636311740625 0.709375 0.6517361109375 0.0420138890625 0.634375 0.038293651562499996
15 0.613062 0 0.5860119046875 0.6559648124999999 0.6108134921875 0.6510044953125 0.6287105234375 0 0.613062 0
15 0.6145337296875 0.0048115078125 0.5959325390625 0.003571428125 0.56875 0.46126661875 0.56875 0.709375 0.5804968453125 0.709375 0.6145337296875 0.0048115078125
15 0.5761716828125001 0 0.56875 0.17555134687500001 0.56875 0.4453621046875 0.5974830390625 0 0.5761716828125001 0
10 0 0.8459565031249999 0.01064453125 0.84912109375 0.058984375 0.8544921875 0.07802734375 0.85205078125 0.09267578125 0.84716796875 0.1048828125 0.83984375 0.11708984375 0.82666015625 0.1263671875 0.80517578125 0.13076171875 0.78564453125 0.133203125 0.7548828125 0.14125023750000001 0.709375 0 0.709375 0 0.8459565031249999
10 0.18056640625 0.76171875 0.14443359375 0.78271484375 0.13466796875 0.79541015625 0.1458984375 0.80810546875 0.1654296875 0.8134765625 0.1947265625 0.8154296875 0.21572265625 0.80859375 0.24599609375 0.8056640625 0.27138671875 0.79638671875 0.28115234375 0.78857421875 0.30068359375 0.78857421875 0.3216796875 0.783203125 0.336328125 0.77685546875 0.3607421875 0.7607421875 0.3734375 0.74853515625 0.3822265625 0.73193359375 0.38369140625 0.71533203125 0.3830708828125 0.709375 0.24117799374999999 0.709375 0.19765625 0.74951171875 0.18056640625 0.76171875
6 0.794921875 0.9296875 0.826171875 0.916015625 0.83984375 0.890625 0.83984375 0.85546875 0.8055748453125 0.709375 0.56875 0.709375 0.56875 0.974921875 0.794921875 0.9296875