7 0.145588171875 0.14807459843749998 0.138246028125 0.12751659531249998 0.11475116875 0.1187060234375 0.0971300234375 0.1187060234375 0.082445734375 0.130453453125 0.0721667328125 0.14954302656250001 0.06776144687499999 0.31253862187500003 0.060585526562500006 0.36875 0.09567430625 0.36875 0.11621959687500001 0.24205404062500002 0.145588171875 0.14807459843749998
7 0.22210673593750002 0.092114078125 0.21476459218750002 0.0818350765625 0.1868644453125 0.07889821875 0.1663064421875 0.09064565 0.1648380140625 0.11707736718749999 0.18099073125 0.1640670890625 0.20532366406250002 0.36875 0.2426936578125 0.36875 0.22504359375 0.1993093796875 0.22210673593750002 0.092114078125
7 0.43062362343749994 0.196372521875 0.413002478125 0.19784095156249998 0.405660334375 0.18609352031249998 0.41006562031250005 0.1523196578125 0.4247499078125 0.14497751406249998 0.43062362343749994 0.111203653125 0.4041919046875 0.0744929328125 0.3733549015625 0.06715078906250001 0.3527968984375 0.07889821875 0.34398632500000004 0.1009246515625 0.34545475468750003 0.1302932265625 0.36160747031249996 0.1581933734375 0.36894961406250004 0.218398953125 0.367966928125 0.36875 0.4162730953125 0.36875 0.43356048124999996 0.22720952656249999 0.43062362343749994 0.196372521875
19 0.906875 0.35612489687500004 0.8868750000000001 0.28112489687500003 0.829375 0.20862489687500002 0.7618750000000001 0.178624896875 0.681875 0.17112489687500002 0.594375 0.203624896875 0.5393749999999999 0.253624896875 0.5390625 0.25426942812500003 0.5390625 0.36875 0.9059038375 0.36875 0.906875 0.35612489687500004
19 0.944375 0.2986203203125 0.9193749999999999 0.21862032031249998 0.874375 0.16862032031250002 0.826875 0.1411203203125 0.764375 0.1236203203125 0.719375 0.1236203203125 0.656875 0.1461203203125 0.624375 0.16862032031250002 0.6018749999999999 0.19862032031250001 0.6743750000000001 0.17362032031250002 0.7268749999999999 0.17362032031250002 0.8018750000000001 0.1936203203125 0.836875 0.2161203203125 0.881875 0.2736203203125 0.899375 0.31112032031250003 0.9026370578125 0.36875 0.9462175796875 0.36875 0.946875 0.36612032031249997 0.944375 0.2986203203125
19 1 0.2526910203125 0.9643750000000001 0.1636285203125 0.9243750000000001 0.1236285203125 0.869375 0.09362852031249999 0.826875 0.0811285203125 0.7693749999999999 0.0811285203125 0.6993750000000001 0.1061285203125 0.651875 0.1511285203125 0.704375 0.1286285203125 0.749375 0.1236285203125 0.811875 0.1361285203125 0.866875 0.1661285203125 0.909375 0.2061285203125 0.934375 0.2586285203125 0.946875 0.3111285203125 0.9433827890625001 0.36875 0.9830490749999999 0.36875 1 0.3416285203125 1 0.2526910203125
19 1 0.11414226093749999 0.9695623031249999 0.0809375 0.919562303125 0.050937500000000004 0.8270623031250001 0.043437500000000004 0.744562303125 0.0859375 0.812062303125 0.0834375 0.8595623031249999 0.09343749999999999 0.9045623031250001 0.1159375 0.957062303125 0.1609375 0.999562303125 0.2534375 0.9945623031249999 0.3584375 1 0.3577577875 1 0.11414226093749999
19 1 0.0449046125 0.959375 0.02362485 0.9043749999999999 0.018624850000000002 0.859375 0.02362485 0.809375 0.04612485 0.891875 0.04612485 0.9193749999999999 0.05362485 0.9793749999999999 0.09362485000000001 1 0.11699984999999999 1 0.0449046125
7 0.3005524984375 0.6591391515625 0.3055839453125 0.6666863203125 0.3181625609375 0.665428459375 0.3282254546875 0.6578812890625 0.3508669640625 0.620145440625 0.3508669640625 0.6088246859375 0.34331979375 0.6037932390625 0.27916884999999997 0.611340409375 0.1886028125 0.59624606875 0.14331979374999998 0.564799528125 0.10935752968750001 0.5220322328125 0.103068221875 0.501906446875 0.075395265625 0.4855542453125 0.0615587875 0.48806996874999997 0.05149589375 0.484296384375 0.042690862499999996 0.49058569218750003 0.0364015546875 0.5182586484375 0.0640745109375 0.5673152515625 0.1005524984375 0.5710888359374999 0.13325689999999998 0.5937303453125 0.16721916406249998 0.6000196546875001 0.184829228125 0.6214033015625 0.2011814296875 0.6163718546875 0.2238229390625 0.6214033015625 0.2603009265625 0.6528498421875 0.3005524984375 0.6591391515625
7 0 0.65946344375 0.0048152515625 0.6666863203125 0.023683176562499998 0.678007075 0.0412932390625 0.678007075 0.0513561328125 0.6729756296875 0.050098270312500005 0.691843553125 0.0828026734375 0.7207743703125 0.0991548734375 0.747189465625 0.120538521875 0.7497051890625 0.134375 0.747189465625 0.1406643078125 0.7409001578125001 0.1545007859375 0.7446737421875 0.17965801875 0.7346108484375 0.19852594375 0.7346108484375 0.23751965468749997 0.7170007859374999 0.261419025 0.7119693390624999 0.2865762578125 0.6943592765625 0.2865762578125 0.678007075 0.2689661953125 0.6679441828125 0.25261399375 0.646560534375 0.2324882078125 0.63398191875 0.22619889999999998 0.6214033015625 0.1997838046875 0.61511399375 0.1947523578125 0.61511399375 0.1947523578125 0.6226611640625 0.1997838046875 0.637755503125 0.221167453125 0.6603970125 0.207330975 0.6767492140625 0.19601022031249998 0.6817806609375 0.1897209125 0.6578812890625 0.18091588125 0.656623428125 0.184689465625 0.6390133640625 0.175884434375 0.6188875781250001 0.165821540625 0.6163718546875 0.16456367968750002 0.602535378125 0.157016509375 0.59624606875 0.14443789375 0.5949882078125001 0.120538521875 0.601277515625 0.1104756296875 0.5761202828124999 0.09412342812499999 0.5685731125 0.08783411875 0.573604559375 0.0739976421875 0.5710888359374999 0.0639347484375 0.582409590625 0.06016116406250001 0.620145440625 0.0438089625 0.620145440625 0.0249410375 0.6037932390625 0.0085888359375 0.611340409375 0 0.6050939828125 0 0.65946344375
10 0.57305756875 0.4162364125 0.5609802734375 0.4560914859375 0.570642109375 0.690391003125 0.5766807578125001 0.7435310984375 0.575473028125 0.80270984375 0.58634259375 0.8365262687499999 0.5996276171875 0.8473958328125001 0.6165358296875 0.8534344812500001 0.6648450078125 0.8558499390625001 0.696245975 0.8449803749999999 0.7059078109375 0.8353185390625001 0.7143619171875 0.8111639500000001 0.7143619171875 0.460922403125 0.70470008125 0.42469051875 0.6696759265625001 0.3691349640625 0.6696287875 0.36875 0.5996276171875 0.36875 0.5996276171875 0.3727581515625 0.57305756875 0.4162364125
10 0.7201992749999999 0.46696105 0.722614734375 0.8159948671875 0.7358997578124999 0.83169535 0.7745471015625001 0.8449803749999999 0.8180253625 0.8449803749999999 0.8397644921874999 0.837733996875 0.854257246875 0.8184103265625 0.86029589375 0.7882170890625 0.862711353125 0.5780721625 0.86875 0.5599562203125 0.871165459375 0.4850769921875 0.87720410625 0.444014190625 0.8651268109375 0.40657457656249996 0.840961109375 0.36875 0.765276834375 0.36875 0.731068840625 0.42348279062499994 0.7201992749999999 0.46696105
10 1 0.36875 0.9234183046875 0.36875 0.8953200484374999 0.40657457656249996 0.8796195656249999 0.44039100312499996 0.8590881640625 0.6118885875 0.86029589375 0.7930480078125 0.866334540625 0.8172025968750001 0.8989432359375 0.8413571859375001 0.9557065218749999 0.8534344812500001 0.9931461359375 0.8449803749999999 1 0.834471115625 1 0.36875