17 0 0.144608646875 0.0040674609375 0.14913194375 0.013244046875000002 0.160788690625 0.035813492187500004 0.195262896875 0.044494046875 0.21312003906250002 0.0477182546875 0.2257688484375 0.048710317187500005 0.24437003906250002 0.0457341265625 0.2875248015625 0.050446428125 0.314310515625 0.054662698437500004 0.328943453125 0.056150793750000004 0.342832340625 0.054414682812500004 0.3544890875 0.048710317187500005 0.3725942453125 0.044990079687500004 0.39094742031249996 0.0457341265625 0.404836309375 0.050446428125 0.4276537703125 0.054414682812500004 0.4407986109375 0.055902778125 0.4569196421875 0.054818595312499996 0.4796875 0.3096937375 0.4796875 0.309623015625 0.47924107187500004 0.3044146828125 0.46981646875000005 0.2917658734375 0.441790675 0.26845238125000004 0.40682043593749995 0.2587797625 0.3906994046875 0.24414682499999998 0.36292162656250004 0.22703372968750002 0.3376240078125 0.20669642812500003 0.31282242031249996 0.1945436515625 0.2999255953125 0.1761904765625 0.285540675 0.166269840625 0.27413194375 0.13229166718750002 0.2438740078125 0.11592261875000001 0.227008928125 0.10575396875000001 0.21361607187499998 0.0943452375 0.1910466265625 0.08541666718749999 0.17046130937499998 0.07351190468749999 0.147891865625 0.049206348437500005 0.11044146875000001 0.039533729687500005 0.09779265937500001 0.0271329359375 0.0846478171875 0.013244046875000002 0.0724950390625 0.006299603125 0.0687748015625 0.0030753968749999997 0.0687748015625 0 0.0695949078125 0 0.144608646875
19 0.5287092265625 0.3593129640625 0.5552257234375 0.349369278125 0.5499224234375 0.336773940625 0.4890625 0.26941281875 0.4890625 0.31721992499999996 0.5008669046875001 0.3308077296875 0.5287092265625 0.3593129640625
19 0.5888817984375 0.3494897453125 0.6148663156249999 0.342403059375 0.6164411359375 0.33531637187499996 0.589669209375 0.294371071875 0.5833699328125 0.294371071875 0.554235775 0.255788 0.5219519796875 0.204606375 0.4890625 0.168534040625 0.4890625 0.22047021875 0.521164571875 0.263662096875 0.5888817984375 0.3494897453125
19 0.5459354328125 0.1921754140625 0.6096253468749999 0.2693526046875 0.630605553125 0.28733563906250004 0.655332225 0.279093415625 0.655332225 0.26036108750000003 0.6358506046875 0.23863158750000002 0.5893944328125 0.1816853109375 0.5481833109375 0.125488328125 0.520459465625 0.0812800359375 0.4942342078125 0.0333252765625 0.4890625 0.017360440625 0.4890625 0.09655102812500001 0.500977846875 0.11724610312499999 0.5459354328125 0.1921754140625
19 0.4945800546875 0 0.507023078125 0.014407710937500002 0.5234530859375 0.0381399421875 0.5520534671874999 0.0922981125 0.5703090296875 0.1531499875 0.6007573984375 0.1913703625 0.6220382546875001 0.2197448375 0.6097426484375 0.149281559375 0.5944766046875001 0.090573515625 0.5681212734375001 0.0459451546875 0.5477398171875001 0.015372971874999999 0.5345073859375 0 0.4945800546875 0
19 0.5446131390625 0 0.545469528125 0.0007892218750000001 0.5615899234375 0.0202448703125 0.5829569421875 0.045168025 0.615688078125 0.10765473750000001 0.6417242109375 0.161214778125 0.6856136875 0.230396496875 0.706442590625 0.2326281640625 0.7222379921875001 0.2220277390625 0.7227938703125 0.2136896046875 0.713899859375 0.196457459375 0.683326696875 0.150875653125 0.658312290625 0.10418209687499999 0.6327420109374999 0.0552650375 0.606059978125 0.018577242187500002 0.5910342671875 0 0.5446131390625 0
19 0.6001679578125 0 0.602421428125 0.002828825 0.628776603125 0.042023700000000004 0.6706745734374999 0.1156830359375 0.704463259375 0.17650266718750002 0.726763790625 0.223131053125 0.7531189656249999 0.210967128125 0.7450096828125 0.1900181421875 0.7139240906250001 0.125819640625 0.6672957046875 0.0582422703125 0.6314796984375 0.0035046 0.629127928125 0 0.6001679578125 0
19 0.7539782125000001 0 0.7572802359375 0.0026905375 0.800948559375 0.0556652265625 0.8517756249999999 0.11579865468749999 0.8804105906249999 0.1472971171875 0.9040344390625 0.1394225015625 0.9040344390625 0.1186621515625 0.8732518499999999 0.0835843171875 0.8181295390625 0.0248826375 0.7969181109375 0 0.7539782125000001 0
19 0.7964964078125 0 0.8414629625 0.0482974109375 0.8973707796875001 0.10346960000000001 0.9135546234374999 0.10052708437499999 0.9157615109374999 0.090228275 0.8966351515625 0.071101915625 0.8370491859375001 0.008573434375 0.828004684375 0 0.7964964078125 0
19 0.9239577984375 0 0.9862710578125 0.061909362499999995 1 0.057871439062499995 1 0.0238755171875 0.9862291234375 0.0111841140625 0.973428028125 0 0.9239577984375 0
17 0 0.7517035359375 0.0159959578125 0.7551091265625 0.029388815625 0.7570932546875 0.047741989062500004 0.7575892859375 0.061630878124999997 0.756597221875 0.1310753234375 0.7481646828125 0.155380878125 0.74345238125 0.1653015140625 0.74345238125 0.1970475453125 0.7484126984375 0.229785640625 0.7506448406249999 0.2590515140625 0.7481646828125 0.30815865625 0.756597221875 0.37264278281249996 0.7595734125 0.3976923859375 0.762549603125 0.423734053125 0.762053571875 0.4346467515625 0.7583333328124999 0.43712691093749995 0.756101190625 0.44407135468750003 0.7451884921875 0.46837691093749995 0.7181547625 0.4890625 0.7042354875 0.4890625 0.4796875 0.033707092187499996 0.4796875 0.030628895312499998 0.4830357140625 0.01029159375 0.500148809375 0 0.51070095 0 0.7517035359375
10 0.8918786000000001 1 0.8983469203125001 0.9957955921874999 0.9237092390624999 0.9619791671875 0.9369942640625 0.9088390703125 0.9382019921874999 0.7457955921874999 0.9454483703125 0.6419308578125 0.9438420000000001 0.4796875 0.6994354015625001 0.4796875 0.7014870171875 0.9064236109375001 0.7075256640625 0.9656023546875 0.7171875 0.9861337562499999 0.72951305 1 0.8918786000000001 1