2 0 0.38721829375 0.019761124999999997 0.3846477421875 0.057211521875000004 0.37100686875 0.066636125 0.3655505203125 0.0758127125 0.358606075 0.0996222359375 0.3375247265625 0.12640795 0.30577869375 0.1440170765625 0.289905678125 0.1522016015625 0.2812251234375 0.15592183906249998 0.27403266249999997 0.15592183906249998 0.2668402015625 0.1658424734375 0.24575885312499998 0.170554775 0.232862028125 0.1747710453125 0.2011159953125 0.17154683906249998 0.1825148046875 0.1708027921875 0.164905678125 0.1680746171875 0.154737028125 0.16733056875000002 0.1468005203125 0.1524496171875 0.11530250312500001 0.1435210453125 0.09248504375 0.13236033125 0.07710805937500001 0.123679775 0.068427503125 0.10160636249999999 0.0498263125 0.08945358437499999 0.041641789062500004 0.06440398124999999 0.027504884375 0.051011125000000004 0.0218005203125 0.035386125000000004 0.0160961546875 0.0212492203125 0.0123759171875 0 0.0097787890625 0 0.38721829375
7 1 0.3048644015625 0.9935882625 0.298853396875 0.9695586875 0.2896112515625 0.886379390625 0.2896112515625 0.8623498156249999 0.2970049671875 0.8420170984375 0.2877628234375 0.8253812390625 0.2951565390625 0.7958063765625 0.2822175375 0.74959565625 0.31918611406249997 0.708930221875 0.3210345421875 0.6405383546875 0.3117923984375 0.5684496296875 0.29145968125 0.474179759375 0.2877628234375 0.43905961250000003 0.2581879625 0.42427218125 0.2637332484375 0.3799098890625 0.260036390625 0.35 0.27763044375 0.35 0.4390625 0.4522668515625 0.4390625 0.45939232968750005 0.42639498593749997 0.49451247656249997 0.40421384062500004 0.507451478125 0.40975912656249996 0.4951132171875 0.4390625 0.516306821875 0.4390625 0.531481053125 0.413455984375 0.5684496296875 0.374638978125 0.6904459328125 0.37094212031249996 0.8198359515625 0.3931232671875 0.8420170984375 0.40606226875000007 0.8561600546875001 0.4390625 1 0.4390625 1 0.3048644015625
0 0.1515625 0.471875 0.16875 0.50625 0.1984375 0.509375 0.228125 0.4921875 0.2828125 0.484375 0.3078125 0.475 0.35 0.445596590625 0.35 0.4390625 0.1515625 0.4390625 0.1515625 0.471875
0 0.228125 0.490625 0.196875 0.5046875 0.15625 0.5125 0.15625 0.584375 0.1671875 0.6171875 0.1828125 0.628125 0.24375 0.63125 0.2890625 0.6109375 0.3359375 0.5796875 0.35 0.57726293125 0.35 0.47270220625 0.3453125 0.471875 0.228125 0.490625
0 0.2109375 0.703630328125 0.215625 0.731755328125 0.25625 0.7692553281250001 0.3 0.795817828125 0.325 0.7926928281250001 0.346875 0.7755053281250001 0.35 0.7710645390625 0.35 0.5585476078125 0.3453125 0.561442828125 0.2109375 0.703630328125
0 0.2953125 0.82211365625 0.3109375 0.79555115625 0.2515625 0.76273865625 0.1953125 0.70961365625 0.159375 0.69086365625 0.1375 0.70180115625 0.1015625 0.73617615625 0.078125 0.77367615625 0.0765625 0.79086365625 0.084375 0.79711365625 0.0921875 0.82055115625 0.109375 0.83773865625 0.1359375 0.85805115625 0.1671875 0.86742615625 0.1953125 0.89398865625 0.2953125 0.82211365625
0 0.0944093828125 1 0.1046875 0.9908638953125 0.121875 0.9596138953125 0.1859375 0.9080513953124999 0.1953125 0.8924263953124999 0.1953125 0.8846138953124999 0.1828125 0.8736763953125 0.1546875 0.8658638953125 0.0796875 0.8674263953124999 0 0.8568013953125 0 1 0.0944093828125 1
0 0 0.7390625 0.0140625 0.7390625 0.0421875 0.703125 0.0609375 0.6921875 0.0609375 0.68125 0.0890625 0.6546875 0.0984375 0.6375 0.125 0.61875 0.1546875 0.5828125 0.1578125 0.54375 0.15 0.5234375 0.1265625 0.496875 0.090625 0.4828125 0.0453125 0.4984375 0 0.5412873640625 0 0.7390625
0 0 0.45416666718750004 0.03125 0.475 0.0546875 0.4828125 0.0765625 0.4671875 0.078125 0.4578125 0.0640625 0.4390625 0 0.4390625 0 0.45416666718750004
0 0 0.7691796875 0.0921875 0.7484375 0.1296875 0.7078125 0.1578125 0.690625 0.1421875 0.6328125 0.1328125 0.6171875 0.1265625 0.6171875 0.10625 0.6265625 0.0921875 0.65 0.0609375 0.6796875 0.0640625 0.696875 0.0515625 0.696875 0.0375 0.7078125 0.0109375 0.740625 0 0.741466346875 0 0.7691796875
0 0.2109375 0.725 0.21875 0.6921875 0.2515625 0.6625 0.2640625 0.6328125 0.184375 0.625 0.1609375 0.6140625 0.1484375 0.6375 0.153125 0.6890625 0.2109375 0.725
0 0 0.8587691328125 0.0375 0.8671875 0.18125 0.8828125 0.14375 0.8453125 0.103125 0.8171875 0.0953125 0.7953125 0.0734375 0.790625 0.0734375 0.7640625 0.059375 0.7609375 0 0.7728125 0 0.8587691328125
12 1 0.5312101234375 0.9523389578125 0.5411020375 0.9247315953124999 0.5595069453125 0.8833205515625 0.5595069453125 0.8495782203125 0.56717565625 0.7192101234375 0.6131879265625 0.5320935578125 0.6638014234375 0.483013803125 0.692942528125 0.4477377296875 0.77729835625 0.42013036875000004 0.77729835625 0.39252300625 0.807973203125 0.3741180984375 0.814108171875 0.358780675 0.827911853125 0.355713190625 0.8386480484375 0.415529140625 0.9398750421875001 0.4216641109375 0.9444762703125 0.4462039875 0.9429425281249999 0.4860812890625 0.9306725890624999 0.48761503125 0.921470134375 0.50755368125 0.9138014234374999 0.5182898765624999 0.8969302578124999 0.5980444781250001 0.9061327109375 0.6716641109375 0.8907952890624999 0.6977377296875 0.8907952890624999 0.7514187109375 0.8570529578125001 0.814302146875 0.8432492765624999 0.8388420249999999 0.8125744296875 0.889455521875 0.7742308718750001 1 0.775175696875 1 0.5312101234375