7 0.33259784375 0.3296875 0.33198055000000004 0.3295146578125 0.17858821875 0.2778922390625 0.0915675703125 0.238069228125 0.0694436765625 0.235119378125 0.0473197828125 0.291166575 0.0428950046875 0.32361495156250003 0.0428950046875 0.3296875 0.33259784375 0.3296875
7 0 0.2920670078125 0.05111080312500001 0.27331075 0.079134403125 0.2364375921875 0.11748248593749999 0.25118685625000003 0.13518159999999999 0.25118685625000003 0.2399013640625 0.20841399218749998 0.240625 0.1982830921875 0.240625 0.1867320015625 0.2177774703125 0.155316646875 0.1779544609375 0.139092459375 0.023087204687499998 0.19366472968749998 0 0.2000093046875 0 0.2920670078125
7 0 0.182275134375 0.034955753125 0.18759448750000002 0.1853982296875 0.13154729062499998 0.22374631250000002 0.1669455203125 0.2502949859375 0.20676852812500002 0.285693215625 0.22446764375 0.3166666671875 0.22594257031249998 0.339155259375 0.2359375 0.3479069859375 0.2359375 0.36238938125 0.2303673484375 0.4022123890625 0.2008688234375 0.4199115046875 0.199393896875 0.4296875 0.137071915625 0.4296875 0.12341387968749999 0.4199115046875 0.1197478796875 0.4169616515625 0.1094233953125 0.40368731562500004 0.1049986171875 0.30339233125 0.0990989125 0.2517699125 0.113848175 0 0.07580294374999999 0 0.182275134375
7 0.11854719843749999 0 0.124163440625 0.011232484375 0.1920100484375 0.107102690625 0.2436324671875 0.113002396875 0.2996796640625 0.1026779125 0.4014495765625 0.1085776171875 0.4102991328125 0.114477321875 0.4217099578125 0.1515625 0.42390269375 0.1515625 0.43684780625 0.14250092187500002 0.45159706875000005 0.117427175 0.4546875 0.1030051609375 0.4546875 0.09599983906250001 0.4383227328125 0.08645372343749999 0.28050562343749996 0.040731009375 0.1722207453125 0 0.11854719843749999 0
7 0 0 0 0.0765148375 0.055770828125000005 0.0875 0.057542860937499996 0.0875 0.0858660578125 0.08466768125 0.0859375 0.0835960484375 0.0859375 0.0604385609375 0.072591721875 0.040419893750000005 0.023510421875 0 0 0
7 0.254692109375 0.2894842359375 0.2886154140625 0.2599857109375 0.2890625 0.25596193437500003 0.2890625 0.245398025 0.2635416671875 0.212788071875 0.24141777343749998 0.2039385140625 0.1278484515625 0.246711375 0.12194874687499999 0.25408600625 0.2458425515625 0.3042334984375 0.254692109375 0.2894842359375
7 0.4569469046875 0.3296875 0.46642238281250004 0.32470040624999996 0.50625 0.28202795625 0.50625 0.27934988125000004 0.49592090781250003 0.27160306093750003 0.4811716453125 0.23767975625 0.46199760312500004 0.2199806421875 0.44429848749999995 0.20818123125 0.4280743 0.2052313796875 0.42069966875000003 0.196381821875 0.408900259375 0.196381821875 0.364652471875 0.225880346875 0.33515394375 0.25980365 0.292381084375 0.28045261875 0.27320704375 0.299626659375 0.27468196875 0.3084762171875 0.2968058640625 0.321750553125 0.32484974218749996 0.3296875 0.4019467875 0.3296875 0.408900259375 0.317325775 0.433974003125 0.30405143749999997 0.4383987828125 0.3055263640625 0.43458386562499995 0.3296875 0.4569469046875 0.3296875
6 1 0 0.8236724437499999 0 0.822420634375 0.005146328125 0.8189484125 0.031932042187499995 0.8194444437499999 0.0490451375 0.82217261875 0.058221725 0.8244047609375 0.060453868749999994 0.8654581890624999 0.0671875 0.8742912453125001 0.0671875 0.8814484125 0.0649181546875 0.959325396875 0.04854910625 0.9915674593749999 0.0401165671875 0.997519840625 0.0398685515625 1 0.040461632812499995 1 0
16 0.609375 0.3296875 0.70469879375 0.3296875 0.704836309375 0.32940228125000004 0.7132688500000001 0.3241939484375 0.7261656750000001 0.307576884375 0.7993303578125 0.20613839218750002 0.8067708328125001 0.195473709375 0.8109375 0.18779826875 0.8109375 0.17862475 0.8015625 0.1746403765625 0.79561011875 0.1696800578125 0.7933779765625 0.1535590265625 0.78916170625 0.1344618046875 0.7861855156249999 0.12950148749999998 0.7784970234374999 0.12330109062500001 0.7651041671875001 0.117348709375 0.7343501984375 0.107428075 0.675818453125 0.0910590265625 0.6544890875 0.086098709375 0.6435763890625 0.089322915625 0.609375 0.10364878125000002 0.609375 0.3296875
3 0.716004265625 0 0.7111359125 0.013417659374999998 0.7066716265624999 0.035491071875 0.7059275781250001 0.05458829375 0.7066716265624999 0.059052579687499995 0.708368053125 0.0609375 0.7112306125 0.0609375 0.7195684515625 0.058804564062499995 0.7346974203125 0.0521081359375 0.7416418640625 0.0513640875 0.7530505953125 0.0521081359375 0.7761160703125001 0.0595486109375 0.7999255953125 0.058804564062499995 0.8210069437499999 0.06004464375 0.8224950390625001 0.058804564062499995 0.8200148796875 0.0411954375 0.8210069437499999 0.021354167187500002 0.8237351187499999 0.0030009921875 0.8244853671874999 0 0.716004265625 0
13 0.919283234375 0.1164682546875 0.9207713296875 0.0896825390625 0.9172991078124999 0.08447420624999999 0.90886656875 0.0797619046875 0.8962177562499999 0.075049603125 0.8634796609375 0.0666170640625 0.8265252984375 0.060416667187499995 0.7898189484375 0.0581845234375 0.777666171875 0.060168651562499995 0.7727058515625 0.0641369046875 0.7598090281250001 0.11473214218750001 0.7759300578125 0.12093253906250001 0.7828745046875 0.125148809375 0.78684275625 0.1301091265625 0.7898189484375 0.14151785781249998 0.7925471234375 0.143501984375 0.7937872031250001 0.1459821421875 0.8056919656250001 0.14970238125 0.8245411718749999 0.153670634375 0.8359499015624999 0.155902778125 0.849838790625 0.15615079375000002 0.8667038703125 0.1616071421875 0.9009300578125 0.1678075390625 0.9130474046874999 0.16875 0.92495216875 0.16875 0.9265625 0.1679985109375 0.9265625 0.165240575 0.9234995046875 0.1635912703125 0.922011409375 0.1611111109375 0.922259425 0.15441468281249998 0.9207713296875 0.1519345234375 0.9197792671875 0.146230159375 0.919283234375 0.1164682546875
10 0.14089774375 0.3296875 0.1424764546875 0.41967394375 0.151608875 0.537253853125 0.1630244 0.571500428125 0.197270975 0.6205871859375 0.2075449484375 0.6719570484374999 0.2223851296875 0.6788063640625 0.24265124531249999 0.6796875 0.2492090203125 0.6796875 0.2760380984375 0.6673908390625 0.288595175 0.6491259984375001 0.289736728125 0.6194456328125 0.284028965625 0.6034638984375 0.301152253125 0.571500428125 0.30625 0.55212899375 0.30625 0.5436526609375 0.2850553359375 0.3296875 0.14089774375 0.3296875
10 0.27946624062500003 0.3296875 0.282883846875 0.4040204046875 0.29886558124999996 0.48621218749999995 0.3022902390625 0.5581299953125 0.31484731718750003 0.585527253125 0.3468107875 0.63233090625 0.351376996875 0.6574450625 0.36165097031250004 0.6814176640625 0.37584851874999997 0.6890625 0.4149697984375 0.6890625 0.4301441203125 0.6825592171875 0.44155964531249997 0.6642943765625 0.44384275000000006 0.62890625 0.43699343593749995 0.579819490625 0.44498430312500004 0.5661208625 0.446875 0.5500499375000001 0.446875 0.54229988125 0.44270119843750005 0.49534460468749997 0.43242722499999997 0.4519656109375 0.4312856734375 0.4040204046875 0.42101170000000004 0.33324414999999996 0.4196518046875 0.3296875 0.27946624062500003 0.3296875
10 0.4194305546875 0.3296875 0.4333547359375 0.400774115625 0.4402040515625 0.4749750296875 0.4470533671875 0.4920983171875 0.449336471875 0.568582334375 0.46988441718749996 0.5925549375 0.47330907499999997 0.610819778125 0.4927154671875 0.6313677234374999 0.50983875625 0.6850206906249999 0.5303878875 0.690625 0.5536280062500001 0.690625 0.5691994859375 0.6895869015625 0.5806150109375 0.6827375859375 0.58403966875 0.6713220609375 0.5817565625000001 0.6188106453125 0.5984375 0.55875926875 0.5984375 0.53191630625 0.5886058796875 0.5035138421875 0.5669163796875 0.395066353125 0.5573274828125 0.3296875 0.4194305546875 0.3296875
10 0.609375 0.6431102578125 0.60449129375 0.639854453125 0.582801796875 0.6387129 0.5782355859375 0.6786672375 0.5588291937500001 0.6877996578125 0.5371396984375 0.6900827625 0.534856590625 0.6992151828125 0.585084903125 0.8795804796875 0.609375 0.91428061875 0.609375 0.6431102578125
10 0.60100718125 1 0.6015625 0.9983340453124999 0.6015625 0.9588969781250001 0.6007134703125 0.9380957468750001 0.5744577625 0.821657390625 0.5379280828125 0.7177761125 0.53678653125 0.6949450625 0.5230878984375 0.6949450625 0.5116723750000001 0.6846710890625 0.49797374375 0.62987656875 0.4637271703125 0.6104701765625 0.4557363 0.5922053359375 0.4374714625 0.5864975734375 0.422631278125 0.62987656875 0.4306221453125 0.6709724593749999 0.399800228125 0.6949450625 0.3963755703125 0.7075021390625 0.4009417796875 0.7611551078125001 0.41121575468750005 0.79996789375 0.4192066203125 0.9175478015625 0.43176369843750007 0.9871825046874999 0.43789380468749994 1 0.60100718125 1
10 0.434375 1 0.434375 0.9897978671875001 0.41906392812500004 0.865122003125 0.40650684843749996 0.8114690359375001 0.40650684843749996 0.7441174375 0.390525115625 0.697313784375 0.3642694078125 0.674482734375 0.35856164375 0.632245290625 0.35285388125 0.6196882140625 0.333447490625 0.597998715625 0.31518265 0.5945740578125001 0.280936075 0.6071311359375 0.279794521875 0.6596425515625001 0.2603881296875 0.6858982593749999 0.2512557078125 0.7167201765625 0.25582191875000004 0.884528396875 0.26437537031249997 1 0.434375 1
10 0.2476951859375 1 0.24853381875 0.997331621875 0.2546875 0.7358001890625 0.2546875 0.7053082187499999 0.24168450312499998 0.687970890625 0.20857948125 0.66970605 0.20173016562499999 0.6286101593750001 0.1823237734375 0.605779109375 0.17661601093749998 0.6046375578125 0.1594927234375 0.6149115296875 0.1549265125 0.6343179234375 0.113830621875 0.6868293375000001 0.10241509687499999 0.7165097031250001 0.09099957187499999 0.8226740875 0.085291809375 0.949386415625 0.085291809375 1 0.2476951859375 1
0 1 0.3296875 0.8195649093749999 0.3296875 0.81259920625 0.35406746093749997 0.8117724875000001 0.378042328125 0.8134259265624999 0.4011904765625 0.8200396828125001 0.42103174531250004 0.834093915625 0.4416997359375 0.85641534375 0.45823412656249995 0.87542989375 0.46898148125 0.902711640625 0.4731150796875 0.928339946875 0.47724867656250003 0.9567928796875 0.4796875 0.9573728359375 0.4796875 0.9787698421875 0.4706349203125 0.996130953125 0.45823412656249995 1 0.45368230625 1 0.3296875
16 1 0.6779828359375 0.9914723875 0.6763888890625 0.9568659015625001 0.671875 0.9519179890625 0.671875 0.919547784375 0.68134920625 0.8542369375 0.70036375625 0.7963665671875 0.7152447093750001 0.7252686828125 0.7367394171874999 0.7178282078125 0.747486771875 0.7087342921875 0.7648478843750001 0.69881365625 0.7954365078125 0.689719740625 0.8111441796874999 0.683105984375 0.8194113749999999 0.6781456671875 0.8351190468749999 0.676492228125 0.8442129625 0.677318946875 0.8512400796874999 0.6921999 0.8615740734374999 0.7062541328125 0.88141534375 0.726922121875 0.908697090625 0.7393229156250001 0.9177910046874999 0.7756985765625 0.9434193125 0.8244750328125001 0.9756613749999999 0.856302465625 1 0.9725521453124999 1 0.975764715625 0.9979828046874999 1 0.98220700625 1 0.6779828359375
4 0.609375 0.9820186546875 0.648077878125 0.9513020828125001 0.7231026796875 0.9047991062499999 0.708841765625 0.8849578375 0.6958209328125 0.866356646875 0.680319940625 0.8527157750000001 0.6759796625 0.8465153781249999 0.6765997015625 0.8427951390625001 0.6796998999999999 0.835974703125 0.680319940625 0.8229538703125 0.68838045625 0.813033234375 0.6970610109375001 0.7981522828125 0.7051215265625 0.7770709328125001 0.7187623999999999 0.74296875 0.72744295625 0.734908234375 0.7826264890625 0.7181671609375 0.8625 0.6983535796875 0.8625 0.6981584828124999 0.8613715265625 0.6964657750000001 0.8495907734374999 0.63818204375 0.8433903765625 0.6251612109375 0.8446304578125 0.591059028125 0.8421502984375 0.5699776796875 0.8347098203125001 0.551996528125 0.8204489078125 0.5389756953125 0.8092881953125 0.53153521875 0.73798363125 0.551996528125 0.609375 0.5853395062500001 0.609375 0.9820186546875
1 0.609375 0.3296875 0.609375 0.518557490625 0.6154892859375 0.519605653125 0.6210696437500001 0.5289062484375 0.62851011875 0.5245659734375 0.630990278125 0.5307663703125 0.6601321437500001 0.5351066453125 0.7078751984375 0.5375868046875001 0.737389109375 0.5390625 0.7483067375 0.5390625 0.771119246875 0.5363467265625 0.79158055625 0.5326264890625 0.8077015875000001 0.5264260921874999 0.8306430562500001 0.5047247015625 0.8546875 0.49123635468749993 0.8546875 0.4817416296875 0.8504843265625001 0.45512152656250005 0.8393236109375 0.4458209328125 0.8275428578125 0.43156001875000005 0.817622221875 0.41047867031249996 0.8120418656249999 0.3906374 0.8126619046875 0.36707589375 0.8145220234374999 0.34599454375 0.818598784375 0.3296875 0.609375 0.3296875
7 1 0.503212396875 0.9979290671874999 0.5012400796875001 0.9873883921875001 0.5074404765625 0.9830481140625 0.513020834375 0.9712673593750001 0.5192212296875 0.9650669640625 0.5272817468750001 0.9712673593750001 0.5446428578125 0.976227678125 0.553943453125 0.9743675578125 0.571924603125 0.9551463281250001 0.571924603125 0.9501860109375 0.5768849203124999 0.9415054546875 0.578125 0.9408854156249999 0.59920635 0.95080605 0.610987103125 0.9632068437499999 0.625248015625 0.9749875984375 0.6364087296875001 0.9793278765625001 0.6432291671874999 0.9644469234375 0.6426091265625 0.9576264875 0.6333085328125 0.9501860109375 0.630208334375 0.9340649796875 0.6134672625 0.9191840265625 0.6029265875 0.910503471875 0.5948660718750001 0.9074032734374999 0.573784721875 0.9018229156249999 0.549603175 0.9024429546875 0.5427827390625 0.9123635906249999 0.5359623015625 0.9160838281250001 0.5297619046875 0.9080233124999999 0.510540675 0.8999627968749999 0.49131944531249994 0.8962425578125 0.481398809375 0.883221725 0.47457837343750003 0.8764012890625 0.47891865156249996 0.8683407734374999 0.48635912656249997 0.8571800578125 0.4950396828125 0.8589612640625 0.495484984375 0.8578000984375 0.5111607140625 0.8640004953125 0.5248015875 0.871440971875 0.5396825406250001 0.8807415671874999 0.54092261875 0.8869419640625 0.5427827390625 0.8906622015625001 0.5570436515624999 0.8925223203125 0.5768849203124999 0.898102678125 0.6023065484375 0.9005828359375 0.625248015625 0.9049231140625 0.648189484375 0.9092633921875001 0.6636904765625 0.924764384375 0.6717509921875 0.9294022796875 0.6734375 0.9372991109375001 0.6734375 0.9539062484375 0.671130953125 0.9687872015625001 0.6717509921875 0.9904885906249999 0.66865079375 0.9979290671874999 0.651909721875 1 0.651170103125 1 0.503212396875