12 0.36875 0 0 0 0 0.1259958140625 0.035529528125 0.123842509375 0.1705206484375 0.10075192343749999 0.2735401859375 0.05812314843750001 0.36057393437499996 0.0989757234375 0.36875 0.1057891125 0.36875 0
3 0.36875 0.3166176984375 0.37034375 0.31646874999999997 0.46934375 0.29446875 0.47934374999999996 0.29046875 0.48334375000000007 0.28446875 0.48634374999999996 0.22146875000000002 0.49534374999999997 0.18146875 0.50234375 0.16746875 0.51934375 0.15646875 0.5265625 0.1380208328125 0.5265625 0.13190673125000002 0.46334375000000005 0.07646875 0.40534375 0.01246875 0.39534375 0.01146875 0.36875 0.0202010265625 0.36875 0.3166176984375
3 0.718607421875 0.3890625 0.7073750000000001 0.37575 0.709375 0.37075 0.728375 0.36075 0.728375 0.34975 0.646375 0.20775000000000002 0.632375 0.17675000000000002 0.626375 0.17375000000000002 0.580375 0.19075 0.526375 0.19775 0.508375 0.20575000000000002 0.500375 0.21375000000000002 0.497375 0.22875 0.497375 0.25275 0.502375 0.27075 0.538375 0.33575 0.570375 0.38275000000000003 0.5730052078125001 0.3890625 0.718607421875 0.3890625
3 0.4496122515625 0 0.45575477500000006 0.0451136359375 0.453650534375 0.0623863640625 0.508360759375 0.1123863640625 0.5315073921875 0.13965909062499998 0.5704358203125001 0.13420454531249998 0.5977909312499999 0.117840909375 0.6440841984375 0.1051136359375 0.6693350703125001 0.11420454531249999 0.6861689859375 0.10693181874999999 0.691429584375 0.09147727343749999 0.671439309375 0.0832954546875 0.6377714796875 0.0732954546875 0.600947290625 0.0642045453125 0.5672794609375 0.0560227265625 0.5451849484375 0.0460227265625 0.5315073921875 0.027840909375 0.524897921875 0 0.4496122515625 0
3 0.551375 0.1959245609375 0.555375 0.1879245609375 0.559375 0.1949245609375 0.569375 0.1949245609375 0.630375 0.1759245609375 0.732375 0.3559245609375 0.729375 0.36192456093750003 0.719375 0.36592456093750003 0.720375 0.36992456093750004 0.733375 0.3769245609375 0.755375 0.3769245609375 0.770375 0.3709245609375 0.783375 0.3579245609375 0.7943749999999999 0.3329245609375 0.7993750000000001 0.2949245609375 0.8083750000000001 0.29192456093749997 0.787375 0.2249245609375 0.766375 0.10092456093749999 0.763375 0.0949245609375 0.7533749999999999 0.0949245609375 0.688375 0.1079245609375 0.689375 0.0949245609375 0.685375 0.0909245609375 0.611375 0.1109245609375 0.567375 0.1359245609375 0.530375 0.1409245609375 0.522375 0.1489245609375 0.525375 0.1539245609375 0.5233749999999999 0.15992456093750002 0.510375 0.15992456093750002 0.502375 0.1679245609375 0.493375 0.2019245609375 0.499375 0.2099245609375 0.507375 0.2099245609375 0.518375 0.20092456093750002 0.551375 0.1959245609375
18 0.36875 0.3890625 0 0.3890625 0 0.6869850796875 0.0310091625 0.68333694375 0.18890389999999999 0.659840703125 0.2979264578125 0.6391640109375001 0.36875 0.632767046875 0.36875 0.3890625
18 0.36875 1 0.36875 0.6244063093750001 0.344043703125 0.623972865625 0.1682918234375 0.6606270015625 0 0.6840008656250001 0 0.9741055078125 0.1399021875 1 0.36875 1
9 0.6772352421875001 0.3890625 0.6663736984374999 0.4169921875 0.65009765625 0.4397786453125 0.6387044265625 0.451171875 0.59638671875 0.44791666562500004 0.5605794265624999 0.45768229062500004 0.55244140625 0.501627603125 0.5849934890625 0.5423177078125 0.63544921875 0.5325520828125 0.6517252609374999 0.5081380203125 0.6663736984374999 0.4837239578125 0.6875325515625 0.47233072812500004 0.70869140625 0.4544270828125 0.73310546875 0.44140625 0.7200846359374999 0.46744791562500004 0.7103190109374999 0.49674479062500004 0.71845703125 0.5244140625 0.7298502609374999 0.555338540625 0.7119466140625 0.587890625 0.6777669265625 0.6025390625 0.6835286453125 0.6140625 0.6874218734374999 0.6140625 0.71845703125 0.599283853125 0.73798828125 0.5634765625 0.73798828125 0.5325520828125 0.7493815109374999 0.5146484375 0.7835611984375 0.560221353125 0.8030924484374999 0.579752603125 0.8421549484374999 0.594401040625 0.8388997390625 0.607421875 0.92841796875 0.6009114578125001 0.93818359375 0.568359375 0.92353515625 0.545572915625 0.9219075515625 0.5179036453125 0.9414388015625 0.45768229062500004 0.946875 0.426424153125 0.946875 0.41900356250000004 0.921016809375 0.3890625 0.6772352421875001 0.3890625
1 0.87421875 0.7564453125 0.9181640625 0.7499348953125 0.9051432296874999 0.663671875 0.9018880203125 0.5953125 0.8416666671874999 0.6067057296874999 0.7798177078124999 0.6180989578125 0.7619140625 0.6229817703125 0.727734375 0.61484375 0.7293619796874999 0.6197265625 0.7358723953125 0.7531901046874999 0.7830729171875 0.7694661453125 0.87421875 0.7564453125
9 0.767339409375 0.6170138890625 0.801519096875 0.6110460062499999 0.8373263890625001 0.6083333328125 0.840581596875 0.5947699656250001 0.82647569375 0.5931423609375 0.801519096875 0.5877170140625 0.761371528125 0.57957899375 0.7402126734375 0.581206596875 0.7261067703125 0.590972221875 0.72664930625 0.6164713546874999 0.742925346875 0.61864149375 0.767339409375 0.6170138890625
11 0.7423828125 0.620269096875 0.7304470484375 0.6175564234375 0.723394096875 0.620269096875 0.7261067703125 0.5920572921874999 0.7098307296874999 0.6029079859375 0.68975694375 0.61375868125 0.6859592015625 0.6370876734375 0.6913845484375 0.6511935765625 0.6984375 0.6647569437499999 0.71200086875 0.6897135421874999 0.7109157984375 0.69676649375 0.7163411453125 0.7038194437499999 0.728276909375 0.7314887156250001 0.73370225625 0.7287760421874999 0.7440104171874999 0.7125 0.733159721875 0.6907986109375 0.74346788125 0.673980034375 0.74618055625 0.6555338546874999 0.7423828125 0.620269096875