12 0 0.5837316171875 0.052573529687499995 0.6124080875 0.06139705937499999 0.62270220625 0.08561274375 0.6296875 0.41968750000000005 0.6296875 0.43051470625 0.62270220625 0.4584558828125 0.5771139703125 0.5275735296875 0.4315257359375 0.537867646875 0.355055146875 0.53198529375 0.33005514687500004 0.5202205875 0.3138786765625 0.4981617640625 0.3006433828125 0.45257352968750003 0.3021139703125 0.426102940625 0.26976102968750004 0.3775735296875 0.2609375 0.3584558828125 0.268290440625 0.3422794125 0.2874080875 0.287867646875 0.26534926406250003 0.2466911765625 0.27270220625 0.2202205875 0.30946691249999997 0.199632353125 0.3697610296875 0.1908088234375 0.3771139703125 0.0540441171875 0.391819853125 0 0.391819853125 0 0.5837316171875
3 1 0.08925048437500001 0.659375 0.090932584375 0.659375 0.416051475 1 0.41738464531249997 1 0.08925048437500001
3 0.757197903125 0 0.659375 0.0183978859375 0.659375 0.0928600703125 1 0.091057821875 1 0 0.757197903125 0
0 0 0.8881249999999999 0.021875 0.8881249999999999 0.049375 0.898125 0.049375 0.775625 0.006875000000000001 0.748125 0 0.7476508625 0 0.8881249999999999
0 0.26187499999999997 0.820625 0.259375 0.7731250000000001 0.21187499999999998 0.743125 0.139375 0.740625 0.079375 0.755625 0.056874999999999995 0.780625 0.061875 0.9106249999999999 0.11687499999999999 0.8931250000000001 0.159375 0.8931250000000001 0.196875 0.905625 0.21437499999999998 0.928125 0.216875 0.8931250000000001 0.20437500000000003 0.8556250000000001 0.224375 0.835625 0.26187499999999997 0.820625
0 0.27937500000000004 0.680625 0.26187499999999997 0.703125 0.26187499999999997 0.820625 0.319375 0.8256249999999999 0.356875 0.8456250000000001 0.399375 0.820625 0.469375 0.820625 0.469375 0.6956249999999999 0.409375 0.6681250000000001 0.32437499999999997 0.665625 0.27937500000000004 0.680625
0 0.546875 0.655625 0.499375 0.670625 0.479375 0.698125 0.484375 0.818125 0.5118750000000001 0.8481249999999999 0.5118750000000001 0.928125 0.591875 0.900625 0.659375 0.9060979734375 0.659375 0.6693092109375 0.6443749999999999 0.660625 0.546875 0.655625
0 0.06251865 1 0.059510809374999994 0.9082608453125 0.029510809375000002 0.8882608453125 0 0.88685556875 0 1 0.06251865 1
0 0.20534375 1 0.206875 0.9081250000000001 0.171875 0.8881249999999999 0.11687499999999999 0.8856249999999999 0.074375 0.900625 0.064375 0.913125 0.067477678125 1 0.20534375 1
0 0.2257142859375 1 0.244375 0.9881249999999999 0.284375 0.9806250000000001 0.354375 0.990625 0.356875 0.8456250000000001 0.319375 0.8231249999999999 0.26937500000000003 0.820625 0.226875 0.8306250000000001 0.20187499999999997 0.853125 0.21632172187499998 1 0.2257142859375 1
0 0.359375 0.8456250000000001 0.366875 0.993125 0.414375 0.9731249999999999 0.469375 0.9731249999999999 0.509375 0.990625 0.514375 0.843125 0.479375 0.820625 0.421875 0.815625 0.379375 0.8256249999999999 0.359375 0.8456250000000001
0 0.659375 1 0.659375 0.902637278125 0.594511421875 0.8956250000000001 0.544511421875 0.9081250000000001 0.509511421875 0.9356249999999999 0.511299615625 1 0.659375 1
13 1 0.7427921265624999 0.8196020125000001 0.7720875265625 0.7912817000000001 0.7799000265625 0.7727270125000001 0.7906422140625 0.7561254500000001 0.8101734640625 0.7541723250000001 0.8277515890625 0.7541723250000001 1 1 1 1 0.7427921265624999