1 0.0882051984375 0.43179848749999994 0.0690311578125 0.41999907812500004 0.0075126656250000005 0.509375 0.0969254125 0.509375 0.092629978125 0.4406480453125 0.0882051984375 0.43179848749999994
1 0.5070842546875001 0.41426321406250005 0.49233499218750004 0.41426321406250005 0.49380991874999997 0.45261129687499996 0.46283646718749993 0.44376173906250005 0.44366242656250005 0.4467115921875 0.44774917031249994 0.509375 0.55 0.509375 0.55 0.4400126609375 0.5070842546875001 0.41426321406250005
1 0.3418925140625 0.43786211562500005 0.321243546875 0.4334373359375 0.2887951703125 0.4806349765625 0.277937828125 0.509375 0.40778218906249997 0.509375 0.3787656703125 0.47178541875 0.3418925140625 0.43786211562500005
1 0.28142053906250003 0.456872234375 0.30206950625 0.36542680625 0.2533969390625 0.41704922499999997 0.24602230781249998 0.4332734140625 0.23127304531249998 0.4406480453125 0.217998709375 0.43917311875 0.2017745203125 0.45392238125000006 0.176700775 0.456872234375 0.0646063796875 0.3698515859375 0.063131453125 0.36395188125 0.07640578906249999 0.3433029125 0.06755623125 0.3418279875 0.043957410937500004 0.386075775 0.089680125 0.44654775 0.09705475625 0.501120021875 0.09934780625 0.509375 0.279092803125 0.509375 0.28732024375 0.4893206125 0.28142053906250003 0.456872234375
1 0.3094441375 0.3065894234375 0.27257098125 0.2918401609375 0.22832319375000001 0.28741538125 0.20029959375 0.2667664140625 0.18260047968749998 0.2844655296875 0.18702525781249998 0.25939178281249997 0.181125553125 0.25644193125000003 0.1250783546875 0.2549670046875 0.0867302734375 0.3257634640625 0.07640578906249999 0.378860809375 0.1781757 0.459981753125 0.23422289843750002 0.451132196875 0.24602230781249998 0.43933278593749997 0.2637214234375 0.4024596296875 0.3050193578125 0.3523121375 0.3050193578125 0.3464124328125 0.2755208328125 0.319863759375 0.306494284375 0.3183888328125 0.3094441375 0.3065894234375
1 0.35664177656249996 0.40377488906250003 0.471686025 0.41704922499999997 0.504134403125 0.4111495203125 0.5070842546875001 0.287255715625 0.5144588859375 0.2267837390625 0.3640164078125 0.19433536093749998 0.358116703125 0.2607070421875 0.3256683265625 0.2017099921875 0.25929664531249996 0.265131821875 0.269621128125 0.2887306421875 0.3123939890625 0.29168049375 0.3182936953125 0.41262444687500005 0.328618178125 0.4067247421875 0.3374677359375 0.38017606875 0.343367440625 0.383125921875 0.3448423671875 0.397875184375 0.35664177656249996 0.40377488906250003
1 0.33024990781249997 0.40967459375 0.32582512812500003 0.43179848749999994 0.355323653125 0.44654775 0.4010463671875 0.5025949484375001 0.449718934375 0.5055448015625 0.44676908125 0.44654775 0.4600434171875 0.44359789843749997 0.495441646875 0.45392238125000006 0.4895419421875 0.41704922499999997 0.33909946406249997 0.4022999625 0.33024990781249997 0.40967459375
13 0.55 0 0.55 0.3072354328125 0.673982734375 0.34167508125 0.7224480015625 0.3352130453125 0.85976625625 0.259284128125 0.8888454156250001 0.2302049671875 0.9017694875 0.2011258078125 0.9017694875 0.186586228125 0.9114625406249999 0.175277665625 1 0.1262415328125 1 0.06893534999999999 0.98254493125 0.0589610265625 0.8839988890624999 0.0379594109375 0.8290715875 0.013726776562500001 0.7829888359375 0 0.55 0
14 0.1677083328125 0.6813066984375 0.1616696859375 0.7211617703125001 0.1483846625 0.927683509375 0.1508001203125 0.9687463109375001 0.4732638890625 0.9627076640625001 0.49379529062499994 0.9590844765625001 0.497418478125 0.6909685343749999 0.49379529062499994 0.6813066984375 0.3126358703125 0.674060321875 0.17374698125000002 0.674060321875 0.1677083328125 0.6813066984375
14 0.171331521875 0.6870999390625 0.415292875 0.6919308578125001 0.497418478125 0.68830766875 0.50122555625 0.509375 0.17075259375000001 0.509375 0.1677083328125 0.6798535625000001 0.171331521875 0.6870999390625
13 0.62373046875 0.85205078125 0.64521484375 0.8486328125 0.6583984375 0.84228515625 0.665234375 0.83642578125 0.675 0.8193359375 0.6759765625 0.80078125 0.6662109375 0.75830078125 0.618359375 0.51025390625 0.61794921875 0.509375 0.55 0.509375 0.55 0.8688077062499999 0.62373046875 0.85205078125
13 1 0.509375 0.6278780765625 0.509375 0.641796875 0.56103515625 0.65693359375 0.60693359375 0.6662109375 0.62744140625 0.68134765625 0.6435546875 0.69013671875 0.6484375 0.70576171875 0.65234375 0.71455078125 0.65185546875 0.747265625 0.64404296875 0.88349609375 0.60498046875 0.98212890625 0.57421875 1 0.56826171875 1 0.509375
13 1 0.5980364859375 0.9943359375 0.59912109375 0.85126953125 0.638671875 0.7775390625 0.65625 0.739453125 0.66845703125 0.7169921875 0.6728515625 0.69501953125 0.6796875 0.6818359375 0.689453125 0.675 0.70068359375 0.67255859375 0.71142578125 0.67255859375 0.7255859375 0.6759765625 0.74365234375 0.72578125 0.92626953125 0.73359375 0.9423828125 0.74873046875 0.95654296875 0.770703125 0.96728515625 0.78828125 0.96630859375 0.92060546875 0.9208984375 1 0.8975471046875001 1 0.5980364859375