19 0.00252535 0 0.010750829687500001 0.020563699999999997 0.035824575 0.060386709375 0.13647627812500002 0.0671875 0.1449978109375 0.0671875 0.1464440453125 0.038262815625 0.1727497296875 0 0.00252535 0
19 0 0.3261177171875 0.012043690625 0.328125 0.017144934375 0.328125 0.07470501406249999 0.30366196562500003 0.13370206406250001 0.2726885140625 0.1366519171875 0.237290284375 0.16910029375 0.24466491562499998 0.179424778125 0.23434043125 0.184375 0.21825220937499998 0.184375 0.21168495312500002 0.176474925 0.1827180125 0.1469764 0.16796875 0.11600295000000001 0.16796875 0.08355457187500001 0.17681830781250002 0.0437315625 0.1989422015625 0 0.197991515625 0 0.3261177171875
19 0.1988315828125 0.37734375 0.255816875 0.4015625 0.26757390000000003 0.4015625 0.3315749453125 0.34047059375 0.365625 0.27520798750000003 0.365625 0.2663325015625 0.36254839687499996 0.25197501875 0.29322686249999996 0.175278853125 0.22538025468749998 0.2681992078125 0.189982025 0.3493201515625 0.1914569515625 0.367019265625 0.1988315828125 0.37734375
19 0.56875 0.23747362187499998 0.55464601875 0.252300884375 0.48919616406250005 0.2965486734375 0.4670722703125 0.31867256718750003 0.4845870203125 0.3472492640625 0.5226514421874999 0.390625 0.5428062515625001 0.390625 0.56875 0.3693982953125 0.56875 0.23747362187499998
19 0.13728337031249999 0.254901825 0.1345178828125 0.271494746875 0.158485434375 0.29822778437499997 0.1778438421875 0.3212735078125 0.194240415625 0.325 0.19856540312499998 0.325 0.2101078546875 0.3019150984375 0.225 0.2703787890625 0.225 0.2684069359375 0.1990459078125 0.2576673125 0.1778438421875 0.24752719375 0.1446580015625 0.2364652484375 0.134375 0.2347514140625 0.134375 0.2389057890625 0.13728337031249999 0.254901825
19 0.40424963125 0.23476292656250003 0.363689159375 0.26794876875 0.3535490421875 0.2928381484375 0.35631452812500003 0.29191632031250003 0.36645464687499996 0.283619859375 0.393187684375 0.268870596875 0.425451696875 0.239372071875 0.459559365625 0.22370097968749997 0.5047289828125 0.2255446375 0.5231655609375 0.2430593875 0.5038071546875 0.27347974218750004 0.432826328125 0.290994490625 0.3913440265625 0.2965254640625 0.35631452812500003 0.293759978125 0.33142514843750004 0.3361641078125 0.3248338296875 0.346875 0.34441664843750003 0.346875 0.3682983046875 0.345382396875 0.42729535468749996 0.3435387390625 0.46601216875 0.3315549625 0.4678558265625 0.3177275296875 0.49366703593750005 0.29744729375 0.5351493375 0.26518328125 0.5359375 0.2482377875 0.5359375 0.22132265625 0.5286965343750001 0.192358796875 0.51025995625 0.18590599531250002 0.47799594375 0.1794531921875 0.44388827500000005 0.19143696875 0.415311578125 0.2126390328125 0.40424963125 0.23476292656250003
19 0.3322637828125 0 0.33125 0.007907500000000001 0.33125 0.0125869453125 0.3492041609375 0.0466998515625 0.37593719999999997 0.070667403125 0.41373218593749994 0.063292771875 0.44230888124999995 0.0577617984375 0.4671982625 0.051308998437499996 0.51144605 0.0642146015625 0.5363354296875 0.07988569375 0.5556938375 0.0761983765625 0.56875 0.07866846093749999 0.56875 0.0635122984375 0.5649121265625 0.060527285937499994 0.54555371875 0.0651364296875 0.47549472187499997 0.043934365625 0.4330905921875 0.023654131249999998 0.4502398375 0 0.3322637828125 0
19 0.17051991093750002 0.16248386875 0.146552359375 0.1569528953125 0.1115228609375 0.11639242187500001 0.1235066359375 0.104408646875 0.151161503125 0.10164315937499999 0.176050884375 0.094268528125 0.1557706484375 0.094268528125 0.1447087015625 0.0813629234375 0.11336651874999999 0.0804410953125 0.0792588484375 0.0804410953125 0.05160398125 0.0951903578125 0.0304019171875 0.1145487640625 0.033167403125 0.1541874078125 0.035864853125 0.19375 0.042252796875 0.19375 0.053447639062499996 0.19198239374999998 0.06911873125 0.18276410468749998 0.0940081109375 0.16893667031249998 0.129037609375 0.16248386875 0.17236356875 0.17446764374999998 0.17051991093750002 0.16248386875
19 0.15047704687500002 0.1584116890625 0.1679917953125 0.160255346875 0.17628825625 0.1915975296875 0.187350203125 0.2275488578125 0.19749032187499999 0.25796921093749997 0.2217930796875 0.2671875 0.2249370328125 0.2671875 0.246347253125 0.23953263281249998 0.2684711453125 0.2100341078125 0.284375 0.1773428546875 0.284375 0.1746735890625 0.2749239484375 0.1574898609375 0.26109651562499997 0.1169293875 0.212239584375 0.10402378281249999 0.1712678328125 0.0921875 0.17036843906250002 0.0921875 0.14402424375 0.102180125 0.1246658375 0.10402378281249999 0.11452571874999999 0.11877304531249999 0.120978521875 0.13352230781250002 0.13204046875 0.1436624265625 0.15047704687500002 0.1584116890625
19 0.173658125 0 0.165122603125 0.00673856875 0.1485296828125 0.03162795 0.142998709375 0.0592828171875 0.16051345781249998 0.0823285390625 0.1887507046875 0.096875 0.1928081984375 0.096875 0.20476124687500002 0.0897031703125 0.1780282078125 0.08325036875 0.16973174687499998 0.0712665921875 0.182637353125 0.043611725000000004 0.219510509375 0.026096976562500002 0.2794293875 0.0297842921875 0.31353705781249996 0.0463772125 0.342113753125 0.050986356249999996 0.3172243734375 0.03623709375 0.26375829687499996 0.010425884375 0.2418639390625 0 0.173658125 0
19 0.3113615421875 0.1900765125 0.312065203125 0.1921875 0.31238855625 0.1921875 0.3205798296875 0.1412195796875 0.340625 0.0950285328125 0.340625 0.091205753125 0.3205798296875 0.0711605828125 0.3021432515625 0.0757697265625 0.2920031328125 0.1135647125 0.296612278125 0.1578125 0.3104397109375 0.1900765125 0.3113615421875 0.1900765125
19 0.2078125 0.095893953125 0.2078125 0.096605365625 0.213938053125 0.10273091875 0.2130162234375 0.103652746875 0.221312684375 0.1045745765625 0.24159292031250001 0.111027378125 0.26279498437500004 0.11471469375000001 0.265560471875 0.12393298281250001 0.27083267499999997 0.1546875 0.2816579125 0.1546875 0.2969026546875 0.1525096796875 0.29505899687500003 0.135916759375 0.292293509375 0.09996543125 0.3051991140625 0.0769197078125 0.321792034375 0.06862324843749999 0.34299409999999997 0.0944344578125 0.3734375 0.0747357875 0.3734375 0.0738273921875 0.354056046875 0.066779590625 0.317182890625 0.0501866703125 0.2757005890625 0.044655696875 0.2572640109375 0.0511085 0.228687315625 0.0713887359375 0.2078125 0.095893953125
19 0.56875 0 0.450281821875 0 0.43514933593749994 0.01729426875 0.44344579531250006 0.026512559375 0.5070519906250001 0.0292780453125 0.499677359375 0.048636453125 0.521801253125 0.06154205625 0.5669708703125 0.0670730296875 0.56875 0.06823630625 0.56875 0
19 0.56875 0.14534962812500002 0.5647561765625 0.1404682875 0.5509287421875 0.0989859890625 0.5205083890625 0.0630346609375 0.4781042578125 0.05289454375 0.423716353125 0.060269173437500004 0.3785467359375 0.0685656328125 0.3490482109375 0.0833148953125 0.3370644359375 0.1026733046875 0.32139334375 0.1432337765625 0.31678419999999996 0.19762168125 0.33614260625000003 0.22527654843749997 0.3555010140625 0.24647861249999997 0.368688928125 0.2640625 0.3701242921875 0.2640625 0.39513965624999997 0.237260325 0.4200290375 0.20776180000000002 0.43385647031249996 0.1718104734375 0.44215293125 0.1441556046875 0.4734951140625 0.16535767031249998 0.47718242968749996 0.178263275 0.5158992437500001 0.184716078125 0.53341399375 0.20038716875 0.5398667953125 0.228963865625 0.537101309375 0.2501659296875 0.541710453125 0.258462390625 0.56875 0.23306160468749998 0.56875 0.14534962812500002
19 1 0.059971993749999994 0.9978422609375001 0.0591055 0.970560515625 0.050176928125 0.9492311499999999 0.0452166109375 0.9445188484375 0.0424884359375 0.939310515625 0.0350479609375 0.9331101187499999 0.030335659375 0.9043402781250001 0.030335659375 0.89813988125 0.029343595312499998 0.8941716265625 0.027607484375 0.8879712296875001 0.02091105625 0.8854910703125001 0.0196709765625 0.876810515625 0.0194229609375 0.864409721875 0.023143198437500002 0.8574652781250001 0.027111453125 0.8472966265625 0.0352959765625 0.8348958328125 0.046952721875 0.826711309375 0.0613376421875 0.820262896875 0.07770669062499999 0.814806546875 0.0886193890625 0.8128224203125001 0.0955638328125 0.8100942453125001 0.09978010312499999 0.8081101187499999 0.0972999453125 0.8076140875 0.0940757375 0.8058779765625002 0.0600975640625 0.8041418640625 0.049680896875000005 0.8026537687499999 0.0474487546875 0.7999255953125 0.0476967703125 0.79893353125 0.04893685 0.792237103125 0.062577721875 0.7900049593749999 0.06853010312499999 0.7840525796875 0.09581185 0.7761160703125001 0.12358962656250001 0.7746279765625 0.1382225640625 0.7691716265625 0.161784071875 0.7681795625 0.1704646265625 0.7681795625 0.17666502343749999 0.77041170625 0.1893138328125 0.7736359125 0.20022653125 0.779836309375 0.21386740468749998 0.796453371875 0.23866899218749998 0.8061259921874999 0.250077721875 0.83018353125 0.27091105625 0.8410962296875001 0.2790955796875 0.851512896875 0.290504309375 0.861681546875 0.29943288125 0.8636656734375 0.302409071875 0.8673859125 0.31406581718750004 0.879538690625 0.319026134375 0.8822668640625 0.321754309375 0.8849950390625001 0.3269626421875 0.8877232140625001 0.3291947859375 0.896155753125 0.333659071875 0.905332340625 0.32969081718750004 0.911284721875 0.3234904203125 0.9159970234374999 0.32249835781249997 0.9341021828125001 0.331426928125 0.9507192453125001 0.337875340625 0.9621279765625002 0.3393634359375 0.9809771828125001 0.3388674046875 0.982961309375 0.340107484375 0.9807291656250001 0.35275629375 0.9794890875 0.3549884359375 0.9742807531250002 0.36094081718750004 0.967584325 0.36540510312499996 0.9648561499999999 0.3706134359375 0.9631200390625001 0.375077721875 0.9631200390625001 0.37854994531249997 0.9668402781250001 0.38772653125 0.9665922609375001 0.39045470625 0.9591517859375 0.39963129375 0.957663690625 0.40310351562499996 0.9636160703125001 0.41525629375 0.9698164671875 0.42393685000000003 0.976512896875 0.43658565937500005 0.9871775796875 0.448986453125 1 0.4600992171875 1 0.059971993749999994
12 0 0.55 0 0.64375 0.00903806875 0.64375 0.040678070312499995 0.6400992296875 0.062794975 0.627461 0.092810771875 0.627461 0.1046875 0.6081613171875 0.1046875 0.6003967046875001 0.098807884375 0.55 0 0.55
12 0.0619585375 1 0.07413601875 0.9726006703125 0.080455134375 0.9078297390625 0.048859557812499996 0.8525374796874999 0.08993380625 0.8351599125 0.0994124796875 0.820941903125 0.1015625 0.803741740625 0.1015625 0.79440351875 0.08361469218749999 0.771968759375 0.09309336406249999 0.7166764999999999 0.0851944703125 0.7071978265625 0.039380884375 0.7008787109375 0.0235830953125 0.738793403125 0.025162875 0.7498518546875 0 0.7687240109375 0 0.9990458640625001 0.017263981249999998 0.9994569109375 0.019074278125 1 0.0619585375 1
12 0.34975488593750004 0.55 0.342720675 0.5734473734375001 0.33008244375 0.584505825 0.2905879734375 0.5813462687500001 0.27163062656250003 0.5687080375 0.2352957140625 0.5576495859375 0.189482128125 0.562388921875 0.1752641203125 0.5892451624999999 0.18474279375 0.6145216234374999 0.18158323437499999 0.6429576421875 0.1879023484375 0.672973440625 0.21475858906249998 0.6824521125 0.2252098203125 0.6828125 0.2660594390625 0.6828125 0.331662225 0.668234103125 0.352199346875 0.6476969796875001 0.3806353671875 0.6445374218750001 0.3995927125 0.6350587484375 0.423289396875 0.6097822875000001 0.4738423171875 0.590824940625 0.48332099062499995 0.5734473734375001 0.48434044062500003 0.55 0.34975488593750004 0.55
12 0.56875 0.734238003125 0.5562648109375 0.7321571375 0.540467021875 0.7463751484375 0.5341479062500001 0.7890291765624999 0.5230894546875 0.7969280703124999 0.4930736578125 0.8000876281250001 0.47727586874999994 0.8174651953125001 0.4741163109375 0.8569596656249999 0.483594984375 0.9011934734375 0.491493878125 0.9154114828125 0.5262490125 0.9359486078125 0.5420468015625 0.9738633 0.553105253125 0.9817621937500001 0.56875 0.985021515625 0.56875 0.734238003125
12 0.3181966515625 0.7653324953125 0.251845940625 0.7669122734375 0.2249897 0.7590133796874999 0.2186705859375 0.7511144859375 0.2044525765625 0.7558538218749999 0.182335671875 0.7511144859375 0.17127722031249998 0.7653324953125 0.1681176625 0.7969280718749999 0.20129301875 0.8064067453125 0.20603235468749997 0.812725859375 0.22025036406249998 0.8095663015625 0.23446837343750002 0.817465196875 0.31977643125 0.8222045328125 0.3387337765625 0.8143056390625001 0.3403135546875 0.79534829375 0.349792228125 0.7969280718749999 0.35769112187499996 0.8443214375 0.33715399687500003 0.9343688296874999 0.3450528921875 0.9691239640625 0.3902172328125 0.9703125 0.4056434078125 0.9703125 0.42088227500000003 0.959645290625 0.4240418328125 0.9470070609375 0.43983962187500003 0.9406879437500001 0.440625 0.9351902953125 0.440625 0.9280406937500001 0.43352050625 0.9138317046875001 0.39718559375 0.894874359375 0.39244625625 0.8237843125 0.3861271421875 0.7890291781250001 0.378228246875 0.7779707265625 0.3181966515625 0.7653324953125
14 0.56875 0.55 0.56875 0.719201175 0.58008853125 0.754942196875 0.5810436640625001 0.775 0.61117025 0.775 0.70508853125 0.756407040625 0.73926821875 0.746153134375 0.7797955625 0.731016415625 0.81836978125 0.722227353125 0.827647125 0.721739071875 0.83204165625 0.718809384375 0.8325299375 0.713926571875 0.81544009375 0.687071103125 0.81739321875 0.653867978125 0.81544009375 0.632383603125 0.7997645671875 0.55 0.56875 0.55
14 0.6701171875 0.7884765625 0.65986328125 0.88076171875 0.6466796875 0.9466796875 0.64619140625 0.95693359375 0.67060546875 0.96279296875 0.8078125 0.9837890625 0.809765625 0.98037109375 0.8107421875 0.965234375 0.81123046875 0.92763671875 0.81953125 0.8900390625 0.8234375 0.855859375 0.8296875 0.830859375 0.8296875 0.8018780046874999 0.82392578125 0.79921875 0.766796875 0.79384765625 0.70625 0.78212890625 0.675 0.7787109375 0.67158203125 0.7806640625 0.6701171875 0.7884765625