10 0.1436330015625 0.0408250296875 0.0904929046875 0.0408250296875 0.060299667187499996 0.0541100546875 0.0542610203125 0.0746414546875 0.0566764796875 0.2859941125 0.069961503125 0.31497962031250004 0.0929083640625 0.3439651265625 0.117062953125 0.39589749375 0.1516164703125 0.4078125 0.155495178125 0.4078125 0.1774494265625 0.406767059375 0.19073445 0.4007284125 0.204019475 0.3826124703125 0.21126585156250002 0.34879604531249997 0.223343146875 0.330680103125 0.2296875 0.3084748671875 0.2296875 0.2461705796875 0.21368131093749998 0.2038685078125 0.21247358125 0.165221165625 0.204019475 0.120535175 0.18711126250000001 0.0734337265625 0.1605412140625 0.04807140625 0.1436330015625 0.0408250296875
10 0.271290425 0.039085146875 0.2217735171875 0.04874698125 0.2072807625 0.0608242765625 0.2015625 0.0836973265625 0.2015625 0.08775552812500001 0.21211168125 0.1791817640625 0.22781216406250002 0.2033363546875 0.22418897499999998 0.2178291078125 0.22901989375 0.23956823749999998 0.22781216406250002 0.267346015625 0.23747400000000002 0.3204861109375 0.2410971875 0.3265247578125 0.26162858906249997 0.3337711359375 0.28215999062499997 0.34947161875 0.3002759328125 0.3857035015625 0.315976415625 0.4014039859375 0.34113666875000004 0.415625 0.367625721875 0.415625 0.3908556421875 0.378457125 0.38964791249999997 0.3144474640625 0.3953125 0.29292202968750003 0.3953125 0.285266278125 0.392063371875 0.23111413125000002 0.37636288906250004 0.1924667875 0.3570392171875 0.122418478125 0.332884628125 0.0668629234375 0.307522309375 0.04512379375 0.271290425 0.039085146875
10 0.5796875 0.3456349203125 0.572433575 0.3031476453125 0.574849034375 0.234307065625 0.5712258453125 0.21860658281249998 0.4746074875 0.051939915625 0.4528683578125 0.04107035 0.4057669078125 0.0374471625 0.3659118359375 0.053147645312500005 0.3526268125 0.0785099640625 0.35625 0.10870320156249999 0.37315821250000003 0.1545969203125 0.38161231875 0.2065292875 0.3936896140625 0.2379302546875 0.4021437203125 0.298316728125 0.4105978265625 0.3116017515625 0.4311292265625 0.3285099640625 0.4709843 0.3514568234375 0.49513888906250003 0.38527325 0.5139061390624999 0.3921875 0.5279408265625001 0.3921875 0.5567330921875 0.38768870781250003 0.5736413046875 0.3731959546875 0.5796875 0.3560650671875 0.5796875 0.3456349203125
10 0.5796875 0.027306481249999997 0.549849034375 0.025441576562500002 0.519655796875 0.031480223437499996 0.48825483125 0.0447652484375 0.4822161828125 0.05201162499999999 0.48100845468750003 0.06529665 0.52569444375 0.14621452343750002 0.5377717390625001 0.1800309484375 0.5607185984374999 0.21384737343750002 0.5655495171875 0.2512869875 0.558303140625 0.28872660156249996 0.5796875 0.32317918125 0.5796875 0.027306481249999997
10 0 0.6390625 0.1671875 0.6390625 0.1671875 0.5423600296875 0.1587711359375 0.5050875609375 0.1599788640625 0.488179346875 0.15152475781250002 0.45798611093749997 0.1418629234375 0.45557065156250004 0.133408815625 0.44470108750000004 0.13220108749999998 0.4302083328125 0.10804649687500001 0.3758605078125 0.10080012187500001 0.3480827296875 0.0899305546875 0.3372131640625 0.07543780156249999 0.333589975 0.059737318750000004 0.344459540625 0.04282910625 0.37465277812500003 0 0.41308915468749996 0 0.6390625
10 0.40579367499999996 0.6390625 0.376913496875 0.5286382859375001 0.3744980375 0.49361413125000003 0.360005284375 0.43926630468749994 0.346720259375 0.42115036093749997 0.295995621875 0.384918478125 0.289956975 0.3692179953125 0.27667195 0.3680102640625 0.2694255734375 0.34506340468749996 0.25372509062500004 0.3354015703125 0.24164779531249997 0.3354015703125 0.2126622890625 0.35110205156249996 0.19696180624999998 0.3945803140625 0.1740149453125 0.43322765781249994 0.1679762984375 0.4549667859375 0.1703917578125 0.54433876875 0.1764304046875 0.5829861109375 0.1742313296875 0.6390625 0.40579367499999996 0.6390625
10 0.5796875 0.6390625 0.5796875 0.49778958281249996 0.5699954703125 0.48110658125 0.5506718 0.4533288046875 0.531348128125 0.43521286249999996 0.516855375 0.4038118953125 0.4939085140625 0.37965730625 0.4830389484375 0.360333634375 0.42869112343750004 0.3301403984375 0.4009133453125 0.3277249390625 0.38883605 0.33255585781249997 0.38762832187499996 0.3724109296875 0.37917421406249996 0.390526871875 0.37072010781250003 0.4013964375 0.355019625 0.402604165625 0.3417346015625 0.4122660015625 0.3526041671875 0.43642059062499994 0.357435084375 0.5040534421875 0.38038194375 0.5499471609375 0.3924592390625 0.6006717984375001 0.41057518125000003 0.6248263890625 0.4123546953125 0.6390625 0.5796875 0.6390625
14 0.6893952765625 0 0.6782006046875 0.012438521875 0.6749747984375001 0.043083684375 0.6846522187499999 0.305986909375 0.6781213234375001 0.6390625 1 0.6390625 1 0.0072298390625 0.9733618953125 0.0075998125 0.7844522328125001 0 0.6893952765625 0
14 0.23228364531249998 0.6390625 0.23517164375 0.8058443921875 0.238866225 0.8403271515625 0.2450238609375 0.8489478406250001 0.335710471875 0.8546875 0.3594515484375 0.8546875 0.3928071125 0.85387395 0.4322159796875 0.8464847875 0.45625 0.851291590625 0.45625 0.7947414421875 0.45561499375 0.734415821875 0.44699430468749995 0.67407099375 0.444974584375 0.6390625 0.23228364531249998 0.6390625
14 0.47834527343750005 1 0.4661176109375 0.8618726921875 0.46119150312499996 0.8507889484375 0.4439501234375 0.8507889484375 0.3688269703125 0.8655672734375 0.2912407640625 0.8594096375 0.2432112078125 0.8606411640625 0.2476635671875 1 0.47834527343750005 1
14 0.2489559515625 1 0.23994766093750003 0.8738839296875 0.22270628124999997 0.8701893484375001 0.1414254921875 0.8738839296875 0.1192580046875 0.883736146875 0.121721059375 0.876346984375 0.1131003703125 0.8701893484375001 0.0872383 0.868957821875 0.0379772171875 0.8701893484375001 0.0330511078125 0.8775785109375001 0.0207358375 0.8812730921874999 0.0182727828125 0.9859528953125001 0.0219673640625 0.99949969375 0.0229679765625 1 0.2489559515625 1
14 0.0294347015625 0.6390625 0.020828203125 0.776766471875 0.020828203125 0.88125 0.0264874203125 0.88125 0.233882390625 0.8740571109375 0.2375 0.863204284375 0.2375 0.8587399250000001 0.23634544218750003 0.7952393765625001 0.22918136718749998 0.6390625 0.0294347015625 0.6390625
19 1 0.6535899796875 0.9460977921874999 0.6616753109375 0.869847359375 0.6596144875000001 0.8543911906249999 0.6647665453125 0.84099584375 0.6771314796875 0.8317221421875001 0.6987701171875 0.8389350203125 0.7152566968749999 0.8482087234375 0.725560809375 0.858512834375 0.7338040984374999 0.8708777703124999 0.7420473890625 0.8976684625000001 0.7533819125 0.9224797531250001 0.7578125 0.9297993828125 0.7578125 0.9780405421874999 0.7471994468750001 1 0.7290590234375001 1 0.6535899796875
19 0.639702653125 0.6390625 0.6376941828125 0.6403058390624999 0.6260998796874999 0.6564090375 0.6112849359375 0.69570084375 0.608708425 0.7246866015625 0.616437959375 0.760113640625 0.62674400625 0.783302246875 0.650576740625 0.8084232374999999 0.6737653484375 0.8193734140625001 0.6906451062500001 0.825 0.702050815625 0.825 0.7214308171875 0.82323818125 0.766519775 0.809067365625 0.7980820453125 0.784590503125 0.8116087328124999 0.7536723609375 0.8171875 0.739167565625 0.8171875 0.7311462 0.8116087328124999 0.6937684609375 0.809032221875 0.6615620609375 0.8032350703125001 0.64674711875 0.7980820453125 0.6493236296875 0.7961496609375001 0.6725122375 0.7961496609375001 0.696344971875 0.791640765625 0.7208218343749999 0.7652315187500001 0.7446545703125 0.7413987859375 0.760113640625 0.7124130265625 0.7665549203124999 0.6756977328125 0.7665549203124999 0.6441354609375 0.7549606171875001 0.6318970312500001 0.7362809046875001 0.6389824375 0.6976332281250001 0.6460678453125 0.67122398125 0.6557297640625 0.6538325265625 0.6634593015625 0.646102990625 0.6750536046875 0.6506118859375001 0.68463114375 0.6390625 0.639702653125 0.6390625
19 0.5796875 0.8035081625 0.6265625 0.7927323 0.6265625 0.7893174171874999 0.617025728125 0.77637465625 0.61118146875 0.7513278296875 0.6078418921875001 0.735464840625 0.6086767859375 0.7337950515625 0.5796875 0.7392568015625 0.5796875 0.8035081625