18 0.3412213171875 0.531151871875 0.3412213171875 0.5214900359375 0.346052234375 0.4949199875 0.35692179999999996 0.47801177499999997 0.3617527171875 0.43574124375 0.362960446875 0.33429196875 0.3726222828125 0.228011775 0.3726222828125 0.19419535000000002 0.3641681765625 0.166417571875 0.3388058578125 0.154340278125 0.21803291093750002 0.15917119531249999 0.0912213171875 0.1531325484375 0.08518266875 0.1640021140625 0.08795491562499999 0.56875 0.35417259687499997 0.56875 0.35209088125 0.539605978125 0.3412213171875 0.531151871875
18 0.3846995765625 0.1676253015625 0.3750377421875 0.17366394999999998 0.3665836359375 0.217142209375 0.35716557031249996 0.56875 0.459375 0.56875 0.459375 0.17009391093749998 0.3846995765625 0.1676253015625
12 0.9527199749999999 0 0.9561710109374999 0.041412420312499996 0.9498518953125 0.0682686609375 0.9498518953125 0.22624654375 0.9593305687499999 0.25152300625 0.9846070296875 0.26416123593749996 1 0.2625119890625 1 0 0.9527199749999999 0
12 0.5849229859375 0.134619371875 0.5707049765625001 0.1614756125 0.58018365 0.1867520734375 0.5770240921875 0.2151880921875 0.58334320625 0.24520389062499998 0.610199446875 0.2546825625 0.6560130328125 0.2562623421875 0.72710308125 0.24046455312499998 0.7476402046875 0.2199274296875 0.776076225 0.216767871875 0.7950335703125 0.2072891984375 0.8187302531249999 0.1820127375 0.869283175 0.16305539062500002 0.8787618484375 0.1456778234375 0.8803416265624999 0.1093429109375 0.904038309375 0.07300799687500001 0.8914000796874999 0.05563043125 0.8740225125000001 0.0461517578125 0.8645438390625 0.0477315359375 0.8329482625000001 0.0809068921875 0.8013526859375 0.0761675546875 0.7681773296875 0.0888057859375 0.7476402046875 0.11408224687499999 0.7381615328125 0.1456778234375 0.7255233015625 0.156736275 0.68602883125 0.15357671875 0.667071484375 0.1409384875 0.630736571875 0.1298800359375 0.5849229859375 0.134619371875
12 1 0.36900054375 0.9972452609375001 0.3684266390625 0.9893463671875 0.309974821875 0.951431675 0.30365570625 0.9356338859375001 0.3178737171875 0.9293147703125 0.3605277453125 0.9182563187499999 0.3684266390625 0.888240521875 0.371586196875 0.8724427328125 0.3889637640625 0.869283175 0.428458234375 0.8787618484375 0.47269204218749994 0.8866607421875001 0.4869100515625 0.9214158765624999 0.5074471765624999 0.937213665625 0.5453618687499999 0.9482721171874999 0.5532607625 0.9861868093749999 0.56115965625 1 0.5562844124999999 1 0.36900054375
12 0.75257248125 0.41582000468749997 0.73203535625 0.505867396875 0.7399342515625 0.54062253125 0.7999658468749999 0.5422023109375 0.8157636343749999 0.531143859375 0.8189231921875001 0.518505628125 0.8347209812499999 0.5121865125 0.836300759375 0.5011280609375001 0.828401865625 0.485330271875 0.792066953125 0.4663729265625 0.787327615625 0.3952828796875 0.7810085015625 0.3605277453125 0.77310960625 0.34946929375 0.7130780109375 0.3368310625 0.6467273 0.33841084062500004 0.6198710593750001 0.330511946875 0.6135519453125 0.322613053125 0.5993339359375 0.32735238906249997 0.57721703125 0.322613053125 0.5661585796875 0.3368310625 0.562999021875 0.3684266390625 0.596174378125 0.3779053125 0.6009137140624999 0.3842244265625 0.6151317234375 0.3810648703125 0.6293497328125001 0.3889637640625 0.714657790625 0.39370310000000003 0.7336151359375 0.38580420625 0.7351949140625 0.3668468609375 0.7446735875 0.3684266390625 0.75257248125 0.41582000468749997
0 0 0.9727307625 0.027349321875 0.9536691140625001 0.081557596875 0.9479629812500001 0.090116796875 0.9208588437499999 0.0844106640625 0.899460840625 0.0687187953125 0.8880485734375 0.0516003921875 0.863797503125 0.03305545625 0.85809136875 0.021643189062500002 0.8452525671875 0 0.7722068078125 0 0.9727307625
0 0.117220934375 0.8623708499999999 0.1343393359375 0.8623708499999999 0.18712107656250002 0.8780627187500001 0.231343615625 0.8780627187500001 0.27271308906249997 0.8695035171875001 0.2641538875 0.8110156421875001 0.222784415625 0.6426846875 0.2142252140625 0.636978553125 0.0416146578125 0.6826276250000001 0.004524785937499999 0.7396889671875 0.004524785937499999 0.76108696875 0.010230920312499999 0.7724992375 0.005951320312499999 0.8038829749999999 0.018790121875 0.8423993796874999 0.0573065265625 0.8809157859375001 0.090116796875 0.9037403218750001 0.0986759984375 0.8994607218749999 0.1072352 0.8737831171874999 0.117220934375 0.8623708499999999
0 0.32205128906249997 1 0.3197886953125 0.9151527484375 0.14289853749999998 0.863797540625 0.1200740015625 0.8623710078125001 0.09154333125 0.918005815625 0.0787045296875 0.9736406234375 0.0685009 1 0.32205128906249997 1
0 0.459375 1 0.459375 0.868990471875 0.37399696875 0.8766362640625 0.33833363125 0.8823423984375 0.3312009625 0.8880485328125 0.3197886953125 0.9194322703125 0.3197886953125 0.9508160078125 0.3269213625 0.9893324124999999 0.326782821875 1 0.459375 1
0 0.3269213625 0.8935962015625 0.31408256093750003 0.885037 0.35259896562500004 0.8836104671875 0.3754235015625 0.8764778 0.395394971875 0.8408144609375 0.395394971875 0.8151368578125 0.3540255 0.7266917796875 0.28555189062499997 0.70386724375 0.2598742875 0.7010141765625 0.2341966828125 0.713852978125 0.2341966828125 0.7266917796875 0.262727353125 0.83796139375 0.2641538875 0.86078593125 0.23562321718749998 0.875051265625 0.174282275 0.8764778 0.174282275 0.886463534375 0.291258025 0.9092880703124999 0.30409682656250003 0.9192738046875 0.316935628125 0.9192738046875 0.3269213625 0.8935962015625
16 1 0.666798325 0.9452458828125 0.666798325 0.9334464734375001 0.66089861875 0.9290216953125 0.6476242828125 0.917222284375 0.64467443125 0.79627833125 0.64467443125 0.7446559125000001 0.6476242828125 0.7284317234375 0.666798325 0.6104376234375 0.6653233984375 0.5809390984375 0.678597734375 0.564714909375 0.69629685 0.5529155 0.7331700062500001 0.5588152046875 0.935234903125 0.5691396890625 0.9824325421875001 0.5856737671875 1 1 1 1 0.666798325