18 0 0 0 0.4109375 0.0920226921875 0.4109375 0.2301554953125 0.4039137984375 0.23860960156250002 0.3942519625 0.24585597812499999 0.343527325 0.24706370625 0.11768191406249999 0.251894625 0.07541138281250001 0.2530607796875 0 0 0
18 0.2549952734375 0 0.2456123234375 0.4009078125 0.24988607499999999 0.40625 0.418289921875 0.40625 0.5415060453125 0.4057387296875 0.5515625 0.3956822765625 0.5515625 0.337951484375 0.5511678796874999 0.310328103125 0.5354673984375 0.024096218750000002 0.5351104171875 0 0.2549952734375 0
7 0.5890625 0.3678625140625 0.5892512328125 0.36786382500000003 0.6327367890625 0.36234185 0.634807528125 0.3236880234375 0.6051269109375 0.3174758015625 0.5890625 0.31736941406249997 0.5890625 0.3678625140625
7 0.5890625 0.416809221875 0.634896109375 0.41168496718750003 0.7087636859375 0.40455739375000005 0.7068198015625 0.38576652031249997 0.70487591875 0.356608265625 0.65563086875 0.357256228125 0.6212889234375 0.3637358390625 0.5890625 0.3700606515625 0.5890625 0.416809221875
7 0.5890625 0.5296875 0.622290015625 0.5296875 0.6334704 0.5211904078125 0.6399500125 0.5147107953125001 0.638006128125 0.5011036125 0.615975446875 0.5011036125 0.5890625 0.5236046 0.5890625 0.5296875
7 0.9365787953125 0.5296875 0.9433055609375 0.52183960625 0.947575071875 0.5054731484375 0.9461519031249999 0.48127925312500003 0.930497028125 0.475586571875 0.8735702171874999 0.46491279375000005 0.7746598812500001 0.44641158125 0.7639861046875 0.454950603125 0.7504659874999999 0.49479937031250004 0.776083053125 0.500492053125 0.8564921734375 0.5175700953125 0.9231378984375 0.5296875 0.9365787953125 0.5296875
7 0.770832978125 0.306348396875 0.790602465625 0.257583659375 0.7477685734375 0.24374501875000001 0.7240451875 0.281966028125 0.7121834953125 0.3241409375 0.7095475625 0.38015448749999997 0.7602892515625 0.40255990781250006 0.7583123015625001 0.3537951703125 0.7609482328125 0.3366616140625 0.770832978125 0.306348396875
7 1 0.5296875 1 0.424710940625 0.9944855890625 0.4306848859375 0.95281260625 0.52244963125 0.9531080296875001 0.5296875 1 0.5296875
7 1 0.2703234109375 0.9989731718750001 0.26895430625 0.9853072046874999 0.267069346875 0.987192165625 0.279792834375 0.9815372828125 0.29817120468749997 0.957376025 0.3765548609375 0.9293513703125 0.4731504796875 0.9344132578125001 0.4753575375 0.947607984375 0.47205885781249995 0.9725837187499999 0.4781849796875 0.9919045687499999 0.4348308765625 1 0.4036056390625 1 0.2703234109375
7 0.8410337125 0.36256532343750003 0.7959235953125 0.34033715 0.79134720625 0.357988934375 0.8024612937500001 0.40309905312499994 0.9051031546875 0.46847603437499996 0.9273313281250001 0.47566750156250004 0.93648410625 0.42401968593749995 0.8979116874999999 0.40048397343750003 0.8410337125 0.36256532343750003
7 0.7890039468750001 0.3201188671875 0.8100819375 0.31399944999999996 0.8529178500000001 0.303800421875 0.8814751265625 0.29496126562499997 0.924990975 0.2895217859375 0.9263508453125 0.253485221875 0.9045929203125 0.24736580468749997 0.8495181734375 0.2494056125 0.7971631671875 0.26164444375 0.7849243359375 0.26776385937499997 0.7869641406250001 0.284082303125 0.7794848562500001 0.318079059375 0.7890039468750001 0.3201188671875
7 0.8611656 0.3473162703125 0.8611656 0.3779133515625 0.8774840421875 0.3785932875 0.8972021609375 0.379273221875 0.9074011875 0.3819929640625 0.9108008625 0.3751936125 0.9142005390625 0.3588751671875 0.914880475 0.3330376328125 0.9142005390625 0.32079880156249996 0.9053613828125 0.2929214609375 0.8863231984375 0.2956412 0.8672850140625 0.2997208125 0.857765921875 0.3031204875 0.8611656 0.3473162703125
7 0.7900333484375001 0.25585364843749997 0.7900333484375001 0.2628083046875 0.8395852828124999 0.2515069875 0.8009000015625001 0.1680511 0.75439073125 0.1828297453125 0.780036028125 0.251941653125 0.7900333484375001 0.25585364843749997
7 0.6663334890625 0.354433628125 0.70894336875 0.3538334890625 0.7155448984375 0.3130240265625 0.723946846875 0.28661790468750004 0.7341492125 0.2668133125 0.7437514390625 0.2512096953125 0.751553246875 0.24460816406250002 0.7521533859375 0.2158014859375 0.7107437859375001 0.20199828593750002 0.703542115625 0.20559911875 0.6729350203125 0.32382653125 0.6801366890625 0.33943015 0.6687340453124999 0.338229871875 0.6663334890625 0.354433628125
7 0.985055625 0.27812576875 0.927676521875 0.2326555359375 0.8811236625 0.1985528609375 0.8643429812499999 0.24564703125 0.9249699578125 0.24835359218750003 0.9255112703125 0.29165857812499996 0.9152263375 0.2932825140625 0.9709815046875001 0.32792650156250003 0.985055625 0.27812576875
10 0.25285636875 1 0.2509246671875 0.9812349031250001 0.24971693749999999 0.8846165453125 0.23763964375 0.8532155796875 0.22073143125 0.82664553125 0.1772531703125 0.77954408125 0.17362998125 0.701041665625 0.1687990640625 0.6901721015625 0.1603449578125 0.6853411828125 0.12169765156250001 0.684375 0.110103403125 0.684375 0.09271210625000001 0.6865489124999999 0.0818425421875 0.6937952890625001 0.0806348125 0.739689009375 0.0854657296875 0.7819595406250001 0.0709729765625 0.8061141296875001 0.0431951984375 0.8375150968749999 0.0226637984375 0.900317028125 0.0302155390625 1 0.25285636875 1
14 1 0.770110865625 0.9923068046874999 0.7162584937500001 0.9849176421875001 0.5881796765625 0.9762969515625001 0.5500023359374999 0.9615186265624999 0.5463077546874999 0.8851639468750001 0.5586230265625 0.7829471984375 0.55492844375 0.7755580359375001 0.563549134375 0.7804841437500001 0.8480318921875 0.7841787250000001 0.8825146515625001 0.7903363609375 0.8911353406250001 0.881022971875 0.896875 0.9047640484375 0.896875 0.9381196125000001 0.89606145 0.9775284796874999 0.8886722875 1 0.893166590625 1 0.770110865625
14 1 1 1 0.8929764484374999 0.9892626234375002 0.8929764484374999 0.9141394703125 0.9077547734374999 0.8365532640625 0.9015971374999999 0.7885237078125 0.9028286640625 0.7916282234375001 1 1 1
14 0.5890625 0.9225652421875001 0.778963978125 0.9159790640625 0.782658559375 0.9048953203125001 0.78142703125 0.8371613296875001 0.7691117609375 0.5686884234375 0.7198506765625 0.567456896875 0.6656634859375 0.57361453125 0.6619689046875 0.5686884234375 0.61147629375 0.5723830046875 0.5890625 0.5677134640625 0.5890625 0.9225652421875001