18 0.1084205328125 0 0.1057906828125 0.02813939375 0.09529199375 0.0885068484375 0.0834809703125 0.24861183437499998 0.1110400265625 0.259110521875 0.1976541984375 0.2682968734375 0.294767059375 0.269609209375 0.317076771875 0.27485855312499996 0.3498851703125 0.27223388125 0.3551345140625 0.2630475296875 0.3603838578125 0.21055409218749999 0.3689429671875 0 0.1084205328125 0
18 0.46875 0 0.3931527890625 0 0.388564221875 0.0601102359375 0.383314878125 0.245149603125 0.40168758125000004 0.25564829218749996 0.4331836453125 0.2595853015625 0.46875 0.2601241859375 0.46875 0
18 0.366477290625 0.609375 0.36875 0.3911949015625 0.36875 0.29737224375000004 0.3277312984375 0.29224490468750003 0.121694553125 0.2869955609375 0.10200951250000001 0.29093256875 0.099384840625 0.2988065859375 0.09524392968749999 0.609375 0.366477290625 0.609375
18 0.46875 0.609375 0.46875 0.2848271953125 0.4096559234375 0.285942178125 0.372910515625 0.29381619375 0.3663488359375 0.301690209375 0.36897350625 0.6035274796875 0.37126166562499996 0.609375 0.46875 0.609375
13 0.8841390484375001 0.609375 0.888603890625 0.605229075 0.8959785218749999 0.5845801078124999 0.925477046875 0.3692408734375 0.9417012359375001 0.3530166859375 0.9402263093750001 0.3264680125 0.9313767515624999 0.3176184546875 0.9063030062500002 0.30876889687500003 0.84878088125 0.299919340625 0.698338403125 0.29549456093750004 0.6334416484375 0.3058190453125 0.6113177546874999 0.316143528125 0.6068929765625001 0.3249930859375 0.6068929765625001 0.3500668328125 0.6201673125 0.3603913171875 0.623117165625 0.37071580000000004 0.645241059375 0.5624562125 0.6555655421875001 0.6067040015625 0.658503640625 0.609375 0.8841390484375001 0.609375
10 0.1728780296875 1 0.1734375 0.9538437500000001 0.1734375 0.82589375 0.1549375 0.77409375 0.13093749999999998 0.74409375 0.1389375 0.71809375 0.13093749999999998 0.71209375 0.12893749999999998 0.68409375 0.0749375 0.68209375 0.06493750000000001 0.69009375 0.06493750000000001 0.74609375 0.044937500000000005 0.76809375 0.0209375 0.83009375 0.026937499999999996 0.97209375 0.026337365624999998 1 0.1728780296875 1
10 0.2794821421875 0.609375 0.26028125 0.6338125 0.24428125 0.6958125 0.242846403125 1 0.42078233750000005 1 0.42228125 0.9138125 0.41628125000000005 0.8058125 0.4234375 0.7074140625 0.4234375 0.6928124999999999 0.40628125 0.6318125 0.38902163437500004 0.609375 0.2794821421875 0.609375
19 0.5117989734374999 0.609375 0.5035607578125 0.6195903875 0.4876245015625 0.648275646875 0.4804531859375 0.6721800296875 0.4788595625 0.7120206671875 0.48125 0.7287537343749999 0.49718625625 0.778156125 0.50732694375 0.7984375 0.5080078125 0.7984375 0.5210906390625001 0.786124253125 0.532246015625 0.75903261875 0.5386205171875 0.7542517421875 0.552963146875 0.727160109375 0.5504026015625 0.609375 0.5117989734374999 0.609375
19 0.6187657062499999 0.609375 0.6101655875 0.6313913046875 0.5743090140625 0.6975267625 0.5472173812500001 0.735773775 0.520125746875 0.7907538546875 0.5057831171875 0.806690109375 0.5105639937500001 0.8194391124999999 0.499408615625 0.8202359265625001 0.49383092656249994 0.8242199890624999 0.4810819234375 0.8433434953125 0.46992654375000004 0.8680446906249999 0.46875 0.8715743234375001 0.46875 0.8837132656250001 0.46912973124999996 0.8863713843750001 0.4826755484375 0.9031044515625 0.500124425 0.9125 0.5122854703125 0.9125 0.520125746875 0.9023076390625 0.5535918828125 0.8337817421875 0.62849228125 0.7007140140625 0.659567978125 0.6305944921875 0.665625 0.6110774234374999 0.665625 0.609375 0.6187657062499999 0.609375
19 0.5331982703125 1 0.5421875 0.89282071875 0.5421875 0.8754407140625 0.5416521421875 0.873031603125 0.536074453125 0.8706411640624999 0.5113732578125 0.905700925 0.497030628125 0.9064977390625 0.48348481093749995 0.8985296109375 0.477110309375 0.9017168625 0.4755166828125 0.9072945515624999 0.4723294328125 0.96307144375 0.472835303125 1 0.5331982703125 1
19 0.490688578125 0.609375 0.48742529843749993 0.61286728125 0.46875 0.6564429765625001 0.46875 0.728284921875 0.4903477734375 0.7953125 0.49126992031250005 0.7953125 0.4937998 0.79215015 0.49539342499999994 0.7698393921875 0.48583167187500004 0.7395605078124999 0.48105079687499996 0.7068911859375 0.48184760937500004 0.6766123015625001 0.48662848593749997 0.6574887953124999 0.5001743015625 0.6288035359374999 0.51372011875 0.6112736562500001 0.5155037046875 0.609375 0.490688578125 0.609375