16 0 0 0 0.1864536296875 0.004306059375 0.18596919843749998 0.07392631250000001 0.1850650390625 0.10918851874999999 0.156131946875 0.106476040625 0.14076124375000001 0.07211799375 0.087415853125 0.0630764015625 0.0783742625 0.045897378125 0.07023683124999999 0.047705696874999995 0.063907715625 0.0657888796875 0.047632853125 0.073022153125 0.029549670312499998 0.07630545 0 0 0
16 0.1206583890625 0 0.11757600625 0.0028452765625 0.1248092796875 0.0697530515625 0.128425915625 0.079698803125 0.143796621875 0.09054871249999999 0.15102989375 0.11134437187499999 0.15916732656250002 0.1185776453125 0.23782916875 0.1312358734375 0.2602961015625 0.1328125 0.295894271875 0.1328125 0.3038327875 0.1303317140625 0.31558685625 0.1176734859375 0.3354783578125 0.113152690625 0.34375 0.1065353765625 0.34375 0.09722729375 0.3101619015625 0.033586687500000004 0.2857496046875 0.014599345312500001 0.29380441562500004 0 0.1206583890625 0
16 0.3247909140625 0.124826496875 0.3193659578125 0.12934729218750002 0.280487115625 0.1338680890625 0.16565890625 0.11940154218750001 0.154808996875 0.111264109375 0.14667156406249998 0.0967975640625 0.10869688125000002 0.12934729218750002 0.11140935781250001 0.1447179984375 0.1258759046875 0.158280384375 0.1349174953125 0.1754594078125 0.247033228125 0.220667365625 0.2642122515625 0.232421434375 0.2708603765625 0.2328125 0.2803240890625 0.2328125 0.29133702499999997 0.2251881609375 0.3094202078125 0.2251881609375 0.327503390625 0.21885904687500002 0.3609375 0.166068346875 0.3609375 0.15968183125 0.3591489609375 0.15014295312499998 0.35010736875 0.14019720156249998 0.3428740953125 0.1212098609375 0.33383250468750003 0.113072428125 0.3247909140625 0.1175932234375 0.3247909140625 0.124826496875
19 0.7117574984375 0.36875 0.780024509375 0.3445721 0.7963643796875 0.3315002046875 0.7984375 0.284854990625 0.7984375 0.25349009218749996 0.7865604578125 0.208951184375 0.7865604578125 0.1860753671875 0.797998365625 0.1517616421875 0.7604166671874999 0.1060100078125 0.7162990203125 0.0733302703125 0.6444035953125 0.04065053125 0.606290859375 0.0390625 0.6050172140625 0.0390625 0.5627042484375 0.050454453125 0.47446895468749994 0.128885825 0.4287173203125 0.192611315625 0.42708333437499996 0.2220230796875 0.4385212421875 0.25797079218749996 0.4908088234375 0.3445721 0.514986725 0.36875 0.7117574984375 0.36875
19 0.9949760078125 0.36875 0.9857128249999999 0.30043402812500003 0.9595690359375 0.2873621328125 0.9497651125000001 0.2710222625 0.93505923125 0.2710222625 0.871333740625 0.29389807968750004 0.8517258984375001 0.31023795 0.7863664218749999 0.3412837015625 0.7308108640625 0.35598958281250004 0.7072531703125 0.36875 0.9949760078125 0.36875
19 1 0.36875 1 0.10017020624999999 0.966094771875 0.1015829234375 0.8484477125 0.14896854531249998 0.8304738562499999 0.14896854531249998 0.8239379093749999 0.1391646234375 0.8075980390625 0.142432596875 0.7912581703124999 0.1620404421875 0.7814542484375 0.19635416562500002 0.7912581703124999 0.251909721875 0.7879901968749999 0.33197508125 0.7994281046875 0.3352430546875 0.8484477125 0.3172691984375 0.874591503125 0.29602736875 0.9481209156249999 0.2731515515625 0.9562908499999999 0.29112540937500003 0.97263071875 0.2976613546875 0.9808006531250001 0.309099265625 0.9945662078125 0.36875 1 0.36875
7 0.41875 0.4315116578125 0.37332589375 0.42999752031250005 0.3003100203125 0.4490451390625 0.2971354171875 0.456981646875 0.314595734375 0.47761656874999997 0.3717385921875 0.4712673625 0.3812624015625 0.49825148906249994 0.39237351249999997 0.506187996875 0.41875 0.4984948546875 0.41875 0.4315116578125
7 0.41875 0.5800094046875 0.369878471875 0.5752799015625 0.307520196875 0.6002232125 0.2564997875 0.6331030328125 0.23609162343749998 0.629701671875 0.2168172484375 0.6433071125 0.22248618125 0.661447703125 0.22248618125 0.670517996875 0.240626771875 0.6761869328125 0.2564997875 0.69886266875 0.2849912453125 0.721875 0.28632485 0.721875 0.2973161125 0.6965950953125001 0.2995836890625 0.6693842109375 0.327928359375 0.6376381796875 0.3778149796875 0.629701671875 0.4061596515625 0.629701671875 0.41636373281249994 0.6365043921875 0.41875 0.6386737265625 0.41875 0.5800094046875
7 0.1920676609375 0.36875 0.20658659375 0.3799691765625 0.22019203593749997 0.4026449125 0.2406002 0.43779230468749997 0.20658659375 0.42305307656249996 0.1510310375 0.4264544375 0.0943416953125 0.44459502500000003 0.0387861390625 0.4831437796875 0.0025049625 0.5273614656250001 0.03084963125 0.5386993359375 0.0569267296875 0.5080870890625 0.12722151406249999 0.474073484375 0.1816432828125 0.4604680421875 0.24853670781249998 0.4910802875 0.288219246875 0.517157384375 0.3256342125 0.5421006953124999 0.36958675625000004 0.5609375 0.3850384546875 0.5609375 0.41875 0.5564426265625 0.41875 0.5437381890624999 0.41747094687499997 0.5409669078125 0.40046414375 0.5205587453125 0.3619153921875 0.5194249578125 0.32336663906249996 0.4944816484375 0.281416525 0.43098958437499996 0.254205640625 0.3743002421875 0.25319650625 0.36875 0.1920676609375 0.36875
7 0.26101721875 0.544279690625 0.2043278765625 0.5669554265625 0.1283641578125 0.5658216406250001 0.08528025781250001 0.555617559375 0.037661209375 0.531808034375 0.0195206203125 0.54768105 0.046731503125000004 0.5964338859375 0.0569355859375 0.5918987375 0.10908978124999999 0.6066379671875 0.154664828125 0.6109375 0.1760274921875 0.6109375 0.23720769375 0.5987014593750001 0.28596052968749996 0.5771595093749999 0.3075024796875 0.588497378125 0.3359375 0.5556877390625 0.3359375 0.5538378359375 0.31317141249999997 0.5397445421875 0.2644185796875 0.5034633640624999 0.20999680937499998 0.47398490625 0.17711699218750002 0.4637808234375 0.1997927296875 0.49892821718749997 0.26101721875 0.544279690625
7 0.1998112515625 0.49987148281250005 0.16693143125 0.48399846718749995 0.14198812031250002 0.5214134328125001 0.12271374374999999 0.5633635453125 0.1691990046875 0.5633635453125 0.21568426718749997 0.5644973328125 0.2565005921875 0.539554021875 0.227022134375 0.52254721875 0.1998112515625 0.49987148281250005
7 0.12869189375 0.7620854593749999 0.15250141718750002 0.76548681875 0.176310940625 0.7586840984375 0.20012046562500002 0.7484800171874999 0.18424744843750002 0.72467049375 0.166106859375 0.7087974781249999 0.15817035156249998 0.6566432828125001 0.17064200624999998 0.6135593828125 0.14002976250000002 0.610158021875 0.1082837296875 0.6033552999999999 0.0924107140625 0.674783871875 0.11395266562499999 0.7280718546875 0.12869189375 0.7620854593749999
7 0.2998937078125 0.790120915625 0.2885558390625 0.759508671875 0.2828869046875 0.7651776046875 0.274950396875 0.7334315734375 0.2545422328125 0.7345653609375 0.2500070859375 0.728896425 0.244338153125 0.745903228125 0.22279620156250002 0.728896425 0.2125921203125 0.6733408703125 0.16950822031249999 0.6087150203125 0.16270549843749998 0.6506651328124999 0.1649730734375 0.6937490328125 0.1785785140625 0.7232274921874999 0.19898667812499998 0.745903228125 0.1910501703125 0.7549735234374999 0.19898667812499998 0.7663113921875 0.21485969374999997 0.7731141125 0.22279620156250002 0.7946560640625 0.24320436562499997 0.8025925718749999 0.26588010156249997 0.7946560640625 0.2908234125 0.8105290796875 0.2998937078125 0.790120915625
7 0.12206801406250001 0.36875 0.1252905328125 0.385668225 0.1309594671875 0.3958723078125 0.1683744328125 0.42308319218749996 0.20012046562500002 0.4219494046875 0.188782596875 0.4106115359375 0.1785785140625 0.385668225 0.188782596875 0.382266865625 0.20125425312499998 0.3765979296875 0.193406321875 0.36875 0.12206801406250001 0.36875
12 0.41875 1 0.695240809375 1 0.68725 0.9849062499999999 0.62325 0.9329062499999999 0.60725 0.91290625 0.5702499999999999 0.88790625 0.47424999999999995 0.8259062499999998 0.45425000000000004 0.81690625 0.43324999999999997 0.81590625 0.41875 0.8216026781250001 0.41875 1
12 1 0.36875 0.969049528125 0.36875 0.9618437499999999 0.371552246875 0.9458437499999999 0.385552246875 0.9378437500000001 0.403552246875 0.9288437500000001 0.465552246875 0.91884375 0.478552246875 0.89484375 0.495552246875 0.88184375 0.512552246875 0.8708437499999999 0.538552246875 0.86284375 0.586552246875 0.8618437499999999 0.6295522468750001 0.8668437499999999 0.650552246875 0.8668437499999999 0.672552246875 0.8508437499999999 0.790552246875 0.84884375 0.8215522468749998 0.8518437500000001 0.8305522468750001 0.8668437499999999 0.841552246875 0.88184375 0.8625522468749999 0.9138437500000001 0.884552246875 0.95484375 0.900552246875 0.9938676109374999 0.9078125 1 0.9078125 1 0.36875
12 0.8177036125000001 0.494626096875 0.7807036125 0.483626096875 0.7317036124999999 0.480626096875 0.6887036125 0.48662609687499997 0.6657036125 0.4966260968749999 0.6477036125 0.5126260968749999 0.6387036125 0.5306260968750001 0.6337036125 0.610626096875 0.6197036125000001 0.642626096875 0.6207036125000001 0.8406260968750001 0.6377036125 0.876626096875 0.6647036125 0.9006260968750001 0.7057036125 0.9166260968749999 0.7432259015625 0.91875 0.7618575609375 0.91875 0.7947036125 0.9096260968750001 0.8177036125000001 0.8956260968749999 0.8327036124999999 0.8796260968750002 0.8427036125 0.859626096875 0.86875 0.677301384375 0.86875 0.648693009375 0.8687036124999998 0.6476260968750001 0.8597036124999999 0.6216260968749999 0.8657036125000002 0.547626096875 0.8617036125 0.532626096875 0.8507036124999999 0.5156260968749999 0.8177036125000001 0.494626096875
12 0.41875 0.7409669125 0.42975 0.8134375 0.43274999999999997 0.8174375000000002 0.44975 0.8174375000000002 0.47074999999999995 0.8254374999999999 0.5747500000000001 0.8924375000000001 0.58375 0.8944375000000001 0.60875 0.8704374999999999 0.6207499999999999 0.8454374999999998 0.61775 0.6754374999999999 0.60875 0.6544375 0.60075 0.6454375000000001 0.59775 0.5854375 0.58975 0.5664374999999999 0.5587500000000001 0.5464375 0.53575 0.5414375 0.50675 0.5414375 0.47575 0.5454375 0.44975 0.5554375 0.43075 0.5704375 0.42074999999999996 0.5854375 0.42575 0.6554375 0.41875 0.6681647734375 0.41875 0.7409669125