7 0.3255208328125 0.3348958328125 0.32864583281250004 0.3338541671875 0.32864583281250004 0.3328125 0.3255208328125 0.3348958328125
7 0.2984375 0.246875 0.3234375 0.2140625 0.334375 0.178125 0.35 0.1515625 0.3421875 0.090625 0.309375 0.0765625 0.2703125 0.1015625 0.259375 0.0828125 0.221875 0.0828125 0.159375 0.115625 0.1703125 0.1828125 0.1875 0.1921875 0.2046875 0.2140625 0.21875 0.2484375 0.2484375 0.2765625 0.26875 0.2734375 0.2984375 0.246875
7 0.047596153125 0 0.0171875 0.034375 0.0171875 0.06875 0.021875 0.0734375 0.0546875 0.084375 0.1 0.0453125 0.146875 0.065625 0.16875 0.06875 0.1796875 0.0640625 0.184375 0.0484375 0.2171875 0.0421875 0.215625 0.03125 0.203125 0.0203125 0.178125 0.015625 0.1609375 0.0046875 0.1694196421875 0 0.047596153125 0
7 0.3859375 0.0390625 0.390625 0.0796875 0.425 0.1 0.4328125 0.1265625 0.4421875 0.1328125 0.46875 0.13366935468750002 0.46875 0.01921875 0.4125 0.0375 0.3859375 0.0390625
7 0.2234375 0.4765625 0.28125 0.471875 0.309375 0.4578125 0.3046875 0.4078125 0.271875 0.34375 0.2546875 0.3265625 0.1984375 0.3015625 0.1140625 0.2921875 0.0671875 0.303125 0.078125 0.3328125 0.0796875 0.3671875 0.078125 0.3875 0.0625 0.4109375 0.0640625 0.4421875 0.071875 0.4578125 0.1296875 0.4734375 0.1640625 0.4765625 0.1890625 0.4703125 0.2234375 0.4765625
7 0.4375 0.1625 0.3984375 0.225 0.38125 0.2375 0.378125 0.2640625 0.365625 0.2875 0.3703125 0.309375 0.3953125 0.328125 0.421875 0.3375 0.4421875 0.3375 0.45 0.328125 0.4515625 0.2890625 0.4421875 0.271875 0.4421875 0.2578125 0.46875 0.23125 0.46875 0.14765625 0.453125 0.159375 0.4375 0.1625
7 0 0.20708705312500003 0.0005208328124999999 0.20677083281250003 0.0317708328125 0.1838541671875 0.0557291671875 0.1776041671875 0.0859375 0.1848958328125 0.1140625 0.2130208328125 0.1234375 0.24114583281250002 0.1359375 0.2588541671875 0.1598958328125 0.2484375 0.17135416718750002 0.21510416718749997 0.15677083281249998 0.1932291671875 0.1442708328125 0.1776041671875 0.1505208328125 0.15572916718750002 0.1317708328125 0.1359375 0.15677083281249998 0.1244791671875 0.1213541671875 0.1015625 0.1046875 0.1057291671875 0.0640625 0.1088541671875 0.05989583281250001 0.10364583281249999 0.0661458328125 0.0901041671875 0.0901041671875 0.07864583281250001 0.0838541671875 0.06510416718749999 0.1088541671875 0.06302083281250001 0.09427083281250001 0.050520832812500006 0.0536458328125 0.0859375 0.0140625 0.0682291671875 0 0.0843005953125 0 0.20708705312500003
7 0.20052083281250002 0.2515625 0.1661458328125 0.2515625 0.1348958328125 0.2578125 0.1203125 0.23697916718749998 0.10052083281249999 0.24739583281250002 0.0703125 0.2515625 0.0640625 0.2692708328125 0.09635416718749999 0.29739583281250004 0.1140625 0.2911458328125 0.1338541671875 0.2932291671875 0.1661458328125 0.2994791671875 0.2036458328125 0.3057291671875 0.2140625 0.3005208328125 0.2234375 0.3067708328125 0.23697916718749998 0.2994791671875 0.2536458328125 0.2921875 0.23072916718749997 0.2567708328125 0.20052083281250002 0.2515625
7 0 0.4922619046875 0.0067708328125 0.49322916718750004 0.013020832812499999 0.46302083281249995 0.0223958328125 0.46302083281249995 0.025520832812499998 0.4557291671875 0.0536458328125 0.4557291671875 0.0734375 0.45677083281249997 0.0640625 0.44114583281249997 0.0640625 0.4067708328125 0.0817708328125 0.3817708328125 0.0765625 0.3401041671875 0.0734375 0.3015625 0.0713541671875 0.3046875 0.0703125 0.3088541671875 0.0442708328125 0.2994791671875 0.0192708328125 0.32864583281250004 0 0.3281758125 0 0.4922619046875
7 0.200390625 0 0.2109375 0.0046875 0.20677083281250003 0.0151041671875 0.1973958328125 0.0171875 0.2171875 0.0296875 0.2203125 0.0432291671875 0.2088541671875 0.0421875 0.2026041671875 0.0703125 0.1973958328125 0.09427083281250001 0.2296875 0.0796875 0.2588541671875 0.0817708328125 0.2734375 0.1015625 0.3078125 0.07760416718749999 0.3421875 0.0880208328125 0.3453125 0.1276041671875 0.3692708328125 0.1244791671875 0.3828125 0.0994791671875 0.39114583281250004 0.07864583281250001 0.3880208328125 0.0328125 0.378100775 0 0.2375 0 0.2442708328125 0.0067708328125 0.2348958328125 0.0109375 0.2190364578125 0 0.200390625 0
7 0.2088541671875 0.0473958328125 0.1932291671875 0.0453125 0.1796875 0.0661458328125 0.1703125 0.0682291671875 0.1338541671875 0.061979167187499996 0.10364583281249999 0.0421875 0.1078125 0.0640625 0.0828125 0.06302083281250001 0.0880208328125 0.07760416718749999 0.0692708328125 0.0859375 0.061979167187499996 0.1057291671875 0.0880208328125 0.1088541671875 0.1171875 0.10052083281249999 0.1505208328125 0.1213541671875 0.1598958328125 0.1130208328125 0.1963541671875 0.09427083281250001 0.2088541671875 0.0473958328125
7 0 0 0 0.0548735109375 0.013020832812499999 0.06510416718749999 0.0203125 0.0317708328125 0.0401041671875 0.0151041671875 0.047152778125 0 0 0
7 0.4223958328125 0.0994791671875 0.3890625 0.07760416718749999 0.3682291671875 0.1265625 0.3484375 0.1307291671875 0.3526041671875 0.15572916718750002 0.3307291671875 0.18802083281249998 0.3182291671875 0.22135416718749998 0.2911458328125 0.2546875 0.2557291671875 0.28072916718749996 0.28177083281250004 0.2994791671875 0.31302083281250004 0.3026041671875 0.3359375 0.2838541671875 0.3671875 0.22760416718749998 0.3807291671875 0.1911458328125 0.40260416718750003 0.1838541671875 0.4234375 0.18697916718750002 0.44322916718750005 0.1588541671875 0.46875 0.1467317703125 0.46875 0.13664062500000002 0.44322916718750005 0.1328125 0.4223958328125 0.0994791671875
1 1 0.0679200125 0.8556250000000001 0.0058051875000000005 0.868125 0.0408051875 0.7631249999999999 0.20330518749999998 0.755625 0.2283051875 0.775625 0.2233051875 0.8456250000000001 0.1533051875 0.820625 0.24830518750000002 0.8256249999999999 0.25830518750000003 1 0.3287597328125 1 0.0679200125
1 0.64995811875 0 0.6481250000000001 0.005804875 0.583125 0.130804875 0.6756249999999999 0.190804875 0.750625 0.228304875 0.8256249999999999 0.095804875 0.865625 0.050804875000000006 0.8706250000000001 0.028304875 0.8273351906249999 0 0.64995811875 0
1 0.733125 0.240625 0.6681250000000001 0.203125 0.6056250000000001 0.140625 0.46875 0.085875 0.46875 0.3575154328125 0.588125 0.43562500000000004 0.733125 0.240625
1 0.745625 0.418304425 0.798125 0.393304425 0.795625 0.358304425 0.788125 0.315804425 0.788125 0.285804425 0.783125 0.27330442499999996 0.765625 0.260804425 0.7306250000000001 0.255804425 0.703125 0.28330442499999997 0.703125 0.28830442500000003 0.690625 0.298304425 0.6756249999999999 0.323304425 0.650625 0.35080442500000003 0.6431250000000001 0.36330442500000004 0.6431250000000001 0.380804425 0.6681250000000001 0.395804425 0.7056250000000001 0.405804425 0.728125 0.418304425 0.745625 0.418304425
1 0.985625 0.323125 0.965625 0.313125 0.9581250000000001 0.313125 0.953125 0.308125 0.945625 0.308125 0.940625 0.303125 0.9331250000000001 0.303125 0.903125 0.285625 0.8881249999999999 0.28312499999999996 0.883125 0.278125 0.875625 0.278125 0.8556250000000001 0.268125 0.838125 0.268125 0.8306250000000001 0.273125 0.828125 0.330625 0.8306250000000001 0.330625 0.8306250000000001 0.348125 0.838125 0.35562499999999997 0.858125 0.36062500000000003 0.875625 0.370625 0.905625 0.375625 0.913125 0.368125 0.9881249999999999 0.330625 0.985625 0.323125
17 0.3115028921875 1 0.3158970484375 0.972693453125 0.3166410953125 0.945659721875 0.3188732390625 0.91961805625 0.326313715625 0.883159721875 0.3310260171875 0.8682787703124999 0.33846649218749997 0.855133928125 0.3627720484375 0.8305803578125 0.36674030156250004 0.82041170625 0.36698831875 0.8171875 0.36153196875 0.8052827375 0.34764307968749997 0.79188988125 0.33697839687500003 0.785193453125 0.3255696671875 0.7750248015625 0.3191212546875 0.7678323406249999 0.314904984375 0.7566716265625 0.3094486359375 0.748487103125 0.30076807968749997 0.7308779765625 0.2910954609375 0.7028521828125001 0.2881192703125 0.6911954359375 0.2853910953125 0.6775545640625 0.2853910953125 0.6661458328125 0.2873752234375 0.6537450390624999 0.29307958749999996 0.6274553578125001 0.299279984375 0.6103422625 0.30498435 0.6021577375 0.30870458749999996 0.58975694375 0.310688715625 0.5776041671875001 0.31118474687500003 0.5634672625 0.30969665156250004 0.554538690625 0.30820855625 0.550818453125 0.30424030156250004 0.5478422625 0.2938236359375 0.5518105156249999 0.289607365625 0.5552827375 0.27596649218749997 0.5627232140625 0.2568692703125 0.576612103125 0.25116490625 0.582068453125 0.23876411250000001 0.58876488125 0.2047859375 0.611086309375 0.18965696875 0.626711309375 0.174528 0.6455605156249999 0.152206571875 0.66416170625 0.151710540625 0.6673859125 0.1531986359375 0.6701140875 0.164607365625 0.6817708328125 0.17080776250000002 0.6929315468749999 0.1777522078125 0.702108134375 0.1784962546875 0.7078125 0.177008159375 0.71475694375 0.1747760171875 0.7194692453125 0.1715518109375 0.72294146875 0.16485538125000002 0.726909721875 0.154934746875 0.7286458328125 0.142533953125 0.7286458328125 0.13633355625000002 0.7308779765625 0.1341014140625 0.732862103125 0.1313732390625 0.7395585312499999 0.1311252234375 0.74228670625 0.13236530156249998 0.744766865625 0.142533953125 0.7522073406249999 0.1591510171875 0.7705605156249999 0.1633672859375 0.7727926593750001 0.17403196875 0.776016865625 0.1789922859375 0.77998511875 0.17948831875 0.792137896875 0.1787442703125 0.7943700390624999 0.176512128125 0.7978422625 0.1695676828125 0.80478670625 0.16758355625000002 0.814459325 0.161631175 0.816939484375 0.161631175 0.8186755953124999 0.164607365625 0.8199156750000001 0.1715518109375 0.8176835312499999 0.1750240328125 0.814211309375 0.182712525 0.8117311515625 0.190153 0.8080109125 0.192137128125 0.807762896875 0.1966014140625 0.8099950390625 0.20949823906249998 0.829836309375 0.21991490625000001 0.839012896875 0.2246272078125 0.8462053578125 0.23231569843750002 0.85438988125 0.2380200640625 0.8695188484375 0.24000419062499997 0.8774553578125 0.2412442703125 0.8915922625 0.239756175 0.905233134375 0.22884347656249998 0.9307787703124999 0.2280994296875 0.9431795640624999 0.22115498437499997 0.9630208328125001 0.214706571875 0.9739335312499999 0.208506175 0.9798859125 0.20404188906249998 0.988318453125 0.199081571875 0.99501488125 0.196527009375 1 0.3115028921875 1
19 0.8652519062499999 1 0.8679534312499999 0.9392156859374999 0.8548815359375 0.890196078125 0.8548815359375 0.8673202609375 0.8663194437499999 0.8330065359375001 0.8287377453125 0.7872549015625 0.7846200984375 0.7545751640625 0.7127246734375 0.721895425 0.6735089875 0.7202614374999999 0.6310253265625 0.7316993468749999 0.5427900328125 0.81013071875 0.49703839843750003 0.873856209375 0.4954044125 0.9032679734375 0.5068423203125 0.9392156859374999 0.5435422828124999 1 0.8652519062499999 1
19 1 0.796297146875 0.9169730390625 0.8297385625 0.8989991828124999 0.8297385625 0.8924632359375 0.8199346406249999 0.876123365625 0.8232026140625001 0.859783496875 0.8428104578125 0.8499795750000001 0.8771241828124999 0.859783496875 0.9326797390625 0.8570357312500001 1 0.9116254453125 1 0.9169730390625 0.998039215625 0.9431168296875001 0.9767973859374999 1 0.9591004 1 0.796297146875