15 0 0.0941158234375 0.0126116078125 0.1004216265625 0.038405259375 0.11530257968749999 0.04733383125 0.11927083281249999 0.054278275 0.123983134375 0.09966517968750001 0.14754464218750002 0.1765501 0.1914434515625 0.18523065625 0.19541170624999998 0.2249131953125 0.2194692453125 0.25120287812500003 0.2326140875 0.2596354171875 0.2383184515625 0.30105406874999996 0.2598958328125 0.3213913703125 0.2718005953125 0.3397445453125 0.280233134375 0.3615699421875 0.2938740078125 0.376698909375 0.30106646718749996 0.384761496875 0.303125 0.3907847515625 0.303125 0.3995163703125 0.29982638906250003 0.40621279843749997 0.2911458328125 0.409375 0.2801835375 0.409375 0.27043650625 0.40670883125 0.265104165625 0.40249256093749997 0.2598958328125 0.3960441484375 0.2559275796875 0.39182787812500003 0.25171130937499997 0.3784350203125 0.2437748015625 0.3739707359375 0.24005456249999998 0.3620659734375 0.23559027812500002 0.3553695453125 0.23013392812500003 0.3471850203125 0.2283978171875 0.332056053125 0.2194692453125 0.323375496875 0.2157490078125 0.317423115625 0.2115327375 0.30874256093749997 0.2078125 0.2874131953125 0.1941716265625 0.2586433546875 0.180034721875 0.232849703125 0.164905753125 0.1564608140625 0.123487103125 0.06494295781250001 0.071155753125 0 0.03618646875 0 0.0941158234375
15 0.089031325 0 0.44424726249999996 0.29375 0.44765524062499995 0.29375 0.4676587296875 0.2859708671875 0.478125 0.265038325 0.478125 0.26017721875 0.47509920625 0.2450482484375 0.1781441875 0 0.089031325 0
7 1 0.1190231203125 0.9627604171874999 0.12265625 0.9346354171875 0.1299479171875 0.91484375 0.1455729171875 0.907552084375 0.1611979171875 0.90546875 0.1893229171875 0.9096354171875 0.20703125 0.92109375 0.227864584375 0.94609375 0.25390625 0.9763020843750001 0.26848958437500003 1 0.2728422625 1 0.1190231203125
7 1 0.359375 1 0.2715979609375 0.9802083328125001 0.2682291671875 0.8822916671875 0.2609375 0.84375 0.2713541671875 0.7802083328125 0.3078125 0.765625 0.3213541671875 0.7729166671875001 0.3411458328125 0.7833333328125 0.3505208328125 0.8034564390625001 0.359375 1 0.359375
7 0.7019284921875 0.359375 0.7291666671875 0.3359375 0.753125 0.31197916718749996 0.7885416671875001 0.2640625 0.8104166671874999 0.2109375 0.8166666671874999 0.1588541671875 0.8135416671875 0.1463541671875 0.8083333328125001 0.1421875 0.7791666671875 0.1390625 0.7333333328125 0.15677083281249998 0.73125 0.1828125 0.7166666671875 0.20989583281250002 0.6979166671875 0.2265625 0.6666666671875 0.2442708328125 0.634375 0.2838541671875 0.6302083328125 0.2994791671875 0.6364583328125 0.3213541671875 0.6385416671875 0.3505208328125 0.6373062015625 0.359375 0.7019284921875 0.359375
7 0.609375 0.175208334375 0.6177083328124999 0.1744791671875 0.6291666671875 0.1796875 0.6322916671875001 0.1994791671875 0.6125 0.2348958328125 0.6145833328125 0.2453125 0.6354166671875 0.2453125 0.6739583328125 0.2348958328125 0.6989583328125 0.22135416718749998 0.7239583328125 0.1984375 0.7302083328125 0.1838541671875 0.7291666671875 0.15572916718750002 0.7166666671875 0.1453125 0.6552083328125 0.1390625 0.609375 0.1412802421875 0.609375 0.175208334375
7 1 0 0.901275509375 0 0.815625 0.0265625 0.7458333328125 0.058854167187499994 0.7208333328125 0.07760416718749999 0.7197916671875 0.0848958328125 0.7333333328125 0.10364583281249999 0.75 0.1140625 0.8010416671874999 0.1276041671875 0.8802083328125001 0.1265625 0.9375 0.1098958328125 0.971875 0.09322916718749999 1 0.07337622656250001 1 0
7 0.7064867421875001 0 0.7114583328124999 0.0182291671875 0.73125 0.0411458328125 0.746875 0.0484375 0.875 0.0046875 0.89375 0 0.7064867421875001 0
7 0.609375 0 0.609375 0.08971726249999999 0.6229166671875 0.0901041671875 0.7208333328125 0.05989583281250001 0.7260416671875001 0.052604167187499995 0.7260416671875001 0.0390625 0.7052083328125 0.0078125 0.7028044875 0 0.609375 0
7 0.609375 0.1337436859375 0.6270833328125 0.1286458328125 0.6864583328125 0.11822916718750001 0.7125 0.1098958328125 0.71875 0.10052083281249999 0.715625 0.0869791671875 0.696875 0.07552083281250001 0.678125 0.07552083281250001 0.6260416671875 0.0890625 0.609375 0.0890625 0.609375 0.1337436859375
15 0 0.89092304375 0.014592450000000002 0.889046871875 0.014592450000000002 0.8627585812499999 0.012695356250000001 0.7589604890625 0.011069276562499999 0.6779275124999999 0.0078171171875 0.5684381390625 0.005106984375 0.4855080703125 0.0029388781249999997 0.4559676203125 0 0.3966390140625 0 0.89092304375
15 0 0.359375 0 0.38403109999999996 0.00261911875 0.4393407234375 0.0069197468750000005 0.5346335640625 0.009183234375 0.6249467328125 0.013257512499999999 0.7249928999999999 0.0128048140625 0.7256719453125 0.012352117187500001 0.72838813125 0.012352117187500001 0.731330665625 0.0128048140625 0.7351785953125 0.0130311640625 0.7390265250000001 0.0130311640625 0.74491159375 0.013257512499999999 0.7476277781249999 0.013710209374999999 0.7510230109375 0.0141629078125 0.7537391953125001 0.014841953124999998 0.7548709406249999 0.01438925625 0.7587188703125 0.019821628124999997 0.8345457156249999 0.028875579687500003 0.933912834375 0.0474361796875 0.9314229984375 0.038382228125 0.8277552515625001 0.032497159375 0.7584925203124999 0.032723507812500004 0.7532864984375001 0.0334025546875 0.748985871875 0.03317620625 0.746496034375 0.032723507812500004 0.7415163609375 0.0322708109375 0.736083990625 0.0318181140625 0.7333678046875 0.0318181140625 0.7311043171875 0.032044462499999996 0.729067178125 0.032044462499999996 0.7270300390625 0.0315917640625 0.725445596875 0.030233671875 0.7098275296875001 0.026838440624999998 0.6163454796875 0.0223114640625 0.5131304296875 0.017331790625 0.42372265625 0.015068303124999998 0.3725678296875 0.0144838109375 0.359375 0 0.359375
15 0.0149216359375 0.359375 0.017621421875 0.41799892187500004 0.0220241484375 0.47963710468750004 0.02615170625 0.5511814218750001 0.0311047734375 0.6254774453125 0.03523233125 0.7036258546875 0.0355075015625 0.7066527296875 0.0355075015625 0.709954775 0.03523233125 0.71298165 0.0346819890625 0.7162836953125 0.03440681875 0.7193105703125 0.033856478125 0.72398846875 0.0333061375 0.72701534375 0.033030967187499996 0.7297670484375001 0.033030967187499996 0.7316932421875 0.032755796875 0.7349952875 0.03220545625 0.7363711390625 0.032480626562499997 0.7380221625 0.0333061375 0.740498696875 0.033856478125 0.7443510828125 0.0355075015625 0.762787503125 0.04128608125 0.8120430140625 0.0547694328125 0.9166077874999999 0.058071478125 0.9166077874999999 0.0613735234375 0.9163326171874999 0.0638500578125 0.91550710625 0.06522591093749999 0.914131253125 0.0704541484375 0.9144064234375 0.069078296875 0.8962451734375 0.0668769328125 0.879734946875 0.061098353125000004 0.82470085625 0.050917046875000004 0.7396731843750001 0.0511922171875 0.7347201171875 0.052017728124999996 0.7316932421875 0.0522928984375 0.7289415375 0.052017728124999996 0.7256394921875 0.052017728124999996 0.7231629578125001 0.053118410937500006 0.7206864234375 0.05339358125 0.7171092078125 0.0542190921875 0.7140823328125 0.053943921875 0.7124313093750001 0.053118410937500006 0.7105051171875 0.053118410937500006 0.7083037531249999 0.05339358125 0.7055520484375 0.05339358125 0.7052768781250001 0.049541193750000004 0.651893809375 0.044863296875 0.5685171609375 0.036883353125000004 0.4570731265625 0.030370145312500003 0.359375 0.0149216359375 0.359375
15 0.032540840625 0.359375 0.035782671875 0.40313971718749997 0.042937103125 0.5085300015625001 0.0492660234375 0.59906108125 0.0544942625 0.7146326734375 0.056420456249999994 0.767740571875 0.0575211375 0.76939159375 0.0588969890625 0.77241846875 0.0588969890625 0.77544534375 0.05944733125 0.7803984125000001 0.05944733125 0.7831501171874999 0.059997671875000005 0.7878280140625 0.060548012500000005 0.7908548890625 0.059997671875000005 0.7922307421875 0.060272842187499995 0.7955327875 0.061098353125000004 0.7974589796875 0.0608231828125 0.8015865375000001 0.0718300015625 0.9333931859375 0.07623272812500001 0.9796218218749999 0.0971456828125 0.9768701171874999 0.094393978125 0.9614605718749999 0.0847630125 0.8522179015625 0.0795347734375 0.8029623890625001 0.0795347734375 0.7993851734375 0.0795347734375 0.7958079578125 0.07980994375 0.7925059125 0.07980994375 0.79057971875 0.0795347734375 0.7864521625 0.0784340921875 0.7825997765625 0.0787092625 0.7803984125000001 0.0789844328125 0.777921878125 0.0773334109375 0.7743446625 0.07678306875 0.769941934375 0.07678306875 0.768841253125 0.0756823875 0.764713696875 0.0756823875 0.7625123328125001 0.0696286375 0.6681288656250001 0.061098353125000004 0.5443021609375001 0.053943921875 0.44909318281250005 0.0484469640625 0.359375 0.032540840625 0.359375
15 0.0484794234375 0.359375 0.0498674171875 0.38660102812499997 0.062284246875000004 0.5637478 0.07718444375 0.7371695218750001 0.0875318015625 0.862579503125 0.1057431515625 0.8600961375 0.10036252500000001 0.8178789156249999 0.0904290609375 0.6941245125 0.0813233859375 0.56871453125 0.07014823906249999 0.44661570624999997 0.0663265921875 0.39983767187499997 0.0637591640625 0.359375 0.0484794234375 0.359375
15 0.0665834 0.359375 0.0666131890625 0.3598665109375 0.07233039531249999 0.4637705296875 0.0802847703125 0.559968746875 0.0872448484375 0.6464725703124999 0.0959449453125 0.7511223125 0.0961935203125 0.753608053125 0.09644209375 0.757585240625 0.0969392421875 0.7613138546875 0.0986792625 0.7662853390625 0.0989278359375 0.7715053968750001 0.0989278359375 0.775234009375 0.0989278359375 0.7789626234375 0.0999221328125 0.781448365625 0.101413578125 0.7826912359375 0.0999221328125 0.7866684234375 0.1056393390625 0.8520434390624999 0.11558230781250001 0.9621618125000001 0.12030521718750001 0.9626589609374999 0.1292538890625 0.9624103875 0.13422537343750002 0.9604217937499999 0.124779553125 0.8647207234375 0.118316625 0.792882778125 0.1165766046875 0.7854255515624999 0.11806805000000001 0.781199790625 0.117819475 0.778465475 0.11732232812500001 0.7742397125 0.11707375312499999 0.7705111 0.11583088281250001 0.7650424671875 0.11483658593749999 0.7623081515625 0.1145880109375 0.759822409375 0.11483658593749999 0.7563423703125001 0.1145880109375 0.7523651828125001 0.1143394375 0.7508737375 0.11110797187499999 0.726264890625 0.1029050234375 0.6250951890625001 0.0904763125 0.48887652343750004 0.08141855 0.359375 0.0665834 0.359375
15 0.0842031 0.359375 0.0902277390625 0.42772726875 0.10688221093750001 0.6494554609375001 0.1066336359375 0.654178371875 0.1066336359375 0.6564155390625 0.10737935937500001 0.6613870234375 0.10812508125 0.6641213390624999 0.10837365624999999 0.6673528046875 0.10862222968749999 0.671827140625 0.10887080468749999 0.673318584375 0.109367953125 0.677295771875 0.1143394375 0.73347354375 0.11906234687499999 0.7854255515624999 0.12005664375 0.8140115859375001 0.12328810781249999 0.8450833624999999 0.1349710953125 0.8445862140625 0.1302481859375 0.775482584375 0.12403383125 0.6787872171875 0.1225423859375 0.6571612609375 0.11483658593749999 0.551020075 0.1061364875 0.4421445734375 0.099424984375 0.360115084375 0.09936453125 0.359375 0.0842031 0.359375
15 0.1004449109375 0.359375 0.11027872968750001 0.493389375 0.13055338593750002 0.78534444375 0.141269990625 0.9295841515625 0.160386096875 0.9284255984375 0.15140732031249998 0.8212595515625001 0.1398218015625 0.6660136031249999 0.132870490625 0.5744880046875 0.121574609375 0.4305379359375 0.11629546093750001 0.359375 0.1004449109375 0.359375
15 0.11681605312500001 0.359375 0.1166507640625 0.363341928125 0.1186782296875 0.3760859984375 0.1259191796875 0.48672770156249995 0.13663578437499999 0.62922958125 0.146483475 0.75377390625 0.15343478593749998 0.8360310890625 0.1595171828125 0.9272670468750001 0.15488297499999998 0.9281359609375001 0.1595697609375 1 0.1796020171875 1 0.17515763281250002 0.9385629281250001 0.16675813281250002 0.8441409515625 0.15835863125 0.7262582999999999 0.15024876874999998 0.608086009375 0.1418492671875 0.4887551671875 0.136925421875 0.42213843593749995 0.1331654 0.359375 0.11681605312500001 0.359375
15 0.132875596875 0.359375 0.133160128125 0.371609859375 0.13779433593749998 0.4272203484375 0.141269990625 0.47066604375 0.15053840624999998 0.600713490625 0.1595171828125 0.72757491875 0.16646849375 0.8382166218750001 0.1690752359375 0.85993946875 0.16965451250000002 0.873262815625 0.17515763281250002 0.9436448421874999 0.1797157703125 1 0.198940840625 1 0.195432290625 0.9630505843750001 0.18963953125 0.8802141265625 0.187612065625 0.8700767984375 0.18674315156250001 0.8570430890625002 0.180081478125 0.7672553203125 0.17341980625 0.6757297234375 0.1647306671875 0.5595848984374999 0.152855509375 0.414186640625 0.15053840624999998 0.375954428125 0.14914880156250002 0.359375 0.132875596875 0.359375
15 0.1501672984375 0.359375 0.15459333749999998 0.4299586609375 0.164151390625 0.5446552953125 0.17284052968750002 0.6613793953125 0.18239858281250002 0.7986677906249999 0.187901703125 0.8644156093750001 0.20759708593749998 0.8635466953125001 0.20325251562500002 0.8273419499999999 0.1963012046875 0.7372645421875 0.187901703125 0.6399461859375 0.1786332890625 0.5235117234375 0.16965451250000002 0.4050497953125 0.1658863421875 0.359375 0.1501672984375 0.359375
15 0.16669604843750002 0.359375 0.17313016718750002 0.456315715625 0.183267496875 0.5765154703125 0.1907980828125 0.6691996203125 0.1986183078125 0.7566702859375 0.2194722421875 0.9460935156249999 0.2296095703125 0.9472520671875 0.2348230546875 0.9443556874999999 0.233954140625 0.931032340625 0.22063079375 0.7917164796875 0.218892965625 0.7705729078125 0.1902188078125 0.47137688906249997 0.18143956249999998 0.359375 0.16669604843750002 0.359375
15 0.183106778125 0.359375 0.18355713437500001 0.36536939375 0.193404825 0.4847002359375 0.2093349125 0.6645654125 0.21281056875 0.7083007453125 0.2154173109375 0.726837575 0.233954140625 0.8754218515625001 0.253649521875 0.8731047484375001 0.2510427796875 0.857464296875 0.2452500203125 0.812280775 0.23511269218750003 0.7427676640625 0.23192667500000003 0.717279521875 0.2197618796875 0.5950523015625 0.200269771875 0.359375 0.183106778125 0.359375
15 0.21523675468749998 0.359375 0.218603328125 0.4360410578125 0.2307681234375 0.6150373203124999 0.23105776093750002 0.6190922515625 0.23105776093750002 0.6222782703125 0.23105776093750002 0.6269124765624999 0.23105776093750002 0.6335741500000001 0.23018884687500002 0.639656546875 0.2330852265625 0.6434218406250001 0.23742979531250002 0.7158313328125001 0.2443811078125 0.8088051203125 0.2626282984375 0.8093843953125 0.2579940921875 0.756091009375 0.2490153140625 0.6477664109375001 0.24872567656250003 0.6228575453125 0.24698784843750002 0.616195871875 0.2449603828125 0.57941185 0.23155477656249998 0.359375 0.21523675468749998 0.359375
15 0.2525277265625 0.359375 0.257125178125 0.5394418109375 0.2588630046875 0.678178396875 0.2579940921875 0.7584081140625 0.26320757499999997 0.8082258437500001 0.2588630046875 0.8085154812500001 0.261180109375 0.8704980062499998 0.277110196875 0.8719461953125001 0.276820559375 0.8018538078125002 0.2756620078125 0.686288259375 0.2739241796875 0.5704330734375 0.269579609375 0.40852545156250003 0.267448809375 0.359375 0.2525277265625 0.359375
18 0.609375 0.9177707234374999 0.768516003125 0.9145229468749999 0.7733469203125 0.9108997578124999 0.83373339375 0.6077596625 0.8409797703125002 0.5449577296875 0.8071633453124999 0.5135567640625001 0.7914628625 0.473701690625 0.760061896875 0.4688707734375 0.738322765625 0.47611715 0.7334918484374999 0.49664855 0.609375 0.49664855 0.609375 0.9177707234374999
18 1 0.4749094203125 0.979868659375 0.4749094203125 0.9665836359375 0.482155796875 0.9569217999999999 0.503894928125 0.8953275968749999 0.50147946875 0.88445803125 0.49664855 0.8240715578125 0.49664855 0.8192406406250001 0.50147946875 0.8168251812499999 0.520803140625 0.827694746875 0.5292572468750001 0.8373565828124999 0.554619565625 0.7878396734375 0.8239432359375 0.77455465 0.8746678750000001 0.7709314609375 0.90365338125 0.77455465 0.9133152171875001 0.94846769375 0.931431159375 0.9605449875 0.931431159375 0.9665836359375 0.9266002421875001 1 0.82468033125 1 0.4749094203125
18 0.609375 0.49464896875 0.6767285624999999 0.4978562796875 0.6827672093749999 0.4918176328125 0.687598128125 0.4978562796875 0.73590730625 0.4978562796875 0.7395304953124999 0.47611715 0.77455465 0.470078503125 0.7757623796875001 0.4640398546875 0.763685084375 0.43867753593750003 0.7564387078125 0.43384661874999997 0.755230978125 0.4157306765625 0.7431536828125 0.4096920296875 0.7226222828125 0.4084843 0.7081295296875 0.414522946875 0.704506340625 0.43143115937500004 0.609375 0.4302566984375 0.609375 0.49464896875
18 0.96537590625 0.48336352656250003 0.9810763890625 0.47611715 0.9834918484375 0.4688707734375 0.946052234375 0.4435084546875 0.94846769375 0.422977053125 0.9448445046874999 0.4193538640625 0.9086126203125 0.41693840625 0.8965353265625 0.422977053125 0.8929121375 0.43988526562499997 0.8168251812499999 0.43988526562499997 0.789047403125 0.43505434843749996 0.78300875625 0.44592391249999996 0.7818010265625001 0.470078503125 0.7962937796875 0.4797403375 0.797501509375 0.5026871984375 0.8132019921874999 0.51838768125 0.8192406406250001 0.49906400937499995 0.8240715578125 0.49664855 0.9605449875 0.503894928125 0.96537590625 0.48336352656250003