10 0.4309590109375 0.6296875 0.431689453125 0.627685546875 0.438525390625 0.597900390625 0.4390625 0.5895751953125 0.4390625 0.5799621578124999 0.435595703125 0.557861328125 0.428271484375 0.539794921875 0.408740234375 0.517822265625 0.396044921875 0.509033203125 0.378955078125 0.500732421875 0.355029296875 0.492431640625 0.325244140625 0.487548828125 0.309130859375 0.479248046875 0.269091796875 0.465087890625 0.149951171875 0.417236328125 0.064013671875 0.380615234375 0.041064453125 0.368896484375 0.024462890625 0.364013671875 0.008349609375 0.355224609375 0 0.35187257656250004 0 0.5914140625 0.046923828125 0.612060546875 0.076220703125 0.627197265625 0.0821481625 0.6296875 0.4309590109375 0.6296875
16 0.6385792734375 0.310594771875 0.5963449421875 0.22340131093750001 0.589532953125 0.22203891250000002 0.4968899015625 0.34465471718749996 0.491440309375 0.384164253125 0.4968899015625 0.396425834375 0.50915148125 0.4073250171875 0.5404866312500001 0.41822419843749997 0.558197803125 0.4495593484375 0.6372168765625 0.51086725 0.6467536609375 0.5040552609375 0.6876255953125 0.49996806875 0.7543830890625 0.505417659375 0.7707318625 0.4904312828125 0.8320397640625 0.40596261875 0.8421875 0.3805932796875 0.8421875 0.37533315156249997 0.8374893562500001 0.3541915015625 0.8211405828125 0.33648032968749997 0.7598326796875 0.2928836 0.74348390625 0.2928836 0.675364015625 0.3187691578125 0.6385792734375 0.310594771875
16 0.87161085 0.6296875 0.863764475 0.5394541890625 0.8487781 0.519018221875 0.8365165187500001 0.51356863125 0.7547726499999999 0.514931028125 0.728887090625 0.5067566421875 0.7220751015625 0.4985822546875 0.7030015328125 0.4985822546875 0.651230415625 0.5026694484374999 0.614445675 0.5244678140625 0.551775375 0.531279803125 0.5327018046875 0.5408165875 0.5231650203125 0.55989015625 0.5231650203125 0.5898629093750001 0.51635303125 0.6102988765624999 0.5225221390625 0.6296875 0.87161085 0.6296875
16 0.459375 0.550444375 0.4809306875 0.558527759375 0.5231650203125 0.554440565625 0.5626745578125 0.5244678140625 0.5722113421875 0.5040318453125 0.57084894375 0.47405909375000005 0.5463257828125 0.42365037499999997 0.5272522140625 0.41138879375000004 0.5000042578125 0.405939203125 0.47139390312499996 0.4154759875 0.459375 0.42526916718749996 0.459375 0.550444375
16 0.459375 0.169491565625 0.4959170640625 0.1743315734375 0.538151396875 0.1702443796875 0.5667617500000001 0.11711086562499999 0.5640369546875 0.104849284375 0.551775375 0.0953125 0.459375 0.0953125 0.459375 0.169491565625
16 0.459375 0.2486401578125 0.475481096875 0.261525034375 0.49182987031250003 0.265612228125 0.52452741875 0.26288743124999997 0.5476881812500001 0.2506258515625 0.561312159375 0.23563947500000001 0.5640369546875 0.20021713281250003 0.5463257828125 0.1661571859375 0.525889815625 0.172969175 0.4959170640625 0.172969175 0.459375 0.1682842953125 0.459375 0.2486401578125
16 0.7997317781250001 0.27106181875 0.801094175 0.2560754421875 0.831066928125 0.257437840625 0.8923748296875 0.2288274859375 0.9059988078125001 0.2124787125 0.9059988078125001 0.18659315468749998 0.8555900890625001 0.0953125 0.569486546875 0.0953125 0.5640369546875 0.1280100484375 0.5504129765625 0.15662040156249998 0.5722113421875 0.1784187671875 0.5940097078125 0.1784187671875 0.5912849109375 0.2111163140625 0.5953721046875 0.2233778953125 0.6307944484375 0.298309775 0.6498680171875 0.31602094687500004 0.6812031671875 0.3187457421875 0.732974284375 0.29422258125 0.7752086171875 0.288772990625 0.7997317781250001 0.27106181875
16 1 0.6296875 1 0.5080276125000001 0.9591323234375 0.3187457421875 0.9427835484374999 0.29013538906249997 0.9141731953125 0.284685796875 0.8106309609375 0.32555773125 0.8378789171874998 0.35280568749999996 0.8433285078124999 0.3841408375 0.831066928125 0.41002639687500003 0.7752086171875 0.48495827656249996 0.7752086171875 0.49177026562500004 0.801094175 0.49449506093749995 0.81335575625 0.5108438343749999 0.8365165187500001 0.514931028125 0.8583148843749999 0.531279803125 0.8651268734374999 0.55989015625 0.870565628125 0.6296875 1 0.6296875
16 0.90736120625 0.1920427453125 0.904636409375 0.2152035078125 0.8937372281249999 0.2274650890625 0.8378789171874998 0.25335064687500003 0.8515028953125 0.2737866140625 0.8705764640625 0.2778738078125 0.9686691078125002 0.21792830312499997 0.9782058921874999 0.1961299390625 0.9482331406250001 0.14844601562499998 0.9032740125000001 0.0953125 0.854227690625 0.0953125 0.90736120625 0.1920427453125
18 0 0.6296875 0 1 0.0402992078125 1 0.0989716875 0.93993055625 0.0972622859375 0.874973290625 0.0938434828125 0.859588675 0.08529647500000001 0.8544604703124999 0.0784588671875 0.8168536328125 0.08016826875000001 0.77753739375 0.0562366453125 0.6732638890625 0.049942278125 0.6296875 0 0.6296875
18 0.0445317765625 0.6296875 0.09555288437500001 0.9279647437499999 0.09555288437500001 0.9365117515625 0.0733306625 0.9638621796875 0.074901871875 1 0.319217415625 1 0.37076655937499997 0.9536057687499999 0.3741853625 0.9433493593750001 0.28509075 0.6296875 0.0445317765625 0.6296875
15 0.611302875 0.6296875 0.7115283906250001 0.9484375 0.7168898859375 0.9484375 0.740625 0.9454706093749999 0.740625 0.942744375 0.63681339375 0.6296875 0.611302875 0.6296875
15 0.69502418125 0.6296875 0.6791666671875 0.92842261875 0.7014880953125 0.9346230156249999 0.718083225 0.6296875 0.69502418125 0.6296875
15 0.6603820375 0.6296875 0.656306271875 1 0.6771339390625 1 0.6794629484375 0.6296875 0.6603820375 0.6296875
15 0.637874128125 0.6296875 0.6304450203125 1 0.6536590765625 1 0.6599452453125 0.6296875 0.637874128125 0.6296875
15 0.6102153984375 0.6296875 0.6030622593749999 1 0.629418759375 1 0.6316164609375 0.6296875 0.6102153984375 0.6296875
15 0.5656009531249999 0.6296875 0.563948140625 0.95694444375 0.5924699656250001 0.955704365625 0.589725715625 0.6296875 0.5656009531249999 0.6296875
15 0.544989871875 0.6296875 0.5462473 1 0.5649532609375 1 0.5636330734375 0.6296875 0.544989871875 0.6296875
15 0.521529075 0.6296875 0.5167162703125 0.9978670640624999 0.52347056875 1 0.540347271875 1 0.5451958796875 0.6296875 0.521529075 0.6296875
15 0.4874193953125 0.6296875 0.4761293796875 1 0.4985950609375 1 0.5071539015625 0.6296875 0.4874193953125 0.6296875
15 0.46119344375000004 0.6296875 0.459375 0.67378475 0.459375 0.93504219375 0.4733134921875 0.9322544953125 0.4816314859375 0.6296875 0.46119344375000004 0.6296875