10 0 0.280960903125 0.0492433171875 0.28619955468749997 0.13310075937500002 0.2631387578125 0.1498722484375 0.2631387578125 0.1624508640625 0.27571737343749997 0.1890625 0.274934678125 0.1890625 0.1226775421875 0.1666437375 0.1226775421875 0.078593421875 0.051398715625 0.0450504453125 0.051398715625 0 0.0838350375 0 0.280960903125
19 0.7471413359375 0.48474786875 0.7240589484375 0.4772017046875 0.6925426140625001 0.46876775625 0.6592507109375 0.4616654828125 0.65392400625 0.4625532671875 0.65392400625 0.4763139203125 0.6574751421875 0.48030894843749994 0.69609375 0.48829900625 0.7404829546875 0.4936257109375 0.7471413359375 0.48474786875
19 0.51494140625 0.46162109375 0.5037109375 0.45380859375 0.48662109375 0.45380859375 0.48125 0.45478515625 0.47734375 0.458203125 0.4734375 0.46796875 0.475390625 0.48310546875 0.483203125 0.49287109375 0.4880859375 0.49580078125 0.50029296875 0.4962890625 0.51005859375 0.4923828125 0.52177734375 0.4845703125 0.522265625 0.473828125 0.51494140625 0.46162109375
19 0.53154296875 0.49921875 0.53349609375 0.50947265625 0.537890625 0.5099609375 0.541796875 0.505078125 0.53935546875 0.5001953125 0.5447265625 0.4962890625 0.54765625 0.49140625 0.55107421875 0.49189453125 0.55693359375 0.4845703125 0.5564453125 0.47822265625 0.553515625 0.4748046875 0.55302734375 0.46552734375 0.549609375 0.45869140625 0.541796875 0.45234375 0.5359375 0.4318359375 0.5203125 0.4015625 0.50908203125 0.3849609375 0.5017578125 0.38447265625 0.479296875 0.387890625 0.47099609375 0.3908203125 0.46806640625 0.39375 0.47001953125 0.409375 0.48125 0.4533203125 0.4822265625 0.45478515625 0.50517578125 0.45380859375 0.51005859375 0.45625 0.5212890625 0.47041015625 0.52275390625 0.48408203125 0.53154296875 0.49921875
19 0.53984375 0.4142578125 0.54228515625 0.407421875 0.54912109375 0.40009765625 0.5544921875 0.38251953125 0.549609375 0.38154296875 0.54423828125 0.3849609375 0.541796875 0.36201171875 0.537890625 0.35126953125 0.53544921875 0.34833984375 0.52763671875 0.34541015625 0.494921875 0.34052734375 0.48955078125 0.364453125 0.4880859375 0.3859375 0.50517578125 0.38642578125 0.5095703125 0.3888671875 0.52666015625 0.41474609375 0.53740234375 0.43671875 0.54814453125 0.43720703125 0.5515625 0.434765625 0.5525390625 0.42890625 0.54033203125 0.4181640625 0.53984375 0.4142578125
19 0.58330078125 0.30830078125 0.57255859375 0.30634765625 0.51640625 0.315625 0.49345703125 0.32294921875 0.4919921875 0.32490234375 0.50224609375 0.33466796875 0.51201171875 0.337109375 0.557421875 0.33271484375 0.57451171875 0.3244140625 0.5857421875 0.32197265625 0.59111328125 0.317578125 0.5916015625 0.30732421875 0.58330078125 0.30830078125
19 0.65068359375 0.442578125 0.64189453125 0.42451171875 0.621875 0.4142578125 0.61552734375 0.4328125 0.61552734375 0.4396484375 0.62041015625 0.4552734375 0.635546875 0.47919921875 0.6404296875 0.48310546875 0.6482421875 0.48408203125 0.65556640625 0.4748046875 0.65458984375 0.46357421875 0.65947265625 0.46064453125 0.65849609375 0.45234375 0.65068359375 0.442578125
19 0.6885475859375 0.33826349375000003 0.6694602265625 0.3493607953125 0.656143465625 0.3609019890625 0.6645774140625 0.3693359375 0.672567471875 0.3746626421875 0.67478693125 0.38575994375 0.6761186078125 0.3924183234375 0.6814453125 0.399520596875 0.6876598015625001 0.38709161875000003 0.69920099375 0.3813210234375 0.7005326703125 0.3924183234375 0.7129616484375 0.3728870734375 0.715625 0.3617897734375 0.6885475859375 0.33826349375000003
19 0.64415838125 0.4234907671875 0.6565873578125 0.4501242890625 0.65880681875 0.46344105156250004 0.6730113640625001 0.45545099375 0.6792258515625 0.4474609375 0.6876598015625001 0.4496803984375 0.687215909375 0.461221590625 0.7054154828125 0.4470170453125 0.7169566765625001 0.44568536875 0.7302734375 0.4421342328125 0.7378196015625 0.44923650625 0.7400390625 0.4328125 0.7364879265625001 0.4181640625 0.7356001421875 0.402627840625 0.71873224375 0.41683238593749994 0.704971590625 0.42482244375 0.6938742890625 0.4283735796875 0.686328125 0.431924715625 0.706747159375 0.40484730156250004 0.7031960234375 0.3986328125 0.6925426140625001 0.4061789765625 0.6792258515625 0.4257102265625 0.665909090625 0.43947088125 0.65880681875 0.44346590937499997 0.6494850859375 0.427041903125 0.6370561078125 0.40706676093749994 0.6250710234375 0.3924183234375 0.61486150625 0.387979403125 0.62462713125 0.40174005625 0.62462713125 0.417276278125 0.64415838125 0.4234907671875
19 0.6525923296875 0.505166903125 0.64904119375 0.49451349375 0.653036221875 0.47986505625 0.6401633515625 0.480752840625 0.6312855109375 0.47054332343749994 0.6224076703125 0.4545632109375 0.618856534375 0.4452414765625 0.6153053984375 0.4372514203125 0.621963778125 0.412393465625 0.62462713125 0.40040838125 0.6130859375 0.4057350859375 0.60154474375 0.42881747187499997 0.597549715625 0.47009943125 0.59666193125 0.501171875 0.59177911875 0.5278053984375 0.5735795453125 0.5389026984374999 0.5736279703125 0.5390625 0.6413768125 0.5390625 0.6485973015625001 0.5229225859375 0.6525923296875 0.505166903125
19 0.7169566765625001 0.4891867890625 0.7249467328125 0.46521661875 0.71384943125 0.46033380625 0.7063032671875 0.4692116484375 0.69786931875 0.49318181875 0.686328125 0.5056107953125 0.6721235796875 0.516708096875 0.6681285515625001 0.531356534375 0.6577551359375 0.5390625 0.6801052609375 0.5390625 0.6974254265625001 0.520703125 0.7169566765625001 0.4891867890625
19 0.6792258515625 0.3973011359375 0.6712357953125 0.387979403125 0.65880681875 0.387979403125 0.6521484375 0.397745028125 0.6565873578125 0.41328125 0.6632457390625001 0.41905184687499997 0.6654651984375 0.436807528125 0.666796875 0.4376953125 0.6666810765625 0.4381585046875 0.6765625 0.427041903125 0.68322088125 0.407510653125 0.6792258515625 0.3973011359375
19 0.68943536875 0.5300248578125 0.6827769890625001 0.5353515625 0.6796226921875 0.5390625 0.70408380625 0.5390625 0.70408380625 0.5326882109375 0.68943536875 0.5300248578125
19 0.6574751421875 0.5073863640625 0.6907670453125 0.4940696015625 0.695205965625 0.4887428984375 0.6765625 0.4838600859375 0.65703125 0.49007457343749994 0.6485973015625001 0.49495738593749994 0.6574751421875 0.5073863640625
19 0.5948863640625001 0.490518465625 0.5900035515625001 0.48741122187499997 0.5735795453125 0.49140625 0.56248224375 0.49495738593749994 0.559375 0.5047230109374999 0.5589311078125 0.51892755625 0.570028409375 0.5184836640625 0.5718039765625 0.50783025625 0.58201349375 0.50427911875 0.5931107953125 0.5025035515625 0.5962180390625 0.4962890625 0.5957741484375 0.49007457343749994 0.5948863640625001 0.490518465625
19 0.5744673296875 0.379989346875 0.5655894890625001 0.3924183234375 0.563370028125 0.41017400625 0.5642578125 0.40973011406250004 0.5664772734375 0.40973011406250004 0.5802379265625001 0.40662286875 0.5824573859375 0.3990767046875 0.57890625 0.397745028125 0.5882279828125 0.3875355109375 0.5922230109375 0.3826526984375 0.6117542609375 0.3764382109375 0.6241832390625001 0.3693359375 0.627734375 0.36267755625000003 0.6206321015625 0.3569069609375 0.6028764203125 0.3595703125 0.582901278125 0.365340909375 0.5744673296875 0.379989346875
19 0.5433948859375 0.531363015625 0.530078125 0.5202657140625 0.5238636359375 0.527811878125 0.5238636359375 0.5390625 0.535550115625 0.5390625 0.5376242890625 0.5349141515625 0.5433948859375 0.531363015625
19 0.7542436078125 0.4812032140625 0.7475852265625 0.48253489062500005 0.744034090625 0.49451997499999995 0.736044034375 0.4949638671875 0.736044034375 0.50606116875 0.744921875 0.5144951171875001 0.75158025625 0.513163440625 0.764453125 0.5016222484374999 0.764453125 0.49052494687500003 0.7542436078125 0.4812032140625
19 0.7356001421875 0.38310307187500003 0.726278409375 0.38931756093750003 0.715625 0.3981954015625 0.6885475859375 0.4305995203125 0.7005326703125 0.42527281562499997 0.7134055390625 0.4199461109375 0.7364879265625001 0.40352210624999996 0.7347123578125 0.41950221875000004 0.7533558234375 0.4345945484375 0.7520241484375 0.41239994687500003 0.7475852265625 0.39908318593750003 0.7498046875 0.39109312812499997 0.7591264203125 0.3906492359375 0.7502485796875 0.3724496625 0.7444779828125 0.37156187812499997 0.7435901984375 0.35380619687500003 0.7324928984375 0.33782608281250004 0.71384943125 0.32317764531250004 0.7227272734375 0.3418211109375 0.734268465625 0.36756685 0.7356001421875 0.38310307187500003
19 0.5922230109375 0.45634525937500003 0.5984375 0.43903346875000004 0.5891157671875 0.42616059999999995 0.57091619375 0.42305335624999996 0.558487215625 0.43592622499999995 0.5580433234375 0.45545747499999995 0.5620383515625 0.46344753125000004 0.5766867890625 0.46921812812499997 0.5842329546875 0.4625597484375 0.5922230109375 0.45634525937500003
19 0.579794034375 0.41728275937500003 0.59177911875 0.42616059999999995 0.60642755625 0.41905832812500005 0.61131036875 0.40574156562499997 0.5824573859375 0.39641983281250004 0.5811257109375 0.4070732421875 0.579794034375 0.41728275937500003
19 0.597549715625 0.43592622499999995 0.5984375 0.4332628734375 0.57713068125 0.4168388671875 0.5549360796875 0.41328773124999996 0.54161931875 0.41639497499999995 0.5460582390625001 0.42127778749999995 0.57579900625 0.42305335624999996 0.58689630625 0.42793616874999996 0.597549715625 0.43592622499999995
19 0.7462535515625001 0.5233729578124999 0.734268465625 0.52070960625 0.7249467328125 0.52204128125 0.7107421875 0.5273679859375 0.7031960234375 0.5309191234374999 0.70541694375 0.5390625 0.7412051953125001 0.5390625 0.745809659375 0.5340263671875001 0.7462535515625001 0.5233729578124999
19 0.5815696015625 0.527811878125 0.58556463125 0.5331385828124999 0.59177911875 0.5251485265625 0.5931107953125 0.5042856 0.5802379265625001 0.5038417078124999 0.5713600859375 0.5078367359375 0.570028409375 0.5176023609375 0.5678089484375 0.52381685 0.5638139203125 0.527811878125 0.5638139203125 0.537577503125 0.5598188921875 0.531363015625 0.5544921875 0.531363015625 0.5522465046875 0.5390625 0.575901540625 0.5390625 0.57713068125 0.5349141515625 0.5815696015625 0.527811878125
19 0.5482776984375 0.5193779296875001 0.53673650625 0.5251485265625 0.5305220171875 0.516714578125 0.5296342328125 0.5065050609374999 0.5305220171875 0.4998466796875 0.5216441765625001 0.5016222484374999 0.5012251421875 0.5016222484374999 0.4936789765625 0.5087245203124999 0.48790838125 0.5087245203124999 0.491015625 0.5176023609375 0.4963423296875 0.5242607421875001 0.5003373578125 0.518046253125 0.5052201703125 0.51715846875 0.5101029828125 0.52559241875 0.5189808234375 0.527811878125 0.5238636359375 0.53668971875 0.5247514203125 0.5260363109374999 0.530078125 0.52559241875 0.5425071015625 0.5322507984375 0.5482776984375 0.5193779296875001
16 0.1890625 1 0.1890625 0.6444043703125 0.18891882499999998 0.644424778125 0.15766882499999998 0.6469049359375 0.1219545390625 0.6461608890625 0.1093057296875 0.6434327140625 0.091200571875 0.6431846984375 0.06912715781249999 0.6414485875 0.0428374765625 0.641696603125 0.0316767609375 0.644424778125 0.024236285937499998 0.6451688250000001 0.0145636671875 0.6429366828124999 0.007619221875 0.6402085078125 0 0.639214696875 0 1 0.1890625 1
16 0 0.6417647484375 0.020709325 0.64188988125 0.11073908750000001 0.6443700390625 0.1890625 0.6449966265625 0.1890625 0.5390625 0 0.5390625 0 0.6417647484375
12 0.5289272703125001 0.5489703078125 0.521599684375 0.5599616875 0.5170738218750001 0.5705220328125 0.5147031328125 0.580435825 0.5127634765625 0.6030651359375 0.5127634765625 0.639056515625 0.5138410640625 0.6752634109375 0.5159962359375 0.6886254796875 0.5231083046875 0.7011254796874999 0.5289272703125001 0.7073754796875 0.5418583046875 0.71534961875 0.563625546875 0.7261254796875 0.5791427875 0.726556515625 0.584961753125 0.7224616875 0.601125546875 0.7187978937499999 0.6209531328125 0.708668584375 0.6244014078125 0.7056513421874999 0.6332376156249999 0.6909961703125 0.6476772703125 0.657590996875 0.6603927875 0.6250478937499999 0.6651341671875 0.60629789375 0.6651341671875 0.589056515625 0.663625546875 0.5806513421874999 0.6595307187499999 0.5709530671875 0.6593152015625 0.567935825 0.6672893390625 0.545090996875 0.6681514078124999 0.5397030671875 0.66813539375 0.5390625 0.53362674375 0.5390625 0.5334531328125001 0.5444444453124999 0.5289272703125001 0.5489703078125