10 0.36328125 0 0.340625 0.0056640625 0.280078125 0.0369140625 0.2625 0.0720703125 0.264453125 0.1150390625 0.389453125 0.5603515625 0.42566675624999994 0.615625 0.5390625 0.615625 0.5390625 0.0642578125 0.533984375 0.0408203125 0.50459375 0 0.36328125 0
14 1 0.193544921875 0.9957148437499999 0.189259765625 0.9771601562499999 0.182423828125 0.9468867187499999 0.167775390625 0.9302851562499999 0.221486328125 0.9195429687499999 0.258595703125 0.8980585937499999 0.317189453125 0.8990351562499999 0.368947265625 0.9175898437499999 0.372853515625 0.9283320312499999 0.385548828125 0.9449335937499999 0.411916015625 0.9625117187499999 0.420705078125 1 0.37931176718750004 1 0.193544921875
14 1 0.377313125 0.9820429687499999 0.399220703125 0.9341914062499999 0.453908203125 0.8892695312499999 0.516408203125 0.8902460937499999 0.517384765625 0.9146601562499999 0.537892578125 0.9400507812499999 0.563283203125 0.9752070312499999 0.596486328125 1 0.6188 1 0.377313125
1 1 0.616464996875 0.9937416015625 0.612111328125 0.9595619140625 0.580861328125 0.9458900390625 0.571095703125 0.8531166015625 0.607228515625 0.8814369140625 0.650197265625 0.8394447265625 0.658986328125 0.8706947265625 0.679494140625 0.8824134765625 0.685353515625 0.8804603515625 0.691212890625 0.8970619140625 0.701955078125 0.9331947265625 0.708791015625 0.9359978515625 0.709375 0.9632458078125001 0.709375 0.9956947265625 0.688283203125 1 0.6848236078125 1 0.616464996875
11 0.8081947265625 0.413869140625 0.8111244140625 0.472462890625 0.8296791015625 0.497853515625 0.8404212890625 0.505666015625 0.8511634765625 0.526173828125 0.8658119140625 0.529103515625 0.9146400390625 0.566212890625 0.8863197265625 0.513478515625 0.9624916015625 0.419728515625 0.9488197265625 0.412892578125 0.9312416015625 0.390431640625 0.9126869140625 0.376759765625 0.8775306640625 0.362111328125 0.9156166015625 0.268361328125 0.9273353515625 0.232228515625 0.9146400390625 0.214650390625 0.8804603515625 0.247853515625 0.8394447265625 0.304494140625 0.8247962890625 0.356251953125 0.8081947265625 0.413869140625
19 0.7193359375 0.63017578125 0.75009765625 0.64140625 0.75400390625 0.64189453125 0.759375 0.639453125 0.769140625 0.6326171875 0.78232421875 0.627734375 0.8072265625 0.61259765625 0.83994140625 0.59599609375 0.8384765625 0.58818359375 0.83017578125 0.5779296875 0.8189453125 0.5583984375 0.81064453125 0.5359375 0.81015625 0.52373046875 0.81455078125 0.49150390625 0.81455078125 0.47392578125 0.8111328125 0.44560546875 0.81064453125 0.420703125 0.81357421875 0.3953125 0.83359375 0.32353515625 0.86044921875 0.2712890625 0.86044921875 0.268359375 0.85751953125 0.26494140625 0.84677734375 0.26396484375 0.81845703125 0.26787109375 0.80087890625 0.2751953125 0.7779296875 0.280078125 0.7720703125 0.28349609375 0.73740234375 0.3171875 0.71494140625 0.346484375 0.70224609375 0.3669921875 0.687109375 0.40458984375 0.6822265625 0.43388671875 0.68466796875 0.49248046875 0.7115234375 0.60966796875 0.71591796875 0.6248046875 0.7193359375 0.63017578125
18 0.1410148640625 0.709375 0.163520984375 0.83175203125 0.17344878125000002 0.8606328968750001 0.18427910625 0.868755640625 0.2708935046875 0.8734375 0.2912426671875 0.8734375 0.3178531140625 0.8705606953125 0.324170803125 0.8624379515625 0.3331960734375 0.76135491875 0.3344096125 0.709375 0.1410148640625 0.709375
18 0 0.709375 0 0.8880664296875 0.009572428125 0.8968411546875 0.0745543765625 0.9058664265624999 0.10885040625 0.9058664265624999 0.132316109375 0.898646209375 0.1386338 0.8905234656250001 0.14134138125 0.8453971125 0.137731271875 0.77770758125 0.1232908390625 0.713628159375 0.1220372765625 0.709375 0 0.709375
18 0.5390625 0.709375 0.34671396250000003 0.709375 0.32365184999999996 0.8273465703125 0.32004174218750003 0.9329422375 0.32365184999999996 0.94648014375 0.33267712031249996 0.9600180500000001 0.393146434375 0.96272563125 0.45993343906249995 0.9618231046875 0.46625112812499997 0.9591155234375 0.4915218859375 0.9058664265624999 0.5321356046875 0.8372743687499999 0.5390625 0.826096878125 0.5390625 0.709375
1 0.5390625 1 0.5390625 0.832198059375 0.5071656890625 0.8778880859375 0.45301406406250005 0.9726534296875 0.4537998859375 1 0.5390625 1
19 0.793537415625 0.709375 0.774739584375 0.743489584375 0.7580729171874999 0.796614584375 0.759114584375 0.8080729171875 0.7716145843750001 0.81953125 0.7954861109375 0.828125 0.8042968765625 0.828125 0.815364584375 0.8268229171874999 0.82265625 0.81953125 0.8299479171874999 0.77578125 0.8518229171874999 0.730989584375 0.8558256171874999 0.709375 0.793537415625 0.709375
19 0.5692633203125 0.709375 0.5465945515625 0.7566016015625 0.5698317312500001 0.7734285265625 0.5962740390625 0.7926592953125 0.6331330125 0.7918580125 0.6627804484375 0.76701826875 0.6900240390625 0.726152884375 0.7002366640625001 0.709375 0.5692633203125 0.709375
19 0.700877934375 0.709375 0.6852163453125 0.7381721156250001 0.6595753203125 0.7742298078125 0.6026842953125 0.8207041671875 0.5682291671875 0.8407362171875 0.5390625 0.84347059375 0.5390625 0.861393428125 0.5890625 0.8591657046875 0.5818509609375 0.8671875 0.6066907046875001 0.8655759609375 0.6820112171874999 0.8207041671875 0.7156650640625 0.7549990390625 0.748395353125 0.709375 0.700877934375 0.709375