16 0.0105871484375 0 0.009826260937500001 0.022351062499999998 0.0078421328125 0.14288677656249998 0.0103222921875 0.1649601890625 0.0167707046875 0.189017728125 0.025451260937499998 0.204642728125 0.0316516578125 0.209603046875 0.03710800625 0.21605145937499998 0.0403322125 0.22622010937499998 0.040580228125 0.23043637968750003 0.0376040375 0.24258915781249998 0.027187371874999998 0.2554859828125 0.0202429265625 0.26788677656250004 0.0105703078125 0.306577253125 0 0.36632636406249997 0 0.4296875 0.4973371859375 0.4296875 0.4790722921875 0.2852478875 0.4731199109375 0.266150665625 0.46741554687500003 0.2562300296875 0.4557588 0.24209312500000002 0.45327864062499995 0.232172490625 0.45327864062499995 0.22696415781249998 0.45675086406250004 0.21679550625 0.4661754671875 0.2063788390625 0.474359990625 0.195466140625 0.48279252968749997 0.179593125 0.48651276875000005 0.166944315625 0.48750483125 0.157767728125 0.48800086406250004 0.07021812499999999 0.486609153125 0 0.0105871484375 0
11 0.6390625 0 0.6390625 0.4253802609375 0.680179446875 0.42779947968750004 0.6855725125000001 0.4296875 0.8043328453124999 0.4296875 0.803848046875 0.426171875 0.7957119546875 0.3301432296875 0.79245751875 0.2585286453125 0.774558115625 0.22272135468749998 0.7566587124999999 0.1673828125 0.7403865281249999 0.1234375 0.7289959984375 0.0762369796875 0.7236751359375 0 0.6390625 0
11 0.7268390484375 0 0.7355048734375 0.1250651046875 0.7534042765625 0.1348307296875 0.8022208281250001 0.1673828125 0.8429012890625 0.152734375 0.865682346875 0.11529947968750001 0.8819545312500001 0.0778645828125 0.8754456578124999 0.0599609375 0.8868361859375 0.0274088546875 0.8715231031249999 0 0.7268390484375 0
0 0.57893109375 1 0.5819634625 0.996875 0.6180877125 0.9646484375 0.6239456984375 0.9470703125 0.6180877125 0.9041015625 0.6073480703125 0.8611328125 0.6034427453125 0.8298828125 0.5897741109375 0.803515625 0.6278510234375 0.7693359375 0.631756346875 0.7595703125 0.6229693671875001 0.7556640625 0.5516972 0.7966796875 0.4892120125 0.8494140625 0.43649013593749997 0.8953125 0.40231854843750003 0.932421875 0.446253446875 0.8708984375 0.4608984125 0.8533203125 0.49506999843750005 0.819140625 0.505809640625 0.7869140625 0.507762303125 0.77421875 0.49897532343749995 0.76640625 0.48823568125000005 0.7712890625 0.45113510156250003 0.8044921875 0.4384427984375 0.8064453125 0.33299904375 0.7849609375 0.319330409375 0.783984375 0.2929694703125 0.7849609375 0.24122392499999998 0.8318359375 0.2423431390625 0.8328125 0.20314701249999997 0.8728515625 0.17776240625 0.9080078125 0.130898515625 0.95 0.099655921875 0.9578125 0.035195967187499996 1 0.57893109375 1
0 0.290040478125 0.78984375 0.3124960921875 0.7830078125 0.3544783265625 0.7888671875 0.4278900140625 0.8005859375 0.4032948796875 0.772265625 0.38083926562500003 0.7517578125 0.362288975 0.7419921875 0.33397537499999996 0.7302734375 0.315425084375 0.73125 0.27344285 0.764453125 0.23341327656250002 0.7986328125 0.2158393171875 0.81328125 0.223649965625 0.82109375 0.22169730312499997 0.8318359375 0.225602628125 0.8484375 0.290040478125 0.78984375
0 0.4776947015625 0.778125 0.445277115625 0.7234375 0.38279192812499996 0.7537109375 0.41793984531249995 0.7888671875 0.43160848124999995 0.803515625 0.446253446875 0.807421875 0.4776947015625 0.778125
1 0.3603363140625 0.7048828125 0.3124960921875 0.729296875 0.33885702968750003 0.7283203125 0.349596671875 0.7341796875 0.383768259375 0.75078125 0.40231854843750003 0.74296875 0.43356114218749997 0.70390625 0.447229778125 0.686328125 0.4286794875 0.6638671875 0.3603363140625 0.7048828125
0 0.809765625 0.7029296875 0.81318359375 0.7009765625 0.813671875 0.698046875 0.8234375 0.70341796875 0.83466796875 0.70244140625 0.83369140625 0.68681640625 0.8361328125 0.6765625 0.86591796875 0.68193359375 0.9064453125 0.68291015625 0.911328125 0.6794921875 0.91767578125 0.67021484375 0.919140625 0.6072265625 0.9142578125 0.565234375 0.90205078125 0.55400390625 0.88984375 0.54716796875 0.87275390625 0.54228515625 0.84638671875 0.5408203125 0.8185546875 0.54716796875 0.79267578125 0.56181640625 0.77509765625 0.5818359375 0.766796875 0.59794921875 0.76337890625 0.60966796875 0.76142578125 0.63603515625 0.76923828125 0.65166015625 0.77509765625 0.67265625 0.78486328125 0.68681640625 0.8029296875 0.7 0.809765625 0.7029296875
0 1 0.7015840609375 0.9298828125 0.68974609375 0.88056640625 0.684375 0.83955078125 0.67705078125 0.83662109375 0.67998046875 0.83466796875 0.6912109375 0.81708984375 0.6931640625 0.81318359375 0.6951171875 0.8048828125 0.71806640625 0.80146484375 0.71953125 0.74970703125 0.7185546875 0.73798828125 0.7205078125 0.72333984375 0.72880859375 0.71748046875 0.73759765625 0.7150390625 0.74736328125 0.71650390625 0.7634765625 0.7228515625 0.7673828125 0.73115234375 0.7693359375 0.7501953125 0.7693359375 0.7794921875 0.7615234375 0.7873046875 0.7615234375 0.7853515625 0.77373046875 0.7775390625 0.7869140625 0.7775390625 0.79423828125 0.79169921875 0.823046875 0.8224609375 0.85869140625 0.82197265625 0.88310546875 0.8244140625 0.8845703125 0.92890625 0.8845703125 0.9875 0.88994140625 1 0.890239025 1 0.7015840609375
0 1 0.4296875 0.9709033203124999 0.4296875 0.94501953125 0.43876953125 0.9240234375 0.45537109375 0.91328125 0.47685546875 0.911328125 0.48466796875 0.911328125 0.50029296875 0.91669921875 0.66142578125 0.91279296875 0.678515625 0.91328125 0.684375 0.91767578125 0.690234375 0.946484375 0.69658203125 0.96162109375 0.69755859375 1 0.7040017671875 1 0.4296875
0 1 0.8898646765624999 0.9884765625 0.889453125 0.95234375 0.88408203125 0.89765625 0.8826171875 0.8712890625 0.88408203125 0.84150390625 0.88310546875 0.8341796875 0.88701171875 0.83125 0.89677734375 0.8244140625 0.94462890625 0.81806640625 0.9685546875 0.8146150921875 1 1 1 1 0.8898646765624999