6 0 0.6311011375 0.010906415625 0.6164820546875001 0.032374225 0.5936384375 0.083007009375 0.5461375125 0.1390625 0.48074666875 0.1390625 0.465690340625 0.1380895671875 0.46201782031249994 0.126436296875 0.44353010312499996 0.11986232187500001 0.43830993124999995 0.09229675468750001 0.40699986875 0.06994012499999999 0.3859572953125 0.053000001562499996 0.3646921171875 0.0486375046875 0.36137755 0.0331914328125 0.3605149671875 0.02253980625 0.3624500796875 0 0.37245271406249997 0 0.6311011375
7 0.4 0.45241226093750003 0.51307221875 0.35996162656249997 0.5352138984375 0.350035278125 0.5397475078125 0.344880434375 0.538049528125 0.33689899687499997 0.5528898859375 0.3333682875 0.5536539796875 0.326780978125 0.5691056109375 0.3179804234375 0.57279023125 0.308834859375 0.5911623921875 0.297476046875 0.596392175 0.29762938437500003 0.5976316984375 0.309563209375 0.606868715625 0.320409578125 0.6491824109375 0.34015740625 0.7091381296874999 0.4000807671875 0.7580399828125 0.4874408234375 0.7689070593749999 0.51816411875 0.7702314828125 0.5406759734375 0.7827795640625 0.5569071906249999 0.7963973734375001 0.563916175 0.814701615625 0.5644528546875 0.85 0.54178583125 0.85 0.5278128765625001 0.84319375 0.5110886031249999 0.8221897203124999 0.49989722812500004 0.808181375 0.4849451375 0.7974671171875001 0.4529043796875 0.777532815625 0.43249077031249994 0.7552722859375001 0.386892053125 0.7126189999999999 0.324832109375 0.6490465828125 0.262158821875 0.6216411671875 0.22698479531250002 0.593488634375 0.2208715953125 0.5780370015624999 0.22967215 0.5505466765625 0.2857096578125 0.51380235625 0.30842728125 0.49374919375 0.3342781703125 0.43780070000000004 0.38683740312500003 0.4 0.41916143593750005 0.4 0.45241226093750003
7 0.788292675 0.2983887453125 0.7884624703125 0.319544803125 0.767254678125 0.344039896875 0.7592741640625 0.3676008703125 0.7518200234375 0.375313971875 0.7567611453125 0.40057574999999995 0.7718561984375001 0.428779125 0.7855541921875 0.4359375 0.7898894234375 0.4359375 0.79785229375 0.430863271875 0.8659922890625001 0.43153918906250005 0.8920563046875 0.4217278453125 0.9001386953124999 0.4312184171875 0.9117528874999999 0.4328808859375 0.9234375 0.394410009375 0.9234375 0.386642859375 0.9040440656250001 0.3070703375 0.8710353093750001 0.2862733875 0.8421186875 0.286747496875 0.8230503546874999 0.29279812656250004 0.8017406874999999 0.284241671875 0.788292675 0.2983887453125
7 0.6632708484375 0.45542725781250004 0.6327581203125 0.48097147500000004 0.6245398890625 0.49527188281249995 0.6200232546875 0.522900246875 0.6105654968750001 0.52526683125 0.59711748125 0.5394139015625 0.55566975625 0.5461303109375 0.5604580609375 0.57270955 0.5877785796875 0.5973055515625 0.613927490625 0.5980722359375 0.632299653125 0.586713425 0.645900484375 0.5712488921875 0.6651725796875001 0.529511790625 0.6853785609375 0.5023434390625 0.740625 0.45510125312499994 0.740625 0.44648416874999997 0.738780084375 0.4378120484375 0.719457059375 0.41212859375 0.6983002109375 0.4022546796875 0.685463471875 0.4111319046875 0.67571705625 0.43860692968750004 0.6632708484375 0.45542725781250004
7 0.4 0.48825997968749996 0.44750344999999997 0.5071803734375 0.4863702390625 0.5453343312500001 0.523980528125 0.549080946875 0.5618115546875 0.5396146109375 0.5974182265625 0.5380147125 0.6345191265625 0.4782931578125 0.6647262203125 0.4553838640625 0.6918260109375 0.391403253125 0.6856623390625 0.3766811671875 0.671823790625 0.3828851328125 0.6701937296875 0.36300820312500004 0.6560325671875 0.349373575 0.643416565625 0.34503785 0.6345021625 0.354030075 0.626216009375 0.380225975 0.5730691921875 0.3747018859375 0.5473957109375001 0.3924563359375 0.5411641203124999 0.3896297390625 0.53506836875 0.36301216406250003 0.5100740828125 0.36360127656249996 0.49762787812500003 0.38042160625 0.477642634375 0.39437700468750003 0.4552122953125 0.4294117953125 0.40293144375 0.45035194375 0.4 0.46968929375 0.4 0.48825997968749996
7 0.5710316328125 0.22261876875 0.5576345625 0.2023968328125 0.5175452234375 0.17478256718750002 0.5096156515625 0.16397453281250002 0.487779609375 0.1712659578125 0.476097496875 0.1814989765625 0.46419464374999997 0.20494495000000001 0.4657567828125 0.23671736875 0.475010778125 0.2700372546875 0.4887134859375 0.2876242671875 0.4845024875 0.3126177078125 0.492737696875 0.3207908171875 0.5459354578125 0.29194589843749996 0.5710316328125 0.22261876875
7 0.5651736109375001 0.103472196875 0.559943815625 0.20510842343750002 0.5707259953125 0.2252536921875 0.5685016390625 0.233120128125 0.5917979453125 0.22454957812499998 0.6298666890625 0.224343809375 0.64024135625 0.2140724546875 0.6454541609375 0.1917522734375 0.6272008640625 0.1568465859375 0.6370831234375001 0.10558057968750001 0.5651736109375001 0.103472196875
7 0.46180049062500006 0.19165532968750001 0.44617906406249996 0.179299828125 0.43081232968750005 0.1986784125 0.42587119375000004 0.2752061984375 0.43556666718750003 0.2821001796875 0.436279815625 0.3098818796875 0.4425963046875 0.3232865015625 0.45229177812500004 0.33018048437499997 0.46667368124999997 0.3306021625 0.488187109375 0.30347214375 0.4887134859375 0.2876242671875 0.47039226875000006 0.26461407187499997 0.46180049062500006 0.19165532968750001
7 0.7208615109375 0.24287507968750002 0.7282137765625001 0.20211043437499998 0.7038137859375 0.1749561796875 0.6882772546875 0.17317870625 0.644757990625 0.186444090625 0.6371000890625 0.2298436609375 0.64234685 0.252470515625 0.6616698734375 0.278153971875 0.694916346875 0.3082114890625 0.710300059375 0.3113064234375 0.7157505796875 0.29824680937500003 0.713662065625 0.2823222640625 0.729419334375 0.27088678437499997 0.7208615109375 0.24287507968750002
7 0.4 0.6247623890625 0.40158662187500005 0.624808909375 0.4039841734375 0.6222353203125001 0.4260239765625 0.579257428125 0.43174618125 0.5186158515625 0.4288935734375 0.50927861875 0.41227033750000003 0.49424985781249997 0.4 0.49269523125000003 0.4 0.6247623890625
7 0.45117108281250007 0.5773508546875 0.4496598734375 0.612998990625 0.44466780781250004 0.6221062203125001 0.44617052187499995 0.6261161078125 0.5209128328125 0.628307546875 0.5340325703125 0.6207605609375 0.5507067484375 0.6014203124999999 0.5528462078125 0.5829758468749999 0.5479899828125 0.568292096875 0.5518953421875 0.54593358125 0.49713544218749994 0.5430060812499999 0.47183551875 0.5462301171874999 0.45117108281250007 0.5773508546875
9 0 0.8042004703125001 0.0142576921875 0.8020737375 0.014671575000000001 0.808578834375 0.0207820078125 0.8215883984375001 0.044471228125 0.8248059359375001 0.05270375468750001 0.8497950156249999 0.052365121875 0.8526933921875 0.0493324796875 0.85353105 0.0498140890625 0.8594564734375 0.0615157203125 0.8748484359375001 0.0628807234375 0.875 0.07819282968749999 0.875 0.10881890937500001 0.8718800375000001 0.1246292796875 0.8671764062499999 0.14533853593749999 0.850685634375 0.15755940625 0.8314907687499999 0.17861481875000002 0.8220847703124999 0.18511656406250002 0.81164999375 0.1859375 0.806756065625 0.1859375 0.7955475953125 0.18308477031249998 0.78382624375 0.1785470984375 0.7774504546875 0.1685235796875 0.7728143234375 0.1433744765625 0.7770682203125 0.14476663437499998 0.7701764625 0.13508174687500002 0.7626419546875 0.1227404765625 0.75774846875 0.10484458593749998 0.75625 0.10028008749999999 0.75625 0.035403409375 0.7768235109375 0 0.7915040234374999 0 0.8042004703125001
10 0 0.9093709249999999 0.036978378125 0.89078996875 0.053729400000000004 0.867987746875 0.0545421171875 0.8610316499999999 0.0515395765625 0.8565879000000001 0.0519083109375 0.848408115625 0.0489057703125 0.843964365625 0.047942551562500005 0.8321135203125 0.0439843171875 0.8258020703125 0.030213262499999997 0.8230986078125 0.020836909375 0.8179471375 0.0166002421875 0.8039712421875 0.0124388265625 0.7993988140624999 0.0003759875 0.8021697765625 0 0.8021280281250001 0 0.9093709249999999
11 0.43982889375 0.659375 0.44082954531249996 0.6709605468750001 0.44873899375 0.693253478125 0.4601597328125 0.7156688 0.47703692656249996 0.7347715781249999 0.4903886328125 0.740625 0.49413919375 0.740625 0.497690621875 0.7404954203124999 0.5175275 0.728176690625 0.5233629890625 0.7178718749999999 0.5367664515625 0.7103328140625 0.53917820625 0.7049125734375 0.5526954921875 0.70388256875 0.5587323625 0.705093778125 0.5785929703125 0.7227993749999999 0.5978381390624999 0.7339784265625 0.61042224375 0.736919028125 0.62694045625 0.7354932375 0.6438814781250001 0.729578659375 0.6821291953124999 0.70939501875 0.7517684046875 0.6782961953125 0.7838582437499999 0.659375 0.43982889375 0.659375
11 1 1 1 0.7609114234375001 0.9842967734375 0.772990903125 0.896653165625 0.8925318578125001 0.88398771875 0.9136072171875 0.8821038453125001 0.9205470328124999 0.8823314937500001 0.9335651500000001 0.888304534375 0.9597937156249999 0.873632634375 0.9807991375 0.869293228125 0.9906557109375 0.8681599484374999 1 1 1
11 1 0.659375 0.780884234375 0.659375 0.76442488125 0.6695150046875 0.7530628937499999 0.67912679375 0.72826241875 0.6942748546875 0.697573921875 0.7167235515625 0.689256634375 0.7284430359375 0.6904612421875 0.7399940328125 0.7375352140625 0.823198721875 0.7710506609375 0.8764076953125001 0.7796481296875 0.880710509375 0.796685465625 0.880303596875 0.8165923890624999 0.87199044375 0.9481189609375 0.7965124046875001 0.9659318734374999 0.78312234375 1 0.7627700359375 1 0.659375