2 0.459375 0.17170138906250001 0.421875 0.1703125 0.4015625 0.1734375 0.371875 0.1875 0.353125 0.2046875 0.3359375 0.30625 0.3484375 0.328125 0.3796875 0.3515625 0.446875 0.3609375 0.459375 0.3572916671875 0.459375 0.17170138906250001
2 0.384375 0.3609375 0.353125 0.3328125 0.328125 0.3203125 0.2875 0.3140625 0.246875 0.3265625 0.2140625 0.359375 0.2046875 0.384375 0.1953125 0.45 0.2046875 0.496875 0.21875 0.5125 0.3 0.5515625 0.30625 0.5421875 0.34375 0.525 0.38125 0.4921875 0.3921875 0.4890625 0.415625 0.459375 0.4046875 0.4515625 0.403125 0.4 0.384375 0.3609375
2 0.0578125 0.440625 0.0515625 0.45 0.0546875 0.490625 0.0328125 0.528125 0 0.5578125 0.0046875 0.5703125 0.028125 0.584375 0.0734375 0.5890625 0.10625 0.58125 0.1328125 0.5890625 0.15 0.565625 0.1734375 0.575 0.184375 0.5734375 0.2328125 0.528125 0.2328125 0.5203125 0.2015625 0.4890625 0.1953125 0.45 0.196875 0.403125 0.1125 0.4 0.0609375 0.40625 0.0578125 0.440625
2 0 0.36953125 0.009375 0.3765625 0.0390625 0.3765625 0.084375 0.3484375 0.06875 0.321875 0.0671875 0.3046875 0.0875 0.2875 0.109375 0.2875 0.1265625 0.30625 0.1421875 0.30625 0.1296875 0.2671875 0.1125 0.2484375 0.0921875 0.2359375 0.065625 0.2328125 0.0203125 0.240625 0 0.25078125 0 0.36953125
2 0.2734375 0.20625 0.2765625 0.221875 0.2953125 0.246875 0.284375 0.2640625 0.2890625 0.2953125 0.3328125 0.3015625 0.3328125 0.2921875 0.3453125 0.28125 0.359375 0.2046875 0.371875 0.1890625 0.403125 0.1734375 0.4546875 0.1703125 0.4484375 0.1515625 0.425 0.1375 0.3921875 0.128125 0.3515625 0.128125 0.2953125 0.1453125 0.2609375 0.1734375 0.2609375 0.1796875 0.278125 0.190625 0.265625 0.2015625 0.2734375 0.20625
2 0.2890625 0.01875 0.2765625 0.01875 0.259375 0.0390625 0.246875 0.075 0.246875 0.0921875 0.2546875 0.10625 0.2640625 0.115625 0.2734375 0.1171875 0.284375 0.1171875 0.3109375 0.1078125 0.3140625 0.1265625 0.3203125 0.1328125 0.359375 0.128125 0.409375 0.13125 0.409375 0.08125 0.403125 0.0609375 0.3890625 0.0359375 0.35625 0.0078125 0.3140625 0.0046875 0.290625 0.0125 0.2890625 0.01875
2 0.16484375 0 0.1703125 0.0140625 0.171875 0.0375 0.225 0.059375 0.259375 0.0390625 0.278125 0.01875 0.2824519234375 0 0.16484375 0
2 0.00873321875 0 0.021875 0.017522375 0.021875 0.022209875 0 0.0290458125 0 0.17193813593750001 0.003125 0.175334875 0.0243593515625 0.19566697187499998 0.0696930484375 0.2140625 0.084786790625 0.2140625 0.1100718640625 0.21204933593750003 0.12256260468749999 0.20084036562500002 0.13462266875 0.21334266093749998 0.15012844218750002 0.196960328125 0.171875 0.180022375 0.175 0.133147375 0.196875 0.114397375 0.203125 0.100334875 0.1953125 0.072209875 0.1765625 0.048772375 0.16301461875 0 0.00873321875 0
2 0.2359375 0.33125 0.2828125 0.3078125 0.2890625 0.278125 0.2859375 0.265625 0.2953125 0.2453125 0.26875 0.2015625 0.278125 0.1875 0.2671875 0.1796875 0.225 0.1765625 0.2015625 0.1453125 0.1953125 0.1265625 0.1875 0.1234375 0.175 0.13125 0.1703125 0.1890625 0.1515625 0.1953125 0.1296875 0.21875 0.121875 0.20625 0.0984375 0.215625 0.09375 0.2328125 0.1203125 0.2515625 0.128125 0.2640625 0.15625 0.2703125 0.159375 0.2859375 0.1765625 0.2984375 0.18125 0.3140625 0.2046875 0.328125 0.2359375 0.33125
2 0.203125 0.05 0.1875 0.0484375 0.184375 0.0515625 0.1859375 0.05625 0.203125 0.071875 0.2078125 0.090625 0.2125 0.0953125 0.2109375 0.1109375 0.196875 0.125 0.2015625 0.146875 0.2234375 0.178125 0.2609375 0.178125 0.2703125 0.165625 0.290625 0.1484375 0.2890625 0.11875 0.2625 0.1125 0.228125 0.065625 0.203125 0.05
2 0.1328125 0.3125 0.11614583281249999 0.296875 0.1046875 0.2875 0.09114583281250001 0.2864583328125 0.0890625 0.2927083328125 0.0869791671875 0.29375 0.0838541671875 0.29375 0.0838541671875 0.30520833281250004 0.0723958328125 0.3020833328125 0.06875 0.309375 0.06875 0.31074810468749997 0.0796875 0.3177083328125 0.0869791671875 0.315625 0.09114583281250001 0.3489583328125 0.0890625 0.363541665625 0.1064236140625 0.36875 0.114192703125 0.36875 0.1442708328125 0.3614583328125 0.1505208328125 0.3458333328125 0.1609375 0.334375 0.1692708328125 0.3145833328125 0.175 0.2935763859375 0.175 0.29162326250000004 0.1630208328125 0.290625 0.1598958328125 0.272916665625 0.1286458328125 0.263541665625 0.1369791671875 0.288541665625 0.1453125 0.310416665625 0.1328125 0.3125
2 0.1932291671875 0.322135415625 0.1734375 0.3044270828125 0.1598958328125 0.334635415625 0.1473958328125 0.34609375 0.1442708328125 0.3575520828125 0.11822916718750001 0.36796875 0.0901041671875 0.362760415625 0.0973958328125 0.378385415625 0.0880208328125 0.381510415625 0.0848958328125 0.34817708281250004 0.050520832812500006 0.37213541562499997 0.0515625 0.375260415625 0.070783253125 0.4015625 0.084244790625 0.4015625 0.14010416718750002 0.3981770828125 0.1994791671875 0.39921875 0.1807291671875 0.37213541562499997 0.2088541671875 0.35546875 0.21197916718749998 0.33359375 0.1932291671875 0.322135415625
0 1 0.1727209359375 0.9997307484375 0.1720890609375 0.9902322031249999 0.1444565390625 0.9789969968750001 0.1383549734375 0.9789969968750001 0.147668475 0.9689152109375 0.1414376140625 0.9473306656249999 0.1323028484375 0.9145121062499999 0.1326946875 0.9068177531250001 0.124456759375 0.8747452812500001 0.08179224375000001 0.8481629749999999 0.0466280875 0.8187985781249999 0.024187001562499998 0.8067996515625 0.037724434375 0.7893497328125 0.048085581249999995 0.7605150093749999 0.0672976625 0.68330540625 0.1358813796875 0.5925374546875 0.21646994843749998 0.5400219843749999 0.2560683203125 0.5389540640625 0.290609846875 0.5389540640625 0.30815706718749997 0.5434928593749999 0.323804378125 0.563927153125 0.36117427812499997 0.59913405 0.3948089859375 0.632744878125 0.4213689609375 0.6627798406250001 0.4359375 0.69135103125 0.4359375 0.7024481875 0.4317318375 0.7146113921875 0.42133797343749996 0.7476474171875 0.3901554765625 0.831689665625 0.335107165625 0.8925248031249999 0.2884443125 0.9268173796875001 0.26196505000000003 0.947169678125 0.2458332640625 0.9506235546875 0.2375483515625 0.9555355796875 0.2299852859375 0.9636981734375001 0.23469700468750002 0.9673497375 0.22940913125 0.96298349375 0.2100224796875 0.9471223999999999 0.1829962890625 0.9257884421875 0.154020334375 0.9172984843750001 0.1360646421875 0.9360862140624999 0.1360646421875 0.946156084375 0.147512553125 0.9723272453125 0.1607688234375 0.9847607671875 0.1607688234375 0.9931103718750001 0.18316038437499998 1 0.2006635703125 1 0.1727209359375
6 1 0.26585677812499997 0.9837467828124999 0.2717492328125 0.8964464828125 0.3134943390625 0.8304036015625 0.34646009375000003 0.779076303125 0.3625337890625 0.7429767937499999 0.38901631875 0.7230622359375 0.42149118906250005 0.7227619187500001 0.4770467625 0.7411435531249999 0.5208166484375 0.7685245609375 0.5665569406250001 0.798102465625 0.6034141453124999 0.8185070781249999 0.61875 0.9234788999999999 0.61875 0.930934553125 0.6128105515625 0.9635531875 0.587085603125 1 0.5567099390625 1 0.26585677812499997
0 1 0.0855420265625 0.9853342578125 0.08678004843750001 0.94210090625 0.10212414843749999 0.910797075 0.1256358328125 0.915428275 0.1385891546875 0.9307550843750001 0.1567166109375 0.9580742781249999 0.1994716296875 0.9684477125000001 0.22517920937499997 0.9657335578125 0.2330519546875 0.9572521203125 0.232561771875 0.9521297421875001 0.23444190781250002 0.9508293343750001 0.24470934375 0.9217970921875001 0.26553930625 0.9006630250000001 0.28642001875 0.9182817234375001 0.2984375 0.922888515625 0.2984375 0.9338034687500001 0.2948577234375 0.9589918453124999 0.28155759687500004 0.974183075 0.274141215625 1 0.2649076640625 1 0.0855420265625
6 0 1 0.1900085453125 1 0.18896484375 0.98330078125 0.18212890625 0.933984375 0.1826171875 0.918359375 0.20849609375 0.88466796875 0.2294921875 0.8470703125 0.2548828125 0.81337890625 0.30029296875 0.74697265625 0.31689453125 0.7376953125 0.326171875 0.71474609375 0.33544921875 0.70498046875 0.340625 0.69462890625 0.340625 0.691552734375 0.33740234375 0.68349609375 0.3193359375 0.66787109375 0.28759765625 0.64833984375 0.2724609375 0.63662109375 0.2607421875 0.63125 0.255859375 0.63125 0.2490234375 0.6341796875 0.240234375 0.64296875 0.2080078125 0.7044921875 0.18115234375 0.742578125 0.17333984375 0.7494140625 0.158203125 0.769921875 0.14599609375 0.7923828125 0.109375 0.836328125 0.09619140625 0.855859375 0.08056640625 0.865625 0.048828125 0.8705078125 0.01806640625 0.87880859375 0 0.8903823859375001 0 1
6 0.370508975 1 0.37919921875 0.985400390625 0.4001953125 0.958056640625 0.415625 0.9444972187499999 0.415625 0.73916015625 0.4153325203125 0.6515625 0.41505237968750003 0.6515625 0.39482421875 0.662158203125 0.37431640625 0.680712890625 0.32890625 0.742236328125 0.29033203125 0.786669921875 0.26591796875 0.820849609375 0.24296875 0.846240234375 0.21904296875 0.866259765625 0.190234375 0.906787109375 0.18388671875 0.922900390625 0.1852084265625 1 0.370508975 1
3 0.9425416671875 1 0.9453125 0.9826822906249999 0.9453125 0.9776331046875001 0.9364583328125 0.9471354171874999 0.9260416671874999 0.91484375 0.9135416671875 0.901302084375 0.8958333328125001 0.8940104171875 0.884375 0.8658854171874999 0.86875 0.85546875 0.8666666671875 0.838802084375 0.8291666671875 0.8252604171875 0.8145833328125001 0.8638020843750001 0.8083333328125001 0.91484375 0.7984375 0.9484895859375 0.7984375 0.9503209796875 0.8427083328125 0.95546875 0.8625 0.93671875 0.8802083328125001 0.9315104171874999 0.9 0.9502604171875 0.921875 0.979427084375 0.9375104171875 1 0.9425416671875 1
3 0.908193825 1 0.925 0.992285690625 0.925 0.990208334375 0.9153645828125001 0.9690104171874999 0.8841145828125001 0.9377604171874999 0.8643229156250001 0.93359375 0.8434895828125001 0.95546875 0.7997395828125 0.94921875 0.8080729156249999 0.92421875 0.811197915625 0.88671875 0.817447915625 0.85859375 0.8278645828125001 0.8263020843750001 0.7966145828125001 0.80234375 0.7518229156249999 0.8690104171874999 0.7341145828125001 0.8981770843750001 0.74765625 0.916927084375 0.74765625 0.9419270843750001 0.7611979156249999 0.963802084375 0.7934895828125 0.9690104171874999 0.81015625 0.9627604171874999 0.833072915625 0.9658854171875 0.84765625 0.979427084375 0.85078125 0.9940104171874999 0.8420963546875001 1 0.908193825 1
13 0.49172042656250003 0.9483468437500001 0.5184206984374999 0.97607405 0.563212365625 0.9875323843749999 0.593936140625 0.9921875 0.59792606875 0.9921875 0.628837365625 0.9416990500000001 0.6996706984375 0.8000323828125 0.753125 0.6900398796875 0.753125 0.6875055015625 0.74550403125 0.67607405 0.728837365625 0.6573240499999999 0.700712365625 0.6531573828124999 0.6665261921875001 0.6484375 0.663008859375 0.6484375 0.6469133453125 0.66363881875 0.6239354046875001 0.70867558125 0.5917662859374999 0.7693373453125 0.5402956984375 0.859410875 0.5136412859374999 0.91363881875 0.49172042656250003 0.9483468437500001
13 0.6477653484375 1 0.65386029375 0.98874779375 0.666727940625 0.9961007359374999 0.7053308828125 0.9372772062500001 0.7705882359375 0.8444463234375 0.7963235296875 0.804924265625 0.8147058828125001 0.8122772062499999 0.86801470625 0.7332330890625001 0.8875 0.700462365625 0.8875 0.69830661875 0.8661764703125 0.67165220625 0.78988970625 0.710255146875 0.744852940625 0.7902183828125 0.6731617640625001 0.91062279375 0.628125 0.9823139703124999 0.6366827546875 1 0.6477653484375 1
13 1 1 1 0.8571654000000001 0.9931985296875 0.8545566171875001 0.9775735296875 0.83249779375 0.957352940625 0.8334169109375 0.9509191171874999 0.8573139703124999 0.958272059375 0.896836028125 0.9380514703125 0.9051080875 0.941727940625 0.9510639703124999 0.965625 0.9657698515625001 0.9784926468750001 0.9841522046875 0.9810859234375 1 1 1
11 0.459375 0.61875 0.459375 1 0.6369295046875 1 0.61636029375 0.9646209562500001 0.598897059375 0.9949518390625001 0.5253676453125 0.9793268390625001 0.48860294218749994 0.9499150734375 0.510661765625 0.9186650734375 0.5501838234374999 0.8377827218749999 0.5180147046875 0.73024595625 0.5556985296875 0.6999150734375 0.5897058828125 0.6622312499999999 0.5667346546875 0.61875 0.459375 0.61875
13 0.87109375 0.6747772046875 0.888556984375 0.7005124984375 0.87109375 0.7345198515625 0.90234375 0.756578675 0.9253216906249999 0.785990440625 0.9722162781249999 0.803125 0.9731158093750001 0.803125 0.9731158093750001 0.7933433812499999 0.984375 0.7716910890625 0.984375 0.7702997890625001 0.9657628671874999 0.7685272046875 0.93910845625 0.7381963218750001 0.9308363968750001 0.6600713218750001 0.8857996328125001 0.6361742640625 0.8738511031249999 0.6435272046875 0.87109375 0.6747772046875
13 0.78359375 0.61875 0.7784090906250001 0.6446732953125001 0.7585227265625 0.7114346578124999 0.7528409078125 0.73984375 0.7651176953125 0.7484375 0.7678551140625001 0.7484375 0.796875 0.700071021875 0.8636363625000001 0.6702414765625 0.875 0.6830255671875001 0.8778409078125 0.63046875 0.8796875 0.63046875 0.8796875 0.6297338203125 0.8648270374999999 0.61875 0.78359375 0.61875
13 1 0.6865056828125 0.982528409375 0.6690340906250001 0.9441761359375 0.6519886359375 0.9313920453125 0.6548295453125 0.9413352265625001 0.7443181812499999 0.9740056812500001 0.7698863640625 0.9882102265625001 0.7556818187500001 0.992471590625 0.7215909093749999 0.986789771875 0.7073863640625 1 0.6979504875 1 0.6865056828125