16 0.409375 0.41875 0.409375 0.16902734375 0.358203125 0.1736328125 0.2400390625 0.184375 0.155078125 0.1921875 0.0681640625 0.20390625 0.065234375 0.2205078125 0.0359375 0.2634765625 0.02421875 0.309375 0.022265625 0.4109375 0.022265625 0.41875 0.409375 0.41875
19 0.269921875 0.41875 0.2728515625 0.4138671875 0.2890625 0.3904513890625 0.2890625 0.385022615625 0.271875 0.3416015625 0.2611328125 0.33671875 0.2337890625 0.36015625 0.234765625 0.3796875 0.246484375 0.4041015625 0.269921875 0.41875
19 0.19501953125 0.28798828125 0.18525390625 0.31435546875 0.16962890625 0.32607421875 0.13740234375 0.34560546875 0.10322265625 0.36416015625 0.10419921875 0.36708984375 0.11103515625 0.37587890625 0.14228515625 0.36220703125 0.17744140625 0.34267578125 0.19990234375 0.35048828125 0.22333984375 0.33779296875 0.24482421875 0.34462890625 0.26435546875 0.36416015625 0.24970703125 0.40615234375 0.255517578125 0.4078125 0.25670703125 0.4078125 0.27021484375 0.38369140625 0.27607421875 0.35732421875 0.28291015625 0.36611328125 0.29072265625 0.35927734375 0.30439453125 0.35244140625 0.29267578125 0.34755859375 0.28583984375 0.33291015625 0.30146484375 0.31630859375 0.27998046875 0.29580078125 0.28779296875 0.28310546875 0.30927734375 0.26650390625 0.3265625 0.2482584640625 0.3265625 0.2475725453125 0.32001953125 0.23916015625 0.30048828125 0.25576171875 0.25361328125 0.28994140625 0.22724609375 0.29189453125 0.21259765625 0.27822265625 0.19501953125 0.28798828125
19 0.2671875 0.27041015625 0.27109375 0.25283203125 0.245703125 0.24794921875 0.2154296875 0.24990234375 0.1724609375 0.25869140625 0.1373046875 0.28017578125 0.12265625 0.29970703125 0.1567044765625 0.325 0.1569779828125 0.325 0.1724609375 0.31435546875 0.194921875 0.28798828125 0.2134765625 0.27724609375 0.2359375 0.30166015625 0.2642578125 0.29091796875 0.2671875 0.27041015625
19 0.14532087031250002 0.41875 0.15673828125 0.405859375 0.17919921875 0.38046875 0.19189453125 0.38046875 0.2015625 0.36904296875 0.2015625 0.35114080312499996 0.18017578125 0.3443359375 0.16357421875 0.353125 0.14892578125 0.36484375 0.13720703125 0.3755859375 0.12451171875 0.390234375 0.12548828125 0.405859375 0.12376953125000001 0.41875 0.14532087031250002 0.41875
19 0.21533203125 0.391796875 0.246044921875 0.40625 0.246875 0.40625 0.246875 0.40382487031250003 0.23681640625 0.38203125 0.22021484375 0.344921875 0.20263671875 0.35078125 0.20361328125 0.3693359375 0.21533203125 0.391796875
7 0.3517578125 0.2794921875 0.3361328125 0.262890625 0.3146484375 0.2599609375 0.2853515625 0.2931640625 0.3 0.298046875 0.3224609375 0.3126953125 0.3322265625 0.3302734375 0.31953125 0.3625 0.309765625 0.37421875 0.319921875 0.378125 0.324963378125 0.378125 0.3625 0.3634765625 0.38203125 0.3517578125 0.403125 0.33800101875 0.403125 0.3302734375 0.4015625 0.3224609375 0.39375 0.3087890625 0.380078125 0.301953125 0.376171875 0.2892578125 0.364453125 0.282421875 0.3517578125 0.2794921875
7 0.409375 0.2068815109375 0.4037109375 0.20537109375 0.3900390625 0.20537109375 0.375390625 0.20830078125 0.363671875 0.22001953125 0.3451171875 0.22978515625 0.3490234375 0.25712890625 0.36171875 0.27958984375 0.3646484375 0.28154296875 0.375390625 0.27861328125 0.3822265625 0.30302734375 0.3939453125 0.30888671875 0.40078125 0.31962890625 0.402593315625 0.3359375 0.404245721875 0.3359375 0.409375 0.33162890625 0.409375 0.2068815109375
5 0.16875 0.09243359375 0.19296875 0.08662109375 0.1900390625 0.10126953125 0.194921875 0.10224609375 0.2232421875 0.11201171875 0.2484375 0.12170222343749999 0.2484375 0.1215104171875 0.2193359375 0.08173828125 0.2076171875 0.08369140625 0.191015625 0.06611328125 0.191015625 0.07685546875 0.16875 0.09234459843750001 0.16875 0.09243359375
5 0.2939453125 0.126953125 0.3188671875 0.13125 0.32734375 0.13125 0.34765625 0.12890625 0.3603515625 0.109375 0.36875 0.101909721875 0.36875 0.09921875 0.365234375 0.078125 0.3466796875 0.0712890625 0.328125 0.0673828125 0.296875 0.078125 0.291015625 0.0947265625 0.2939453125 0.126953125
5 0.22935112812499997 0 0.2224609375 0.01240234375 0.225390625 0.03974609375 0.2390625 0.05146484375 0.248828125 0.03974609375 0.2654296875 0.04365234375 0.2791015625 0.04560546875 0.291796875 0.02802734375 0.2984375 0.003362165625 0.2984375 0.00193359375 0.297900390625 0 0.22935112812499997 0
5 0.310107421875 0 0.31142578125 0.00966796875 0.31728515625 0.03115234375 0.33388671875 0.03701171875 0.35244140625 0.02919921875 0.36708984375 0.04189453125 0.36943359375 0.0421875 0.37530110625 0.0421875 0.38125 0.031989396875 0.38125 0.0298828125 0.37197265625 0.00576171875 0.3716125484375 0 0.310107421875 0
5 0.409375 0.0628643328125 0.39892578125 0.0568359375 0.37451171875 0.0568359375 0.36474609375 0.071484375 0.36669921875 0.0890625 0.37060546875 0.1076171875 0.39599609375 0.1203125 0.4010009765625 0.1203125 0.409375 0.11763281249999999 0.409375 0.0628643328125
5 0.2735126203125 0.10625 0.2771484375 0.09443359375 0.29375 0.07978515625 0.2869140625 0.05927734375 0.280078125 0.04658203125 0.264453125 0.04267578125 0.2556640625 0.0421875 0.24645647343750002 0.0421875 0.23515625 0.05537109375 0.23515625 0.07685546875 0.2439453125 0.09248046875 0.2576171875 0.09833984375 0.2716796875 0.10625 0.2735126203125 0.10625
5 0.29609375 0.03486328125 0.2853515625 0.03388671875 0.2794921875 0.04560546875 0.2892578125 0.06025390625 0.290234375 0.07587890625 0.2984375 0.0765625 0.3026722296875 0.0765625 0.3283203125 0.06611328125 0.35078125 0.07099609375 0.3498046875 0.06220703125 0.344921875 0.05048828125 0.3595703125 0.04365234375 0.3625 0.037060546875 0.3625 0.034064275 0.352734375 0.02607421875 0.33515625 0.03779296875 0.31953125 0.03291015625 0.3087890625 0.01728515625 0.2970703125 0.02119140625 0.29609375 0.03486328125
5 0.409375 0 0.3734375 0 0.3734375 0.00859375 0.38125 0.030078125 0.37734375 0.0408203125 0.363671875 0.0408203125 0.35 0.0515625 0.351953125 0.0681640625 0.3646484375 0.0701171875 0.383203125 0.05546875 0.406640625 0.0583984375 0.409375 0.055512153125 0.409375 0.0189453125 0.406640625 0.0095703125 0.409375 0.0059244796874999995 0.409375 0
5 0.27568359375 0.12998046875 0.28974609375 0.134375 0.290625 0.134375 0.290625 0.085947265625 0.28154296875 0.09775390625 0.27177734375 0.10751953125 0.26201171875 0.10068359375 0.25908203125 0.12021484375 0.27568359375 0.12998046875
18 0.6931010578125 0 0.619140625 0.014697265625 0.56103515625 0.030810546875 0.5224609375 0.056689453125 0.5068359375 0.064013671875 0.50439453125 0.067431640625 0.4645998890625 0.41875 0.6969929625 0.41875 0.69970703125 0.374072265625 0.6953125 0.200732421875 0.69580078125 0.083544921875 0.6982421875 0.065966796875 0.71240234375 0.019580078125 0.7099609375 0.002001953125 0.7063574218750001 0 0.6931010578125 0
5 0.741943359375 0.264404296875 0.740478515625 0.259033203125 0.741943359375 0.255615234375 0.753173828125 0.241455078125 0.764404296875 0.236572265625 0.783935546875 0.231689453125 0.807373046875 0.229248046875 0.813720703125 0.226806640625 0.814208984375 0.224853515625 0.802490234375 0.207763671875 0.765869140625 0.174560546875 0.752685546875 0.165771484375 0.740478515625 0.148681640625 0.734130859375 0.145751953125 0.711181640625 0.160888671875 0.700927734375 0.172119140625 0.695556640625 0.183349609375 0.697509765625 0.334228515625 0.737060546875 0.355712890625 0.784423828125 0.376220703125 0.825439453125 0.389404296875 0.8579345703125 0.3953125 0.8721337890624999 0.3953125 0.875 0.39121791250000004 0.875 0.37284712343750004 0.870361328125 0.348388671875 0.851318359375 0.336181640625 0.825927734375 0.323974609375 0.797119140625 0.303466796875 0.779052734375 0.295654296875 0.741943359375 0.264404296875
5 1 0.3807641609375 0.971728515625 0.37275390625 0.960498046875 0.364453125 0.961962890625 0.32880859375 0.960986328125 0.3009765625 0.959033203125 0.2990234375 0.931689453125 0.2814453125 0.923388671875 0.27265625 0.890185546875 0.26240234375 0.853564453125 0.24677734375 0.838916015625 0.2423828125 0.824755859375 0.2345703125 0.817431640625 0.22822265625 0.812060546875 0.22724609375 0.786181640625 0.23017578125 0.753466796875 0.24140625 0.744189453125 0.251171875 0.742236328125 0.25849609375 0.743212890625 0.26484375 0.779833984375 0.29755859375 0.823291015625 0.3244140625 0.832080078125 0.33173828125 0.843798828125 0.337109375 0.845751953125 0.3400390625 0.876513671875 0.35029296875 0.908251953125 0.36640625 0.943896484375 0.380078125 0.969677734375 0.384375 1 0.384375 1 0.3807641609375
5 0.793701171875 0.1541015625 0.793212890625 0.14921875 0.773193359375 0.12529296875 0.765380859375 0.112109375 0.771240234375 0.10771484375 0.811767578125 0.10234375 0.814697265625 0.09990234375 0.811767578125 0.096484375 0.788330078125 0.0876953125 0.759521484375 0.08330078125 0.730712890625 0.096484375 0.723876953125 0.10478515625 0.720947265625 0.11162109375 0.721923828125 0.12041015625 0.729248046875 0.13212890625 0.757568359375 0.16875 0.781494140625 0.1873046875 0.810302734375 0.2146484375 0.851806640625 0.2458984375 0.877197265625 0.2576171875 0.920166015625 0.272265625 0.951416015625 0.27763671875 0.9625 0.2762512203125 0.9625 0.2569498703125 0.960693359375 0.252734375 0.937255859375 0.24052734375 0.901611328125 0.21806640625 0.855712890625 0.194140625 0.826904296875 0.1736328125 0.793701171875 0.1541015625
5 0.861572265625 0.08837890625 0.836181640625 0.09326171875 0.808837890625 0.10205078125 0.769775390625 0.10888671875 0.764892578125 0.11181640625 0.764892578125 0.1142578125 0.778076171875 0.13427734375 0.799560546875 0.1572265625 0.829345703125 0.1748046875 0.856689453125 0.1943359375 0.909423828125 0.2216796875 0.934326171875 0.23876953125 0.959228515625 0.25146484375 0.962646484375 0.2470703125 0.963623046875 0.236328125 0.963623046875 0.16357421875 0.961181640625 0.10986328125 0.963134765625 0.103515625 0.9703125 0.099293428125 0.9703125 0.0902600734375 0.963134765625 0.07666015625 0.956298828125 0.0732421875 0.939208984375 0.07275390625 0.919189453125 0.07470703125 0.880126953125 0.08251953125 0.861572265625 0.08837890625
16 1 0.06488420781250001 0.970654296875 0.06572265625 0.963818359375 0.06865234375 0.960400390625 0.0740234375 0.970166015625 0.08916015625 0.975537109375 0.09208984375 1 0.088492359375 1 0.06488420781250001
16 0.69501953125 0.088525390625 0.6935546875 0.150048828125 0.69404296875 0.169580078125 0.6963657921874999 0.175 0.6985339046875 0.175 0.71796875 0.157373046875 0.735546875 0.146142578125 0.735546875 0.140771484375 0.72724609375 0.129541015625 0.72138671875 0.115869140625 0.7248046875 0.103173828125 0.7326171875 0.094873046875 0.7423828125 0.088525390625 0.75703125 0.083154296875 0.8107421875 0.081689453125 0.825 0.0790161125 0.825 0.07791841875 0.79462890625 0.059228515625 0.73701171875 0.055810546875 0.704296875 0.057763671875 0.69990234375 0.061181640625 0.6974609375 0.067529296875 0.69501953125 0.088525390625
16 1 0.41875 1 0.3852006390625 0.97333984375 0.385546875 0.946484375 0.3806640625 0.91181640625 0.36796875 0.8830078125 0.35234375 0.87666015625 0.3513671875 0.87275390625 0.35380859375 0.87568359375 0.3875 0.87275390625 0.39287109375 0.8654296875 0.3953125 0.837109375 0.39091796875 0.7775390625 0.37333984375 0.697174071875 0.334375 0.69696180625 0.334375 0.69599609375 0.34306640625 0.6984375 0.3494140625 0.6984375 0.3728515625 0.69599609375 0.3923828125 0.6957375921875 0.41875 1 0.41875
1 0.23712222500000002 0.41875 0.2349609375 0.420166015625 0.2134765625 0.440185546875 0.21005859375 0.447509765625 0.20029296875 0.459716796875 0.19541015625 0.463134765625 0.18564453125 0.465576171875 0.17294921875 0.477783203125 0.165625 0.495361328125 0.15830078125 0.523193359375 0.14755859375 0.610107421875 0.14755859375 0.631591796875 0.1529296875 0.655029296875 0.15439453125 0.701416015625 0.15439453125 0.886962890625 0.15279116875 1 0.27635178437499996 1 0.3296875 0.661865234375 0.3443359375 0.579345703125 0.3482421875 0.565673828125 0.3521484375 0.534423828125 0.3638671875 0.478759765625 0.37896641875000003 0.41875 0.23712222500000002 0.41875
11 0 1 0.14233513281250001 1 0.147705078125 0.961962890625 0.152099609375 0.902880859375 0.153125 0.876015625 0.153125 0.7805761718750001 0.152099609375 0.738330078125 0.146728515625 0.713916015625 0.139404296875 0.700244140625 0.135009765625 0.696337890625 0.116455078125 0.698291015625 0.105224609375 0.693896484375 0.094482421875 0.675830078125 0.090576171875 0.673388671875 0.086669921875 0.672900390625 0.075927734375 0.676318359375 0.049560546875 0.664111328125 0.027099609375 0.659228515625 0.008219401562500001 0.6578125 0.0074174359374999995 0.6578125 0 0.6602122593749999 0 1
6 0.409375 0.8599457218750001 0.42537333437499997 0.871969871875 0.4624984171875 0.88125 0.4712726921875 0.88125 0.5017759421875 0.8720031500000001 0.523122053125 0.8549980515625 0.5557406874999999 0.829273103125 0.6305932640625 0.7668891359375 0.688887175 0.7177138109375 0.724561265625 0.6894323375 0.741215721875 0.666762496875 0.7832303421875 0.6143655828125001 0.8090692296875 0.5744362515625 0.8209128406249999 0.5473270125 0.8338501078124999 0.542766278125 0.8524659343749998 0.5318883703124999 0.8640937484375 0.515863709375 0.8734375 0.5058986937500001 0.8734375 0.4807439015625 0.865869203125 0.466427603125 0.8475979453125 0.4492462265625 0.824248240625 0.4474018 0.797555890625 0.45534602656249995 0.7829313359375 0.4688189796875 0.7403660265625 0.47757802031249996 0.678896178125 0.485712065625 0.618628840625 0.4984582125 0.5759342828125 0.5139367328125 0.48863398281250003 0.5556818390625 0.4225911015625 0.58864759375 0.409375 0.5927863578125 0.409375 0.8599457218750001
0 0.734791984375 0.6962893390625 0.7166167015625 0.7045689265625 0.7073117468750001 0.7036573609375 0.6835859109375 0.722532540625 0.6411306421875 0.759766365625 0.5909354171875 0.79928136875 0.53410734375 0.8469739624999999 0.5138601359375 0.8649145125000001 0.4992492484375 0.8693168109375 0.476690475 0.8784549531250001 0.46094668906249997 0.8803948312500001 0.444917796875 0.8784327984375 0.46701217812499995 0.9487236296875 0.4908943375 0.961510778125 0.527691328125 0.9836599515625 0.5428305484375 0.9905636359375001 0.5815926359375 0.9953125 0.5897732875 0.9953125 0.64424049375 0.9923831296875001 0.7060089875 0.9786170249999999 0.749151878125 0.9537011312499999 0.7736646828125 0.9408822171875 0.8024549515625001 0.9191686765625 0.8092092140625 0.9184903468750001 0.8029778671875001 0.8742433234375 0.78787574375 0.8384205984375 0.8239786546874999 0.8252676578125001 0.8486727140625 0.80866599375 0.8684224531249999 0.79517695 0.8686097187499999 0.7826811890625001 0.875 0.7742198531250001 0.875 0.7605491203125 0.8739445890624999 0.744108478125 0.875 0.7360148421874999 0.875 0.7346811765625001 0.8603626109375 0.7149014656249999 0.8394642093750001 0.702613240625 0.823547740625 0.703030965625 0.7936582953125 0.6918467953125 0.7586319296875 0.6898979921875 0.734791984375 0.6962893390625
0 0.5356235218750001 0.41875 0.550261778125 0.4416591296875 0.5606352125 0.46736670937499997 0.5579210578125 0.4752394546875 0.5494396203124999 0.47474927187500005 0.5443172421875 0.4766294078125 0.543016834375 0.48689684375 0.5139845921874999 0.50772680625 0.492850525 0.52860751875 0.5104692234375 0.540625 0.5150760156249999 0.540625 0.5259909687500001 0.5370452234374999 0.5511793453125 0.523745096875 0.566370575 0.516328715625 0.6079050625 0.5014737 0.6391284125000001 0.494606078125 0.66146990625 0.4896451640625 0.693790275 0.483950884375 0.732512921875 0.47705881406249995 0.7434684625 0.46705808437499996 0.7546875 0.4522116328125 0.7546875 0.436265975 0.748373109375 0.43143719999999997 0.731733515625 0.430678303125 0.71768703125 0.44422816875000004 0.715179003125 0.432701934375 0.7118121546875 0.41875 0.5356235218750001 0.41875