1 0.0209026828125 0 0.0228515625 0.0052734375 0.03603515625 0.02138671875 0.0560546875 0.0326171875 0.0755859375 0.0345703125 0.09560546875 0.02919921875 0.1068359375 0.02236328125 0.11318359375 0.016015625 0.12245579843750001 0 0.0209026828125 0
1 0.0713541671875 0.09365234375 0.0733072921875 0.101953125 0.0796549484375 0.10439453125 0.0845377609375 0.11025390625 0.10113932343750001 0.109765625 0.10504557343750001 0.113671875 0.11041666718750001 0.11416015625 0.1275065109375 0.1087890625 0.1885416671875 0.10244140625 0.1958658859375 0.0970703125 0.1953776046875 0.090234375 0.21442057343749998 0.08486328125 0.21979166718749998 0.08095703125 0.22272135468749998 0.0677734375 0.22272135468749998 0.05068359375 0.22027994843749998 0.0326171875 0.21588541718749998 0.02626953125 0.20611979218749998 0.0248046875 0.1978190109375 0.0287109375 0.1880533859375 0.02919921875 0.1299479171875 0.02578125 0.11139322968750001 0.02236328125 0.10895182343750001 0.02529296875 0.10162760468750001 0.023828125 0.0874674484375 0.03017578125 0.0811197921875 0.03798828125 0.0742838546875 0.0404296875 0.0664713546875 0.0521484375 0.0650065109375 0.06142578125 0.0615885421875 0.066796875 0.0654947921875 0.07900390625 0.0654947921875 0.08876953125 0.0713541671875 0.09365234375
1 0.3294921875 0.04287109375 0.328515625 0.03896484375 0.32216796875 0.03798828125 0.31044921875 0.03115234375 0.28603515625 0.04482421875 0.2513671875 0.06923828125 0.2474609375 0.07412109375 0.24892578125 0.078515625 0.26015625 0.08681640625 0.2630859375 0.08779296875 0.26796875 0.08583984375 0.28017578125 0.09462890625 0.30361328125 0.0775390625 0.32607421875 0.05458984375 0.3294921875 0.04287109375
1 0.20706208906249998 0 0.19326171875 0.01748046875 0.1908203125 0.0248046875 0.19716796875 0.02919921875 0.2044921875 0.02724609375 0.21474609375 0.0287109375 0.2181640625 0.0345703125 0.2220703125 0.0541015625 0.23525390625 0.0658203125 0.2416015625 0.06337890625 0.24208984375 0.06728515625 0.24599609375 0.06826171875 0.25185546875 0.06533203125 0.258203125 0.05703125 0.26064453125 0.04970703125 0.29482421875 0.023828125 0.26552734375 0.00380859375 0.2611328125 0.00576171875 0.2474609375 0.01943359375 0.2435546875 0.019921875 0.2360286453125 0 0.20706208906249998 0
1 0.9441220234375001 0.2686755953125 0.9560267859374999 0.2344494046875 0.9694196421875001 0.164508928125 0.9679315484375 0.11986607187500001 0.9411458328125001 0.0901041671875 0.9084077390624999 0.058854167187499994 0.8712053578125 0.0648065484375 0.9084077390624999 0.0930803578125 0.9084077390624999 0.1302827390625 0.8369791671875 0.1287946421875 0.860788690625 0.1585565484375 0.8444196421875001 0.16748511875 0.8116815484375 0.1853422609375 0.741741071875 0.1719494046875 0.72686011875 0.1838541671875 0.7164434515625 0.2195684515625 0.6866815484375 0.33712797656250004 0.7030505953125 0.3490327390625 0.8461061453125 0.3796875 0.9174851187499999 0.3796875 0.929241071875 0.332663690625 0.9441220234375001 0.2686755953125
1 0.6446814671875 0.294150746875 0.6316220234375 0.2865327390625 0.6212053578125001 0.2656994046875 0.6241815484375 0.24486607187499998 0.6078125 0.24486607187499998 0.6003720234375 0.22849702343749997 0.5661458328125 0.1615327390625 0.5296875 0.178730065625 0.5296875 0.3541480640625 0.5304315484375 0.35498511875 0.6446814671875 0.294150746875
1 0.5601934515625 0.151116071875 0.5959077390624999 0.2225446421875 0.6137648812500001 0.2493303578125 0.630133928125 0.24188988125000002 0.6256696421875 0.26123511875 0.63311011875 0.2820684515625 0.6345982140624999 0.2790922609375 0.647991071875 0.2790922609375 0.7075148812500001 0.2493303578125 0.7253720234375 0.17938988125 0.7432291671875 0.1719494046875 0.8101934515625 0.1883184515625 0.8622767859374999 0.1615327390625 0.8384672609375 0.12284226093749999 0.848883928125 0.11688988125 0.8414434515625 0.08861607187500001 0.7819196421875 0.0320684515625 0.6747767859375 0.0901041671875 0.5601934515625 0.151116071875
1 0.2537202390625 0.4133928578125 0.2537202390625 0.4505952390625 0.1822916671875 0.4491071421875 0.206101190625 0.47886904843749994 0.1897321421875 0.48779761875 0.1569940484375 0.5056547609375001 0.087053571875 0.4922619046875 0.07217261875 0.5041666671875 0.0617559515625 0.5398809515625 0.0319940484375 0.6574404765625 0.0483630953125 0.6693452390625 0.194196428125 0.7005952390625 0.19866071406250002 0.7065476187499999 0.26116071406249997 0.7065476187499999 0.27455357187499996 0.652976190625 0.2894345234375 0.5889880953125 0.30133928593750003 0.5547619046875 0.3147321421875 0.48482142812499995 0.3132440484375 0.44017857187500004 0.2864583328125 0.41041666718750003 0.25426587343749996 0.3796875 0.250465034375 0.3796875 0.2165178578125 0.3851190484375 0.2537202390625 0.4133928578125
1 0 0.596056546875 0.052827381250000006 0.5696428578125 0.07068452343750001 0.49970238125 0.08854166718749999 0.4922619046875 0.1555059515625 0.5086309515625 0.2075892859375 0.4818452390625 0.18377976093749998 0.44315476093750006 0.194196428125 0.43720238125 0.1867559515625 0.40892857187500004 0.1559758765625 0.3796875 0.0768200546875 0.3796875 0.0200892859375 0.41041666718750003 0 0.421113559375 0 0.596056546875
1 0 0.7798628828124999 0.018601190625 0.8017857140625001 0.0915178578125 0.8553571421875 0.21205357187499999 0.8836309515625 0.24627976093749998 0.8375 0.2388392859375 0.7898809515625 0.2477678578125 0.709523809375 0.2046130953125 0.709523809375 0.12276785781249999 0.7020833328125 0.024553571875 0.678273809375 0 0.6578125 0 0.7798628828124999
9 0.69476283125 0.7586451125 0.7045667531250001 0.7811364625 0.7161007781250001 0.7851733703125 0.7259047 0.7932471890625 0.74839605 0.794400590625 0.7662737890625 0.7984375 0.784151528125 0.7984375 0.79395545 0.7961306953125 0.8147166953125 0.7822898640625 0.8354779406249999 0.779983059375 0.863736303125 0.741920775 0.8741169265625001 0.7084721015625 0.891994665625 0.6675263124999999 0.8896878609375 0.65945249375 0.8816140421875 0.6542621828125 0.8481653687499999 0.6536854812499999 0.8043360734375 0.6784836359375 0.7974156578125 0.6784836359375 0.792802046875 0.6756001296874999 0.7922253453125 0.6709865203125001 0.7881884375 0.6663729093749999 0.7766544125 0.6669496109375 0.7633902828125 0.663489403125 0.758199971875 0.6398446515625 0.7432057375000001 0.6133163921875 0.738592128125 0.6133163921875 0.735708621875 0.6173533015625 0.7305183109375 0.6110095875 0.72302119375 0.606972678125 0.7120638703125 0.6058192765625 0.7039900515624999 0.6133163921875 0.6976463374999999 0.62485041875 0.69476283125 0.649071871875 0.6970696359375 0.6738700265625 0.6901492218749999 0.6784836359375 0.6872657156249999 0.6854040515625 0.6797685984374999 0.6923244671875 0.68322880625 0.717122621875 0.6728481828125 0.7223129328125 0.6751549890625 0.7367304640625 0.69476283125 0.7586451125
1 0.5402068921875001 0.8941699109375 0.565005046875 0.8970534171875 0.5725021625 0.890709703125 0.5748089671875001 0.8849426906250001 0.5776924734375 0.8647581453125 0.576539071875 0.855530925 0.5932634078125 0.8295793687499999 0.6019139265625 0.7978607984375 0.62613538125 0.73038675 0.6342091984375 0.697514778125 0.6728481828125 0.5729473046875 0.6768850921875 0.5446889421875001 0.6734248843749999 0.5331549156250001 0.668811275 0.532578215625 0.6509335359375 0.5360384234375 0.642283015625 0.54007533125 0.624981978125 0.575254109375 0.600760525 0.6513786765625 0.5874963953125001 0.714815815625 0.5788458765625 0.7246197375000001 0.5725021625 0.7367304640625 0.5430903984375 0.82381235625 0.5338631781250001 0.873408665625 0.5344398781249999 0.8884028984375 0.5402068921875001 0.8941699109375
9 0.5448205015625 0.8168919406249999 0.571348759375 0.73903726875 0.576539071875 0.7280799453125 0.588073096875 0.7136624140625 0.5915333046875 0.6888642593750001 0.6001838234375 0.6548388843749999 0.596723615625 0.6415747546875 0.5892265 0.627733925 0.5771157734375 0.61966010625 0.5788458765625 0.6046658734375 0.573655565625 0.59370855 0.5661584484375 0.586788134375 0.5534710203125 0.581021121875 0.5332864765625 0.581021121875 0.5296875 0.5815609687500001 0.5296875 0.8643202140625 0.5355932812499999 0.8584144312499999 0.5448205015625 0.8168919406249999
9 0.6440131203125 0.8757154703125 0.646319925 0.8647581453125 0.65785395 0.865334846875 0.6745782874999999 0.8428434984375001 0.6809220015624999 0.8376531859374999 0.69476283125 0.834192978125 0.7080269609375 0.839383290625 0.7201376875000001 0.8318861734375 0.724751296875 0.8313094718749999 0.7310950109375 0.8203521484375 0.74032223125 0.8105482265624999 0.738592128125 0.8065113171875 0.72878820625 0.803051109375 0.7189842843750001 0.7949772921875 0.7161007781250001 0.7874801765624999 0.7051434546875 0.7874801765624999 0.6941861296875 0.77882965625 0.687842415625 0.77825295625 0.6440131203125 0.8082414218749999 0.6117178484375 0.8532241203125001 0.605374134375 0.8757154703125 0.6042207328125 0.8912864046875001 0.6042207328125 0.9080107406250001 0.608257640625 0.9201214671875 0.622098471875 0.9212748703125 0.639399509375 0.9126243515624999 0.6405529125 0.9045505328125 0.648050028125 0.8884028984375 0.6440131203125 0.8757154703125