11 0.56875 0.4145719296875 0.5510880484375 0.41225129843749997 0.544725828125 0.41763488281249994 0.5439679828124999 0.433704240625 0.52413741875 0.43324840781249996 0.5164280875 0.4240223828125 0.5148204734374999 0.414936615625 0.51091844375 0.411327940625 0.49941295625000004 0.407041771875 0.493690165625 0.3988668359375 0.45784887812499997 0.3925131421875 0.4556617375 0.3849221875 0.45498888437499996 0.3668090953125 0.45210380624999996 0.36322379531250004 0.3926269890625 0.3484375 0.3880417453125 0.3484375 0.38088234062500004 0.3515324265625 0.35663986875 0.369072803125 0.284787309375 0.4247303171875 0.251888203125 0.4531313703125 0.24032280625000002 0.46090891093749997 0.21875 0.482375921875 0.21875 0.49051830625 0.282275546875 0.49957664687500003 0.4072645140625 0.5260771609375 0.41561327343750004 0.5217446640625 0.422212321875 0.511339403125 0.429142928125 0.4939037984375 0.44578194218749995 0.47568593281249993 0.45144622500000003 0.4743079984375 0.4865310703125 0.4751144765625 0.505286178125 0.46599406718749997 0.515468240625 0.4551684546875 0.5287833484375 0.45346367499999995 0.5388818203125 0.45520393906249995 0.5428075328124999 0.4583104484375 0.5403947062500001 0.46629837500000004 0.540500575 0.4748469109375 0.5429008609375 0.4779183546875 0.5483993671875 0.4800555953125 0.567674090625 0.48150407656249994 0.56875 0.4820733453125 0.56875 0.4145719296875
11 0.0450381125 0.33970846250000003 0.0328125 0.3763191421875 0.0328125 0.4477460578125 0.038470835937499996 0.4600182796875 0.0477610578125 0.47010259374999996 0.0669864296875 0.4762668375 0.106060034375 0.48125 0.20924141562499998 0.48125 0.221269940625 0.4705523109375 0.24035340781249998 0.45750121562499996 0.25484515625 0.4438227859375 0.272318428125 0.43229151562499996 0.2916168703125 0.41457229375000004 0.3400294734375 0.3778071796875 0.3578132671875 0.359533059375 0.365625 0.353459515625 0.365625 0.3448437078125 0.203616890625 0.3076136453125 0.099808596875 0.2875157203125 0.08696358125 0.287732590625 0.073247428125 0.2957176 0.065148684375 0.3043540890625 0.0450381125 0.33970846250000003
12 0.1144400265625 0 0.1103397859375 0.0019881453125 0.10139157812499999 0.0103619296875 0.0694693078125 0.058083479687499995 0.0420500765625 0.1064149875 0.0337453578125 0.11177462812500001 0.022037178125 0.114530534375 0.0014744859375000001 0.12364296875 0 0.124631740625 0 0.23375509375 0.00765440625 0.2399050453125 0.037607604687500004 0.256254784375 0.0697365390625 0.269121278125 0.097046890625 0.27733157343750003 0.1599573328125 0.2890625 0.23215163125 0.2890625 0.24364782968749998 0.286306525 0.289101253125 0.26161948437500004 0.298646103125 0.2512401859375 0.30625 0.2374526671875 0.30625 0.186270878125 0.30437000625 0.1822079265625 0.2852830796875 0.15954861250000002 0.282512090625 0.14332841406250002 0.27162516875 0.1067243921875 0.2742831921875 0.060339290625 0.269792559375 0.0486226984375 0.25751255156249997 0.0311708515625 0.2415479875 0.0171670328125 0.1972190234375 0 0.1144400265625 0
0 0.3269434640625 0.2251098109375 0.331564890625 0.24676887343749998 0.3391697453125 0.259261371875 0.3555253140625 0.26875 0.43144925624999997 0.26875 0.4318392703125 0.2686086015625 0.4439493671875 0.2611944828125 0.4557150640625 0.25018046250000003 0.4640625 0.23927195625 0.4640625 0.1896969046875 0.459915128125 0.170744446875 0.44830906718749997 0.101201875 0.43855379843750003 0.0799360796875 0.43222015156250004 0.0731176109375 0.41430001406250005 0.0624367796875 0.391559734375 0.0578125 0.359982309375 0.0578125 0.3546315484375 0.0584781171875 0.348285296875 0.06294806093750001 0.336803796875 0.08987553125 0.333902965625 0.1082802359375 0.3310581125 0.18056416718749999 0.3269434640625 0.2251098109375
14 0.56875 0.177757015625 0.190625 0.480489859375 0.190625 0.496875 0.1974146765625 0.496875 0.56875 0.2027860921875 0.56875 0.177757015625
14 0.56875 0.2731141015625 0.31962115468749996 0.2989846140625 0.369501065625 0.3046875 0.41778601249999997 0.3046875 0.56875 0.2912310046875 0.56875 0.2731141015625
14 0.56875 0.3758985203125 0.1485346140625 0.28336613437499997 0.1484375 0.2834881078125 0.1484375 0.29690900937500003 0.56875 0.39268113125 0.56875 0.3758985203125
14 0.56875 0.3457043578125 0.25915440625 0.3046875 0.2563017796875 0.3046875 0.3743916671875 0.33125353125 0.56875 0.3597344328125 0.56875 0.3457043578125
14 0.56875 0.326041678125 0.2746029171875 0.2934439734375 0.2296875 0.2995036828125 0.2296875 0.30044329062499997 0.2482592703125 0.3044263984375 0.56875 0.3432848703125 0.56875 0.326041678125
14 0.56875 0.254076203125 0.3053415953125 0.29093356406250004 0.296875 0.2940350203125 0.296875 0.2953125 0.34689336875 0.2953125 0.56875 0.26902790312499997 0.56875 0.254076203125
15 0.574339784375 0 0.56875 0.0048946046875 0.56875 0.179003140625 0.5900581890625001 0.20029556718750002 0.6008205140625 0.22687183281249998 0.63927038125 0.2580714609375 0.6631839984375001 0.270610653125 0.7147851562499999 0.287773209375 0.7297423875 0.3015625 0.7387230734375001 0.3015625 0.7494111296875 0.2973772625 0.8293741515624999 0.24150280624999998 0.9183024296875001 0.174070190625 0.9241693718749999 0.16491490625 0.9544769203125 0.146399090625 0.966293225 0.1291759078125 0.9899096078125 0.10894155000000001 0.99375 0.100455684375 0.99375 0.0672467046875 0.9678242296875 0.0339653359375 0.934294721875 0 0.574339784375 0
15 0.56875 0.42967796875 0.6247551015624999 0.4235920953125 0.6440746875000001 0.43125 0.6865534953125 0.43125 0.7223812109375001 0.4091068078125 0.728125 0.3540907203125 0.728125 0.2988593984375 0.7149721203125 0.2829801765625 0.66482940625 0.26553754375 0.6346332968749999 0.24781154375 0.6024975078125 0.2192079328125 0.595249771875 0.20625 0.5945641312500001 0.20625 0.56875 0.3005224359375 0.56875 0.42967796875
15 0.8678592203125 0.207327175 0.73566765625 0.3107913140625 0.757258171875 0.340625 0.775705953125 0.340625 0.8205544671875 0.3359572328125 0.8583236124999999 0.340625 0.8813505812500001 0.340625 0.8917018140625 0.33636732812500003 0.887998990625 0.3301969984375 0.8880469609375 0.28841323124999996 0.849752453125 0.252509028125 0.8937949859375 0.23659154375 0.9037011671874999 0.22518990625000002 0.9198599421875 0.22513779375 0.9315196953125 0.19433096562500002 0.9440568656250001 0.18917417187500002 0.95625 0.17514033906249998 0.95625 0.14027364375 0.8963274968749999 0.18499340625 0.88336824375 0.1987498890625 0.8910335390625 0.2003595625 0.888224125 0.20591134531250002 0.8804776078125001 0.203236025 0.8678592203125 0.207327175
9 0.46211042031250005 1 0.4549015359375 0.9894796515625 0.445710403125 0.979993065625 0.43735763906249997 0.975041534375 0.41229190625 0.966751909375 0.39057162968750003 0.9498380234375 0.3769168296875 0.9207093343749999 0.36233324843750003 0.8991664640625 0.352454825 0.8871630140625001 0.32943550625 0.8662244953125 0.291319290625 0.8368789359375001 0.19075362812500002 0.766354628125 0.12002695468749999 0.7212334359375 0.1060059359375 0.715625 0.08718483593750001 0.715625 0.0747442953125 0.7227767828125 0.0609241328125 0.73808931875 0.036455871875000004 0.7777668765625 0.014623457812499999 0.8259982499999999 0.0140625 0.828318403125 0.0140625 0.8560322234375001 0.020409064062500003 0.8632994953124999 0.0633963875 0.8910727015625 0.090909121875 0.90539340625 0.119335759375 0.92525825 0.183446484375 0.9553076140625001 0.20627695625000003 0.9737234000000001 0.23954437031250003 0.9849463671875001 0.2737020328125 1 0.46211042031250005 1
9 0.3637185671875 0.8265358078125 0.34832764374999997 0.84374930625 0.3396498640625 0.8629472953124999 0.3383196390625 0.87225248125 0.3396655171875 0.8835901484375001 0.3574272375 0.898345178125 0.3668854390625 0.910102471875 0.38826417343749997 0.9531986765625 0.4002565984375 0.965625 0.4468522328125 0.965625 0.44725262343749994 0.9653992375 0.45895065312499994 0.9528743265624999 0.46801081875 0.938832553125 0.481551234375 0.9102873828125 0.48665836249999994 0.8906157718750001 0.48841674218750003 0.8802733453125 0.48502915937499996 0.8550258953125001 0.4955267359375 0.8399348796874999 0.496875 0.836278528125 0.496875 0.7884913609375 0.49083092031250003 0.7698043703125 0.48090632343750006 0.7585686968750001 0.47488606093749997 0.75625 0.443394865625 0.75625 0.42811133437500004 0.7617767828125 0.41419606093750005 0.7784566609375 0.3982089703125 0.8080630734375 0.38966096562499997 0.81538976875 0.379683075 0.8170566296875 0.3637185671875 0.8265358078125
9 0 0.9061144375 0.026251353124999998 0.8710649343749999 0.015533851562500001 0.8578352031250001 0.014372025 0.842439215625 0.02254113125 0.8151202015625 0.039290096875 0.77948250625 0.0676854203125 0.7354903 0.0837842453125 0.718351675 0.0890625 0.7146805171875 0.0890625 0.7074402015625 0.0780690203125 0.6968450640625 0.05932909374999999 0.685763678125 0.0493288171875 0.684375 0.040433971875 0.684375 0.037352509374999995 0.6860204578125 0.0103120453125 0.7140736203125 0.0081051765625 0.718722275 0.0022045437500000003 0.72187313125 0 0.72540153125 0 0.9061144375
12 0.86292903125 1 0.8696707578125 0.955277125 0.8765625 0.87623186875 0.8765625 0.825103928125 0.8713234968750001 0.8164769843749999 0.8588336999999999 0.805685096875 0.84486725625 0.80053645625 0.833105959375 0.7922191406250001 0.8224904531250001 0.79088845625 0.8054512656250001 0.7849299000000001 0.7749419843750001 0.7796875 0.714772303125 0.7796875 0.714534196875 0.77971546875 0.695594771875 0.7910273578125 0.6832181296875 0.808471134375 0.68083458125 0.8313205734375 0.655871428125 0.966585171875 0.6549470484375 1 0.86292903125 1
12 1 0.7864919140625 0.94890220625 0.792647815625 0.91099258125 0.7935748765625 0.9047174281249999 0.7959705125000001 0.8956593421875001 0.8060236218749999 0.8862300984375 0.8121113328125 0.8784443421875 0.8250749640624999 0.8730176640625 0.8418769375 0.8734619515625 0.8573063890625001 0.8677506078124999 0.8870912046875 0.8555855609374999 1 0.9842532437500001 1 0.9891684703125 0.9985058468750001 1 0.9965653421875 1 0.7864919140625