17 0.5296875 0.4796875 0.5296875 0.0674090140625 0.422267865625 0.074840053125 0.41434957656250004 0.07605876875 0.4100930171875 0.08205221406249999 0.41025233281249995 0.095633884375 0.4032978171875 0.1175367078125 0.3921875 0.183752203125 0.3921875 0.23502435 0.40691500312500006 0.4796875 0.5296875 0.4796875
17 0.409375 0.4796875 0.409375 0.321872896875 0.4010373328125 0.20870991718749998 0.4008383359375 0.1917313546875 0.40919862343749996 0.14318078750000002 0.409375 0.14098459375 0.409375 0.0546875 0.314071346875 0.0546875 0.2229544046875 0.061208759375 0.216340271875 0.0682782984375 0.2125 0.081926125 0.2125 0.1113480953125 0.21322813593749998 0.12018871718749999 0.2402903171875 0.14358445 0.24487277968750001 0.153635390625 0.24910968125 0.1976907671875 0.268434525 0.322787353125 0.286860075 0.43464367499999995 0.2914771453125 0.4476474125 0.294485 0.4796875 0.409375 0.4796875
17 0.29485455 0.4796875 0.2914823171875 0.44705206249999996 0.27480125625 0.34807618281249997 0.26895400468749997 0.3308370296875 0.265591334375 0.284553303125 0.256939453125 0.26890261249999997 0.24714687343750003 0.15539553281250001 0.238503196875 0.1404488453125 0.21999407343750002 0.1268377625 0.21253934531250002 0.092792771875 0.2074876265625 0.08325253593750001 0.2025015609375 0.07934432031250001 0.189774034375 0.07734037031249999 0 0.09493285625 0 0.4228466125 0.023471004687499998 0.4796875 0.29485455 0.4796875
17 1 0.4796875 1 0.159375 0.9783393406249999 0.159375 0.97198679375 0.1666172640625 0.8732500609375 0.159375 0.8270427687499999 0.159375 0.8181808593750001 0.20259373749999998 0.84363839375 0.235395815625 0.8096950156249999 0.3835342328125 0.78303410625 0.4796875 1 0.4796875
17 1 0.13941961249999998 0.9984123390625002 0.13826992656249998 0.9843221625 0.1302183984375 0.9883479265624999 0.1151217796875 0.9752641921875 0.10203804375 0.9158841593750001 0.095999396875 0.905819746875 0.1080766921875 0.8353688609375001 0.0970058375 0.8192658015625 0.13525060312499998 0.816246478125 0.1473279 0.843420390625 0.16645028281250002 0.880658715625 0.16846316562500002 0.939783865625 0.1765625 0.9562095953124998 0.1765625 0.97224486875 0.1614180765625 0.9963994578125 0.1614180765625 1 0.161879684375 1 0.13941961249999998
17 0.615265196875 0.0880661234375 0.6031879015625 0.1353688609375 0.6182845203125 0.14241394999999998 0.6525035234375001 0.1464397140625 0.672632346875 0.1404010671875 0.6937676125000001 0.138388184375 0.7239608484375 0.143420390625 0.7521412046875 0.15348480312499999 0.7623263890625 0.159040359375 0.761199175 0.163549215625 0.777302234375 0.1585170078125 0.8024632640625 0.19273601093749998 0.8125276781250002 0.2098455109375 0.8256114125 0.1585170078125 0.787366646875 0.12027224218749999 0.772270028125 0.122285125 0.7702571468749999 0.10114985937500001 0.7521412046875 0.0941047703125 0.7058449062500001 0.08705968281250001 0.6907482890625001 0.09611765312500001 0.6796774359375 0.0951112109375 0.615265196875 0.0880661234375
17 0.6595486109375 0.047808475 0.6535099640625 0.0588793265625 0.6062072265625 0.0568664453125 0.5981556968749999 0.1414075078125 0.608220109375 0.1192658 0.6182845203125 0.0890725640625 0.646464875 0.091085446875 0.692761171875 0.09712409375 0.7078577906250001 0.086053240625 0.75616696875 0.09309832968750001 0.7450961140625 0.06995018125 0.7269801734375 0.0719630640625 0.724967290625 0.0568664453125 0.6947740546875 0.0468020328125 0.6595486109375 0.047808475
10 0 0.4796875 0 0.4907734296875 0.0225995859375 0.5272237328125 0.0395778453125 0.5492480640624999 0.0654817421875 0.5723685734374999 0.10023838437499999 0.5945062812499999 0.1150862859375 0.6005002687500001 0.14588706406250002 0.61875 0.2576575484375 0.61875 0.2908739484375 0.6043416875000001 0.31670992187499997 0.5957033421875 0.36119729375 0.5673463890625 0.3890625 0.5572113859375001 0.3890625 0.4796875 0 0.4796875
10 0 0.803125 0.11424234687499998 0.803125 0.1143506859375 0.8031072968749999 0.1354127125 0.793262703125 0.15287854218750002 0.78258078125 0.1951027078125 0.7510724124999999 0.2015625 0.74460670625 0.2015625 0.732025909375 0.1916356984375 0.7245458859375 0.18737097187500001 0.7191210437500001 0.18459671875 0.7125901734375001 0.186364940625 0.7047920578125 0.1850989234375 0.6976678671875 0.1673714875 0.671380990625 0.1589663796875 0.6641202703125 0.1522116078125 0.66036790625 0.1331777875 0.655209584375 0.090738846875 0.63639184375 0.0171291390625 0.6151114984375 0 0.612154878125 0 0.803125
1 0 0.6201690125 0.0209495453125 0.6210141890624999 0.0427323375 0.628903678125 0.0982882578125 0.6424486187499999 0.136771675 0.6609375 0.1754044765625 0.6609375 0.1890625 0.64615319375 0.1890625 0.6205389015625 0.160511015625 0.6210458140624999 0.12184166249999999 0.6103285984375 0.086746796875 0.5967603328125 0.060932314062500006 0.5784410734375001 0.0428935921875 0.5421456765625 0.036353101562500004 0.53504250625 0 0.5499492796875 0 0.6201690125
4 0.205182203125 0.629256275 0.2162564453125 0.642371121875 0.23422004375 0.6500506765624999 0.24151475625000002 0.656262028125 0.2645252109375 0.6636762046875 0.2825240578125 0.6723685109375 0.28915494062499997 0.6734375 0.30760043125 0.6734375 0.3118663140625 0.6728548109375 0.32259929062500003 0.6616370828125 0.33007504375 0.6439957 0.34027288906250003 0.60287526875 0.340625 0.59930654375 0.340625 0.5687040390625 0.340066203125 0.56788226875 0.3049032453125 0.58900874375 0.277409903125 0.5980639734375 0.232153234375 0.6197212078125001 0.2117254890625 0.62840490625 0.205182203125 0.629256275
4 0.184852434375 0.5269366421874999 0.163387725 0.49906478906249996 0.1556954015625 0.4934686484375 0.1506717125 0.492732109375 0.1426436328125 0.5061516765625 0.1351081 0.5050468671874999 0.130687828125 0.507278396875 0.126476609375 0.51549836875 0.13607736406249998 0.5184947109375 0.149095878125 0.5478092453125 0.1646547421875 0.5639918984375 0.1732118015625 0.5800416625 0.1778411328125 0.5837985765625 0.180834440625 0.58364165625 0.199217146875 0.5661796078125 0.20048732187499999 0.5596136671874999 0.190607821875 0.5486327328125 0.1909847546875 0.5451133203125 0.184852434375 0.5269366421874999
6 0.5296875 0.8723403984375 0.536297684375 0.8690481078125 0.5566461406250001 0.8510588 0.5785207328124999 0.841293175 0.601412746875 0.8269017265624999 0.6126043984375 0.8140522203125 0.6176915125 0.8114823187500001 0.6227786265625 0.8099403781250001 0.663475540625 0.8104543578125 0.696541784375 0.79554893125 0.7245209125 0.7749897203125 0.7621655578125 0.73695518125 0.7697962296874999 0.73335731875 0.7764094781249999 0.72718955625 0.78404015 0.7251336343749999 0.7886185515624999 0.7194798515625 0.790625 0.718635171875 0.790625 0.6014264015624999 0.788109840625 0.59715255 0.7750364921875 0.5875 0.7136925671875 0.5875 0.6451619296875 0.6233655421875 0.627865740625 0.6351870890625 0.6110782640625 0.6434107734375 0.595308209375 0.647522615625 0.58513398125 0.65523231875 0.57902944375 0.665511925 0.57343361875 0.6896689968749999 0.571398771875 0.7086862671875 0.558172275 0.7374691609375 0.5520677390625 0.74312294375 0.5301931468750001 0.7539165296875 0.5296875 0.754363553125 0.5296875 0.8723403984375
6 1 0.584236653125 0.9923320703125 0.584236653125 0.9699285765625 0.58983154375 0.9589757578124999 0.588814290625 0.951507928125 0.5908487953125 0.9355765546875 0.59034016875 0.9076966531250001 0.5933919265625 0.8942545578125 0.591357421875 0.875336053125 0.5923746750000001 0.8539282703125 0.6040730796875 0.85 0.6048027625 0.85 0.608389896875 0.871353209375 0.6188232421875 0.8763317624999999 0.6249267578125 0.8778253296875 0.630521646875 0.8658768 0.6788411453125 0.8623918125 0.686470540625 0.8614547296874999 0.6984375 0.9150350406250001 0.6984375 0.9156623390625 0.696643065625 0.9315937109375 0.6920654296875 0.9754049859375 0.68291015625 0.9953192015625 0.68291015625 1 0.6854605921875001 1 0.584236653125
6 0.5296875 1 0.6528147375 1 0.6544921875 0.99833984375 0.66328125 0.94951171875 0.67548828125 0.9158203125 0.6818359375 0.89189453125 0.6818359375 0.881640625 0.67841796875 0.8787109375 0.6720703125 0.877734375 0.6525390625 0.8875 0.6251953125 0.88994140625 0.5578125 0.9041015625 0.53583984375 0.91630859375 0.5296875 0.9226888015625001 0.5296875 1