13 0 0.2625 0.002015575 0.2625 0.0120400890625 0.2602996578125 0.0402763140625 0.25461535625 0.0612011328125 0.249683215625 0.0778696671875 0.24472567343749999 0.09168598125 0.239135040625 0.11208967031249999 0.2321718671875 0.1294767375 0.2276036703125 0.1431231375 0.22481003125000001 0.1518441515625 0.22368123906249998 0.159375 0.2221276734375 0.159375 0.1328125 0.15888142656249998 0.1328125 0.1211441875 0.13804625937499998 0.088871971875 0.14484164375 0.0399209078125 0.1501883265625 0.0043128734375 0.154083109375 0.0001224859375 0.156830459375 0 0.1576283859375 0 0.2625
13 0.2708693015625 0.05182495 0.2481871046875 0.06173499375 0.231059546875 0.0694166234375 0.21240456562499999 0.07440719999999999 0.19321784375 0.0775540203125 0.178125 0.0801968296875 0.178125 0.081721025 0.187222534375 0.09192776875 0.190628171875 0.10178200468750001 0.19850826562499999 0.1152124765625 0.21529756406249997 0.1341386515625 0.2240995609375 0.14533957656250002 0.2319059890625 0.15569317656249998 0.23816803593749997 0.162645671875 0.24230229531249997 0.16875 0.250945621875 0.16875 0.3037774484375 0.15333178281249998 0.335589 0.13774369375 0.35920441406250003 0.126077446875 0.359375 0.125971234375 0.359375 0.1152887875 0.3566243859375 0.10997006406250001 0.348727725 0.1060317296875 0.3292969125 0.08879903125000001 0.3045372875 0.062857659375 0.284591671875 0.0444912609375 0.2708693015625 0.05182495
13 0.46875 0.2122214578125 0.4367027859375 0.1828125 0.4228299671875 0.1828125 0.3667451578125 0.1955206453125 0.323881596875 0.2041076484375 0.32055726562500003 0.204828175 0.359367015625 0.26128046875 0.3926211703125 0.3023486 0.398658621875 0.30654190312499996 0.413058415625 0.3031726875 0.40840801718749997 0.3107166234375 0.4150816625 0.31875 0.43187355 0.31875 0.46875 0.30806841875 0.46875 0.2122214578125
13 0.2621362046875 0.31875 0.2881843796875 0.30763937812500003 0.31914023281250004 0.28568515156249996 0.3515625 0.255610378125 0.3515625 0.25321894375 0.33961286562500004 0.24076020625 0.32658417812499996 0.23272988125 0.311825928125 0.2216167328125 0.298623990625 0.2062656765625 0.28665182968749997 0.1903798046875 0.2674926890625 0.16830594999999998 0.198105521875 0.206891296875 0.200113909375 0.20870254843749997 0.2385758328125 0.24141978593750002 0.251345384375 0.25600011718750004 0.237952421875 0.267577109375 0.19375 0.29617433437499996 0.19375 0.300464546875 0.2087461765625 0.31875 0.2621362046875 0.31875
13 0.1497486875 0.31875 0.1767727828125 0.305815228125 0.2515625 0.25490360624999997 0.2515625 0.24861351874999998 0.173363496875 0.178125 0.15882834375 0.178125 0.154618028125 0.214704765625 0.120290803125 0.2212130390625 0.05625 0.241065359375 0.05625 0.25655802968749997 0.0644266484375 0.2711917453125 0.090766234375 0.3050644890625 0.1038288390625 0.31875 0.1497486875 0.31875
13 0.115625 0.31875 0.115625 0.3132986484375 0.0880543171875 0.28117499375 0.0712103734375 0.271875 0.0316708859375 0.271875 0.006367928125 0.295263375 0.0126600515625 0.30615669375 0.0139563140625 0.3185783640625 0.013903137500000001 0.31875 0.115625 0.31875
13 0 0.1768926375 0.0038011749999999995 0.1548628125 0.090625 0.1455760734375 0.090625 0.1401768125 0.024178896875 0.086622828125 0.010134909374999999 0.10218807968750002 0 0.1104663171875 0 0.1768926375
5 1 0.11594470625 0.9963511031250001 0.117776453125 0.9858722671875 0.126106453125 0.9693708984375 0.132787115625 0.952640503125 0.15404409218749998 0.9451029828124999 0.1699700015625 0.9450713531249999 0.188216040625 0.950909421875 0.20392477343749998 0.9633492875 0.2145629 0.9794803187500001 0.2203125 1 0.2203125 1 0.11594470625
5 0.9095029296875001 0.11076601718750001 0.8995902765625001 0.1519309265625 0.8962161046875 0.1674691734375 0.89213015625 0.1752809609375 0.890625 0.1789384390625 0.890625 0.181057784375 0.89887955625 0.1875 0.9436941296875 0.1875 0.945431559375 0.1872473546875 0.9446606015625001 0.1770537296875 0.9502695156249998 0.161730521875 0.9703125 0.1368561609375 0.9703125 0.1317694203125 0.9665644062500001 0.1310256671875 0.948578421875 0.12738047187499998 0.9342278390625001 0.117794628125 0.9226114734374999 0.106010396875 0.915772315625 0.088121890625 0.9095029296875001 0.11076601718750001
5 1 0.034505159375 0.9739136343750001 0.0468548515625 0.9277466203125 0.0475653140625 0.9222368812500001 0.055934259374999996 0.916707375 0.0585362109375 0.915625 0.0653313515625 0.915625 0.09773903125 0.917574740625 0.10264539843750001 0.930039346875 0.11749508281250001 0.9480794265625001 0.1292232328125 0.9512629390625001 0.1296875 0.9805316734375001 0.1296875 0.9916917421874999 0.12144882187499999 1 0.11740746718749999 1 0.034505159375
5 1 0 0.9571293453124999 0 0.952156765625 0.0196994 0.9389846578124998 0.0399743859375 0.9473472890625001 0.044906957812499995 0.9488615890624998 0.0453125 0.99741513125 0.0453125 1 0.044219829687500004 1 0
5 0.8287636578124999 0 0.8334825265625 0.021537590625 0.843371190625 0.03606970625 0.8603221796875001 0.05080248750000001 0.8664257265625 0.0503851875 0.8746788593750001 0.053125 0.9176949703125 0.053125 0.9240146796875 0.051061564062499995 0.9436411124999999 0.0343406265625 0.9511231718750001 0.023661796875 0.9575837328125001 0.0071574921875000004 0.9578125 0.0044680015625 0.9578125 0 0.8287636578124999 0
12 0.900057325 0.14409445 0.9171872750000001 0.06266830625 0.883235009375 0.050993256249999994 0.770666565625 0.043168925000000004 0.65450686875 0.038313809375 0.6300701578125001 0.08909206562500001 0.6260051093750001 0.1734746671875 0.6276360671875001 0.211872675 0.65052565 0.23575167187499999 0.8012154468749999 0.2456892453125 0.8712868593749998 0.24431712968750002 0.8825763375000001 0.2105237265625 0.900057325 0.14409445
12 0.605952559375 0 0.6039807828125 0.0067102125 0.5949203078125 0.034074565625 0.6255500265625 0.08365700781249999 0.6546513265625 0.0366656625 0.742452225 0.042036915625 0.8610475125000001 0.0571079921875 0.8251753671875001 0.0103312296875 0.8274604875 0 0.7814531875 0 0.7335564203125 0.02951865 0.7162603078125 0.017830840625 0.699759953125 0 0.605952559375 0
15 0.46875 0.31875 0.35761015 0.31875 0.32784855468749996 0.33849905156250004 0.3226274046875 0.34584439843750003 0.3203125 0.3530639984375 0.3203125 0.4018525515625 0.3325038515625 0.608544259375 0.337821371875 0.6507853765625 0.3384971609375 0.6736212703125 0.340408884375 0.6826251984375 0.344999971875 0.6895087515625 0.3680858 0.7098009015625 0.3737147625 0.736312465625 0.3762758234375 0.7410047859375 0.3949848453125 0.759375 0.4099868671875 0.759375 0.42072172031250005 0.746438096875 0.42925947343750004 0.7399736828125001 0.46875 0.73398114375 0.46875 0.31875
15 0.11281611875 0.6864264734375001 0.1374419453125 0.7115655578125001 0.147187225 0.7171875 0.185002771875 0.7171875 0.20508409374999997 0.71307851875 0.2411724765625 0.7019881578125 0.2451902546875 0.7032838015625 0.25361643749999996 0.712677853125 0.2613577640625 0.7163882234375001 0.29350502500000003 0.70186878125 0.3382619453125 0.6863575015625 0.340625 0.6836418625 0.340625 0.5345150328124999 0.32993337500000003 0.3561042203125 0.3218656875 0.3508723171875 0.28738201874999997 0.3420451328125 0.20920220625 0.3262757875 0.16740980625 0.3203125 0.0735049484375 0.3203125 0.0729709546875 0.32132588125 0.0732156265625 0.349865453125 0.0625 0.37469995625 0.0625 0.46430144531249995 0.1090886453125 0.681502625 0.11281611875 0.6864264734375001
15 0.46875 1 0.46875 0.723414046875 0.42769111718749997 0.730365975 0.40471884999999996 0.753336984375 0.39776702343750003 0.7552823015625 0.3898189734375 0.7501246218750001 0.37691650625 0.7365866875 0.3690489359375 0.7047942781250001 0.347114471875 0.688408309375 0.338706071875 0.6786475484375 0.3328381921875 0.6782832187500001 0.3247269015625 0.6846413484375 0.303581553125 0.6915804984375 0.28408768125 0.7013130703125 0.28125 0.7121130125 0.28125 1 0.46875 1
11 0.79375 1 0.79375 0.9817792125 0.78537096875 0.9698779265624999 0.7751352406249999 0.9601995703124999 0.74718534375 0.9261494359375 0.6849576671875 0.8583998000000002 0.6637324171875 0.8368273671875001 0.6598509265625 0.834375 0.6313873234375 0.834375 0.5896227640625 0.8391104953124999 0.5860422578125 0.8424346468749999 0.581995628125 0.86115291875 0.578375459375 0.8687337671875 0.5409933312499999 0.8703710125 0.533693465625 0.878068928125 0.5212757406249999 0.8809276687499998 0.51666373125 0.8841353265624999 0.5133510359375 0.893348840625 0.5038493093749999 0.901863378125 0.4837349578125 0.8995916984375001 0.48595662031250003 0.8827979078125001 0.48053128593750005 0.8763260625000001 0.46875 0.8763036265625 0.46875 0.9470050109375 0.47064289062500003 0.9471166249999999 0.4765938796875 0.9456581312499999 0.4795892046875 0.9428005359375 0.481285215625 0.9339370828125 0.4803330359375 0.9253071921875 0.48487561875 0.9226243437499999 0.4953989515625 0.9222148875 0.5085308109375 0.9258285640625001 0.5168027171875 0.9384810109374999 0.5340506984375 0.9505492624999998 0.569637628125 0.9545683859375 0.575102625 0.9567835328125 0.5885221578125 0.9780070484374999 0.59228124375 0.9970742375 0.593462309375 1 0.79375 1
11 0.7377322921875 0.9085673406249999 0.7534246375 0.9284021703124999 0.768422528125 0.9419639296875001 0.780141153125 0.9572215328125001 0.7964411140625 0.9724785812500001 0.811332925 0.9906745749999999 0.8161887906249999 0.99375 0.9672125984375001 0.99375 0.9762997484374999 0.9865290124999999 0.985144115625 0.97358603125 0.99131683125 0.9577611109374999 0.9921875 0.95412303125 0.9921875 0.8767407375000001 0.99095975625 0.8684111015625 0.9775628656249999 0.8312824375 0.9711875453125 0.8217887078124999 0.959622953125 0.8125 0.9062442796875001 0.8125 0.8421480499999999 0.8160398140625 0.671875 0.8313078749999999 0.671875 0.8344025546874999 0.6829007328125 0.8461250203125001 0.6970209546875 0.8662991296874999 0.7377322921875 0.9085673406249999
12 1 0.5414240687499999 0.998660109375 0.538407309375 0.9911531765625 0.528657621875 0.9783374328125 0.5198836390625 0.945473834375 0.5177654203125 0.93297665 0.5140625 0.906328746875 0.5140625 0.855812865625 0.5260355734375001 0.8371192093750001 0.5380826796875 0.8215166453125 0.5541443625 0.8148340484375 0.565444384375 0.8090248890625 0.6129935578125 0.7913224015625 0.6487287453125 0.7855524203125 0.664846596875 0.7621191265625 0.6852683125000001 0.753125 0.698449625 0.753125 0.7500370703125 0.7552600390624999 0.7562763875 0.763002490625 0.7681482328125 0.8044034312499999 0.7995171921875001 0.8135422828125 0.803125 0.9947132937500001 0.803125 1 0.8018092546875 1 0.5414240687499999
0 0.599507684375 0.698946309375 0.6015474875 0.710656459375 0.6085021875 0.7239654828125001 0.618118309375 0.7365315703124999 0.6287154562499999 0.74555585625 0.6397205515625 0.7514954046875 0.663774428125 0.75625 0.7031759875000001 0.75625 0.7215933046874999 0.7487435078125 0.7313065 0.7373175484375001 0.739718103125 0.7163520578125 0.7436129984375001 0.6713950796875 0.7484375 0.6367672453125 0.7484375 0.555344709375 0.7476339890625 0.5518342828125 0.742546546875 0.546875 0.67216070625 0.546875 0.663206653125 0.5506449390625 0.6557566234375 0.5565867296875 0.642362134375 0.5764674734375 0.6185357609375 0.6442193078124999 0.6010714859374999 0.6871214734375 0.599507684375 0.698946309375
14 0.81875 1 0.81875 0.9976786437499999 0.46875 0.6126308359375 0.46875 0.642255853125 0.7975675046875 1 0.81875 1
14 0.46875 0.7510994234374999 0.6538050453124999 0.79375 0.7232892109375 0.79375 0.46875 0.7311222125 0.46875 0.7510994234374999
14 0.46875 0.855787203125 0.896875 0.8170968000000001 0.896875 0.8034705171875001 0.46875 0.8390041890625 0.46875 0.855787203125
14 0.46875 0.824383640625 0.675920403125 0.8221793125 0.7921875 0.8116275921875001 0.7921875 0.8107580796875 0.46875 0.8094810015625 0.46875 0.824383640625
14 0.46875 0.8081902031249999 0.5720552453125001 0.809375 0.815625 0.809375 0.815625 0.8080767953125001 0.7777419234374999 0.7970872124999999 0.46875 0.7901958796875 0.46875 0.8081902031249999
14 0.46875 0.7259952984375 0.724009821875 0.7921875 0.7487899640625 0.7921875 0.7381338234375 0.786464934375 0.46875 0.7104081515624999 0.46875 0.7259952984375
14 0.46875 0.7092035921875001 0.5459003124999999 0.73125 0.553125 0.73125 0.553125 0.7308146453125001 0.53567715625 0.7092364328125 0.46875 0.6887829578125 0.46875 0.7092035921875001