15 0.07639030625 0.2155316515625 0.06710271875 0.21791235156250002 0.0593739015625 0.22018638125 0.1026304828125 0.3296875 0.122004746875 0.3296875 0.11244831250000001 0.304854790625 0.07639030625 0.2155316515625
15 0 0.30079313281250003 0.0512348140625 0.3296875 0.08616090625 0.3296875 0 0.2799401 0 0.30079313281250003
15 0.44504414687500005 0.27066827187500003 0.43981830625 0.26898345625000003 0.430433384375 0.268848040625 0.43054980625 0.3296875 0.44386950000000003 0.3296875 0.44383489374999996 0.3227153734375 0.44504414687500005 0.27066827187500003
15 0.4965839765625 0.22571599999999997 0.4865856703125 0.22582321562500002 0.439747178125 0.3296875 0.45880174062499995 0.3296875 0.5033942046875 0.2347796109375 0.4965839765625 0.22571599999999997
4 1 0.021285375000000002 0.8452592296875 0.0279517859375 0.8154854953124999 0.0230640984375 0.82672586875 0.154548034375 0.8347403796874999 0.20585467031250002 0.8258830328125001 0.22570831875000003 0.8130331921874999 0.2330950578125 0.793443065625 0.3296875 0.8434722375 0.3296875 0.8470544406249999 0.323556525 0.848090365625 0.28597001875 0.8580986765624999 0.3296875 0.8605773250000001 0.3296875 0.8934382953125001 0.3117005265625 1 0.29816612343750004 1 0.021285375000000002
5 0.9337536609375 0.13430348281249999 0.941443153125 0.1383313125 0.945837146875 0.138697478125 0.9520619734375 0.1449223046875 0.9593852984375 0.1452884703125 0.9663424562499999 0.1482178 0.9831861046875 0.1474854671875 0.9875800984374999 0.13466965 0.9872139328125 0.12038916562499999 0.9831861046875 0.1097703453125 0.975130446875 0.1006161890625 0.975130446875 0.09732069374999999 0.9857492671875001 0.055943907812500006 0.9850169359375001 0.0504514140625 0.9707364515625001 0.045691253125 0.9502311421874999 0.042395757812500004 0.905925028125 0.040198759375 0.887616715625 0.0445927546875 0.8810257234375 0.048254417187499996 0.8784625593750001 0.0526484125 0.8780963937499999 0.066562728125 0.8802933906250001 0.079378546875 0.88432121875 0.08889886875 0.8890813796874999 0.0954898625 0.8890813796874999 0.097686859375 0.8795610578125 0.10610868281250001 0.8784625593750001 0.11086884374999999 0.88432121875 0.113065840625 0.899334034375 0.113065840625 0.9114175203125001 0.1192906671875 0.921670175 0.1225861640625 0.9337536609375 0.13430348281249999
9 1 0.207916628125 0.990509428125 0.2122968921875 0.9864816 0.2155923890625 0.9835522703124999 0.22474654374999997 0.9802567734375 0.22584504375 0.978792109375 0.21742321874999998 0.97476428125 0.21156455937500002 0.944006315625 0.188862253125 0.9319228296875 0.1749479359375 0.924965671875 0.172384771875 0.9161776828124999 0.17384943749999998 0.8960385390625 0.183735925 0.8920107109375 0.1873975875 0.8890813796874999 0.1947209125 0.88615205 0.19655174375 0.8682099046875 0.19289008125 0.8568587515624999 0.1976502421875 0.8561264187500001 0.19911490781250002 0.856492584375 0.21156455937500002 0.8645482421875 0.23426686718749998 0.86344974375 0.24012552656250002 0.8645482421875 0.2478150171875 0.8678437390625 0.25111051406249996 0.8795610578125 0.25770150625 0.8832227203125 0.261729334375 0.8890813796874999 0.263560165625 0.896770871875 0.2730804875 0.9022633656249999 0.2976136265625 0.9022633656249999 0.315555771875 0.9125160203125 0.3170204359375 0.9443724828125 0.313724940625 0.958652965625 0.3221467640625 0.98098910625 0.3221467640625 1 0.3201801203125 1 0.207916628125
9 0.8281772640625 0 0.8352549437500001 0.006511465625 0.8433106 0.025552109375 0.8590557484374999 0.04605741875 0.8641820765625001 0.05081758125 0.8769978953124999 0.051916079687500005 0.889447546875 0.0445927546875 0.9062911937499999 0.0412972578125 0.937781490625 0.041663425 0.9685394546874999 0.0445927546875 0.9656101250000001 0.029213771875 0.9689056203125 0.025552109375 0.97110261875 0.0039483015625 0.97307676875 0 0.8281772640625 0
7 1 0.059164057812500004 0.9985650859374999 0.0596055703125 0.9930725921875 0.048254417187499996 0.9901432625 0.04715591875 0.986115434375 0.051549912499999996 0.978792109375 0.0724213890625 0.9743981140625 0.07425222031249999 0.97110261875 0.0801108796875 0.9725672828124999 0.086701871875 0.9707364515625001 0.09658836093749999 0.9813552734375 0.1119673421875 0.9846507687500001 0.129543321875 0.9835522703124999 0.144189971875 0.97293345 0.1657937796875 0.9740319484375 0.17458176875 0.97293345 0.20314273593749999 0.979158275 0.2141277234375 0.9853831015625 0.22071871562499998 0.988678596875 0.2141277234375 0.9974665875 0.2082690640625 1 0.20718331562499998 1 0.059164057812500004
9 0.9161776828124999 0.1734832703125 0.9278950015625 0.172384771875 0.9355844921875001 0.1786095984375 0.9418093187500001 0.1884960859375 0.9520619734375 0.198016409375 0.9656101250000001 0.2068043984375 0.971468784375 0.20753673125 0.97110261875 0.1939885796875 0.9689056203125 0.1884960859375 0.9696379531250001 0.1709201078125 0.965976290625 0.159568953125 0.9462033140624999 0.138697478125 0.9403446546875 0.13796514531249998 0.9333874953124999 0.1339373171875 0.923134840625 0.1229523296875 0.9132483515625 0.12002299999999999 0.8997002015625 0.112699675 0.8835888875 0.112699675 0.8791948921875001 0.111235009375 0.876631728125 0.115995171875 0.874800896875 0.127346325 0.869308403125 0.136866646875 0.864914409375 0.1511471296875 0.864914409375 0.1643291140625 0.8682099046875 0.1753141015625 0.8715054015625 0.18227126093749998 0.87443473125 0.1848344234375 0.87443473125 0.18922841875000002 0.8810257234375 0.1947209125 0.8887152140625 0.19618557812499998 0.8931092093749999 0.1848344234375 0.9022633656249999 0.18190509375 0.905925028125 0.1786095984375 0.9106851890625001 0.1775111 0.9161776828124999 0.1734832703125
4 0 0.8567042765625 0.01044921875 0.86015625 0.0158203125 0.86796875 0.0236328125 0.8982421875 0.0275390625 0.9001953125 0.04951171875 0.8728515625 0.0490234375 0.8591796875 0.06318359375 0.8591796875 0.094921875 0.86748046875 0.09638671875 0.85625 0.09443359375 0.85283203125 0.07734375 0.8474609375 0.075390625 0.840625 0.063671875 0.838671875 0.05732421875 0.8337890625 0.05732421875 0.8181640625 0.06416015625 0.803515625 0.07734375 0.78935546875 0.09150390625 0.78154296875 0.114453125 0.7771484375 0.1232421875 0.76787109375 0.11787109375 0.76396484375 0.10712890625 0.76103515625 0.10126953125 0.75517578125 0.09638671875 0.75517578125 0.09541015625 0.74443359375 0.0822265625 0.7322265625 0.02021484375 0.6921875 0 0.67548828125 0 0.8567042765625
9 0.16853515624999998 1 0.17451171875 0.99736328125 0.19111328125 0.983203125 0.21455078125 0.95634765625 0.23896484375 0.94072265625 0.24775390625 0.92802734375 0.2560546875 0.9197265625 0.26923828125 0.91142578125 0.28291015625 0.8943359375 0.28095703125 0.889453125 0.2189453125 0.86455078125 0.20380859375 0.8650390625 0.16328125 0.8728515625 0.1486328125 0.87138671875 0.1447265625 0.86650390625 0.13642578125 0.86552734375 0.1232421875 0.87529296875 0.1115234375 0.87626953125 0.09150390625 0.87333984375 0.06953125 0.86259765625 0.05927734375 0.85966796875 0.05341796875 0.86259765625 0.0509765625 0.869921875 0.0275390625 0.9001953125 0.02216796875 0.916796875 0.0197265625 0.9451171875 0.02021484375 0.96123046875 0.03095703125 0.98662109375 0.0354166671875 1 0.16853515624999998 1
9 0.31344729843749997 1 0.290234375 0.9308349609375 0.290234375 0.9244873046875 0.298046875 0.9122802734375 0.3126953125 0.8741943359375 0.309765625 0.8697998046875 0.2892578125 0.8605224609375 0.25166015625 0.8390380859375 0.2404296875 0.8346435546875 0.2267578125 0.8341552734375 0.19208984375 0.8512451171875 0.17451171875 0.8575927734375 0.165234375 0.8634521484375 0.16279296875 0.8683349609375 0.16474609375 0.8707763671875 0.17158203125 0.8707763671875 0.2169921875 0.8644287109375 0.23115234375 0.8678466796875 0.25556640625 0.8800537109375 0.2775390625 0.8878662109375 0.28193359375 0.8917724609375 0.27900390625 0.8986083984375 0.27119140625 0.9078857421875 0.24970703125 0.9239990234375 0.23603515625 0.9415771484375 0.22041015625 0.9508544921875 0.21357421875 0.9581787109375 0.21357421875 0.9625732421875 0.227734375 0.9801513671875 0.23505859375 0.9952880859375 0.2358630671875 1 0.31344729843749997 1
7 0.14619140625 0.75517578125 0.15986328125 0.744921875 0.1740234375 0.73125 0.17841796875 0.7244140625 0.18134765625 0.713671875 0.1759765625 0.701953125 0.165234375 0.694140625 0.14814453125 0.68828125 0.1408203125 0.690234375 0.13251953125 0.69560546875 0.12177734375 0.705859375 0.10078125 0.7390625 0.096875 0.75029296875 0.09736328125 0.75712890625 0.10224609375 0.76689453125 0.110546875 0.77470703125 0.11396484375 0.7751953125 0.1212890625 0.772265625 0.14619140625 0.75517578125
18 0.3361328125 0.8708984375 0.3111083984375 0.872119140625 0.3074462890625 0.8910400390625 0.298291015625 0.9105712890625 0.3068359375 0.9557373046875 0.3074462890625 0.9557305906250001 0.3098876953125 0.9569512937500001 0.3087265796875 0.9540485046875 0.3184326171875 0.955126953125 0.35322265625 0.952685546875 0.3361328125 0.8708984375
11 0.034826465625000004 1 0.0279052734375 0.9783135984375001 0.02119140625 0.9691583250000001 0 0.9626831734374999 0 1 0.034826465625000004 1
1 0.254345703125 0.8306085203125001 0.2482421875 0.8184014890625001 0.2830322265625 0.8184014890625001 0.2744873046875 0.8104669187500001 0.3001220703125 0.8122979734375001 0.2879150390625 0.8043634031250001 0.2403076171875 0.8025323484375001 0.2439697265625 0.797039184375 0.244580078125 0.78361145 0.23115234375 0.772625121875 0.227490234375 0.78605285625 0.2171142578125 0.8007012937500001 0.2110107421875 0.8104669187500001 0.1896484375 0.8220635984375001 0.164013671875 0.8330499265625001 0.1536376953125 0.8354913328125001 0.1536376953125 0.8287774656250001 0.1402099609375 0.8361016843750001 0.1255615234375 0.8354913328125001 0.1084716796875 0.8318292234375001 0.09443359375 0.8403741453125001 0.0962646484375 0.8629571531250001 0.1017578125 0.8739434812500001 0.122509765625 0.8745538328125001 0.134716796875 0.8641778562500001 0.1414306640625 0.8653985593750001 0.14814453125 0.8727227781250001 0.1682861328125 0.8623468015625001 0.2134521484375 0.8422052000000001 0.2342041015625 0.8336602781250001 0.2488525390625 0.8379327390625001 0.254345703125 0.8306085203125001
9 0.5730692234375 0.6387364843750001 0.60121143125 0.645091734375 0.6269663421875 0.6449252375000001 0.6545788234375001 0.6395483859375 0.6729400734375 0.6325468812499999 0.6738510468750001 0.6283810671875 0.681014390625 0.625240878125 0.700283125 0.6251040578125 0.7054183703125 0.6374448671875 0.7091010843750001 0.6493919781249999 0.7970986453125 0.7061213562499999 0.8639603109375 0.738165153125 0.9282111296875 0.6426360734375 0.963285815625 0.5636452656250001 0.9733105859375 0.5372999328125 0.9731440859375 0.524421671875 0.9869244374999999 0.5093304671875 0.9646050234375 0.5004578375000001 0.9385683921875 0.4198849296875 0.9423404171875 0.400953075 0.927046621875 0.3872727984375 0.80878184375 0.35968463125 0.7213700203125 0.35585453125 0.69015039375 0.3868146171875 0.6724156140625 0.386157790625 0.58427289375 0.40184958281250005 0.570979790625 0.387001653125 0.574121153125 0.3625163359375 0.5511581203125 0.350415084375 0.51875 0.35635776875 0.51875 0.61943123125 0.534676121875 0.62641804375 0.5730692234375 0.6387364843750001
10 0.552127753125 0.9371976765625 0.5665144203125 0.9138579968749999 0.56751859375 0.8914959890624999 0.5692600734375 0.8652801171875 0.5657241546875 0.846614440625 0.56958049375 0.8255671890625 0.583938928125 0.81277721875 0.5976421578125 0.8073094203125001 0.61285519375 0.7965051609375 0.6331644796875 0.7494650734375 0.65782306875 0.6849704531249999 0.669430234375 0.6440398765625 0.6713419109375 0.6345214484375 0.6594161203125 0.6393979421875 0.634344953125 0.6424152171874999 0.606779890625 0.6449046671875001 0.5774111828125 0.6403161578125001 0.5447534890625 0.6316733171875 0.5304202046875 0.6258879937499999 0.5232310015625 0.6388123609374999 0.51875 0.6439912234375 0.51875 0.9708698921875 0.531656559375 0.9646383796875 0.552127753125 0.9371976765625
9 0.71702890625 1 0.727951071875 0.947169821875 0.7310029265625 0.9154248687500001 0.7293537375 0.8718813875 0.7234333078125 0.8493039375 0.7260559734375 0.8490857249999999 0.7261274890625 0.8274088890625 0.7281905578125001 0.7953124578125 0.7243413890625 0.7673102640625 0.717715978125 0.7299902140625 0.7086681640625 0.6853471796874999 0.7071652359375 0.671584390625 0.7081740562500001 0.634983734375 0.7031657765625 0.6355249749999999 0.70213458125 0.6258217796875 0.690129209375 0.62689265625 0.6839316015625 0.6252985484375 0.6734802484375 0.6298217765625 0.670823721875 0.632335709375 0.672606146875 0.6413364687499999 0.670164771875 0.6452072156249999 0.67124531875 0.6558796546875 0.6634143421875 0.6779472734375 0.6528587875 0.70265421875 0.6277612953125 0.758344815625 0.622135125 0.7725957359375 0.6114906859375 0.794299346875 0.5815379296875001 0.811668809375 0.5693441124999999 0.8205755765625 0.5653548046875 0.8329123078125 0.568756015625 0.8541353640624999 0.5697895390625 0.8666525328124999 0.5666240390625 0.9014079390624999 0.5630337640625 0.918602746875 0.551114015625 0.9387534234375 0.5361546796875001 0.95890515625 0.5244109109374999 0.9679866515625 0.51875 0.9707341906250001 0.51875 1 0.71702890625 1
0 0.8280960921875 0.9212856281249999 0.857611828125 0.91887071875 0.8861359296875 0.9044888125 0.904184296875 0.8876464328125 0.9152494828125001 0.8695821921875 0.9245781093750001 0.8485470828125001 0.9273023734375 0.8247609562499999 0.920176865625 0.7870406453125 0.90807203125 0.7655925 0.877009203125 0.7454054343750001 0.7472008921875 0.705421240625 0.7256130796875 0.7146789109375 0.7183471421875 0.7279651296874999 0.7245344171875 0.7709442515625 0.7287432046875 0.8096766499999999 0.7252005203125 0.84063744375 0.740050703125 0.8555853078125001 0.755366846875 0.878389009375 0.7774652859375 0.9001116328125001 0.7981170078125001 0.9134361078125 0.8280960921875 0.9212856281249999
0 0.9013246046875001 1 0.8996128859375 0.992334684375 0.8886565171875 0.9655813765625 0.8619020921875 0.9334153265625 0.8494750421875 0.9264438500000001 0.8338439078125001 0.9208866 0.802911690625 0.9141371843749999 0.7748592796875 0.8986356234375 0.7579598484375001 0.8834334140625 0.7435084062499999 0.855975621875 0.72524768125 0.853352459375 0.728347175 0.8661141718750001 0.7301821296875 0.893711403125 0.7308353796875 0.9100854734375 0.7285965390625 0.9455025828125001 0.723746221875 0.9721670124999999 0.7175976546875 1 0.9013246046875001 1