13 0 0 0 0.1371314265625 0.02021484375 0.14365234375 0.09150390625 0.1421875 0.1203125 0.15 0.137890625 0.15 0.1544921875 0.14755859375 0.17451171875 0.1392578125 0.188671875 0.1275390625 0.200390625 0.11044921875 0.2111328125 0.0845703125 0.21552734375 0.05234375 0.216015625 0.030859375 0.21263377499999997 0 0 0
13 0.212451171875 0 0.21552734375 0.02548828125 0.21552734375 0.0435546875 0.2091796875 0.08701171875 0.20283203125 0.103125 0.19111328125 0.12216796875 0.192578125 0.140234375 0.196484375 0.15390625 0.20087890625 0.1607421875 0.22333984375 0.16318359375 0.25703125 0.17294921875 0.27900390625 0.16904296875 0.337109375 0.16611328125 0.35419921875 0.15634765625 0.36982421875 0.1392578125 0.3791015625 0.12314453125 0.391796875 0.0923828125 0.40009765625 0.058203125 0.4044921875 0.0220703125 0.404111665625 0 0.212451171875 0
13 0 0.4296875 0.134587428125 0.4296875 0.13154296875 0.415625 0.13203125 0.39755859375 0.12958984375 0.38828125 0.12958984375 0.37314453125 0.1330078125 0.36240234375 0.1408203125 0.36044921875 0.17939453125 0.34091796875 0.200390625 0.3365234375 0.22431640625 0.3189453125 0.253125 0.30625 0.26240234375 0.2984375 0.30390625 0.27841796875 0.31025390625 0.2740234375 0.31171875 0.269140625 0.3048828125 0.237890625 0.29365234375 0.2115234375 0.27509765625 0.19052734375 0.2541015625 0.17490234375 0.24189453125 0.1685546875 0.2208984375 0.1626953125 0.18330078125 0.16171875 0.153515625 0.15244140625 0.12763671875 0.15048828125 0.10859375 0.151953125 0.07392578125 0.1626953125 0.05 0.17490234375 0.0216796875 0.194921875 0.00166015625 0.21396484375 0 0.21612690781250002 0 0.4296875
13 0.4416015625 0.36826171875 0.4279296875 0.3287109375 0.4083984375 0.2896484375 0.39521484375 0.2720703125 0.38251953125 0.25986328125 0.3693359375 0.25107421875 0.3625 0.24814453125 0.35517578125 0.24765625 0.3478515625 0.25009765625 0.325390625 0.26669921875 0.3 0.27890625 0.28291015625 0.2896484375 0.231640625 0.31259765625 0.2189453125 0.3208984375 0.20625 0.3326171875 0.15546875 0.3501953125 0.133984375 0.3599609375 0.1291015625 0.36435546875 0.1271484375 0.3697265625 0.12666015625 0.390234375 0.122265625 0.4009765625 0.12177734375 0.41123046875 0.1291015625 0.4263671875 0.12980468750000002 0.4296875 0.446035409375 0.4296875 0.446484375 0.3951171875 0.4416015625 0.36826171875
13 0.43134765625 0.112890625 0.3791015625 0.1236328125 0.3693359375 0.140234375 0.36982421875 0.1607421875 0.38056640625 0.24619140625 0.387890625 0.25986328125 0.39375 0.26376953125 0.40009765625 0.26376953125 0.44990234375 0.25693359375 0.4890625 0.2593381640625 0.4890625 0.09103515625 0.4455078125 0.1041015625 0.43134765625 0.112890625
13 0.4416015625 0.2564453125 0.42060546875 0.25791015625 0.39912109375 0.2623046875 0.39423828125 0.26669921875 0.39326171875 0.273046875 0.41376953125 0.30576171875 0.42841796875 0.3404296875 0.434765625 0.36484375 0.44599609375 0.39560546875 0.44466822187500005 0.4296875 0.4890625 0.4296875 0.4890625 0.2586224203125 0.4416015625 0.2564453125
18 1 0.1482512328125 0.994780584375 0.13696808437500002 0.986269946875 0.128457446875 0.97456781875 0.128457446875 0.7969082453125 0.1795212765625 0.786269946875 0.1890957453125 0.740525265625 0.284840425 0.722440159375 0.3390957453125 0.7235039890625 0.3571808515625 0.7574032015625 0.4296875 1 0.4296875 1 0.1482512328125
18 0.5203125 0 0.5203125 0.1316489359375 0.536269946875 0.196542553125 0.61073803125 0.3039893609375 0.6469082453125 0.35292553125000004 0.6564827125 0.360372340625 0.668184840625 0.3476063828125 0.7235039890625 0.31356382968749996 0.7915890953125 0.184840425 0.836269946875 0.16675531875 0.8703125 0.1018617015625 0.8703125 0.0933510640625 0.86073803125 0.07526595781249999 0.8080518609375 0 0.5203125 0
18 0 0.5463042312499999 0.06973127968750001 0.5516681765625 0.09509359843750001 0.5577068234375 0.10596316406249999 0.5371754234375 0.0854317640625 0.4453879828125 0 0.440121640625 0 0.5463042312499999
18 0 0.8091145140625 0.051615337500000004 0.8077068234375 0.07335446875 0.781136775 0.1337409421875 0.6627792875 0.1289100234375 0.567368659375 0.079393115625 0.5552913640625 0 0.54820269375 0 0.8091145140625
18 0.3523399765625 0.5093976453125 0.3523399765625 0.4985280796875 0.291953503125 0.43934933593750003 0.2822916671875 0.43814160625 0.1905042265625 0.4924894328125 0.13494867187499998 0.6120546499999999 0.1313254828125 0.677272040625 0.17118055625 0.72195803125 0.1796346625 0.7207503015625 0.194127415625 0.7086730078125 0.21345108750000003 0.6869338765624999 0.2508907 0.6277551328125 0.295576690625 0.5806536828125 0.3136926328125 0.56978411875 0.3523399765625 0.5093976453125
18 0.42601147343749995 0.592730978125 0.3897795890625 0.5589145531249999 0.3752868359375 0.5516681765625 0.3620018109375 0.5371754234375 0.3523399765625 0.5347599640625 0.2714221015625 0.609639190625 0.17118055625 0.7545667265625 0.1735960140625 0.7642285625 0.20862016875 0.7775135875 0.21828200468749998 0.7980449875 0.2315670296875 0.808914553125 0.24002113593750002 0.8077068234375 0.25692934843750004 0.792006340625 0.39219504843749997 0.6362092390625 0.42721920312500006 0.6023928140625 0.42601147343749995 0.592730978125
18 0.3535477046875 0.7014266296875 0.3535477046875 0.7110884656249999 0.368040459375 0.7340353265624999 0.3837409421875 0.7376585140625 0.4006491546875 0.7352430562500001 0.4296346625 0.707465278125 0.46224335781250003 0.699011171875 0.4890625 0.6771585375 0.4890625 0.561768784375 0.46828200468750003 0.56978411875 0.3535477046875 0.7014266296875
18 0.43084239062499996 0.7062575484375 0.31006944375 0.8246150359375 0.3136926328125 0.834276871875 0.34026268125 0.81978411875 0.36079408281249997 0.8391077906250001 0.363209540625 0.8487696250000001 0.3535477046875 0.8620546499999999 0.346301328125 0.88741696875 0.3487167875 0.8970788046875 0.359586353125 0.8970788046875 0.393402778125 0.8789628625000001 0.444127415625 0.8451464375000001 0.4890625 0.806202696875 0.4890625 0.6829196859375 0.46224335781250003 0.699011171875 0.43084239062499996 0.7062575484375
1 0.3535477046875 0.5009435390625 0.3499245171875 0.5287213171875 0.35837862343750004 0.531136775 0.3825332125 0.5552913640625 0.447750603125 0.5444218000000001 0.4574124390625 0.4924894328125 0.462290259375 0.4296875 0.28106136249999997 0.4296875 0.2810839375 0.4308952296875 0.3535477046875 0.5009435390625
1 0.45378170312500005 1 0.4537892515625 0.999735809375 0.47190519374999995 0.9840353265624999 0.48398248749999995 0.9490111718750001 0.452581521875 0.9345184171875 0.4429196859375 0.92123339375 0.42480374374999996 0.9224411234375 0.3535477046875 0.8994942640625 0.3487167875 0.8862092390624999 0.3620018109375 0.8499773546875 0.354755434375 0.828238225 0.3330163046875 0.82340730625 0.31006944375 0.8294459546875 0.28349939687500003 0.81978411875 0.2376056765625 0.8137454703125 0.172388284375 0.761813103125 0.18325785 0.7316198671875 0.1530646140625 0.7171271140625 0.1289100234375 0.6929725234374999 0.1228713765625 0.6929725234374999 0.10596316406249999 0.715919384375 0.07818538593749999 0.775098128125 0.052823067187499996 0.8113300125 0.027460748437499998 0.9007019921874999 0 0.962214071875 0 1 0.45378170312500005 1
9 1 0.4296875 0.4950814546875 0.4296875 0.49486607187500004 0.439508928125 0.49635416718750003 0.4834077375 0.4978422625 0.49779265937500006 0.49883432499999997 0.5421875 0.49883432499999997 0.5818700390625 0.501810515625 0.7232390875 0.5008184531250001 0.7500248015625 0.5028025796875 0.7869791671875 0.5035466265624999 0.842038690625 0.5057787703125001 0.876016865625 0.5069919125 1 1 1 1 0.4296875