8 0.26943359375 0.327587890625 0.2748046875 0.323681640625 0.27626953125 0.314404296875 0.28994140625 0.288037109375 0.28310546875 0.286572265625 0.27236328125 0.280224609375 0.2650390625 0.286572265625 0.2572265625 0.287548828125 0.2552734375 0.280224609375 0.25185546875 0.278271484375 0.2533203125 0.270947265625 0.250390625 0.265576171875 0.2455078125 0.262158203125 0.2318359375 0.259228515625 0.2337890625 0.256787109375 0.242578125 0.255810546875 0.2435546875 0.253369140625 0.22451171875 0.246044921875 0.21865234375 0.246044921875 0.20107421875 0.247998046875 0.19326171875 0.253857421875 0.19130859375 0.257763671875 0.19130859375 0.270947265625 0.19765625 0.282177734375 0.195703125 0.286083984375 0.19619140625 0.302197265625 0.2005859375 0.303662109375 0.20791015625 0.317822265625 0.22109375 0.323681640625 0.22744140625 0.336376953125 0.23916015625 0.343212890625 0.25185546875 0.341748046875 0.26064453125 0.330029296875 0.26943359375 0.327587890625
8 0.227880859375 0.341748046875 0.222021484375 0.344189453125 0.217138671875 0.352490234375 0.216650390625 0.370068359375 0.220068359375 0.383740234375 0.212744140625 0.394970703125 0.210302734375 0.407177734375 0.212255859375 0.413525390625 0.216162109375 0.413037109375 0.219580078125 0.432568359375 0.224462890625 0.433544921875 0.228857421875 0.432080078125 0.2303039546875 0.4359375 0.23449894843750002 0.4359375 0.243505859375 0.430615234375 0.244970703125 0.427685546875 0.254248046875 0.428173828125 0.261083984375 0.414501953125 0.262060546875 0.403759765625 0.2625 0.40279296875000004 0.2625 0.391953821875 0.257666015625 0.376416015625 0.257666015625 0.368115234375 0.262060546875 0.356884765625 0.258154296875 0.341748046875 0.239111328125 0.345166015625 0.227880859375 0.341748046875
10 0.35107421875 0.368505859375 0.34033203125 0.360693359375 0.31982421875 0.354345703125 0.30517578125 0.340185546875 0.2880859375 0.331396484375 0.28271484375 0.326025390625 0.2783203125 0.325537109375 0.27490234375 0.327978515625 0.2724609375 0.334326171875 0.26611328125 0.336767578125 0.26025390625 0.343115234375 0.26171875 0.356298828125 0.25830078125 0.366552734375 0.2578125 0.378759765625 0.26318359375 0.400244140625 0.27490234375 0.412939453125 0.27392578125 0.419775390625 0.28271484375 0.442724609375 0.29541015625 0.462255859375 0.30224609375 0.459326171875 0.3125 0.460302734375 0.3330078125 0.473974609375 0.33916015625 0.475 0.34981933593750003 0.475 0.36181640625 0.470556640625 0.37646484375 0.468603515625 0.384375 0.46441578593750005 0.384375 0.4640787765625 0.3818359375 0.463232421875 0.3818359375 0.460302734375 0.384375 0.45734049531250004 0.384375 0.450634765625 0.38330078125 0.433447265625 0.37646484375 0.411474609375 0.3740234375 0.405126953125 0.365234375 0.396337890625 0.36083984375 0.384619140625 0.35107421875 0.368505859375
14 0.41875 0.35908203125 0.3572265625 0.34814453125 0.34892578125 0.34375 0.34013671875 0.34375 0.33232421875 0.34716796875 0.3318359375 0.3505859375 0.3337890625 0.353515625 0.35234375 0.35888671875 0.373828125 0.35986328125 0.416858553125 0.36875 0.41875 0.36875 0.41875 0.35908203125
4 0.41875 0.154471925 0.42758916874999997 0.153457384375 0.4376634734375 0.147145721875 0.4530862546875 0.14887608125000001 0.46885395625 0.14076530781250002 0.545394490625 0.12561551875000002 0.5859375 0.12279082968749999 0.5859375 0.1054264515625 0.526002915625 0.0764786 0.48528014218750004 0.07370603906249999 0.41912748593750004 0.03343680625 0.41875 0.033607940625 0.41875 0.154471925
4 0.6709556296875 0.1610351859375 0.6635062875 0.1727737390625 0.63115114375 0.1722230796875 0.627294325 0.201943096875 0.63497211875 0.2238472640625 0.6242572453124999 0.24843532031249999 0.6266358375 0.2608915875 0.590849425 0.3180801640625 0.5924858671875001 0.3515625 0.6919094171875 0.3515625 0.7328125 0.3460957703125 0.7328125 0.3236495828125 0.72779101875 0.1458558375 0.7136314453124999 0.1482448 0.7091519843749999 0.15556910468750001 0.6981593890625 0.14792031562500002 0.6919732562500001 0.1637781875 0.6709556296875 0.1610351859375
4 0.441434678125 0 0.42497253749999997 0.0303688640625 0.4811987109375 0.0727321328125 0.527467053125 0.0779232125 0.5726518171875 0.103125 0.5788224718749999 0.103125 0.5928492484375 0.1000143625 0.62745308125 0.0765668171875 0.653125 0.054116410937500005 0.653125 0.046631259375 0.613114334375 0.0439071828125 0.6023681109375 0.0292290109375 0.5966341156249999 0 0.441434678125 0
4 0.5473269421875 0.20243320312500002 0.5265870375 0.23192704531250002 0.496610490625 0.24383265625 0.48069496718749993 0.256161059375 0.48993161093750004 0.273749290625 0.4944424234375 0.305691209375 0.4421875 0.3568173265625 0.4421875 0.3642617796875 0.45004200625 0.3676872640625 0.4788538953125 0.34885058125 0.5408399953125 0.3875 0.5452635296875 0.3875 0.56257948125 0.36966372187499996 0.5865669890625 0.367992478125 0.5939849828125 0.3169877015625 0.646875 0.23181316093749998 0.646875 0.216104103125 0.6468202265625 0.21513557187500001 0.6303313375 0.20366238750000001 0.619092371875 0.203042978125 0.593151815625 0.22027716874999997 0.570001971875 0.198048515625 0.5473269421875 0.20243320312500002
4 0.41875 0.2226366390625 0.423247884375 0.2461912859375 0.42990884218750003 0.2569467515625 0.45112356406250004 0.25406625 0.4593433734375 0.2605057796875 0.5178854390625001 0.2367928671875 0.521908003125 0.16218311875 0.5179212859375 0.1554486640625 0.43335803906250003 0.1585354171875 0.4246947625 0.164748771875 0.426679159375 0.18845205 0.41875 0.22023925000000003 0.41875 0.2226366390625
4 1 0.023530618750000003 0.9912927171875001 0.022894740625 0.9348335984375 0.0674991796875 0.9019364421875 0.082413159375 0.8821820234375 0.08378947812500001 0.8689900093750001 0.098733015625 0.8644120015624999 0.10886907500000001 0.8721883421874999 0.1279614921875 0.939030840625 0.14854845781249998 0.9455932484375001 0.162115678125 0.954157975 0.158714075 0.9574727781250001 0.1444586953125 0.974700784375 0.1348437375 1 0.10475996875 1 0.023530618750000003
4 0.7989088390625 0.25087220625 0.8568103390624999 0.245435684375 0.8761392125 0.21604015 0.9038357187500001 0.18886651875 0.90559166875 0.1789270765625 0.866624846875 0.166215075 0.8454101234374999 0.16909557656250002 0.840652940625 0.14418303906250002 0.8338441624999999 0.1376452 0.8128758109374999 0.133496321875 0.7845566640625 0.13827424375 0.7742180624999999 0.192287390625 0.780287728125 0.219913371875 0.776923653125 0.2355746265625 0.7989088390625 0.25087220625
11 0.1560788484375 0.58268700625 0.1218713765625 0.58328434375 0.0896356765625 0.5867808078125 0.082316875 0.588864315625 0.0750208203125 0.5948588390625 0.037889809375 0.59697400625 0.0385522390625 0.710882315625 0.047837125 0.7107201828124999 0.05524121562499999 0.72330298125 0.0598508234375 0.7265625 0.08035126249999999 0.7265625 0.093372328125 0.7250817609375 0.0962958671875 0.7235639328125 0.0982164640625 0.7176632749999999 0.110939153125 0.72037466875 0.1787858125 0.705499978125 0.2007621140625 0.7026715890624999 0.28665859375 0.6821035171875 0.30620571875 0.6817621828125 0.327255840625 0.6877506484375 0.33504057343750004 0.6817475921875 0.3375 0.6738270484375001 0.3375 0.62615880625 0.3316109703125 0.5962453375 0.3246358546875 0.5733875921875 0.32018088906250003 0.56368685625 0.313808171875 0.5603756515625 0.207821871875 0.5720049328125001 0.1560788484375 0.58268700625
11 0.044683546875 0.978125 0.075233328125 0.978125 0.12383676562499998 0.9766190890625002 0.132820959375 0.978125 0.1568572296875 0.978125 0.28747003125 0.9610496093750001 0.29869825625 0.958897834375 0.3099094234375 0.9538127984375 0.322521234375 0.93745799375 0.33025479375 0.9226551531249999 0.33125 0.9175100546875001 0.33125 0.9024352718750001 0.3287173578125 0.8263634765625 0.32225081875 0.8069193359375 0.3109031859375 0.7885382812499999 0.29911520625 0.77847666875 0.28344623125 0.7733720906249999 0.15634136406250002 0.7703125 0.140353271875 0.7703125 0.09580519062500001 0.778604415625 0.061611934374999996 0.7816461374999999 0.0390625 0.781559940625 0.0390625 0.85400018125 0.039781278125 0.9775979546875 0.044683546875 0.978125
12 0.3551214859375 1 0.358056875 0.997365821875 0.3614463484375 0.99192844375 0.36382435 0.9806416078125 0.36267641093749997 0.9513260625000001 0.3557464546875 0.852194990625 0.3490922765625 0.8004849765625 0.3443302625 0.7379855375 0.3338576375 0.70198785 0.328428159375 0.69279305625 0.3141967875 0.6827741109375001 0.30245429687500003 0.680534528125 0.2775459265625 0.6834141140625001 0.197999421875 0.703382375 0.08036445156250001 0.7289050093749999 0.049148753125 0.7397175609375 0.0384063625 0.7413719249999999 0.0386508640625 0.7834153359375 0.0836007265625 0.781163634375 0.1431682875 0.7713227796875 0.1705484796875 0.77328929375 0.27367378593749997 0.7739331359375 0.287856825 0.775641175 0.30059088749999996 0.7803080765624999 0.310415625 0.7889371921875 0.3187913875 0.8005251703124999 0.3277070015625 0.820904396875 0.33259979687499996 0.9058921718749999 0.332702146875 0.9234917406250001 0.32547716718749997 0.9417081843750001 0.3103992203125 0.9541946421875 0.2923550875 0.9608657765625 0.21030548750000003 0.9706102906249999 0.18394245468749998 0.975470984375 0.103833353125 0.9827369812499999 0.0398676875 0.9926546359374999 0.0399104046875 1 0.3551214859375 1
4 0.815815734375 0.5 0.8083910109375001 0.506691953125 0.7960383343749999 0.5318959999999999 0.769949965625 0.5420943234375 0.713562740625 0.5689092265625 0.6739259140625 0.589490496875 0.6710724578124999 0.5927777859375001 0.6792638609375 0.6178285031249999 0.695146484375 0.646559565625 0.700865703125 0.6509441140625001 0.7130694328125 0.6546512625 0.7321758562499999 0.66660493125 0.7423378875 0.6695289625 0.7515576671875 0.675 0.7632611640625 0.675 0.7816508328125 0.6634293437500001 0.79382995625 0.6452182328125 0.8324568593749999 0.6137820515625 0.8465738234375 0.6048343171875 0.8669785093750001 0.6017063453125 0.900107590625 0.58130670625 0.9135631171874999 0.5689406640625 0.9189570828125 0.56638438125 0.9264733734374999 0.55563518125 0.9341755218750001 0.548852171875 0.9445097312499999 0.5233607828125 0.95 0.5049597453125 0.95 0.5 0.815815734375 0.5
4 0.6208495375 0.7125 0.62725665 0.7125 0.654841496875 0.7012358625 0.6795605296874999 0.6832093765625 0.692772803125 0.6763489546875 0.6945821796875 0.672174334375 0.7110770234375 0.660487190625 0.7138840156249999 0.656208353125 0.69804923125 0.649891321875 0.6856241078125 0.6307630859375 0.6074970203125 0.642910215625 0.5792662859375 0.6296875 0.5788421171875 0.6296875 0.580096709375 0.6358085703125 0.592498603125 0.654441034375 0.5943435140625 0.6617213140625 0.6018844109375 0.67289036875 0.6191596031250001 0.70994536875 0.6208495375 0.7125
4 0.6910332390624999 0.722527025 0.6852210921874999 0.716159378125 0.6796412671875001 0.714749471875 0.67083626875 0.7086944749999999 0.6504657437500001 0.7018548671875 0.61252213125 0.715782646875 0.610364271875 0.7125206625 0.5913507765625 0.7025500875 0.6002610109375001 0.7215473078125 0.607616046875 0.7287501750000001 0.625921640625 0.7343108953125 0.6429275984375 0.733530775 0.651024696875 0.735175915625 0.6516396671875 0.7376026765624999 0.6482409375 0.7399505234375 0.66348398125 0.744336571875 0.71051413125 0.7852580328125001 0.7486992734375 0.8125 0.75625 0.8125 0.75625 0.792265984375 0.7422274140624999 0.7560386828125 0.7085393796874999 0.743117275 0.6984579765625 0.7312172125 0.6992000359375 0.7256594875 0.6910332390624999 0.722527025
4 1 0.5672332140625 0.9954439374999999 0.559383678125 0.9728349265624999 0.55825811875 0.9550869093750001 0.5645959640625 0.9078176328125 0.593447565625 0.9030618718750001 0.59892638125 0.9023895062499999 0.6059714281249999 0.9039788609375 0.6077981984375 0.921240375 0.6124715875 0.941714759375 0.6108309359375 0.9639752843749999 0.6045198921875 0.975517578125 0.6048087296875 0.9869560140625001 0.6135778296875001 1 0.6190586859375 1 0.5672332140625
10 0.5475508234375 0.5 0.5538897609375 0.6352714500000001 0.5567725640625 0.6326104015625 0.5792421812499999 0.6307613187500001 0.5868172406250001 0.6319627953125 0.6053319234375 0.641985478125 0.6093223921875 0.6415686140625001 0.6160269265625 0.63488981875 0.6316403140625 0.6257857609374999 0.646765821875 0.606270459375 0.6613118968749999 0.5957832953125 0.66822551875 0.593566465625 0.672482471875 0.5881397578125 0.6909957828125 0.57673995625 0.718487646875 0.564402215625 0.73578331875 0.5591080234375 0.7478818171875 0.5498729484375 0.7632054875 0.5452829609375 0.7689820984375 0.5401957046875 0.7917414328125 0.5338325515625 0.7980168531249999 0.5286931859374999 0.8053472828124999 0.513977796875 0.8153343828124999 0.502472284375 0.8204248906250001 0.5 0.5475508234375 0.5
10 1 0.6228702921875 0.9979302609375 0.6195722828125 0.98689041875 0.61574355 0.9736845140625 0.60134675 0.9448583906250001 0.6101704031249999 0.9156450625 0.6107311640625 0.889757125 0.6109445375 0.85097304375 0.603371425 0.8217415031249999 0.6213711078124999 0.7887791484375001 0.6488942078125 0.77778031875 0.6815959015625 0.734627684375 0.6877645 0.7100744640625 0.6986327890624999 0.68956181875 0.7065879765625 0.6935454578125 0.7202875109375 0.711641503125 0.714245440625 0.7236288562500001 0.72046619375 0.7314389609375 0.7088559671875 0.7716534125 0.7112976484375 0.81648925 0.723220571875 0.838318396875 0.743359221875 0.8536903671874999 0.768324090625 0.884723565625 0.8065989328125 0.9082336218750001 0.8091249671874999 0.924530303125 0.7825125078124999 0.9137022765625 0.7653762984375 0.9804788390624999 0.7285084671875 1 0.7201069359375 1 0.7083612265625 0.9502587734375 0.7075857046875 0.9668857265625 0.7058487734375 0.9910517421874999 0.686717590625 1 0.6783562125 1 0.6228702921875