18 0.16759067968750002 0.5744712734374999 0.20070405781249998 0.5588187046875001 0.27548132812500004 0.5080044828125 0.305569865625 0.47750039375000003 0.3174890203125 0.4531426984375 0.3214879515625 0.41217717187499997 0.31693636718749996 0.39072073125 0.303862915625 0.387131690625 0.24273209062499998 0.4087013921875 0.1725923546875 0.47604702187500003 0.13683488906250002 0.5491201046875 0.1528185828125 0.574127378125 0.16759067968750002 0.5744712734374999
18 0.5392054 0.356478875 0.51014825625 0.32788256250000003 0.501941534375 0.3276915109375 0.45045822500000005 0.3609822203125 0.42103694062499997 0.4473415703125 0.40756239218749996 0.4667360203125 0.4037353578125 0.49785147968750004 0.41419337343749996 0.5572193546875 0.5156988546875 0.57436350625 0.5786429203125001 0.542981946875 0.6032344296875001 0.54519678125 0.6383042984375 0.5115239640625 0.6437726765625 0.48044671718750004 0.6551188359375 0.4889225796875 0.6768860531249999 0.4647941484375 0.7181775015625 0.4509743109375 0.7223196828125 0.40180039531249995 0.6882239046875 0.37965616406249997 0.634432 0.35705340625000004 0.5392054 0.356478875
18 0.4091140578125 0.7541824874999999 0.36912015625 0.7877406703125 0.33946136562499996 0.7936195921875 0.3134290609375 0.7798748015625 0.268388221875 0.7262712171875 0.273369553125 0.72310249375 0.27017281406250004 0.7181010390625 0.2600382515625 0.7342885546875 0.2856121625 0.7743001921875 0.309859875 0.796215159375 0.3081325828125 0.801101984375 0.1568424375 0.8140033984375 0.158082684375 0.8370250984375 0.3093155296875 0.8274070390625001 0.185183340625 0.88364165625 0.1799728109375 0.899943803125 0.1902691 0.9215339828125 0.25447358593749997 0.9230286640625 0.3645768796875 0.859898075 0.390895684375 0.8572260875 0.39409242031249997 0.8622275421875001 0.41378855000000003 0.8626860687500001 0.450700309375 0.817559715625 0.5016392749999999 0.8154608874999999 0.5347813 0.7981666390625 0.5257927296875 0.748687040625 0.50813904375 0.7252832359375 0.47726865468749996 0.7064987796875 0.436349653125 0.6989768062499999 0.421462959375 0.705199625 0.41469703593749996 0.7165385265624999 0.4091140578125 0.7541824874999999
18 0.8667662593750001 0.498776765625 0.8645722640625 0.4363165859375 0.8370418624999999 0.41432519687499997 0.8141203484374999 0.41050689374999993 0.807469021875 0.415279084375 0.8020865921875 0.4414312984375 0.80053950625 0.5300819031249999 0.7693253203125 0.5309975828125 0.7558794203125 0.5487503546875 0.7993648640625 0.5973906953125 0.7693049765625 0.626253109375 0.7635501031249999 0.673747134375 0.7785883546875 0.7529297765625 0.8022917218750001 0.806036625 0.8087997984375 0.8094728218749999 0.8154224734375 0.8063423078125 0.8176941125000001 0.77026360625 0.8344227 0.75258725625 0.8490432390624999 0.667525690625 0.85914915 0.6529798515625 0.8667662593750001 0.498776765625
18 0.086657434375 0.695763009375 0.10399597499999999 0.7372252703125 0.12510425 0.7508554296875001 0.1562038359375 0.7565064625 0.1776845578125 0.748794809375 0.1977244828125 0.7295532015624999 0.20840338906250003 0.68217380625 0.1942615875 0.6457129984375001 0.18530166718750002 0.5945917234375 0.14933534531249998 0.5855427015625 0.1192181609375 0.6176884703125001 0.10361522031249999 0.664953234375 0.0868866328125 0.6826295859375 0.086657434375 0.695763009375
18 0.23314645312499999 0.7697941 0.23933938281249997 0.7912887546875 0.250656890625 0.80140629375 0.2901064484375 0.7990399890625 0.293589684375 0.787624665625 0.27599329687499996 0.7609375046875 0.2718714578125 0.71485589375 0.262481790625 0.688359784375 0.2321843984375 0.6367417718749999 0.21263151875 0.6280748578125 0.19596023125 0.6424678546875 0.2068766421875 0.675568884375 0.1960258375 0.732798346875 0.23314645312499999 0.7697941
18 0.36642622812500003 0.28347809375 0.3682967703125 0.270382884375 0.350413884375 0.2601125015625 0.332215853125 0.267900575 0.302700309375 0.2655711078125 0.2612942640625 0.2859576578125 0.188015084375 0.34501847812499997 0.162363534375 0.40354572343750006 0.1635751328125 0.4282091015625 0.171581303125 0.4398919 0.206020878125 0.44233599687499997 0.26280066562500004 0.3878181046875 0.28770732187500003 0.371974484375 0.2930324515625 0.3491056265625 0.31134508437499997 0.3347508421875 0.30860674062500004 0.303482540625 0.32389453281249997 0.274276234375 0.3288472140625 0.2727491859375 0.34658685 0.291227959375 0.36642622812500003 0.28347809375
18 0.2949519859375 0.2391132109375 0.27367181406249996 0.2353331171875 0.22074770937500002 0.2570938734375 0.1941424078125 0.2761826390625 0.1670214125 0.32482160625 0.1797510671875 0.34811078281249996 0.1995617953125 0.342002596875 0.24957565625 0.2988236078125 0.3109929796875 0.26083712812500004 0.2949519859375 0.2391132109375
18 0.424139421875 0.36365420937500004 0.43885421874999997 0.3672814609375 0.46563141874999997 0.338342625 0.47101384687500003 0.3121904109375 0.4616528296875 0.284052625 0.4387313125 0.2802343234375 0.3544497734375 0.3111191453125 0.3327398546875 0.33196422187499997 0.33236740625 0.3533060328125 0.36983182187499997 0.3706016546875 0.405912740625 0.37308396250000003 0.424139421875 0.36365420937500004
18 0.5353700578125 0.29398048593750004 0.5608866703125 0.3372754765625 0.563854209375 0.3554103546875 0.6376860390625 0.3587715046875 0.66700103125 0.3725927171875 0.683414471875 0.37297482187500003 0.6434409140625 0.31127747656250004 0.5851547234375001 0.2639349203125 0.5906517499999999 0.2312159953125 0.5759942546875 0.22430538906250003 0.5463068140625 0.23182599062499998 0.544436271875 0.24492120312500001 0.532689015625 0.2594288296875 0.5353700578125 0.29398048593750004
18 0.2314884953125 0.5825281921875 0.222966628125 0.600395596875 0.24050571718749997 0.6303661125 0.25355051875 0.63559683125 0.2533499703125 0.6470885749999999 0.284220359375 0.6658730312500001 0.317800440625 0.7175674640625 0.3439186953125 0.726387221875 0.358776740625 0.7218060828125 0.36427376875 0.68908715625 0.3403412015625 0.6491137296875 0.34736497499999996 0.622999728125 0.32956803749999997 0.6078043125 0.3188521734375 0.5632115359375 0.30710491875 0.5777191625 0.2314884953125 0.5825281921875
18 0.3090447953125 0.37247122187500004 0.3183771625 0.4022506859375 0.3118200953125 0.49571169218750005 0.33272781875 0.520833596875 0.3377951015625 0.5127398375000001 0.36252985937500004 0.5067462828125 0.3973991796875 0.4845652125 0.401025665625 0.4649415 0.4297880046875 0.4163407421875 0.4456201421875 0.35594255625 0.44409339687499993 0.349337634375 0.43588667968749994 0.3491465828125 0.4059413890625 0.371442284375 0.3306401140625 0.3581928546875 0.3090447953125 0.37247122187500004
18 0.2036142984375 0.5802369359374999 0.22328177500000002 0.582337140625 0.2787723234375 0.601694753125 0.31001516093750003 0.599137396875 0.32141861718750003 0.6043299015625 0.3353515625 0.55866860625 0.3412210359375 0.50460786875 0.30890985312499997 0.47429345781250004 0.2555846515625 0.519037703125 0.1709306671875 0.5712643390625 0.1658060859375 0.5826414515625 0.182133578125 0.587948590625 0.2036142984375 0.5802369359374999
18 0.3742567734375 0.5874941828125 0.3888569703125 0.59768814375 0.388599121875 0.6124632437499999 0.3734545796875 0.6334611609375 0.356926540625 0.6396457671875 0.3547695 0.669157759375 0.36934104843750004 0.6809933984375001 0.45446173749999996 0.696113765625 0.4740146171875 0.70478068125 0.49702208125 0.70367395 0.51041068125 0.6892045328124999 0.5006975609375 0.5871530328125 0.48465656562500004 0.5654291171875 0.43547354531250004 0.5609994453125 0.3745432703125 0.571077403125 0.3742567734375 0.5874941828125
18 0.7093201437500001 0.582155696875 0.6682292453125 0.584483790625 0.6536290484375 0.574289828125 0.5763139828125 0.582344003125 0.55972864375 0.591811965625 0.54959408125 0.60799948125 0.5458816468750001 0.632548228125 0.6426636421875 0.6380860015625001 0.7100446953125 0.6347275984375 0.729970021875 0.6220527015624999 0.7446848171875 0.6256799515625 0.7597720609375 0.6079653890625 0.7603164062500001 0.5767735093749999 0.755421025 0.5750172015625 0.7469564578125001 0.5896012484375001 0.7093201437500001 0.582155696875
18 0.661500278125 0.6877948625 0.6967133953125 0.645913659375 0.6953012515625 0.632742025 0.6297047890624999 0.6279302515625 0.583546609375 0.638352103125 0.5528564265625 0.703331428125 0.5539247765625 0.736203196875 0.6145685546874999 0.74254201875 0.6277852546875 0.7379226671875 0.6427579 0.726774815625 0.661500278125 0.6877948625
18 0.755257434375 0.678481115625 0.7564893734375 0.6078889671875001 0.7451432125 0.5994131046875 0.7287297749999999 0.599031 0.7137857796875 0.6085371734375 0.6831242468750001 0.6718748203125 0.6806807109374999 0.7178035890625 0.690385525 0.72624124375 0.7182597234375 0.7285324984375 0.73872939375 0.6846657234375 0.755257434375 0.678481115625
18 0.5982530984375 0.5483655046875 0.581209365625 0.5841003140625001 0.589330134375 0.5892163984375001 0.633703721875 0.586964725 0.6564533390625 0.6006330953125001 0.6584957796875 0.5776878171875001 0.65066150625 0.5561549515624999 0.7236255359375 0.5151525890624999 0.733989296875 0.48583165 0.7210304437499999 0.47567589843749997 0.69762188125 0.4997661203125 0.658172325 0.5021324234375 0.6333229671875 0.5146926890625 0.5982530984375 0.5483655046875