1 0.10947265625 0.01220703125 0.08310546875 0.021484375 0.054296875 0.0283203125 0.04990234375 0.0302734375 0.04697265625 0.03466796875 0.046484375 0.04345703125 0.0494140625 0.06005859375 0.0494140625 0.14501953125 0.0572265625 0.365234375 0.06015625 0.53564453125 0.06357421875 0.5810546875 0.06650390625 0.58642578125 0.07041015625 0.587890625 0.12265625 0.58203125 0.2076171875 0.5654296875 0.209375 0.5651860296875 0.209375 0.0041174921875 0.16611328125 0.01025390625 0.10947265625 0.01220703125
1 0 0 0 0.2874666546875 0.00693359375 0.3212890625 0.01474609375 0.33203125 0.0279296875 0.33251953125 0.04306640625 0.33642578125 0.05625 0.35302734375 0.05771484375 0.3330078125 0.05185546875 0.11328125 0.05234375 0.048828125 0.05625 0.0361328125 0.07236328125 0.02587890625 0.0826171875 0.0234375 0.0875 0.01904296875 0.0884765625 0.015625 0.08798828125 0.01123046875 0.081640625 0.00048828125 0.081110490625 0 0 0
14 0.27119140625 0.4001953125 0.27265625 0.40361328125 0.2814453125 0.40654296875 0.28779296875 0.41240234375 0.42744140625 0.36748046875 0.44404296875 0.36357421875 0.4591796875 0.35673828125 0.45771484375 0.34599609375 0.39912109375 0.17021484375 0.37470703125 0.0896484375 0.3712890625 0.0857421875 0.3654296875 0.0857421875 0.23017578125 0.12138671875 0.209375 0.127626953125 0.209375 0.1749933625 0.2482421875 0.31083984375 0.27119140625 0.4001953125
14 0.7758839609375 0.2185546875 0.7744191171875 0.1716796875 0.7768605234375 0.147265625 0.7753956796875 0.11748046875 0.7739308359375 0.11552734375 0.7617238046875 0.1150390625 0.7539113046875 0.1091796875 0.7343800546875 0.10380859375 0.6572316171875 0.104296875 0.5576222421875 0.0984375 0.5180714609375 0.0984375 0.5024464609375 0.09990234375 0.4980519296875 0.10478515625 0.4882863046875 0.21513671875 0.4838917734375 0.28837890625 0.5009816171875 0.291796875 0.6230519296875 0.2986328125 0.6440480234375 0.3015625 0.7495167734375 0.30791015625 0.7666066171875 0.30791015625 0.7700245859375 0.30595703125 0.7758839609375 0.2185546875
14 0.71943359375 0.6534230234375 0.8439453125 0.6460988046875 0.864453125 0.6417042734375 0.86689453125 0.6368214609375 0.8556640625 0.5752980234375 0.84150390625 0.46641130468750003 0.84248046875 0.43418474218750003 0.8302734375 0.42832536718750003 0.80927734375 0.42783708593750003 0.60078125 0.44492692968750003 0.55341796875 0.45078630468750003 0.54072265625 0.45420427343750003 0.53828125 0.45957536718750003 0.53779296875 0.46934099218750003 0.55 0.5987355234375 0.55830078125 0.6666066171875 0.5643022531249999 0.66875 0.5685376921875 0.66875 0.65986328125 0.6607472421875 0.71943359375 0.6534230234375
14 0.45185546875 0.64921875 0.49091796875 0.63603515625 0.49580078125 0.6326171875 0.48603515625 0.5828125 0.46650390625 0.4548828125 0.4591796875 0.4265625 0.450390625 0.42509765625 0.41181640625 0.43095703125 0.298046875 0.45634765625 0.235546875 0.4734375 0.209375 0.4775699015625 0.209375 0.66875 0.35125110625 0.66875 0.45185546875 0.64921875
3 0.209375 1 0.209375 0.9231448921875 0.186871540625 0.89876614375 0.144436115625 0.9061462171875 0.12967596875 0.9209063656250001 0.1149158203125 0.9227513843749999 0 0.9012046671875 0 0.9859411093749999 0.0489931015625 1 0.209375 1
3 0 0.9073141796874999 0.054030212499999994 0.9227513843749999 0.1204508765625 0.9319764765624999 0.146281134375 0.9522716796875 0.1776464484375 0.9485816421875001 0.20347670624999997 0.954116696875 0.209375 0.942320109375 0.209375 0.934417284375 0.20532172499999998 0.9209063656250001 0.18318150312499998 0.8858510140625 0.11860585781249999 0.8286554421875 0.11860585781249999 0.7936000921875 0.1776464484375 0.7936000921875 0.209375 0.7836849203125 0.209375 0.7175910984375 0.20532172499999998 0.7216443734375 0.185026521875 0.723489390625 0.1555062265625 0.7456296124999999 0.105690728125 0.760389759375 0.0817054890625 0.7585447421875 0.037425046875 0.7105742625 0.0115947875 0.6958141140625 0 0.712378096875 0 0.9073141796874999
3 0.017129843750000002 0.6995041515625 0.074325415625 0.7566997234375 0.10015567343750001 0.764079796875 0.15366120781249998 0.74747463125 0.18318150312499998 0.723489390625 0.20716674375 0.7197993546875 0.209375 0.7175910984375 0.209375 0.66875 0.005413976562500001 0.66875 0.017129843750000002 0.6995041515625
15 0.691840278125 0.68075396875 0.698040675 0.694394840625 0.7022569437499999 0.699355159375 0.7092013890625 0.7110119046875 0.716641865625 0.71845238125 0.7223462296875 0.727876984375 0.729290675 0.734325396875 0.7352430562500001 0.7454861109375 0.742931546875 0.7546626984375 0.74813988125 0.7648313484375 0.754340278125 0.772023809375 0.7620287703125 0.783928571875 0.779637896875 0.80674603125 0.820064484375 0.8645337296875001 0.8468501984374999 0.9037202375 0.8552827375 0.9176091265625 0.869915675 0.937946428125 0.8875248015625001 0.965476190625 0.8947172625 0.9729166671874999 0.9031498015625001 0.9758928578124999 0.9076140875 0.975644840625 0.9257192453125 0.96845238125 0.9348958328125001 0.9607638890624999 0.9386160718750001 0.9553075390625001 0.9378720234375001 0.9481150796875 0.935887896875 0.9431547625000001 0.9182787703124999 0.918601190625 0.8994295640625 0.8888392859375 0.8919890875 0.8796626984374999 0.8746279765624999 0.853125 0.86669146875 0.8429563484375 0.848090278125 0.8141865078125001 0.8289930562500001 0.787896825 0.8101438484375001 0.75887896875 0.8031994046875001 0.749950396875 0.7972470234375 0.7395337296875 0.7776537703125 0.7125 0.7600446421875 0.6859623015625 0.7528521828125 0.6770337296875 0.7476930171875 0.66875 0.6829813625 0.66875 0.685887896875 0.6738095234375 0.691840278125 0.68075396875
15 0.5963541671875 0.812946428125 0.60751488125 0.828571428125 0.6898561515625 0.933978175 0.713417659375 0.9625 0.723834325 0.9771329359375001 0.729042659375 0.9803571421875 0.7352430562500001 0.98134920625 0.7468998015625 0.975396825 0.7535962296875 0.9706845234375001 0.75830853125 0.965972221875 0.7650049609375 0.9565476187499999 0.767733134375 0.947123015625 0.7659970234375 0.9419146828124999 0.758556546875 0.931001984375 0.7250744046875 0.891071428125 0.7037450390625 0.862549603125 0.6861359125 0.8422123015625 0.6655505953125 0.8144345234375001 0.6417410718750001 0.7861607140625 0.6288442453124999 0.768303571875 0.61396329375 0.7509424609375001 0.583457340625 0.7110119046875 0.5656001984375 0.68993055625 0.54976426875 0.66875 0.481699971875 0.66875 0.5060763890625 0.6986111109375 0.5963541671875 0.812946428125