13 0.56875 0 0.3761905296875 0 0.37570978125 0.0006200687499999999 0.370182415625 0.016458034375 0.364620965625 0.0911241796875 0.36615488906250004 0.10037382187499999 0.3708624140625 0.09598160624999999 0.38138975625 0.0722639453125 0.402060840625 0.0352451640625 0.40854209687500004 0.027227775 0.42520513125 0.0405086796875 0.47423061093749996 0.0893388671875 0.49786379218750004 0.10296050937500001 0.5287595656249999 0.11343540625 0.5508300640625 0.11731575624999999 0.558961428125 0.1203125 0.56875 0.1203125 0.56875 0
13 0.56875 0.121538928125 0.5103472421874999 0.10589685625 0.4915029921875 0.0977619890625 0.47292243593750005 0.0856479859375 0.411879059375 0.0265653953125 0.40511022343749997 0.029666237499999998 0.389089146875 0.06130949375 0.3808341625 0.07295205625 0.36021572343749997 0.11935817343749999 0.3431398734375 0.166917965625 0.34255496875 0.173892925 0.3531203484375 0.18477467812499998 0.411073634375 0.2296875 0.5616667515625 0.2296875 0.56875 0.21008535468749998 0.56875 0.121538928125
13 0.32327469999999997 0.2296875 0.32073225625 0.1541976265625 0.313480321875 0.038704698437500004 0.3103452203125 0.036030157812500005 0.240221690625 0.059355714062499995 0.21611376718750003 0.0630796796875 0.1798919390625 0.071884325 0.185792696875 0.11335368125 0.185064003125 0.117870365625 0.177652746875 0.1269628609375 0.17645905312500001 0.1320171015625 0.1796512125 0.186590759375 0.17431939375 0.2296875 0.32327469999999997 0.2296875
4 0.56875 0.2296875 1 0.2296875 1 0.13186135937500001 0.8952712406250001 0.1041373234375 0.8644012249999999 0.0979290734375 0.8390441125000001 0.0904602171875 0.8061717578125001 0.084665459375 0.7896430640625001 0.0795365203125 0.56875 0.0705376515625 0.56875 0.2296875
8 0.14402601718750002 0.2296875 0.13614004531249999 0.35171957656249997 0.1351066453125 0.354819775 0.2442336296875 0.32423115 0.271242625 0.4796875 0.2713841953125 0.4796875 0.3047908390625 0.31141699687499996 0.3203090984375 0.2296875 0.14402601718750002 0.2296875
6 0 0.3502362328125 0.003174603125 0.35834160156249995 0.0209490734375 0.4005043 0.0370701046875 0.43563988125 0.042443782812500004 0.436053240625 0.0552579359375 0.45548115156249996 0.056498015624999995 0.4596147484375 0.0519510578125 0.4625082671875 0.0552579359375 0.467468584375 0.06517857031249999 0.4691220234375 0.07881944375 0.47325562187500003 0.0928736765625 0.48193617812500006 0.10610119062500001 0.49475033125 0.1167509921875 0.5125 0.12139800468749999 0.5125 0.125 0.47680749999999994 0.125 0.46145134374999996 0.11519510468750001 0.398850859375 0.1015542328125 0.37652943125 0.0366567453125 0.2971643515625 0.021362432812500002 0.2781498015625 0.01970899375 0.26905588593749996 0.011441798437500001 0.25458829375 0.0060681218750000005 0.24508101875000002 0 0.2425260203125 0 0.3502362328125
9 0.0763723546875 0.4730034734375 0.0581845234375 0.4668030765625 0.05363756562500001 0.4639095578125 0.0585978828125 0.45936260000000007 0.05363756562500001 0.45316220312500005 0.047850528125 0.44613508749999997 0.04165013125 0.43704117187499997 0.038343253125 0.43580109218749996 0.023048940625 0.442828209375 0.012301587499999999 0.44902860625 0.0027943109375 0.45770916093749997 0.004034390625 0.46266947812500003 0.010648146875 0.47176339375000004 0.0147817453125 0.47796379062500005 0.016435184375000002 0.483750828125 0.0201554234375 0.483750828125 0.0209821421875 0.48333746718750004 0.022222221875 0.49077794375000006 0.01684854375 0.50235201875 0.015608465625000002 0.5184730500000001 0.015608465625000002 0.530460484375 0.02263558125 0.5478215953125 0.0391699734375 0.577996859375 0.08463955 0.6548817796875 0.10530753906250001 0.6920841609374999 0.11317170781250001 0.7078125 0.13253969062499998 0.7078125 0.1379629625 0.7069651140625 0.153670634375 0.6986979171875001 0.172685184375 0.68712384375 0.1896329359375 0.6759631296874999 0.19790013125 0.6676959328125001 0.2015625 0.66103708125 0.2015625 0.6578850421875 0.181365740625 0.6226397171875 0.1433366390625 0.5569155109375 0.12266865 0.5217799281250001 0.1082010578125 0.496978340625 0.0953869046875 0.483750828125 0.0763723546875 0.4730034734375
8 0 0.6606619421875 0.0433903765625 0.71207010625 0.052070934375 0.71207010625 0.1109375 0.622741121875 0.1109375 0.6220530546875 0.0458705375 0.537218915625 0 0.4724605125 0 0.6606619421875
8 0 0.9672821562500001 0.013086971875 0.970163690625 0.18890115624999998 0.984375 0.192060109375 0.984375 0.1916584 0.9755373687500001 0.1953786375 0.9156001984375 0.203645834375 0.8581431890625 0.2171875 0.7091848625 0.2171875 0.698516578125 0.2086061515625 0.694039353125 0.0734375 0.694039353125 0.0238343265625 0.8213541671875 0 0.8798946171875001 0 0.9672821562500001
6 0.217416915625 0.687669478125 0.298022075 0.812504134375 0.2967819953125 0.8187045312500001 0.300502234375 0.8236648484375 0.30752935 0.84350611875 0.310319528125 0.8505332343750001 0.31679894218750004 0.853125 0.320883353125 0.853125 0.33522445625 0.8505332343750001 0.35589244531249997 0.8426793984375 0.3640625 0.8341202937500001 0.3640625 0.8247481249999999 0.3616794828125 0.81953125 0.3554790859375 0.8034102187500001 0.34679852968749997 0.7959697421875 0.3434916515625 0.786875828125 0.3224103015625 0.7182581031249999 0.3025690328125 0.646746859375 0.29058159843750003 0.62814566875 0.2607193671875 0.584375 0.21544113281250002 0.584375 0.179387815625 0.5847428906250001 0.179387815625 0.58515625 0.17897445625 0.586809690625 0.179387815625 0.5996238437500001 0.1959222078125 0.6343460656250001 0.217416915625 0.687669478125
1 0.1499449375 0.584375 0.20630576718750002 0.584375 0.2859375 0.5829337015625 0.2859375 0.5762276843749999 0.27475198437500004 0.514707340625 0.255530753125 0.3882192453125 0.244374415625 0.325 0.24427739843750002 0.325 0.165625 0.346056546875 0.10920138906250001 0.3615575390625 0.1085813484375 0.36279761875 0.11354166562500001 0.395659721875 0.132762896875 0.48680555468750003 0.1499449375 0.584375
6 0 0.47157738125000004 0.012185846875 0.47767030468749994 0.002678571875 0.45824239375 0.0043320109375 0.45369543593750006 0.013012565625 0.4499751984375 0.021693121875 0.441708003125 0.0353339953125 0.435920965625 0.025 0.40698578125000007 0 0.365319115625 0 0.47157738125000004
2 0.6182165890625 0.505913896875 0.6166333734375 0.5083404218750001 0.6168513531250001 0.5120978359375 0.6168836015625 0.515130140625 0.6170009765625 0.5171533687500001 0.6152487984375 0.5191438203125001 0.6126421515625 0.521263671875 0.6120153187499999 0.5228407515625 0.61290205 0.52574366875 0.614026096875 0.5277845250000001 0.61559835 0.53012198125 0.6153010531249999 0.5324266703125 0.6115019921875 0.5338037828125 0.6102244578125 0.5340701343750001 0.6089791734375 0.53736879375 0.6081150234375 0.539807921875 0.6078428796875001 0.54254615625 0.608053759375 0.5437048046875 0.610590775 0.5453373234375001 0.6121965640625 0.548252840625 0.6228734109375 0.5465631500000001 0.631663940625 0.5445516671874999 0.6371481078125 0.5400279703124999 0.64063568125 0.53575801875 0.6421875 0.5333093296875 0.6421875 0.5216533765625 0.6420982875 0.5213467671875 0.6380070703125 0.5152115796875 0.6313021171875001 0.50859748125 0.6264054375 0.5059130328125001 0.6217615656250001 0.5051098078124999 0.6182165890625 0.505913896875
2 0.626768590625 0.545247121875 0.6230630390625 0.5457596609375 0.61866358125 0.5466931421875 0.6124197265625 0.5480274109375 0.6105753296875001 0.5484282 0.6087967171875001 0.5524393562500001 0.6094616171875 0.5589476062500001 0.6122684203125 0.5671875 0.61603761875 0.5671875 0.6191866140625 0.5656146296875 0.624018790625 0.5622344546875 0.6293004625 0.55669663125 0.6324584859375 0.5516990640625 0.632669275 0.5444882203125 0.626768590625 0.545247121875
8 0.56875 0.5501390109375001 0.5727378796875 0.5680043953125 0.5767126015625 0.577158040625 0.5818969593750001 0.5997425796875 0.5840712015625 0.6015625 0.5911123609375 0.6015625 0.6032139453124999 0.5998998453125 0.61875 0.595302184375 0.61875 0.593809009375 0.6074368921875 0.5465513625 0.604894953125 0.5361251203125 0.6037587515625 0.5276700734374999 0.6038078765625 0.5180050390625001 0.59451275 0.5166937734375 0.588036690625 0.516364003125 0.5785047265625 0.51900866875 0.56875 0.519932878125 0.56875 0.5501390109375001
8 0.56875 0.5005164171875001 0.5698680781250001 0.5038949171875 0.5707774984375 0.50813368125 0.5701758781249999 0.5130127203124999 0.5708251703125 0.516580165625 0.573363753125 0.5184026984375001 0.5797971453125 0.518737675 0.5870128546875 0.517308353125 0.5927045796875 0.516296828125 0.600232028125 0.5164287421875 0.6062226234375 0.5167559921875 0.611953084375 0.5164118875 0.6161615765625 0.5127073203125001 0.616320415625 0.5078205234375 0.6168555375 0.5056073609375 0.6189920515625 0.5043112750000001 0.625008440625 0.5050834671875 0.630880896875 0.5071866859374999 0.6353068093750001 0.5110425484375 0.6385870421875 0.5142115828125 0.6425314703125 0.51739228125 0.6451793703125001 0.5203125 0.649085271875 0.5203125 0.6528854203125001 0.516684690625 0.656780196875 0.515197175 0.6611435718750001 0.5141623703125 0.6647653124999999 0.511781040625 0.667748690625 0.5098330421874999 0.6726839171875 0.5110308 0.6793515921875001 0.511592146875 0.6838847296875 0.5096713046875 0.6866079984375 0.507051996875 0.688836834375 0.5035349796874999 0.6890625 0.5028447 0.6890625 0.49486604375 0.6813580124999999 0.48517909375000007 0.67523836875 0.48262705156249996 0.67346919375 0.4788177390625 0.671856859375 0.4738998953125 0.6655307078125 0.4677881734375 0.6603760671875001 0.46280825312499996 0.6550258328125 0.45826941562499995 0.6521734984374999 0.45866393906249997 0.6506624578125 0.4593042203125 0.6500221015625 0.4635158265625 0.652167565625 0.469998784375 0.654222665625 0.47492438593749997 0.6560563937499999 0.47984610937499994 0.65593825625 0.48162207031249993 0.65099010625 0.48020183593749993 0.6447136046875 0.47875831562500004 0.6404941828124999 0.478462121875 0.6378116140625 0.4779706015625 0.635337546875 0.4772604859375 0.6335812781250001 0.473673646875 0.6333102359375 0.4690015609375 0.631308721875 0.46118759687500005 0.6247482734375 0.45484952031250003 0.6137192 0.4515446890625 0.60610140625 0.449855421875 0.5980130375 0.45149169843750003 0.5895851046875 0.4549000671875 0.5822125546875 0.4574379171875 0.5755409265625 0.46443312968750006 0.5699375515625 0.47078029375 0.56875 0.4743655890625 0.56875 0.5005164171875001