8 0.362720909375 0.409375 0.36945599218749997 0.40014476875 0.4024961171875 0.3843327109375 0.4152398546875 0.366280775 0.4300132328125 0.34845282499999997 0.43292108437500004 0.349797853125 0.460243028125 0.3077516984375 0.48057836875 0.27927221874999997 0.49273659218750004 0.24272146718749998 0.4953125 0.2208007234375 0.4953125 0.18097890156250002 0.4795047296875 0.1654761921875 0.4776311765625 0.1488834796875 0.46281634374999997 0.1203125 0.4300783265625 0.1203125 0.3999779671875 0.12904844375 0.38637549375 0.1306196578125 0.366040153125 0.159099140625 0.35846803125000004 0.154167003125 0.34660263125 0.2265943375 0.362644565625 0.2222199703125 0.399490228125 0.1935143015625 0.3774570296875 0.22692701718750002 0.38128217656249996 0.2519280828125 0.3954701671875 0.268855678125 0.383799809375 0.294194925 0.378823365625 0.32334527031250004 0.3547994859375 0.3258146375 0.31943703125 0.3587804796875 0.2916466953125 0.3966784578125 0.285820925 0.409375 0.362720909375 0.409375
8 0.51875 0.409375 0.51875 0.3201254328125 0.5035071640625 0.3103318625 0.47946514687499997 0.308749175 0.46837345625 0.3127142328125 0.45000720625 0.3158873921875 0.4421875 0.3338106421875 0.4421875 0.34089857968750004 0.45274522343749996 0.34204788124999996 0.46751415312500005 0.3343451328125 0.478446003125 0.346914634375 0.46753423281249995 0.3726237203125 0.4504470953125 0.40490204375000005 0.4683336953125 0.397538684375 0.47458372656250003 0.409375 0.48569466875 0.409375 0.486899809375 0.400594265625 0.48982128437499994 0.409375 0.51875 0.409375
4 0.51875 0.3583981421875 0.5340646718750001 0.36157273125 0.5439621359375 0.3594199546875 0.5536181499999999 0.3537134375 0.5694540874999999 0.3502689921875 0.620519221875 0.346889609375 0.6755863890625 0.33800313437499996 0.6833561218749999 0.3404345921875 0.70915876875 0.35697503125 0.746553871875 0.3720243765625 0.809627346875 0.39333760156249997 0.8165898671875 0.396875 0.8324526328124999 0.396875 0.8336395515625 0.3602950546875 0.839769315625 0.3502037296875 0.8503529390625 0.33914365156250004 0.8546875 0.33040885000000003 0.8546875 0.268704171875 0.8525862468750001 0.228409453125 0.8537721515625 0.195180015625 0.8546875 0.1860561453125 0.8546875 0.13125 0.7770248046875 0.13125 0.7515082578125 0.1334489609375 0.6075050671875 0.14055737343750002 0.577181553125 0.1440619046875 0.5668202890625 0.1488914609375 0.5580799015625 0.156459540625 0.5514863328125 0.1692276453125 0.5545487796875 0.1762892328125 0.5686227109375 0.1912593265625 0.5749579828125 0.20636710156250002 0.5664710234375 0.2102738 0.518889090625 0.22268397499999998 0.51875 0.2227360203125 0.51875 0.3583981421875
6 0.51875 0.409375 0.7875 0.409375 0.7875 0.39020280625 0.7865342890625 0.38681726250000004 0.778344578125 0.3819063140625 0.6888878546875 0.3479124265625 0.6758126265625 0.34408182656249997 0.6670918640625001 0.3439419734375 0.6390060453124999 0.3465331390625 0.5797379031250001 0.34671240000000003 0.5524521703125 0.3506778625 0.54323103125 0.35788769062500003 0.5374722515625 0.35967821718750004 0.5255511421875 0.3540411796875 0.51875 0.353913834375 0.51875 0.409375
12 0.3835994921875 0.409375 0.3793462203125 0.41146607812499997 0.3640625 0.4273356453125 0.3640625 0.460256125 0.4299429390625 0.6859452953125 0.4538432765625 0.7088185625 0.4987336953125 0.7235228046875 0.5082698578125 0.7296875 0.51875 0.7296875 0.51875 0.43642456875 0.5033924062499999 0.409375 0.3835994921875 0.409375
14 0.1618993140625 0.409375 0.1638849734375 0.45759408281249997 0.1825453984375 0.672644721875 0.18486902968750002 0.6796875 0.20591509062500002 0.6796875 0.209375 0.6754940421875 0.209375 0.6495695796875001 0.20712916250000002 0.5950324609375001 0.1901797921875 0.409375 0.1618993140625 0.409375
15 0.12932265468749998 0.853277334375 0.143004803125 0.8785976484375 0.1437780453125 0.8975878796875 0.176050309375 0.9134130765624999 0.1926079734375 0.8928403218749998 0.2165866421875 0.8991704 0.23624265625000002 0.8770151265624999 0.2523492609375 0.8453647375 0.2509960859375 0.812131828125 0.23947526562500002 0.8010541906249999 0.2024588171875 0.7852289953125 0.1853856578125 0.79314159375 0.13513273750000002 0.840617178125 0.12932265468749998 0.853277334375
10 0 0.8770257671875001 0.025981590625000002 0.8785976468750001 0.09536965 0.8738500874999999 0.12319038593750001 0.8580248921875 0.221728209375 0.75357860625 0.26720741718749996 0.6665400328125 0.2703406796875 0.62697704375 0.2961289625 0.6000742125 0.31375252656249997 0.5668413046875 0.32686012343750004 0.500375484375 0.3211493875 0.47663769218749996 0.265765659375 0.514618159375 0.20228164999999998 0.54785106875 0.20224135781250002 0.66337499375 0.196173528125 0.669705071875 0.1832001859375 0.6617924734375 0.1759778703125 0.5620937453125 0.1693945453125 0.5557636671875 0.057308826562500005 0.560511225 0.013996328124999999 0.58424901875 0 0.5977262765625 0 0.8770257671875001
12 0.4187984765625 0.6222294875 0.3991478421875 0.5668413046875 0.3799777953125 0.5620937453125 0.3313411796875 0.5715888625 0.3150117359375 0.5589287078125 0.2886086109375 0.6095693296875 0.29073502812499996 0.6617924734375 0.321297025 0.6744526296875 0.380740275 0.736170890625 0.39807117812500004 0.7345883703125 0.4102068421875 0.721928215625 0.42443939531249997 0.721928215625 0.44602851718750003 0.747248528125 0.46829691718750005 0.750413565625 0.4854345140625 0.7440834875 0.4813696046875 0.721928215625 0.4488395953125 0.6997729421875001 0.4289607421875 0.6776176703125 0.4187984765625 0.6222294875
10 0.51875 0.74342385 0.5076384765624999 0.7456660078125 0.4553880125 0.7440834875 0.43057166406249997 0.71718065625 0.4210832953125 0.71718065625 0.34013950625 0.748831046875 0.32793940625 0.7599086828124999 0.305630715625 0.8722675687500001 0.30659726875 0.8960053609374998 0.375388528125 1 0.4250558015625 1 0.436524003125 0.9798788953125002 0.45201576718750003 0.971966296875 0.5037212078125 0.9213256734375002 0.5152125015625 0.8928403234375001 0.51875 0.8877714546875 0.51875 0.74342385
13 0.052443771875 0.9070829984375 0.034304715624999996 0.9276557515625001 0.0335609984375 0.9482285046874999 0.01845585625 0.96563621875 0.0235222265625 0.9735488171875 0.0441447953125 0.9751313343749999 0.075514940625 0.968801259375 0.09062008437499999 0.9513935437499998 0.11256630000000001 0.946645984375 0.121539171875 0.9339858296875001 0.141874465625 0.8896752828124999 0.1376806859375 0.8643549703125 0.12932265468749998 0.853277334375 0.0623536703125 0.8785976468750001 0.052443771875 0.9070829984375
15 0.1843347171875 0.409375 0.1953761390625 0.5336083953124999 0.197408590625 0.5446860296875 0.206961396875 0.5462685515625 0.25350112343750003 0.5241132765625001 0.319439115625 0.473472653125 0.3525544421875 0.4323271453125 0.363819790625 0.409375 0.1843347171875 0.409375
15 0 0.409375 0 0.5317230953125 0.0395913015625 0.5525986281249999 0.08590280624999999 0.5636762640625 0.12392071874999999 0.5652587828125 0.1662961921875 0.5573461859375 0.1753335015625 0.54626855 0.1637885328125 0.41808446874999994 0.1590822625 0.409375 0.1488761078125 0.409375 0.119251734375 0.41175439062499997 0.0833307125 0.42283202812500004 0.053284212500000004 0.42283202812500004 0.0385361625 0.410171871875 0.03823828125 0.409375 0 0.409375
4 0.80711981875 1 0.8104980421875 0.9971465828125 0.817056065625 0.9940912671875001 0.834375 0.9909937390625 0.834375 0.9743372359375 0.83227505625 0.9689236640625001 0.8204231375 0.9637009562500001 0.8167481578124999 0.95921741875 0.8055335812500001 0.9159355640625 0.7903610453125001 0.8995940640625001 0.7771263109375 0.8788990125 0.7726239203125 0.8608803046875 0.7718319890625001 0.84885791875 0.769242428125 0.84375 0.7596198765625 0.84375 0.7463440921875 0.8493214453124999 0.705140928125 0.8755367062499999 0.6573087828124999 0.9017817171875 0.6129269171875 0.922929315625 0.6054827765625 0.9316912281249999 0.60232815 0.9493951593750001 0.6047626515625 0.9662205531249999 0.6236263531249999 1 0.80711981875 1
4 0.7339374046875 0.5833228546875 0.7219710375 0.580117190625 0.700290375 0.581454565625 0.695199671875 0.5847745375 0.692732240625 0.58971221875 0.6891387796874999 0.590775546875 0.6846590453125 0.5980497375 0.6847669406250001 0.6025880859375 0.678202971875 0.6091732234375 0.676394465625 0.6200821640624999 0.6646922734375 0.649733309375 0.6546875 0.6916764921875 0.6546875 0.729431478125 0.6591366109375001 0.7639655609375 0.66683903125 0.7835221078125001 0.68171639375 0.800447734375 0.7018041546875 0.803125 0.7056743765625 0.803125 0.7199270734375001 0.7985716593750001 0.7284325765624999 0.803125 0.7332016875 0.803125 0.7615154296875 0.7865555609375 0.7649650343750001 0.7794411046875 0.813656396875 0.761768525 0.8192621640625 0.7583686828125 0.8242329890625001 0.7500061046875001 0.8397928171875 0.7521484375 0.8467040140625001 0.7384237828125 0.85 0.7252511875 0.85 0.7035353609375 0.8405814578124999 0.6548511953125 0.8334900078124999 0.6392488671875001 0.8352865218750001 0.6278356640625 0.8474318515625001 0.595079090625 0.85 0.585278378125 0.85 0.5572586656249999 0.84962311875 0.5567803421875 0.85 0.5543860328125 0.85 0.55 0.82734433125 0.55 0.8140237265625 0.5597698640625 0.7715970546875 0.5800138640625 0.761487575 0.589679375 0.7408130671875 0.58984849375 0.7339374046875 0.5833228546875
4 0.51875 0.89375 0.5775304109375 0.89375 0.590625 0.8869501515625 0.590625 0.882856475 0.57057543125 0.8791584109375 0.5634418953125 0.8560598828125 0.5604164015624999 0.8348799828125 0.55674381875 0.8297961031250001 0.5417829640625 0.819821478125 0.51875 0.8152518593749999 0.51875 0.89375