10 0.3950947890625 0 0.3817306640625 0.025249332812500004 0.3807239875 0.036325395312499995 0.3827373390625 0.0463945453125 0.3837440171875 0.05042220468750001 0.37669728281250003 0.059484439062500005 0.37468392968750003 0.0675397578125 0.39153063125 0.0734375 0.39558438125 0.0734375 0.3988441609375 0.06854667343750001 0.4068975703125 0.05646369375 0.410924275 0.05646369375 0.41998436093749997 0.05042220468750001 0.4502305125 0 0.3950947890625 0
10 0.3036679109375 0.36875 0.3052439921875 0.36139320937499997 0.30625 0.35686510312499997 0.30625 0.33934580625 0.2881304953125 0.3050059765625 0.2599435609375 0.289902253125 0.24182338906249998 0.30097831875000003 0.2347766546875 0.3180958703125 0.238803359375 0.3422618296875 0.24484341718749997 0.3513240609375 0.25591685625 0.3674347015625 0.25788933593749996 0.36875 0.3036679109375 0.36875
10 0.1484102171875 0.36875 0.1483574875 0.36847459374999997 0.1562826640625 0.3543777859375 0.1625 0.3410517625 0.1625 0.3176978015625 0.148229253125 0.2929559765625 0.143195871875 0.2899352328125 0.128095728125 0.2909421484375 0.12104899531249999 0.2979905515625 0.11802896562500001 0.30000438125 0.1059488515625 0.2929559765625 0.1009154703125 0.2869144890625 0.0838019734375 0.2899352328125 0.07675523906250001 0.2979905515625 0.0666884765625 0.3100735296875 0.0656818015625 0.32819799843749997 0.0636684484375 0.3463224671875 0.06870182968750001 0.3553847 0.0720423625 0.36875 0.1484102171875 0.36875
10 0.54375 0.36875 0.54375 0.11351190468750001 0.507552084375 0.109375 0.476302084375 0.1270833328125 0.46484375 0.1520833328125 0.473627534375 0.36875 0.54375 0.36875
10 0.375 0.177864584375 0.3541666671875 0.1799479171875 0.3447916671875 0.20078125 0.34375 0.21015625 0.3552083328125 0.2580729171875 0.3760416671875 0.2664062515625 0.3885416671875 0.27786458281250004 0.3932291671875 0.278125 0.4079613109375 0.278125 0.41979166718750005 0.2643229171875 0.41770833281249997 0.24869791718749998 0.421875 0.23411458281250003 0.39375 0.1861979171875 0.38333333281250004 0.177864584375 0.375 0.177864584375
10 0.3936631953125 0.36875 0.39296875 0.3661458328125 0.4 0.3591145828125 0.4 0.35755207968749997 0.398177084375 0.3484375 0.38359375 0.3453125 0.379427084375 0.33697916562499997 0.36484375 0.33697916562499997 0.304427084375 0.3661458328125 0.3033420140625 0.36875 0.3936631953125 0.36875
10 0.3760416671875 0.2653645828125 0.3239583328125 0.25390625 0.3135416671875 0.26015625 0.2927083328125 0.258072915625 0.2833333328125 0.273697915625 0.2864583328125 0.2841145828125 0.3083333328125 0.29348958281250004 0.315625 0.311197915625 0.3625 0.326822915625 0.387565109375 0.3296875 0.399283853125 0.3296875 0.40208333281249997 0.3184895828125 0.41979166718750005 0.30911458281250004 0.41979166718750005 0.2997395828125 0.409375 0.27786458281250004 0.3895833328125 0.276822915625 0.3760416671875 0.2653645828125
10 0.216145834375 0.22291666718749997 0.2088541671875 0.1895833328125 0.2015625 0.18020833281249998 0.197395834375 0.1354166671875 0.191145834375 0.1208333328125 0.166145834375 0.1 0.1421875 0.0958333328125 0.09635416718749999 0.1177083328125 0.078645834375 0.13229166718750002 0.061979167187499996 0.153125 0.056770834375 0.1708333328125 0.0578125 0.1822916671875 0.0953125 0.23958333281250002 0.1276041671875 0.2635416671875 0.1463541671875 0.2697916671875 0.200520834375 0.3145833328125 0.219270834375 0.31979166718749996 0.2244791671875 0.3322916671875 0.2338541671875 0.3302083328125 0.24322916718749998 0.303125 0.253645834375 0.2927083328125 0.278645834375 0.2864583328125 0.2869791671875 0.265625 0.294270834375 0.259375 0.3088541671875 0.259375 0.309375 0.255729171875 0.309375 0.25145833125 0.2994791671875 0.23958333281250002 0.2890625 0.20625 0.2796875 0.2 0.2619791671875 0.2010416671875 0.2557291671875 0.209375 0.216145834375 0.22291666718749997
10 0.075493421875 0.36875 0.065625 0.3375 0.07083333281250001 0.30520833281250004 0.05625 0.2958333328125 0.0208333328125 0.29375 0 0.281688596875 0 0.355916665625 0.007291667187500001 0.36875 0.075493421875 0.36875
10 0.3302083328125 0.16927083437499998 0.3135416671875 0.166145834375 0.296875 0.172395834375 0.2875 0.1859375 0.2875 0.2026041671875 0.3 0.2484375 0.3089488625 0.259375 0.3106250015625 0.259375 0.321875 0.2546875 0.3552083328125 0.2578125 0.35625 0.2421875 0.34375 0.2088541671875 0.34375 0.1921875 0.3302083328125 0.16927083437499998
10 0.2375 0.12291666718750001 0.2548058703125 0.1453125 0.2559027765625 0.1453125 0.284375 0.12395833281249999 0.303125 0.12291666718750001 0.296875 0.11041666718750001 0.2479166671875 0.08333333281250001 0.23020833281250003 0.065625 0.20911457812499998 0.0640625 0.20166666718749998 0.0640625 0.1979166671875 0.06875 0.1979166671875 0.08645833281250001 0.19375 0.0895833328125 0.19583333281249998 0.0979166671875 0.2114583328125 0.1125 0.2375 0.12291666718750001
10 0.3252604171875 0.12213541718750001 0.345052084375 0.13567708437499998 0.360677084375 0.13359375 0.381640625 0.1390625 0.385211075 0.1390625 0.39921875 0.12005208437499999 0.41875 0.10668859687500001 0.41875 0.105859375 0.41484375 0.09609375 0.40651041718750003 0.08984375 0.35234375 0.073177084375 0.32734375 0.0721354171875 0.32109375 0.10234375 0.3252604171875 0.12213541718750001
10 0 0.1921875 0.00625 0.1859375 0.029166667187500002 0.1786458328125 0.05729166718749999 0.1828125 0.0614583328125 0.1578125 0.06979166718749999 0.1453125 0.0916666671875 0.12135416562500001 0.1125 0.11197916562500002 0.103125 0.0953125 0.0666666671875 0.080729165625 0.0083333328125 0.1296875 0 0.1351362171875 0 0.1921875
10 0.16668750000000002 0 0.17578125 0.025260417187500002 0.1856398796875 0.0390625 0.191666665625 0.0390625 0.208072915625 0.03671875 0.22135416718749998 0.0390625 0.23046875 0.0390625 0.25625 0.034765625 0.25625 0.03030303125 0.25078551875 0 0.16668750000000002 0
10 0.1890625 0.0556770828125 0.1989583328125 0.0645833328125 0.228125 0.065625 0.2510416671875 0.08541666718749999 0.2697916671875 0.0927083328125 0.284375 0.1041666671875 0.2927083328125 0.1041666671875 0.3203125 0.058159721875 0.3203125 0.05707364375 0.2760416671875 0.0385416671875 0.2510416671875 0.0364583328125 0.23125 0.04375 0.196875 0.0395833328125 0.1890625 0.054231771875 0.1890625 0.0556770828125
10 0.46846590781249997 0.1078125 0.46979166875 0.1078125 0.4752604171875 0.10598958437499999 0.48255208437499997 0.09140625 0.491927084375 0.0830729171875 0.5158854171875 0.07890625 0.529427084375 0.08828125 0.5345668859375 0.1078125 0.5430279359375 0.1078125 0.54375 0.0919270921875 0.54375 0.0859479171875 0.46588541718750004 0.0111979171875 0.45130208437499997 0.0070312515625 0.41171875 0.062239584375000004 0.41171875 0.071614584375 0.445052084375 0.096614584375 0.46846590781249997 0.1078125
10 0.2147105140625 0.21875 0.217447921875 0.21875 0.24609375 0.21302083437500002 0.26171875 0.2015625 0.2640625 0.19140625 0.2640625 0.1805989578125 0.2627604171875 0.1682291671875 0.25546875 0.1588541671875 0.24088541718749998 0.156770834375 0.21692708437500002 0.159895834375 0.20338541718749997 0.1744791671875 0.2147105140625 0.21875
10 0.20208333281250002 0.1591145828125 0.2087673625 0.1609375 0.2197265609375 0.1609375 0.253125 0.15390625 0.2510416671875 0.1403645828125 0.2322916671875 0.11953125 0.203125 0.11328125 0.19375 0.11744791562500001 0.20208333281250002 0.1591145828125
10 0.42578125 0.316927084375 0.4442555140625 0.334375 0.44678819843750006 0.334375 0.4703125 0.3316606578125 0.4703125 0.29179688125 0.46953125 0.26796875 0.46432291562500005 0.24609375 0.44140625 0.22630208437500002 0.41640625 0.22109375 0.41328125 0.2877604171875 0.42578125 0.316927084375
10 0.44053199374999996 0.36875 0.44036458281249996 0.3671875 0.446875 0.341145834375 0.446875 0.3373511921875 0.43307291562500005 0.325520834375 0.42161458281249997 0.325520834375 0.41640625 0.3296875 0.41223958281249995 0.34322916718749996 0.392447915625 0.36614583437500003 0.3916108625 0.36875 0.44053199374999996 0.36875
10 0.1833333328125 0.0518229171875 0.175 0.024739584375000002 0.16458333281249998 0.0226562515625 0.1520833328125 0.0268229171875 0.1552083328125 0.05390625 0.1421875 0.078946315625 0.1421875 0.080625 0.1520833328125 0.093489584375 0.1893105140625 0.1140625 0.194921878125 0.1140625 0.2015625 0.11140625 0.2015625 0.1101562515625 0.19479166718750002 0.096614584375 0.1875 0.09140625 0.1916666671875 0.084114584375 0.1979166671875 0.08203125 0.1989583328125 0.065364584375 0.1833333328125 0.0518229171875
10 0.388802084375 0.1348958328125 0.38671875 0.1630208328125 0.38984375 0.17447916562500002 0.42005208437499997 0.221354165625 0.43567708437499997 0.22552083281250002 0.44921875 0.2348958328125 0.4559895890625 0.2359375 0.46380208281249996 0.2359375 0.46875 0.2309895828125 0.46875 0.22718749218749998 0.463802084375 0.1598958328125 0.46692708437499997 0.1328125 0.448177084375 0.1140625 0.41901041718750004 0.10885416562500001 0.398177084375 0.11927083281249999 0.388802084375 0.1348958328125
10 0.35703125 0.18020833281249998 0.3809895828125 0.1770833328125 0.38723958281250004 0.1677083328125 0.3875 0.1591145703125 0.3875 0.133229165625 0.360937496875 0.1296875 0.3559317140625 0.1296875 0.3372395828125 0.1385416671875 0.3309895828125 0.1458333328125 0.3309895828125 0.175 0.3430431546875 0.1890625 0.344241896875 0.1890625 0.35703125 0.18020833281249998
10 0.4770833328125 0.121875 0.5 0.1145833328125 0.540625 0.1135416671875 0.54375 0.0979166671875 0.540625 0.09895833281250001 0.5395833328124999 0.0927083328125 0.5208333328125 0.0802083328125 0.50625 0.078125 0.490625 0.08333333281250001 0.48020833281249997 0.09375 0.475 0.1052083328125 0.4770833328125 0.121875
0 0.74111726875 0 0.7296875 0.0267137625 0.7296875 0.171958309375 0.7547495046875 0.181299603125 0.771118553125 0.18377976093749998 0.7847594250000001 0.18427579375 0.7959201390625 0.181299603125 0.7991443453125 0.178075396875 0.8103050609375 0.1515376984375 0.8363467265625 0.1024305546875 0.840562996875 0.09002976093750001 0.8571800609375 0.05927579375000001 0.87528521875 0.022321428125 0.8851258484375 0 0.74111726875 0
4 0.8052951390624999 0.1597966265625 0.803559028125 0.16748511875 0.8087673625 0.17170138906250001 0.8105902796875 0.171875 0.8201477421875 0.171875 0.847209821875 0.17046130937499998 0.8524181531250001 0.16946924531250002 0.8546875 0.1678807046875 0.8546875 0.16695474375 0.8484499015625 0.1439236109375 0.8439856156250001 0.13524305625 0.8415054546875 0.12482638906250001 0.8417534734375 0.1062251984375 0.84051339375 0.10324900781249999 0.8390252984375 0.103125 0.8361731156250001 0.103125 0.834809028125 0.10324900781249999 0.831584821875 0.10721726250000001 0.8291046640624999 0.1149057546875 0.8243923625 0.1245783734375 0.8147197421874999 0.13896329375 0.8052951390624999 0.1597966265625
0 0.9375 0.36875 0.9375 0.3111751828125 0.9271329359375 0.3064236109375 0.9112599203125 0.2960069453125 0.8490079359375 0.26227678593750003 0.79072420625 0.22854662656250002 0.7832837296874999 0.2255704359375 0.7738591265625 0.21986607187499999 0.7669146828125 0.21366567500000003 0.7483134921875 0.20572916718749998 0.737896825 0.19853670625 0.7296875 0.19417944843749999 0.7296875 0.3293351015625 0.7522817453124999 0.3438740078125 0.7878801484375 0.36875 0.9375 0.36875
14 0.0947265625 0.524365234375 0.0390625 0.556103515625 0.0390625 0.612255859375 0.04412109375 0.6140625 0.056591796875 0.6140625 0.06640625 0.610791015625 0.19384765625 0.558056640625 0.25146484375 0.521435546875 0.28173828125 0.498486328125 0.30224609375 0.486279296875 0.3271484375 0.463818359375 0.3359375 0.452099609375 0.334326171875 0.4515625 0.3325439453125 0.4515625 0.32373046875 0.459912109375 0.28759765625 0.461376953125 0.23876953125 0.470654296875 0.1943359375 0.481884765625 0.1416015625 0.501416015625 0.0947265625 0.524365234375
4 0.469091796875 1 0.473193359375 0.99677734375 0.473193359375 0.99384765625 0.467333984375 0.9826171875 0.441943359375 0.86494140625 0.427294921875 0.8068359375 0.419970703125 0.79072265625 0.410205078125 0.7609375 0.404345703125 0.74970703125 0.416552734375 0.7326171875 0.417041015625 0.7267578125 0.409716796875 0.721875 0.382373046875 0.6955078125 0.379931640625 0.6955078125 0.371630859375 0.708203125 0.369189453125 0.7189453125 0.370654296875 0.7892578125 0.377978515625 0.88642578125 0.387255859375 0.9728515625 0.3916098546875 1 0.469091796875 1
9 0.48818359375 0.70205078125 0.4544921875 0.7064453125 0.4525390625 0.7083984375 0.44765625 0.70595703125 0.445703125 0.70693359375 0.445703125 0.723046875 0.45107421875 0.73330078125 0.4564453125 0.7376953125 0.465234375 0.73916015625 0.47353515625 0.74306640625 0.48427734375 0.75234375 0.47744140625 0.758203125 0.48134765625 0.7591796875 0.48134765625 0.7611328125 0.475 0.7611328125 0.4701171875 0.7640625 0.47109375 0.77626953125 0.469140625 0.78017578125 0.47109375 0.78212890625 0.480859375 0.7884765625 0.48134765625 0.79091796875 0.5013671875 0.7962890625 0.51650390625 0.80263671875 0.523828125 0.80263671875 0.55068359375 0.79873046875 0.578125 0.7799547703124999 0.578125 0.7674386156249999 0.57509765625 0.75576171875 0.555078125 0.73134765625 0.53896484375 0.7201171875 0.5208984375 0.71083984375 0.50185546875 0.70400390625 0.48818359375 0.70205078125
9 0.53017578125 0.62841796875 0.52333984375 0.62255859375 0.5150390625 0.619140625 0.49111328125 0.61669921875 0.47939453125 0.6171875 0.4671875 0.6240234375 0.46767578125 0.63720703125 0.47109375 0.64453125 0.48037109375 0.65576171875 0.480859375 0.6591796875 0.47451171875 0.6748046875 0.459375 0.69287109375 0.4681640625 0.6943359375 0.4759765625 0.703125 0.48916015625 0.70166015625 0.50478515625 0.7041015625 0.52578125 0.7119140625 0.5376302078124999 0.71875 0.53994140625 0.71875 0.56484375 0.71044921875 0.565625 0.70576171875 0.565625 0.68818359375 0.56533203125 0.685546875 0.55751953125 0.67041015625 0.5443359375 0.66796875 0.54140625 0.66015625 0.539453125 0.64404296875 0.53017578125 0.62841796875
11 0.31686197968749996 0.6611002609375 0.289192709375 0.6285481765625001 0.269661459375 0.6383138015625001 0.2338541671875 0.6122721359375 0.16061197968750002 0.57646484375 0.13619791718750002 0.5846028640625001 0.1166666671875 0.5976236984375 0.100390625 0.6090169265625001 0.093880209375 0.6903971359375 0.1117838546875 0.7115559890625001 0.1296875 0.71806640625 0.1020182296875 0.72783203125 0.09713541718749999 0.7538736984375 0.069466146875 0.77666015625 0.0662109375 0.8124674484375 0.059700521875 0.8466471359375 0.079231771875 0.87919921875 0.113411459375 0.89873046875 0.137825521875 0.92802734375 0.2143229171875 0.9263997390625001 0.26640625 0.9491861984375 0.3201171875 0.94267578125 0.373828125 0.95732421875 0.378645834375 0.9609375 0.3803667546875 0.9609375 0.38125 0.9211914421875 0.38125 0.885179496875 0.37057291718749996 0.8287434890625001 0.334765625 0.8173502609375 0.35104166718749996 0.8027018234375 0.34615885468749996 0.76689453125 0.34127604218749996 0.6903971359375 0.31686197968749996 0.6611002609375
11 0.4787109375 0.6958658859375 0.454296875 0.6909830734375 0.4298828125 0.67470703125 0.3875651046875 0.6437825515625001 0.3387369796875 0.63564453125 0.3192057296875 0.6568033859375 0.31595052031250004 0.6584309890625001 0.3419921875 0.6909830734375 0.35013020781250004 0.79189453125 0.3387369796875 0.8146809890625001 0.376171875 0.84072265625 0.36966145781250004 0.7105143234375 0.37942708281250004 0.6909830734375 0.4184895828125 0.73330078125 0.40709635468750005 0.7512044265625001 0.4201171875 0.7853841140625 0.44453125 0.8472330734375 0.45094737812499996 0.89375 0.45147668124999996 0.89375 0.4624348953125 0.8765299484375 0.4982421875 0.87490234375 0.5140625 0.8432617203125 0.5140625 0.8387044234375001 0.5096354171875 0.8032877609375 0.4917317703125 0.7886393234375 0.4640625 0.77236328125 0.44615885468750005 0.7349283859375 0.44615885468750005 0.7072591140625001 0.4787109375 0.6958658859375
3 0.8683019640625 0.703729875 0.8661066140625 0.693815165625 0.86137981875 0.6954843390625 0.8544286578125 0.6882512171874999 0.8510921093749999 0.6829654546875 0.8488677296875 0.67461953125 0.8455311796875 0.665717221875 0.84358485 0.6601532734375001 0.8424726671875 0.6568149125 0.84163851875 0.6520855437499999 0.8408043859375001 0.6451306156250001 0.839692203125 0.6387320796875 0.839414153125 0.6314989359375 0.8402482875 0.6228748203125 0.84163851875 0.6167544781250001 0.8419165828124999 0.612859709375 0.8357995546874999 0.60423559375 0.8323366734375 0.600386609375 0.8032049953125 0.6068130015625 0.7818532109375 0.6073340515625001 0.7625844984375 0.60993934375 0.7568559859375 0.6115025234375 0.7589390703125 0.619839465625 0.7631052781250001 0.62088159375 0.763626046875 0.628697471875 0.769354584375 0.6443292296875001 0.776124671875 0.6672557890624999 0.7844570890625 0.6948718953125 0.7854986515625 0.698519290625 0.777687015625 0.74280926875 0.782373965625 0.7480198546875 0.7886232859375 0.7537515046875 0.7959141671875 0.763130575 0.8073712171875 0.771467490625 0.815182853125 0.7803255234375001 0.8178718328125001 0.7875 0.8208553343749999 0.7875 0.8224737093750001 0.7834518546875 0.82559836875 0.7657358671875001 0.8308061265625 0.7375986828125 0.8511163749999999 0.7250933093749999 0.86413576875 0.7084194234375 0.8683019640625 0.703729875
9 0.9716382546875 0.54197294375 0.966736428125 0.5389757562499999 0.9640131859375 0.5381583453125 0.9612899468749999 0.5362510359375 0.9612899468749999 0.530256653125 0.9596560125 0.5256246250000001 0.955843465625 0.5256246250000001 0.9520309156250001 0.5226274375 0.9493076765625 0.523989796875 0.9444058468750001 0.5264420421875 0.9373254187500001 0.53216395625 0.9326959046875001 0.5313465453124999 0.9258878156250001 0.5299841859375001 0.91989668125 0.5294392359375 0.9084590640625001 0.5286218265625 0.8983830953125 0.52834934375 0.88994103125 0.53516114375 0.8823159625000001 0.5362510359375 0.8755078624999999 0.5316190140625 0.87223996875 0.5346162015625 0.8681551046875 0.5389757562499999 0.8624362968750001 0.542245425 0.8567175031250001 0.547967325 0.8501817140625001 0.552871821875 0.8436459515625 0.55777631875 0.8401095828124999 0.5652494499999999 0.8246926171875 0.5570831140625 0.8242391953125001 0.55935154375 0.8206116890624999 0.56615683125 0.8206116890624999 0.5752305484375 0.8288781843749999 0.5917900671874999 0.833714640625 0.6001048875 0.8360161843749999 0.6031752890625001 0.8417700734375 0.6100837218749999 0.8425372578125 0.6135379671875001 0.8421536703125 0.61622454375 0.841002890625 0.6204463406249999 0.8394685328125 0.6273547718750001 0.8390849265625 0.6323441796875 0.8394685328125 0.6400202015625001 0.841002890625 0.648463834375 0.8421536703125 0.6561398578125 0.8425372578125 0.66343209375 0.8436880390624999 0.6661186703124999 0.8456060015625001 0.6699566828125001 0.8494419296875 0.678016509375 0.8528942828125 0.6872277328124999 0.8600648703125 0.69375 0.8642545765625 0.69375 0.8759098515625 0.6891467390624999 0.8808392078124999 0.69375 0.885120771875 0.69375 0.888184809375 0.6922171796875001 0.8927879093750001 0.68837916875 0.8985418031249999 0.6826221515625 0.8985418031249999 0.6807031453125 0.8973910328124999 0.678400315625 0.8954730671875 0.6757137 0.895856665625 0.67379469375 0.8977746281249999 0.6711081171875 0.9012269609375 0.669572896875 0.9050628890624999 0.6680376765625 0.9088988171875 0.6661186703124999 0.9158034781250001 0.662280659375 0.9204066015624999 0.6599778687500001 0.9238589328125 0.6584426484375 0.9280784750000001 0.6557560718750001 0.9338323671875 0.6519180609375 0.9418878015625 0.64731241875 0.9461073062500001 0.6434744078125 0.9484088671875 0.6407878124999999 0.9503268328125 0.6357983859375 0.9533955859375001 0.6311927828125 0.9572315140625001 0.6269709875 0.9618346156250001 0.6219815609375 0.9668213328124999 0.616992153125 0.9710408390625 0.6120027265625 0.9787126953125 0.6043267046875 0.98369943125 0.6001048875 0.9863845515625 0.5947316765625 0.9879189171875 0.5897422499999999 0.9886861124999999 0.5843690578125 0.9929056375 0.57554161875 0.996741565625 0.5690170125 0.9984375 0.5639264421875 0.9984375 0.55398166875 0.99827593125 0.5532811515625 0.9959743703124999 0.5486755406249999 0.9902204796875 0.5456051296875 0.98178146875 0.5467565343749999 0.976267771875 0.5441527203125001 0.9716382546875 0.54197294375
4 1 0.6028537453125 0.9963046078125 0.602622653125 0.9885653578125 0.602622653125 0.98327008125 0.6034377515625 0.9779748453125 0.6071057015625 0.9739015640625001 0.6115887359375 0.9698282828125 0.6168868796875 0.9637183625000001 0.6250378671875 0.9588303953124999 0.629113359375 0.9555718000000001 0.6327812984375 0.9527204749999999 0.6380794406250001 0.9502765015625 0.6417473796875 0.945795909375 0.6454153296875 0.9405006328125 0.649083271875 0.935205375 0.6527512296875 0.9299100984375 0.6568267234375 0.921356225 0.6637550484375 0.9115803546875 0.669053203125 0.9009898203125 0.6751664421875001 0.9018044640625 0.6800570203125 0.901397153125 0.6882080078125 0.8997678234375 0.697581634375 0.89569454375 0.7069552781249999 0.892843259375 0.7155137984375 0.8887699781249999 0.7232572312500001 0.885511340625 0.731408215625 0.8810307484375001 0.7428196296875 0.8777721328125001 0.75178568125 0.8716622109375001 0.7631970953125 0.8716240703124999 0.7742688249999999 0.876142803125 0.775423575 0.883882053125 0.776238640625 0.8916212625 0.7782763859374999 0.892843259375 0.7811292390625 0.8997678234375 0.7782763859374999 0.9030264609374999 0.7794990687500001 0.9050631015625001 0.7843896265625 0.906285078125 0.7913179734375 0.9111730234375 0.7921330578125 0.9168756124999999 0.7921330578125 0.9170569859375 0.7921875 0.9247368921874999 0.7921875 0.9290954546875 0.789280225 0.9323540703125 0.78520473125 0.9368346843750001 0.7815368125 0.942129940625 0.7778688546875 0.9490545265625 0.7742008921875 0.9559791125 0.7709405078125 0.9620890328125 0.7672725890625001 0.967384290625 0.764012159375 0.97512351875 0.759121603125 0.9824554375 0.7566762828125 0.9906019984375 0.755453640625 0.9971192312499999 0.7538234296875 1 0.7521547156249999 1 0.6028537453125