0 0.07334999375 0.2572287203125 0.0826688609375 0.26252181874999997 0.0970581625 0.2650054625 0.1133656828125 0.2519479484375 0.12364365937499999 0.2494704703125 0.1293080171875 0.2503536796875 0.14254638749999998 0.2621620171875 0.1743948046875 0.27202403125 0.177793553125 0.278506075 0.1876331765625 0.28383237031249997 0.2780112328125 0.315625 0.2866228734375 0.315625 0.30070082343750004 0.2905181703125 0.315625 0.2510512296875 0.315625 0.189455128125 0.3130960703125 0.1858411875 0.171961728125 0.14290660156249999 0.16230615937499998 0.140625 0.09820609375 0.140625 0.0895731109375 0.14705249843749998 0.077431628125 0.1603755921875 0.0715939078125 0.169401509375 0.06875 0.1770797984375 0.06875 0.2516779234375 0.07334999375 0.2572287203125
0 0.2564206953125 0.176267515625 0.2798464375 0.1859375 0.3040534125 0.1859375 0.315515965625 0.17293312968750002 0.3265625 0.16508557343750002 0.3265625 0.1571285828125 0.2713034796875 0.124517653125 0.23644477656250001 0.10741605000000001 0.2201690765625 0.09561338124999999 0.2189064046875 0.0953125 0.20821113281249998 0.0953125 0.20598972031249999 0.0957178234375 0.196214009375 0.1012256453125 0.175647871875 0.120555775 0.162245365625 0.147797025 0.167081334375 0.14949283124999999 0.2564206953125 0.176267515625
0 0.319067325 0.1265625 0.33739474999999997 0.1265625 0.3539407078125 0.12057269531249999 0.386812665625 0.1132157125 0.43175547031250006 0.09555021875 0.4520264890625 0.09000903437499999 0.45625 0.087352371875 0.45625 0.06596983125 0.29073580468750004 0.055103203125 0.292272884375 0.066833746875 0.290625 0.0667255578125 0.290625 0.0780041609375 0.30622173125 0.096823609375 0.319067325 0.1265625
0 0.365625 0.159944871875 0.3670117296875 0.16896060468750002 0.3816233625 0.20842071406249998 0.40235202968749995 0.26060079687500004 0.41247577968750004 0.2782009796875 0.4181212875 0.307325778125 0.41878078125 0.3078125 0.4415891140625 0.3078125 0.4455708359375 0.300360871875 0.4565933109375 0.2938797453125 0.4675624671875 0.2920175734375 0.4850758578125 0.2951988890625 0.5079488750000001 0.2838307109375 0.5223812609375 0.270378615625 0.5265625 0.25575210937500004 0.5265625 0.228295740625 0.47528676406250003 0.11172784531249999 0.47140467656249996 0.1058284625 0.464335359375 0.1015625 0.435726709375 0.1015625 0.41026391718750005 0.108057471875 0.38821896875 0.12101972968750001 0.37651104375 0.1331063375 0.36823101875 0.146440715625 0.365625 0.1541855078125 0.365625 0.159944871875
0 0.65 0.1742602046875 0.6484444203125 0.1734375 0.6016426453125 0.1734375 0.6003761859375001 0.174823215625 0.5883765171875 0.22360974531250002 0.570081503125 0.2777835546875 0.55649009375 0.3269927703125 0.55625 0.329000228125 0.55625 0.3357799359375 0.5617485859375 0.3431608390625 0.5687892375 0.346875 0.621366603125 0.346875 0.6271087125 0.34218675468750004 0.6394935765625 0.32454240156249997 0.65 0.312101584375 0.65 0.1742602046875
0 0.49375 0.35967455625 0.4945969484375 0.36008062343749997 0.5152620546875 0.365625 0.5478123453125 0.365625 0.5726646984375 0.2787860546875 0.6 0.1980406453125 0.6 0.179973959375 0.5897201 0.1715851359375 0.5808089171875 0.15511650625 0.5777852671875 0.1546875 0.55810431875 0.1546875 0.5561314562499999 0.1561287375 0.5507760921875 0.165541446875 0.5313916828125 0.216149271875 0.51254393125 0.2750012765625 0.49375 0.34659134062499997 0.49375 0.35967455625
0 0.65 0.30660250625 0.644859015625 0.3125466359375 0.6041674 0.36712233437499997 0.6015625 0.3778292734375 0.6015625 0.389386990625 0.6327498796875 0.399857690625 0.65 0.41305968593750003 0.65 0.30660250625
11 0.3604998640625 0.21287951718749998 0.3557018578125 0.21908038125 0.349184903125 0.23918526718750002 0.32302782812499997 0.2510334484375 0.305756653125 0.268451965625 0.3004675203125 0.2786254078125 0.2875 0.318934546875 0.2875 0.31938038125 0.33100678125 0.3359375 0.345344453125 0.3359375 0.347081803125 0.3336420296875 0.35445001249999997 0.3311080984375 0.40372429218750006 0.3359375 0.412876178125 0.3359375 0.415625 0.32194496250000004 0.415625 0.279315915625 0.408105265625 0.2639553796875 0.3928859421875 0.24847284531249997 0.390552440625 0.238815221875 0.39039421406249997 0.22379076874999998 0.3869993421875 0.21456607343749998 0.3604998640625 0.21287951718749998
3 1 0.3328125 0.9472395312499999 0.3328125 0.9219894390625001 0.3364470484375 0.7949041734375 0.38241831249999997 0.7789208000000001 0.3838101484375 0.7869872 0.3729272015625 0.782162528125 0.3660755375 0.7417569234375 0.37395714999999996 0.6640625 0.426101553125 0.6640625 0.4825686546875 0.67308964375 0.48755936093749996 0.720145415625 0.4921878921875 0.8219313890625 0.529863859375 0.9640298515625 0.558211965625 1 0.560097375 1 0.3328125
3 0.65 0.5330193750000001 0.6985931234375 0.5287856546875 0.7570701171875001 0.5095316546875 0.7624538265625 0.5048148546875 0.7199109484374999 0.48445090625000004 0.7134399671875 0.47227147187499996 0.7644493203125 0.425349821875 0.7811082812500001 0.396996034375 0.79375 0.393761853125 0.79375 0.34506854531250003 0.78934048125 0.3359375 0.78717131875 0.3359375 0.7793509640625 0.34759216249999997 0.6563242265625 0.4022043015625 0.65 0.40377913281250005 0.65 0.5330193750000001
3 1 0.25492031875 0.8570501734375 0.28212708750000004 0.793398034375 0.3094329734375 0.765625 0.314404815625 0.765625 0.34178959375 0.78944140625 0.38125 0.8258433015625 0.38125 0.9465874624999999 0.341013021875 1 0.333391084375 1 0.25492031875
15 0.0046875 0.6 0.0046875 0.6533270953125 0.08796265625000001 0.7046875 0.11840014218749999 0.7046875 0.1879221734375 0.693201675 0.2567452421875 0.7019271046875 0.31498014531249996 0.6594520921875 0.3290977 0.601591909375 0.32958211249999997 0.6 0.0046875 0.6
0 0.4067535015625 0.6 0.3500684015625 0.631995125 0.291582203125 0.669203075 0.2796867046875 0.68656819375 0.2765625 0.7197245359375 0.2765625 0.7291227359375 0.288608328125 0.735902115625 0.305460284375 0.7525434375 0.3163555984375 0.7640625 0.34638219062500003 0.7640625 0.36692036093749997 0.748606825 0.40062427187500005 0.712603065625 0.46604951562499997 0.6893507359375001 0.56815254375 0.652478125 0.5770741671875 0.6463829249999999 0.58302191875 0.638690171875 0.587978378125 0.6291451609375 0.599873875 0.6286067390625 0.6078125 0.617898634375 0.6078125 0.6 0.4067535015625 0.6
5 0.061381746875 0.6 0.05990055 0.6001907828124999 0.043519426562500005 0.605887121875 0.036352684375 0.61193365 0.03174549375 0.62789735625 0.033793134375 0.63992984375 0.04454324375 0.658014225 0.060412459375000005 0.6728775375 0.0793531359375 0.6817094640625 0.10955583124999999 0.6885784625 0.11429380625 0.6890625 0.1625 0.6890625 0.1625 0.6824890406249999 0.159723025 0.6800674 0.1520443703125 0.6646614625 0.13361560625 0.63731925625 0.1146749328125 0.61670344375 0.110067740625 0.6024389203125 0.1048972953125 0.6 0.061381746875 0.6
5 0.1145903484375 0.6 0.1116975125 0.60477979375 0.1116975125 0.6112182374999999 0.14767748281249998 0.6611082453125 0.1586713609375 0.6666397234375 0.18265800625 0.664075575 0.196650215625 0.656843003125 0.2091432609375 0.645839528125 0.21813825312500001 0.633301159375 0.21863797499999998 0.6253131828125 0.1991488265625 0.6268084265625 0.1706646828125 0.6195456546875 0.1386824890625 0.604804809375 0.132338228125 0.6 0.1145903484375 0.6
5 0.2558312828125 0.6 0.2396262890625 0.6102545765625 0.23213046249999997 0.613191703125 0.2261338015625 0.6184139390625 0.22563408125 0.6249161203125 0.21713880937500002 0.64630551875 0.2081438171875 0.656367565625 0.19864910468750002 0.6635217609375 0.18915438906249998 0.667209103125 0.1751621796875 0.6694890234375 0.15317442187500002 0.6683313671875 0.1526747 0.6748335484375 0.1576719171875 0.6816251421875 0.16716663125 0.683880978125 0.18365745 0.682272896875 0.21813825312500001 0.67292234375 0.23312990625 0.6660575609375 0.27310765 0.638176359375 0.2955951296875 0.613516509375 0.3032532734375 0.6 0.2558312828125 0.6
5 0.23607195937499997 1 0.244123784375 0.996978015625 0.248121559375 0.9920107296874999 0.251119890625 0.9827135359374999 0.262113771875 0.971406009375 0.2671109875 0.9588822765625 0.26761070937500003 0.9508943015625 0.2751065359375 0.952414559375 0.2811031984375 0.9511544421875 0.2905979109375 0.94350498125 0.2955951296875 0.9081990671875 0.2980937390625 0.902432465625 0.2970942953125 0.8951309703125 0.29009818906249996 0.889089590625 0.27210820468749997 0.8794977953125 0.254118221875 0.8827828828125 0.244123784375 0.8934676703125 0.2401260109375 0.9009112796875 0.22963185468749997 0.90125924375 0.222136028125 0.8947863375 0.21214159062500001 0.89061318125 0.2051454859375 0.8697138578124999 0.199148825 0.8610686812499999 0.1946513296875 0.8631281140624999 0.1771610671875 0.8812074093750001 0.166666909375 0.88056484375 0.1561727515625 0.88735125 0.1566724734375 0.8793632734375001 0.1486769265625 0.871963578125 0.1406813765625 0.874469175 0.1261894453125 0.8842418078125001 0.12169195 0.8853107125000002 0.1206925046875 0.8804855390625 0.12319111406250001 0.87570946875 0.12369083593750001 0.8662356984375 0.12119222656249999 0.8625922687500001 0.1116975125 0.86231749375 0.1042016875 0.8657498828125 0.0997041890625 0.8598850796875 0.08271365 0.8570995171875 0.08071476250000001 0.8494302312500001 0.0752178234375 0.8486455515625 0.07271921406250001 0.8524310953124999 0.070720328125 0.8645724015624999 0.0712200484375 0.8867955796875 0.073218934375 0.8909980125000001 0.08071476250000001 0.8949945937500001 0.0797153171875 0.9020557765625 0.0837130921875 0.914422759375 0.08171420625 0.917154034375 0.0757175453125 0.9184141531249999 0.0597264484375 0.9169869078125 0.057727559375 0.9212039781250001 0.0582272828125 0.9270834156250001 0.0627247796875 0.9354245421874999 0.0767169875 0.9445357109374999 0.0757175453125 0.947634775 0.069720884375 0.9498854234374999 0.061225612500000005 0.9653316437499999 0.060226168749999996 0.9743738859375 0.06422394375 0.9832740171874998 0.078715875 0.993807240625 0.08921003281249999 0.99197348125 0.094706971875 0.9878055124999999 0.1062005734375 0.987330075 0.1081760546875 1 0.1557708671875 1 0.15567303125 0.9998400984375 0.1691655171875 0.996633384375 0.1706646828125 0.99891849375 0.169938978125 1 0.213745815625 1 0.21314103593749997 0.99548184375 0.216139365625 0.993613621875 0.22263574843749998 0.9942708249999999 0.2328318015625 1 0.23607195937499997 1
5 0.3050898421875 0.9139217578124998 0.309087615625 0.9134118546875 0.3145845578125 0.90825335625 0.31458455625 0.8943859406250001 0.3190820546875 0.8725159156250001 0.319082053125 0.8675632671875 0.3135851140625 0.8608354109375 0.2930965203125 0.8688965718749999 0.2866001359375 0.8741825468750001 0.2870998578125 0.879566721875 0.29609485156250004 0.894267915625 0.29859345937500004 0.9102929640624999 0.3050898421875 0.9139217578124998
5 0.23812712500000002 0.8095422421875 0.2256340796875 0.820545715625 0.2206368609375 0.8226688890625 0.21813825312500001 0.8274449624999999 0.21164187031249998 0.8332262015625 0.20414604218750002 0.8510212703125 0.2081438171875 0.8683409015624999 0.22163630625000003 0.894354809375 0.22913213125 0.9013229812500001 0.23812712500000002 0.9026520265624999 0.240625734375 0.8953996312499999 0.2516196125 0.8845873671875001 0.273607371875 0.8743539328125 0.2895984671875 0.8698380015625 0.293596240625 0.8643754515625 0.304590121875 0.8392005093750001 0.3115862265625 0.8150307343750001 0.3100870609375 0.8038308578125001 0.2985934609375 0.79588679375 0.2925967984375 0.7941753234375 0.2811031984375 0.7946507625 0.2726079265625 0.8021727484374999 0.2726079265625 0.8115827781250001 0.2776051453125 0.8218412265625 0.2806034765625 0.8353262140625001 0.2796040328125 0.8448637218750001 0.2716084828125 0.8255776703125001 0.2671109875 0.8197128671874999 0.2671109875 0.8103028359375 0.26411265625 0.8077136734374999 0.25062016875 0.8114156515625 0.2456229515625 0.8090814406250001 0.23812712500000002 0.8095422421875
5 0.2940959640625 0.7786309015625 0.2866001375 0.777605909375 0.2741070921875 0.76136981875 0.259615159375 0.75430345 0.241625178125 0.748673771875 0.21763853125 0.7467805359375 0.215139921875 0.753042403125 0.215139921875 0.7594808468750001 0.22513435781250002 0.7790072109375 0.231630740625 0.7870933875 0.23662795781249998 0.7899228640625 0.237627403125 0.7962338296875 0.247122115625 0.8069091671875 0.2586157171875 0.8094053171875 0.265611821875 0.8070271953124999 0.283102084375 0.7929100171875 0.293596240625 0.7930573171875 0.29509540625 0.7859323984375 0.2940959640625 0.7786309015625
5 0.18915438906249998 0.8113311609375 0.19415160781250002 0.8097032531250001 0.1991488265625 0.8046084921875 0.20614493125000002 0.7918298078125 0.21064242656249998 0.7872940500000001 0.21813825312500001 0.7873285125 0.223135471875 0.7847100765625 0.22413491406250002 0.7751725687500001 0.215139921875 0.7574997859375 0.206644653125 0.75115435625 0.1981493828125 0.749266309375 0.1911532765625 0.7501586390625 0.18215828437499998 0.7572490953125 0.177161065625 0.7583817374999999 0.1691655171875 0.7499915109375 0.1641683 0.7486478296875 0.15017609062499998 0.7543946046875 0.1446791515625 0.7600483703125 0.15017609062499998 0.7613283125 0.15317442187500002 0.764412740625 0.1531744203125 0.77332750625 0.1621694125 0.8053629687499999 0.168166075 0.8095507625 0.18915438906249998 0.8113311609375
5 0.1156952875 0.775631515625 0.1096986265625 0.7843206046875 0.1027025203125 0.7871939937500001 0.098704746875 0.7911707484375 0.0897097546875 0.8012327953125 0.07971531875 0.8228134078125 0.069720884375 0.837955578125 0.07122005000000001 0.8422217468750001 0.09270808593749999 0.8483957906249999 0.10370196406250001 0.8460030296875001 0.10720001562499999 0.8614053390624999 0.10969862500000001 0.863067709375 0.11969306093750001 0.8632787484375001 0.12319111406250001 0.866794703125 0.12369083593750001 0.8726741406249999 0.1196930625 0.88407986875 0.1206925046875 0.8869239828125 0.12668916562500002 0.8846733359375 0.1346847140625 0.87820561875 0.148177203125 0.8730178437500001 0.1536741421875 0.8757835828125 0.156672475 0.8872875109375 0.16716663125 0.8814916374999999 0.179159953125 0.8799619296875001 0.1976496609375 0.860764628125 0.200647990625 0.85097216875 0.221136584375 0.82111935625 0.2231354703125 0.8015490812499999 0.21963741718750002 0.7906041531250001 0.21464020156250002 0.7877746765625 0.21014270468750001 0.7878530515625 0.2056452078125 0.792388809375 0.20014826718749998 0.8049762812499999 0.19215272187500002 0.8163966468750001 0.183157728125 0.822496575 0.178160509375 0.8310581890625001 0.1761616234375 0.8179409906250001 0.1696652390625 0.8133216687499999 0.1611699703125 0.8025188546875001 0.15317442187500002 0.77629909375 0.15317442187500002 0.764908003125 0.1506758125 0.7617598390625 0.146178315625 0.7613429500000001 0.13318555 0.768943309375 0.1156952875 0.775631515625
7 0.4339070328125 1 0.443512778125 0.9968051515624999 0.4645010921875 0.9946234281249999 0.47199691875000005 0.991686303125 0.47799358124999997 0.984978271875 0.48099191093749993 0.989053228125 0.49498412187499996 0.9932117500000001 0.49948161718749995 0.9926381093749999 0.5029796703125 0.9907061500000001 0.503479390625 0.9876708234375 0.498981896875 0.9827965515624999 0.49498412187499996 0.97042956875 0.4864888515625 0.95715043125 0.483490521875 0.9451512375 0.49298523281250006 0.9231390968750001 0.4944843984375 0.9155189125 0.501480503125 0.9106644656249999 0.49998133906250003 0.906893559375 0.4874882953125 0.9040296218750001 0.453007490625 0.9049606734375001 0.43501750625 0.9027978484375 0.42652223749999996 0.8885281828125 0.40503419999999996 0.893249965625 0.39054226718749996 0.9069847171875001 0.3750508921875 0.912427440625 0.3525634125 0.91579090625 0.349065359375 0.91871339375 0.34356842187500003 0.9387298375 0.3465667515625 0.9418142640625 0.358060353125 0.9448056781249999 0.357060909375 0.952857390625 0.35156397031250003 0.961978009375 0.3525634125 0.9732416234375 0.3590597953125 0.9917283593749999 0.366138753125 1 0.38754988125 1 0.38954282500000004 0.9982409171875 0.3949089078125 1 0.42081817812500005 1 0.42152502031249994 0.9996096140624999 0.42297688593749994 1 0.4339070328125 1
7 0.44651110781250003 0.7319513171875001 0.43701639375 0.7321718046875001 0.428021403125 0.7387669984375 0.38854338125 0.7566791687500001 0.3820469984375 0.7639462015625 0.37405145 0.7847765984375 0.368554509375 0.7899350953125 0.36455673593750004 0.7973787046874999 0.35306313437500003 0.8082547046874999 0.34906536093749996 0.8369947015625 0.349065359375 0.88949276875 0.3420692546875 0.9404068453125 0.3460670296875 0.94286853125 0.35756063125000004 0.9433836218749999 0.367555065625 0.9267556562499999 0.3770497796875 0.9240588453124999 0.38254672031250003 0.9198908765624999 0.40503419999999996 0.89126890625 0.4145289140625 0.8751999453125 0.4160280796875 0.8680750249999999 0.423024184375 0.8557916062500001 0.43851555937500003 0.8345004078125001 0.449009715625 0.8083986734374999 0.4520080484375 0.8060351890625 0.45950387499999995 0.7922022359375 0.4500091609375 0.7736026625 0.44401250000000003 0.770405396875 0.4420136109375 0.766698228125 0.435517228125 0.7670315546875 0.43551722968749995 0.7645552312499999 0.440014725 0.7600194734375 0.4470108296875 0.7566508203125 0.46250220468750003 0.743779125 0.46200248281249995 0.7393854796875 0.45800470937500004 0.7359332625 0.449009715625 0.7365852765625001 0.44651110781250003 0.7319513171875001
7 0.5534515703125 0.8446039593750001 0.554950734375 0.837479040625 0.5539512921874999 0.828196484375 0.555950178125 0.8219983546874999 0.570442109375 0.8122257234375001 0.57493960625 0.8042231109374999 0.571441553125 0.7932781859375 0.557949065625 0.780636425 0.5619468390625 0.7707164921875 0.55744934375 0.7678232781250001 0.5479546296875 0.7492237046875 0.5384599156250001 0.7439962796875 0.523967984375 0.7453494093749999 0.5084766078125 0.754754253125 0.4954838421875 0.7707741140625 0.4844899625 0.7751479328124999 0.46350165 0.7778249203125001 0.45550610156250004 0.7699299578125001 0.44501194218749995 0.7707731859375 0.44101416718750003 0.7678162359374999 0.4115305828125 0.7745483515625 0.39653892968750004 0.784384721875 0.3925411546875 0.7888567421875 0.39154171249999997 0.793936865625 0.40503419999999996 0.7986543875 0.41552835625 0.8230696656250001 0.4210252984375 0.8293022578125001 0.42552279375 0.8326907359375 0.4315194546875 0.8334116765624999 0.44301305625 0.8279835890625 0.4485099953125 0.8302540640625 0.44751055156249997 0.8348389218750001 0.43301862187499995 0.8505547312499999 0.4330186203125 0.862936353125 0.4280214015625 0.8898227656250001 0.4325188984375 0.9031165390625 0.44051444687499997 0.9065541187499999 0.4645010921875 0.90646629375 0.47799358124999997 0.9250512296875 0.48648885000000003 0.9234724234374999 0.489986903125 0.9299599671875001 0.50098078125 0.929548265625 0.50897633125 0.9255568734375 0.5174716015625 0.9259591234375 0.5279657578125 0.9350211921875001 0.5344621421875 0.9346878671875001 0.541458246875 0.9323097421875 0.545456021875 0.927837721875 0.5504532375 0.9202666390625 0.5529518484375 0.9120237124999999 0.5504532375 0.910361340625 0.5479546296875 0.9136516203125 0.5379601953125001 0.9159169031250001 0.5329629765624999 0.91110636875 0.518970765625 0.9158626156249999 0.5174716015625 0.9130822406250001 0.523967984375 0.9018530859375 0.5349618640625 0.893021884375 0.5434571328125 0.8944146671875 0.549453796875 0.9010787859375 0.5554504578125 0.8988281375 0.5624465625 0.8905068374999999 0.5624465625 0.8771346890625 0.5564498999999999 0.8709658328125001 0.5509529609375 0.8607711234375 0.5414582484375 0.8535626390625 0.540958525 0.8506547874999999 0.54395685625 0.8473007718750001 0.5534515703125 0.8446039593750001
15 1 1 1 0.703125 0.9642530828125 0.703125 0.9635862781250001 0.703191765625 0.8889700734374999 0.7173677875 0.8609193312500001 0.7279684171875 0.8347221453125 0.7480731515625 0.819532275 0.7636510484375 0.81527905 0.77267321875 0.8190921796874999 0.7947247578125001 0.8295068125 0.8314604609374999 0.8340379171875 0.8595542953124999 0.855766653125 0.9151397828124999 0.8587911375000001 0.929120134375 0.8721531531250001 0.9630534656249999 0.87973765 0.9913882656249999 0.892048459375 1 1 1