17 0.1675896984375 0 0.15068626406250002 0.026411765625 0.12010317968749999 0.07838605 0.0945415625 0.1371589015625 0.0875 0.16071272187500002 0.0875 0.1731172765625 0.09129545156249999 0.178421178125 0.10078813281250001 0.1831062 0.2313686375 0.240625 0.24952748125 0.240625 0.2530445125 0.23672762656250002 0.2919936984375 0.16715087343749999 0.316367884375 0.0756762359375 0.31875 0.06361983125000001 0.31875 0.0420824203125 0.3095739609375 0.02131275 0.2970029078125 0.001340821875 0.29633939374999996 0 0.1675896984375 0
14 0.3154674703125 0 0.342833284375 0.0474861546875 0.3899228265625 0.1375 0.403125 0.1375 0.403125 0.13027693125 0.330542196875 0 0.3154674703125 0
17 0.55 0.31875 0.55 0.1732148390625 0.46759045156249995 0.16413203437499999 0.465123034375 0.165190984375 0.46317327343750003 0.170184140625 0.435198146875 0.29342275 0.42659217812500005 0.31875 0.55 0.31875
12 0.330075265625 0 0.363260946875 0.0660194078125 0.3808420734375 0.093582303125 0.4019909640625 0.135581115625 0.398536121875 0.1406963359375 0.3910476796875 0.1369046453125 0.3417504546875 0.0475968078125 0.33725391562499996 0.044720221875 0.3307811140625 0.0444085359375 0.324832053125 0.0485940671875 0.3189177390625 0.058795329687499995 0.314563078125 0.08048299375 0.290182625 0.1684404765625 0.2695056921875 0.20815539218749998 0.2507702765625 0.23928967031249998 0.2443351140625 0.24549503125 0.23489936406249998 0.2492813578125 0.230943940625 0.2539098515625 0.22408347968750003 0.2726625796875 0.2044106046875 0.31385225625 0.20279158437499997 0.31875 0.43169879843750003 0.31875 0.43289154218750003 0.31467664375000004 0.44743410624999996 0.24706334062500002 0.46594367812500004 0.1768267875 0.46939562500000004 0.17121025781250002 0.483327915625 0.1703005203125 0.48530707343749996 0.168236928125 0.5048207 0.0994751359375 0.510737909375 0.08977518281249999 0.5364524984375 0.0604419375 0.5453125 0.0400404875 0.5453125 0.0037294890625 0.5435390390625 0 0.330075265625 0
1 0 0.8922490828124999 0.001403809375 0.8919044281249999 0.047939725 0.876665434375 0.05635579375000001 0.8702748890625 0.0613064234375 0.8604432796874999 0.067247178125 0.8378305796875001 0.06477186406249999 0.7955546609375 0.0642768015625 0.6185857 0.06875 0.594809371875 0.06875 0.5601489078125 0.0687323671875 0.5600876265625001 0.0355631515625 0.47799369218750004 0.02714708125 0.47061998593750004 0.0207112625 0.45882205468750004 0.0053643125 0.4460409625 0 0.4466555671875 0 0.8922490828124999
0 0.38295106562500003 0.6252606671875001 0.3666926203125 0.6346807390625 0.3248148046875 0.6743442 0.2918052328125 0.698142278125 0.2686492640625 0.7085539359374999 0.25583957968750004 0.723427734375 0.2518981390625 0.7378057390625 0.25830298125 0.748713190625 0.2918052328125 0.7844103062500001 0.3021515171875 0.7923429984375 0.312409590625 0.796875 0.340716159375 0.796875 0.348956134375 0.790359825 0.3494488140625 0.7759818203125 0.35240489531249997 0.77151968125 0.37014138124999996 0.7759818203125 0.3750681828125 0.7749902343749999 0.3982241515625 0.764578575 0.4265625 0.7471001640625 0.4265625 0.592493021875 0.42138012031249994 0.5965046578125 0.4110338359375 0.6153448015625 0.40807775625 0.6163363875 0.3997021921875 0.614353215625 0.389355909375 0.6183195609375 0.38295106562500003 0.6252606671875001
0 0.2552336171875 0.6412806921875001 0.2492604671875 0.6478226640625 0.2472694171875 0.6629195234375 0.2517492796875 0.67952606875 0.259713478125 0.6921067843750001 0.26806274375 0.6984375 0.29040486875 0.6984375 0.2980411859375 0.693113240625 0.39261605 0.61561603125 0.4010780109375 0.6050482296874999 0.4109375 0.6018585468750001 0.4109375 0.5797536828125001 0.3951048625 0.5577447390625 0.38415408906250004 0.5496930796875 0.369221215625 0.5426478796875001 0.3605506203125 0.540625 0.3388872765625 0.540625 0.3269114078125 0.54466079375 0.308991959375 0.5582479671874999 0.289579225 0.5904545999999999 0.267179915625 0.6226612328125001 0.268673203125 0.639267778125 0.2552336171875 0.6412806921875001
4 0.10512625625000001 0.591815709375 0.10070033437499999 0.5854227125 0.0888978796875 0.5834556359375 0.086930803125 0.5765708703125 0.084963728125 0.5755873328125001 0.072177734375 0.5785379468749999 0.0692271203125 0.5814885609375 0.0657847375 0.5888650953125 0.06381766250000001 0.60066755 0.06430943125000001 0.6483691406250001 0.066768275 0.6660728234375 0.072669503125 0.7816385328125001 0.0747413171875 0.7953125 0.07846981875 0.7953125 0.10070033437499999 0.7339369421875 0.1036509484375 0.7295110218749999 0.1066015625 0.7285274828125 0.142008928125 0.7363957875 0.1616796875 0.73688755625 0.183809290625 0.743280553125 0.2708524 0.7840973765625 0.277245396875 0.786556221875 0.2828125 0.785760921875 0.2828125 0.7741646109375 0.2536404859375 0.7393464 0.2344614953125 0.7201674109375 0.14791015624999998 0.6508279859374999 0.12233817031250001 0.6183712328125 0.113486328125 0.5982087046875 0.10512625625000001 0.591815709375
13 0.13589254687500002 0.633167559375 0.14755704218750001 0.651734303125 0.1633874328125 0.6652373890625001 0.17212469531250002 0.671875 0.176882340625 0.671875 0.1775514625 0.6576419031249999 0.1796875 0.6421358546875 0.1796875 0.6184523343749999 0.1783846421875 0.61713264375 0.1442243296875 0.602785615625 0.11422991093749998 0.5850628140625 0.11422991093749998 0.60531744375 0.125061228125 0.6213523578125 0.13589254687500002 0.633167559375
13 0.25341796875 0.5970052078125001 0.23876953125 0.5856119796874999 0.23470052031250002 0.5709635421874999 0.216796875 0.5701497390625001 0.18994140625 0.5725911453125001 0.1614583328125 0.5807291671874999 0.1744791671875 0.59375 0.18994140625 0.60595703125 0.19970703125 0.6140950515625001 0.21516927031250002 0.623046875 0.23307291718749998 0.6279296875 0.2509765625 0.6328125 0.2664388015625 0.6417643234374999 0.2705078125 0.6328125 0.2623697921875 0.61572265625 0.25341796875 0.5970052078125001
8 0.288818359375 1 0.28515625 0.98681640625 0.2574869796875 0.9762369796874999 0.1964518234375 0.9607747390625001 0.1736653640625 0.9518229171874999 0.17529296875 0.9640299484374999 0.1712239578125 0.9778645828125001 0.158203125 0.9607747390625001 0.1443684890625 0.9615885421874999 0.1337890625 0.9778645828125001 0.12646484375 0.97705078125 0.1240234375 0.99658203125 0.12060546875 1 0.288818359375 1
4 0.3151007046875 1 0.3128255203125 0.9802817390625 0.3258463546875 0.9420330406249999 0.34375 0.8972739265625 0.3624674484375 0.8460043953125 0.37548828125 0.8093833015625 0.353515625 0.7996176765625 0.3225911453125 0.8012452796874999 0.275390625 0.7833416343749999 0.24365234375 0.7686931968749999 0.1826171875 0.7393963218749999 0.15576171875 0.7312583015625 0.13623046875 0.7312583015625 0.1053059890625 0.7214926765625 0.08658854218749999 0.7662517906249999 0.07194010468749999 0.8134523109374999 0.05322265625 0.8744874671874999 0.04345703125 0.9037843421874999 0.0556640625 0.9371502281249999 0.08577473906250001 0.9314536140625 0.1337890625 0.9420330406249999 0.1809895828125 0.9542400718749999 0.23876953125 0.9705161140625 0.2867838546875 0.9843507484374999 0.2941080734375 0.9989991859374999 0.3027817953125 1 0.3151007046875 1
15 0.55 1 0.7214255515625 1 0.7213983500000001 0.99630221875 0.6980364796874999 0.9236862296874999 0.6788253453124999 0.9110507671875 0.664807034375 0.8721682953125001 0.650167915625 0.8507164390625 0.592253140625 0.83274565 0.55 0.814041790625 0.55 1
15 0.614512540625 0.31875 0.61065900625 0.32785228593750004 0.5893325921875 0.404740934375 0.5863551390625 0.42787706875 0.5818742265625 0.5206800375 0.58301089375 0.526158659375 0.5862872890624999 0.5292394046875 0.6166443140625 0.5357345046875001 0.6276035171875 0.5351268140625 0.6468042640625 0.5298612 0.666709890625 0.5290702656249999 0.7055498171875 0.5348715296875 0.7204902953125 0.5418192640624999 0.7423112140625 0.559375 0.7474864015625 0.559375 0.7597811999999999 0.5560420718750001 0.77171173125 0.54805124375 0.7948679078125 0.52759490625 0.814849553125 0.5179063 0.8223101953124999 0.51767136875 0.816164103125 0.528335728125 0.82565671875 0.5350939484375 0.8401779578124999 0.533126784375 0.8621089046874999 0.52400045 0.8657978921874999 0.5206675453124999 0.86592484375 0.5186941125 0.8569274890624999 0.5119531203125 0.8459616328124999 0.49723225937500004 0.846279009375 0.49229867968749996 0.8582220828124999 0.476396896875 0.86873030625 0.46736766562500004 0.8762544234374999 0.46614601874999995 0.8845026171875 0.47681664531249995 0.8874424421875 0.477413375 0.8967062437500001 0.4722965484375 0.9010174421875 0.46700744062500005 0.9038745953125 0.4611732875 0.9063759828125001 0.4454375203125 0.9123633890624999 0.4372399484375 0.9149157078125001 0.42842842187499997 0.9388586765625 0.380309584375 0.940625 0.37349295 0.940625 0.3430563328125 0.9374798921874999 0.332298815625 0.9266401078125 0.31875 0.614512540625 0.31875
15 0.768596428125 0.6233942390625 0.770346534375 0.6349807390625 0.7688834453125001 0.65797914375 0.7622151781250001 0.6767857765625 0.754070490625 0.6875231265625 0.739346290625 0.7000333703124999 0.7121184203125 0.713607028125 0.7063089234375 0.7189145953125 0.7055899484375 0.7223968953125001 0.6935826109375001 0.7234777703125 0.691374646875 0.7269076921875001 0.69505903125 0.7315470515625 0.704985628125 0.731896234375 0.709535446875 0.738570375 0.7403781828125 0.7541867578125 0.7445270890625 0.7593435453125 0.7317127859375 0.820025053125 0.7308222109375 0.8340240828125001 0.7336285874999999 0.8446455687500001 0.731821534375 0.84959284375 0.7233077421875 0.858312875 0.7248477734375001 0.8653822265625 0.7388789046875 0.8794050656250001 0.7892760109375001 0.9082364078125 0.8158426140625 0.9206958671875001 0.8285836906250001 0.925 0.8619792015625001 0.925 0.867460928125 0.9225116203125001 0.8753829718749999 0.915274028125 0.8815741453125 0.9039668750000001 0.891022890625 0.8727309453124998 0.8992496640625 0.8294260125000001 0.9164873218749999 0.8165030999999999 0.918294375 0.8115558234375001 0.9244152703124999 0.785714759375 0.93125 0.73338106875 0.93125 0.7090539515625001 0.922230925 0.6949416828125 0.9288155828125 0.6305334484375 0.9275936140625 0.61846444375 0.923056365625 0.6037733968750001 0.9096169843749999 0.5882681203125 0.8948986890625001 0.5772276140624999 0.8818476499999999 0.571256596875 0.872011778125 0.5703125 0.82350638125 0.5703125 0.79963514375 0.5733754859375 0.7769186234375001 0.5785894078125 0.7644023828125001 0.5876697296875 0.7564167296875001 0.5959072531249999 0.7556659484375 0.5998895171875 0.768596428125 0.6233942390625
12 0.55 0.8200730937500001 0.5561421234374999 0.8237407031250001 0.6050609796875001 0.8433640859375 0.6533433203125 0.85625 0.73285876875 0.85625 0.7369774234375 0.851122821875 0.7383951296875 0.8445309875 0.735777471875 0.8383065359374999 0.7362070296875001 0.8235044390624999 0.7453125 0.7820279015625 0.7453125 0.7552783828125 0.7334468875 0.747786534375 0.711409353125 0.739338365625 0.7080988734375 0.736154928125 0.6903405734375 0.731435603125 0.6670777375 0.72652045 0.626268403125 0.7214920046875 0.5932859296874999 0.711632571875 0.5767402578125 0.711554884375 0.5685412515625 0.7143288609375 0.55 0.766520834375 0.55 0.8200730937500001
12 0.7423968453125 0.5548405828125 0.7307643640625 0.543555996875 0.7029541484374999 0.5302228 0.6676084437500001 0.526515565625 0.6483140703125 0.5268303703124999 0.6145807046875 0.5365299390625 0.60976354375 0.5422951765625 0.5974865781250001 0.5487887062500001 0.584274109375 0.562172015625 0.5763910203125 0.5772249125 0.5724402984375 0.600326590625 0.5665612359375001 0.6149550406250001 0.5573252234375 0.627982821875 0.55529621875 0.6442291734375 0.5568012734375001 0.66702700625 0.5632182859375 0.6825795265625001 0.5756157828124999 0.6973520734375 0.5920845375 0.710289015625 0.6026800921875 0.7146149046875 0.62060905625 0.7201859359375 0.6514536015625 0.7247248328125 0.664767490625 0.72519 0.6847445703125 0.721932275 0.7179848265625 0.712215478125 0.74198245 0.700197909375 0.7614598015625 0.6815944046875 0.766991265625 0.6723928890625 0.7718209140625 0.658716696875 0.7746906234375001 0.6370606343749999 0.77307828125 0.6236538296875 0.75676090625 0.592921546875 0.749496565625 0.5674501828125 0.7423968453125 0.5548405828125