10 0.35 0.1246702984375 0.315682178125 0.1492640890625 0.2623619921875 0.1927065765625 0.2491589 0.206850640625 0.246875 0.208459909375 0.246875 0.2285000078125 0.2669322953125 0.2442313859375 0.291815046875 0.2674680640625 0.304119040625 0.275 0.32286706718749997 0.275 0.35 0.2483197546875 0.35 0.1246702984375
13 0.7737184671875 0.5 0.8046875 0.172520571875 0.8046875 0.1518546140625 0.6581401828125 0.1375 0.5843783390625 0.1375 0.583218284375 0.183301028125 0.5369072312500001 0.5 0.7737184671875 0.5
13 1 0.1698273734375 0.9583894562499999 0.16068301093749998 0.9452360515624999 0.159375 0.807897753125 0.159375 0.775314921875 0.5 0.9997552015625001 0.5 1 0.49871776562500003 1 0.1698273734375
1 0.35 1 0.35 0.53125 0.3446847078125 0.53125 0.294211028125 0.5465250453125 0.2633868546875 0.55355960625 0.2163926234375 0.57516575625 0.20274913749999998 0.584210190625 0.1678824484375 0.5987817796875 0.15929210625 0.605816340625 0.1296875 0.61388801875 0.1296875 0.6922111765625 0.1507017625 0.8660950734374999 0.17495685 0.9997517218749999 0.1750224453125 1 0.35 1
1 0.19115812031249999 1 0.1824606 0.9656500890625 0.1748838234375 0.9194602265625 0.1592251484375 0.8534747093749999 0.15366884375 0.7879967734375001 0.14912277812500002 0.7580495 0.145394775 0.7453125 0.112395528125 0.7453125 0.10517746562500001 0.7499282046875 0.0940648578125 0.753481271875 0.089013671875 0.7590646609375 0.0869931984375 0.76617079375 0.0864880796875 0.7788603171874999 0.090023909375 0.8052545234374999 0.10517746562500001 0.8666718124999999 0.10972353125 0.8976342484375 0.1162900734375 0.9179374843750001 0.118310546875 0.9362103968749999 0.1228566140625 0.9443316921874999 0.1279077984375 0.9692031562500001 0.133464103125 0.9818926781249999 0.13520792343750002 1 0.19115812031249999 1
18 0.8704788609375 0.5 0.8613070374999999 0.516214759375 0.8742661 0.5256172484375 0.8612026046875 0.538497078125 0.8471288343750001 0.5427395234375 0.8461883671875 0.57525554375 0.8257396406249999 0.5945206375 0.8046875 0.6468237968749999 0.8046875 0.6478905640625 0.8374795593750001 0.639850384375 0.8510308796875 0.6630071140625 0.8591826171874999 0.6892471718750001 0.8639687687500001 0.7140625 0.8795250453125 0.7140625 0.8919286156249999 0.7084893609374999 0.9116806484375001 0.6977523515625 0.9268781 0.7140625 0.9523284078125 0.7140625 0.974559840625 0.70520771875 0.97804330625 0.662567296875 0.9915597218750001 0.66514731875 1 0.6523828265625 1 0.5145001859375 0.9746637078125 0.51490053125 0.9758809921874999 0.5 0.8704788609375 0.5
18 0.7815810921875 0.7045868687500001 0.753430528125 0.7011240937500001 0.7633121625 0.7234124109375 0.7503065906249999 0.73924196875 0.7235482890625 0.7391999953124999 0.70625 0.7526168312499999 0.70625 0.753703575 0.722495725 0.772452178125 0.74510365 0.796875 0.7516420359375 0.796875 0.8703125 0.7413034203125 0.8703125 0.739726215625 0.8657951531249999 0.7382835875 0.81978313125 0.7486744546875 0.830004184375 0.7260032953125 0.823687984375 0.6806189984375 0.79180214375 0.681915709375 0.7815810921875 0.7045868687500001
18 0.71460424375 0.5 0.7168361796875 0.5090733140625 0.7055773140625 0.5264317984375 0.7337913703125001 0.5627620125 0.7395541765625 0.5927195828125 0.720167625 0.6292813328125 0.7161371625 0.658610171875 0.6962841515625 0.660623115625 0.6980829749999999 0.6788199078125 0.7543775859374999 0.67257150625 0.7769954515624999 0.69703615625 0.7866221078125 0.67957288125 0.8117714625 0.6729687015625 0.817567375 0.6421094484375 0.8276602234375 0.578650953125 0.8108716453125 0.5430542593750001 0.7955155609375 0.5502871703125 0.78528920625 0.5348368375 0.7727310828125 0.5077305171875001 0.773360965625 0.5 0.71460424375 0.5
18 0.616828428125 1 0.6149744984375 0.9940166140625 0.581597334375 0.9606424375 0.5404921953125 0.9415659203125 0.519973003125 0.9517548703125 0.5135106406250001 0.9102461015625 0.4827984703125 0.9247119250000001 0.5081144375 0.9361997500000001 0.4925252578125 0.9664302703125 0.4929785 1 0.616828428125 1
5 0.59782685625 0.5 0.5873919 0.5270630374999999 0.5795473796875 0.5528595015625 0.601748846875 0.5723661515625 0.6178377312500001 0.55613963125 0.644752534375 0.5480050375000001 0.6736493296875 0.5457508343749999 0.6918868140625 0.55349670625 0.7067932625 0.5618506046875 0.7194679328125 0.57745811875 0.724680971875 0.563820878125 0.7109903390625 0.5506137703125 0.7168862468749999 0.5386641234375 0.7060010906249999 0.5 0.59782685625 0.5
5 0.6774476390624999 0.8213237078125001 0.6507158671875001 0.77686988125 0.6443035703125 0.764951921875 0.6141909625 0.7720593375 0.56647380625 0.7837896796875 0.564125484375 0.802542103125 0.5636759781249999 0.8584009265624999 0.55817978125 0.86544496875 0.5734026296875 0.8598472578124999 0.5992016125 0.87547548125 0.6848092796875 0.831658859375 0.679279703125 0.8189756953125 0.6774476390624999 0.8213237078125001
7 0.490327853125 1 0.49384193125 0.9804760359374999 0.4934754640625 0.9648368359374999 0.505733603125 0.9352143375 0.485380890625 0.9232232765624999 0.5025024234375 0.9144599515625 0.49772233749999995 0.90264678125 0.49708939531249996 0.89027798125 0.4935418125 0.8834752031249999 0.49645645624999996 0.87790918125 0.49275808281250005 0.86288863125 0.472155584375 0.8640315781249999 0.46211252968750005 0.8765368515624999 0.44430812656250007 0.8836125796875001 0.43471471250000004 0.8805310484375 0.4292352015625 0.8974386937500001 0.4055848234375 0.9057828640625001 0.4012711984375 0.9285185031250001 0.40383619687500005 0.957448896875 0.3997756125 1 0.490327853125 1
7 0.35 0.9253994890625 0.35367145624999996 0.9287394109375 0.367695178125 0.9378585156250001 0.3916287203125 0.9361075453125001 0.400639125 0.9161390749999999 0.40748437343750005 0.9026066187499999 0.42835334375 0.8981932718750001 0.4322672609375 0.8803632359375 0.423290096875 0.8797868984375 0.426354665625 0.8824492796874999 0.415062421875 0.8800805593749998 0.3969247921875 0.8509722765625 0.39401001406249997 0.8162662828125 0.38536594062499996 0.81160194375 0.374223621875 0.817461625 0.35 0.8084042578125 0.35 0.9253994890625
7 0.35 0.7201839234375 0.3530669609375 0.716666846875 0.3544459984375 0.7118241140625 0.3649187734375 0.7041133187499999 0.368326390625 0.69249705 0.3763108765625 0.6851196296875 0.3815472234375 0.6691826265625 0.38944175468750003 0.6568681671875 0.395567475 0.6360569968750001 0.3988450859375 0.5958310359375 0.3955573 0.581812415625 0.382326290625 0.550882259375 0.3636090984375 0.532914303125 0.3543254390625 0.519990125 0.35 0.516994296875 0.35 0.7201839234375
7 0.4141136859375 0.5 0.412015775 0.518762596875 0.399614546875 0.5924285499999999 0.396696671875 0.6282394640625 0.3919499875 0.6442079046875 0.3820270359375 0.7116223203125001 0.3808778921875 0.7317667359375 0.38452541875 0.7413703140625 0.38416568125 0.7457853562500001 0.374952109375 0.7742883109375001 0.3672674453125 0.7900681328125 0.3647991828125 0.8022378359375001 0.3688863875 0.806445246875 0.38631441718750004 0.810029765625 0.3931797203125 0.8163880390625 0.3961277140625 0.8224948203124999 0.3966374015625 0.8343625812500001 0.40242348906250003 0.8539659875 0.4134759625 0.875386878125 0.4214405046875 0.8803363421875 0.4311938015625 0.8814556328125001 0.44020760000000003 0.8795686890625 0.453918175 0.8804489125 0.464920584375 0.872278990625 0.466659359375 0.8630212171875 0.463091775 0.8524365156249999 0.4576155234375 0.847153671875 0.458624809375 0.8408078234375 0.4674387515625 0.84137368125 0.4765924859375 0.84985138125 0.4828381984375 0.8517317375000001 0.4901531921875 0.8586120078124999 0.49594921249999996 0.8599703671875 0.5063420453124999 0.853240690625 0.5198526875 0.8324105062499999 0.5183237 0.820970434375 0.5071213562500001 0.8074299484375 0.4867752875 0.7913299265625 0.48333763281250003 0.7851917078125 0.4743937640625 0.780179371875 0.47307464374999997 0.77220465625 0.46943713281249994 0.768519240625 0.48466668437500005 0.774921375 0.4977377265625 0.7836505671875 0.5081006015625 0.7833296125 0.5293459734375 0.7763104203125 0.5378600921875 0.768473878125 0.5553980234375 0.7646685515625 0.5604345171875 0.7511843484374999 0.560424503125 0.7452661890625001 0.55670705 0.7425618937499999 0.5558376218750001 0.7351091765625 0.54587445625 0.7305245250000001 0.5346921390625 0.728820365625 0.5269973796875 0.7145188124999999 0.5310245874999999 0.7073804609375001 0.5355914421875 0.70570115 0.5472433984375 0.6956004234375 0.552399803125 0.680644540625 0.553798784375 0.6634749234375 0.5525096234375 0.6490914890624999 0.5487022140625 0.641450153125 0.546633578125 0.624551040625 0.5434757171875 0.6149788984375 0.5364505328125 0.61058286875 0.5320335500000001 0.604381778125 0.5242788765624999 0.602897671875 0.5154549203125 0.596413653125 0.49423942812499994 0.5728609140625001 0.48867321874999997 0.562641028125 0.4624012890625 0.564899375 0.45800433125 0.570534609375 0.456675196875 0.5566417328125001 0.4532375390625 0.550503515625 0.4467119515625 0.5278938734375 0.45070920000000003 0.5271642453125 0.4578143265625 0.53057915625 0.4624611234375 0.527918721875 0.46652830312500004 0.5202898109375 0.472803971875 0.5157614453125 0.47904968437499995 0.5176418 0.49079159531250005 0.512478115625 0.49891602031249993 0.5154653390624999 0.5063409140624999 0.5149557671875 0.5423441015625 0.5 0.4141136859375 0.5
5 0.596768934375 0.5710601875 0.59331133125 0.577248853125 0.5913127046875 0.5776136671875001 0.58635615625 0.5901167468749999 0.585726634375 0.603883878125 0.5891243203125001 0.61051265625 0.6092205484375001 0.623637878125 0.6413884671875 0.63359309375 0.647963959375 0.6374671281250001 0.6577172578124999 0.6385864203125 0.662344109375 0.6482528703125 0.667520540625 0.6451333125 0.673886165625 0.6455419859375 0.674915475 0.6510324625 0.678962709375 0.6557304359375 0.6854082765625 0.6551579890625 0.6881863734375 0.65730885 0.69197375625 0.6531138625 0.691474078125 0.6471642640625 0.6930629828124999 0.64578689375 0.6974699546875 0.6460698218750001 0.695481340625 0.6523527984374999 0.698179496875 0.6554847796875001 0.7014272328125 0.645830753125 0.7075030484375 0.6437551890625001 0.7100912234375001 0.63011380625 0.71363878125 0.6288621796875 0.715707334375 0.621598084375 0.71884516875 0.6193339 0.7246211625 0.608855934375 0.7253406390625 0.600025846875 0.72225270625 0.5835544234375 0.715007640625 0.5697748687499999 0.7055241265625 0.559303490625 0.699438296875 0.5554608937500001 0.6859275765625 0.55212786875 0.6484633109375 0.5467638921875 0.6131476265625 0.55731790625 0.60239505625 0.568462625 0.596768934375 0.5710601875
16 1 1 1 0.9233721765624999 0.9775582921874999 0.913738015625 0.9680648734374999 0.9295660890625002 0.9408835984374999 0.940971084375 0.9231292578125 0.9776376234375 0.9332280515625001 1 1 1
5 0.570347778125 0.7745046078125 0.5799411937500001 0.7775861421875 0.59763900625 0.771818575 0.6241107921875 0.7671074265625 0.632794809375 0.7632268015625 0.6316755437499999 0.752799284375 0.6308161296874999 0.75126473125 0.629267196875 0.7521515421875 0.6302365125 0.7462962546874999 0.643057634375 0.7278874359375 0.6592563390625 0.6801078640625 0.6405191203125 0.6503035859375 0.6316152234375 0.6448006875 0.6175049375 0.6488260671875 0.6013260984375 0.6601155453125 0.5993774578125001 0.6659079625000001 0.60053669375 0.67584491875 0.5952204046875 0.6927630421875 0.58419805 0.7132598484375 0.574224953125 0.7269202437500001 0.5703276718750001 0.738505075 0.5646216046875 0.74208375625 0.5652112375 0.752970396875 0.5591154781250001 0.7673728437499999 0.570347778125 0.7745046078125
18 1 0.8621928640625001 0.9496772437499998 0.8491565890625001 0.9457199656250002 0.8493956578125001 0.9443809015625 0.8537478281249999 0.9374556828125 0.8602069999999999 0.9350673640625 0.8713955796875 0.93976414375 0.8741627484375 0.9385449921875001 0.8770432390625 0.8902982015625 0.889232703125 0.89736335625 0.893138175 0.9556133640625 0.909206009375 1 0.9239560906250001 1 0.8621928640625001
18 1 0.6813392828125 0.9223655859375001 0.7191902546875 0.8903176609375001 0.731926565625 0.8656946296874999 0.74415330625 0.82915979375 0.757587809375 0.7688613375 0.78478360625 0.748885103125 0.7943499125000001 0.7312372734375 0.8055450796875 0.7016776359375 0.8179480124999999 0.6871276703125 0.8273695609375 0.59626029375 0.873314140625 0.5506917140625001 0.900962475 0.535402246875 0.9073777843750002 0.5189436125 0.9221011875 0.51732475 0.9298872812500001 0.518733825 0.9427990359375 0.5263286140625001 0.9462453828124999 0.5541994625 0.948527828125 0.5632932015625001 0.9456597625000001 0.580041646875 0.9334205984375 0.663823921875 0.8958974312500001 0.66908029375 0.8917967515624999 0.677604428125 0.889878371875 0.6813518375000001 0.8861739421875001 0.6886168484375 0.8876266125000001 0.686098603125 0.8943687125 0.6916547968750001 0.898670434375 0.74613736875 0.9066063718749999 0.7643049000000001 0.9131971265625001 0.78046379375 0.91423453125 0.8701120984374999 0.8953336499999999 0.929940915625 0.879942740625 0.9391145968749999 0.876093553125 0.9414329890625 0.8718042546875001 0.9397840890625 0.8618358640625001 0.9441810453125001 0.8562006296875 0.945230303125 0.8493642203124999 0.9220761812500001 0.8375220609374999 0.8947050093750001 0.8411892156249999 0.863346603125 0.8515041609375 0.8000901421875 0.8666750140625 0.731827065625 0.8647581375 0.7316571671875 0.86080221875 0.7568897765625 0.8471352328125 0.8628368328124999 0.8154731906249999 0.9592304468750001 0.7802390562499999 1 0.76269224375 1 0.6813392828125
18 0.8315107046874999 1 0.799400865625 0.9415860078125 0.7927953359375 0.9199574875 0.7890379109375 0.9177437515625 0.7779855203125 0.920486071875 0.773078871875 0.9142535453124999 0.7662235828124999 0.91381343125 0.744458590625 0.9272099109374998 0.72871943125 0.9331032234375 0.7278999875000001 0.9310781109375 0.7305481593750001 0.928782490625 0.751983371875 0.913392334375 0.7514836953125 0.9074427343749999 0.667861140625 0.8946772421875 0.6474352140625 0.90372155 0.6417791328125 0.9127278343749999 0.6406999203125 0.9259729671875 0.6425287281250001 0.9458154406249999 0.6642620499999999 1 0.8315107046874999 1