3 0 0.3703125 0.02880859375 0.3703125 0.1103515625 0.33759765625 0.16259765625 0.30927734375 0.21533203125 0.27021484375 0.2734375 0.23505859375 0.30078125 0.216015625 0.31982421875 0.200390625 0.3251953125 0.1935546875 0.32470703125 0.1916015625 0.3203125 0.19013671875 0.28125 0.18671875 0.267578125 0.17451171875 0.2685546875 0.1671875 0.26708984375 0.165234375 0.2607421875 0.1662109375 0.25537109375 0.16181640625 0.23681640625 0.15498046875 0.1806640625 0.14521484375 0.15283203125 0.1349609375 0.13525390625 0.13349609375 0.041015625 0.14765625 0.00439453125 0.14765625 0 0.14920247343749998 0 0.3703125
3 0.09374425625 0 0.0966796875 0.028515625 0.095703125 0.040234375 0.078125 0.08369140625 0.076171875 0.096875 0.0693359375 0.11689453125 0.07080078125 0.1212890625 0.0947265625 0.126171875 0.11181640625 0.13251953125 0.1494140625 0.13544921875 0.1689453125 0.141796875 0.2392578125 0.1564453125 0.31591796875 0.17744140625 0.3740234375 0.1818359375 0.380859375 0.18037109375 0.38037109375 0.149609375 0.38330078125 0.13740234375 0.40966796875 0.0783203125 0.419921875 0.04853515625 0.4208984375 0.040234375 0.36474609375 0.02265625 0.35009765625 0.01630859375 0.3154296875 0.01142578125 0.30615234375 0.02265625 0.29833984375 0.03779296875 0.29150390625 0.04462890625 0.28564453125 0.0470703125 0.2685546875 0.04609375 0.22216796875 0.02900390625 0.1826171875 0.0177734375 0.1456292234375 0 0.09374425625 0
3 0.3200863484375 0 0.318359375 0.0041015625 0.3232421875 0.00751953125 0.36572265625 0.020703125 0.388671875 0.03046875 0.41845703125 0.0373046875 0.423828125 0.04169921875 0.408203125 0.0802734375 0.3935546875 0.10908203125 0.38232421875 0.1369140625 0.380859375 0.1447265625 0.3828125 0.14619140625 0.416015625 0.1466796875 0.42578125 0.14521484375 0.43505859375 0.149609375 0.459375 0.15094178125 0.459375 0 0.3200863484375 0
11 1 0.3704117078125 0.9996279765624999 0.3718998015625 0.9748263890625 0.3619791671875 0.9376240078125001 0.354538690625 0.9376240078125001 0.3532986109375 0.9103422625 0.350818453125 0.8694196421875 0.3495783734375 0.8371775796875 0.3433779765625 0.7999751984375 0.3433779765625 0.77393353125 0.3632192453125 0.7627728171875 0.3967013890625 0.7627728171875 0.4438244046875 0.7837960125000001 0.4796875 1 0.4796875 1 0.3704117078125
6 0.9023313484375001 0 0.8942212296875001 0.013516865624999999 0.8694196421875 0.054439484375 0.8694196421875 0.045758928125 0.8681795640625 0.095362103125 0.883060515625 0.08420138906249999 0.9177827375 0.0631200390625 0.945064484375 0.10900297656249999 0.998387896875 0.05319940468749999 1 0.050007440624999996 1 0 0.9023313484375001 0
6 0.7723214281249999 0 0.7664930562500001 0.099082340625 0.7664930562500001 0.0966021828125 0.7652529765625 0.0978422625 0.7838541671875 0.12264384843750001 0.8111359125 0.1263640875 0.829737103125 0.1251240078125 0.866939484375 0.0904017859375 0.8796884546875001 0 0.7723214281249999 0
6 0.5958216625 0 0.599082340625 0.0184771828125 0.6189236109375 0.066840278125 0.6598462296875 0.11148313437499999 0.689608134375 0.14496527812499999 0.7181299609375 0.1524057546875 0.74169146875 0.14496527812499999 0.7330109125 0.1152033734375 0.7367311515625 0.08048115156249999 0.739112103125 0.0531001984375 0.7367311515625 0.05071924531250001 0.7367311515625 0.05319940468749999 0.710689484375 0.014756943750000001 0.702348603125 0 0.5958216625 0
6 0.7491319437499999 0.4140625 0.760292659375 0.395461309375 0.77021329375 0.36817956406249996 0.786334325 0.354538690625 0.776413690625 0.3396577375 0.7354910718750001 0.333457340625 0.7032490078125 0.333457340625 0.67622833125 0.32758328125 0.673487103125 0.3284970234375 0.6573660718750001 0.35205853125000003 0.6375248015625 0.3880208328125 0.6226438484375 0.4190228171875 0.6065228171875 0.45126488125 0.5940168640625 0.4796875 0.6864636484375 0.4796875 0.7007688484375 0.463665675 0.7491319437499999 0.4140625
10 0.864459325 0.34461805624999997 0.9091021828124999 0.3495783734375 0.928943453125 0.333457340625 0.9401041671874999 0.307415675 0.9413442453125 0.27021329375 0.916542659375 0.2528521828125 0.8843005953124999 0.24169146874999997 0.845858134375 0.2280505953125 0.82353670625 0.21688988125000003 0.792534721875 0.2119295640625 0.74169146875 0.2069692453125 0.710689484375 0.20572916718749998 0.6846478171875 0.2119295640625 0.6573660718750001 0.22061011874999997 0.6400049609375 0.2367311515625 0.6263640875 0.23549107187499999 0.6226438484375 0.2255704359375 0.58916170625 0.2255704359375 0.5928819437499999 0.23177083281250002 0.5928819437499999 0.2342509921875 0.58544146875 0.2615327375 0.5817212296875 0.286334325 0.6065228171875 0.29005456406249996 0.620163690625 0.2912946421875 0.6251240078125 0.2826140875 0.636284721875 0.286334325 0.6586061515625 0.3185763890625 0.6908482140625 0.329737103125 0.7255704359374999 0.3309771828125 0.7788938484375 0.3371775796875 0.8272569437499999 0.338417659375 0.864459325 0.34461805624999997
9 1 0.1208167984375 0.9835069437499999 0.10652281718750001 0.9525049609374999 0.11148313437499999 0.923983134375 0.08048115156249999 0.9140625 0.0656001984375 0.8867807546875 0.0817212296875 0.8582589281249999 0.10404265937499999 0.7641341078125 0.182480009375 0.7652529765625 0.1846478171875 0.8136160718750001 0.2131696421875 0.8470982140625001 0.2305307546875 0.8843005953124999 0.24541170625 0.93018353125 0.255332340625 0.942584325 0.27021329375 0.9401041671874999 0.304935515625 0.928943453125 0.3309771828125 0.948784721875 0.3570188484375 0.9810267859374999 0.3594990078125 0.9934275796875 0.3371775796875 1 0.32961929687499997 1 0.1208167984375
11 0.6660466265625 0.11768353125 0.6462053578125 0.0879216265625 0.6375248015625 0.157366071875 0.630084325 0.1747271828125 0.64248511875 0.185887896875 0.651165675 0.1809275796875 0.66356646875 0.2131696421875 0.6685267859375 0.214409721875 0.685887896875 0.2069692453125 0.7069692453124999 0.2044890875 0.7317708328125 0.20572916718749998 0.7615327375 0.20820932499999997 0.751612103125 0.19580853125 0.760292659375 0.1747271828125 0.7441716265625 0.14496527812499999 0.723090278125 0.1536458328125 0.694568453125 0.1499255953125 0.6660466265625 0.11768353125
11 0.7615327375 0.45498511875 0.7664930562500001 0.37934027812500004 0.7305307546875001 0.4215029765625 0.6863536156250001 0.4796875 0.7838045640625 0.4796875 0.776413690625 0.46490575468750006 0.7615327375 0.45498511875
18 0.13695269999999998 0.47974988593749995 0.1532866375 0.48065732812500006 0.158731284375 0.4897317375 0.158731284375 0.6267553312499999 0.16871313593749998 0.6657752953125 0.19412148437500001 0.6684976171875 0.3238855484375 0.6612380890625 0.44911240937499997 0.6639604125 0.459375 0.6637175109375 0.459375 0.4796875 0.13684872343750001 0.4796875 0.13695269999999998 0.47974988593749995
18 0.21703777500000002 1 0.2930325546875 0.988824296875 0.459375 0.9777892937500001 0.459375 0.6601630875 0.1659908125 0.6666827359374999 0.1632684890625 0.6766645875 0.16780569375 0.6993506125 0.16780569375 0.729296165625 0.13876758125 0.7311110484375 0.129693171875 0.7383705765624999 0.13695269999999998 0.8109658578125 0.14602710937500002 0.8155030625 0.165083371875 0.8155030625 0.1705280171875 0.8263923546875 0.17688010468749998 0.8690420828125 0.18232474999999998 0.996083825 0.18702416093750002 1 0.21703777500000002 1
9 0.70849609375 0.7580078125 0.7021484375 0.758984375 0.69140625 0.7794921875 0.689453125 0.79267578125 0.68310546875 0.798046875 0.68115234375 0.80244140625 0.68359375 0.81318359375 0.6875 0.82001953125 0.69482421875 0.825390625 0.703125 0.83515625 0.70751953125 0.891796875 0.7119140625 0.89814453125 0.72314453125 0.9025390625 0.72314453125 0.91279296875 0.7265625 0.91865234375 0.76220703125 0.9171875 0.77099609375 0.91083984375 0.77685546875 0.90986328125 0.78076171875 0.91181640625 0.78662109375 0.92548828125 0.7958984375 0.9279296875 0.80126953125 0.9259765625 0.82958984375 0.9064453125 0.84423828125 0.90205078125 0.85693359375 0.895703125 0.86083984375 0.891796875 0.85888671875 0.87763671875 0.86474609375 0.87177734375 0.87353515625 0.85419921875 0.8935546875 0.8322265625 0.91748046875 0.8146484375 0.93994140625 0.78828125 0.94873046875 0.784375 0.96142578125 0.76728515625 0.96044921875 0.7443359375 0.94970703125 0.71943359375 0.9423828125 0.716015625 0.923828125 0.69697265625 0.91259765625 0.69697265625 0.9072265625 0.69453125 0.89794921875 0.6828125 0.88720703125 0.66279296875 0.8671875 0.637890625 0.82861328125 0.60419921875 0.8193359375 0.60224609375 0.8037109375 0.60908203125 0.77734375 0.62861328125 0.76123046875 0.6486328125 0.7451171875 0.65693359375 0.7314453125 0.67353515625 0.724609375 0.69306640625 0.724609375 0.73017578125 0.72119140625 0.74970703125 0.7177734375 0.75654296875 0.7138671875 0.75947265625 0.70849609375 0.7580078125
9 0.80029296875 0.78046875 0.810546875 0.784375 0.82763671875 0.8009765625 0.876953125 0.786328125 0.90625 0.79560546875 0.921875 0.7921875 0.93017578125 0.7931640625 0.94921875 0.78486328125 0.9580078125 0.7755859375 0.962890625 0.76484375 0.962890625 0.7609375 0.96044921875 0.7541015625 0.9599609375 0.7404296875 0.9560546875 0.7345703125 0.95068359375 0.7189453125 0.9482421875 0.71650390625 0.94287109375 0.71552734375 0.927734375 0.69794921875 0.919921875 0.6955078125 0.9140625 0.6974609375 0.908203125 0.69453125 0.8974609375 0.68330078125 0.88671875 0.67890625 0.8740234375 0.665234375 0.869140625 0.66376953125 0.859375 0.66767578125 0.8330078125 0.6896484375 0.8291015625 0.6896484375 0.8154296875 0.6759765625 0.8037109375 0.66865234375 0.7900390625 0.66572265625 0.77685546875 0.66572265625 0.76123046875 0.66962890625 0.7607421875 0.665234375 0.75830078125 0.66328125 0.7470703125 0.66181640625 0.73974609375 0.67109375 0.73828125 0.68134765625 0.7431640625 0.69404296875 0.7685546875 0.71943359375 0.767578125 0.72431640625 0.75927734375 0.7365234375 0.759765625 0.74580078125 0.76416015625 0.75556640625 0.7783203125 0.76728515625 0.796875 0.7755859375 0.80029296875 0.78046875
4 1 0.791644965625 0.98291015625 0.76923828125 0.97705078125 0.76337890625 0.97314453125 0.76240234375 0.96044921875 0.77021484375 0.94921875 0.7814453125 0.93994140625 0.7853515625 0.9150390625 0.815625 0.8916015625 0.83369140625 0.87158203125 0.85615234375 0.86572265625 0.8693359375 0.85888671875 0.87763671875 0.85986328125 0.88251953125 0.876953125 0.91181640625 0.88330078125 0.9181640625 0.89501953125 0.93671875 0.90673828125 0.9484375 0.9169921875 0.9708984375 0.923828125 0.99189453125 0.92822265625 0.99482421875 0.943359375 0.99873046875 0.955078125 0.997265625 0.97900390625 0.97724609375 1 0.9550386874999999 1 0.848828125 0.99755859375 0.84443359375 0.9970703125 0.817578125 0.99853515625 0.81025390625 1 0.808389559375 1 0.791644965625