11 0.5435546875 0.2037109375 0.542578125 0.17734375 0.550390625 0.1607421875 0.5416015625 0.13046875 0.546484375 0.1138671875 0.5337890625 0.105078125 0.53671875 0.085546875 0.5181640625 0.077734375 0.5005859375 0.0787109375 0.4732421875 0.0845703125 0.448828125 0.0845703125 0.4107421875 0.0845703125 0.3736328125 0.0943359375 0.3423828125 0.0982421875 0.300390625 0.101171875 0.2896484375 0.08359375 0.265234375 0.06796875 0.241796875 0.05234375 0.206640625 0.0728515625 0.18515625 0.07578125 0.1666015625 0.06796875 0.1451171875 0.081640625 0.1158203125 0.073828125 0.0943359375 0.0748046875 0.0767578125 0.1236328125 0.0884765625 0.1392578125 0.1080078125 0.159765625 0.13046875 0.1822265625 0.1265625 0.2115234375 0.134375 0.2349609375 0.140234375 0.257421875 0.140234375 0.27109375 0.12265625 0.280859375 0.11875 0.31015625 0.112890625 0.335546875 0.144140625 0.3697265625 0.1783203125 0.3931640625 0.187109375 0.3853515625 0.2125 0.3541015625 0.2388671875 0.3453125 0.2544921875 0.3326171875 0.2720703125 0.308203125 0.2837890625 0.3208984375 0.2984375 0.31796875 0.3072265625 0.3248046875 0.321875 0.3208984375 0.3443359375 0.3345703125 0.35703125 0.33359375 0.384375 0.3208984375 0.4078125 0.3091796875 0.4185546875 0.3130859375 0.446875 0.339453125 0.480078125 0.339453125 0.5171875 0.3345703125 0.5416015625 0.319921875 0.56875 0.3360641890625 0.56875 0.21597222187499998 0.562109375 0.20859375 0.5435546875 0.2037109375
11 0.101996528125 0 0.1109375 0.0201171875 0.1333984375 0.034765625 0.151953125 0.025 0.140234375 0.0748046875 0.165625 0.066015625 0.187109375 0.07578125 0.226171875 0.0640625 0.2427734375 0.0533203125 0.2896484375 0.08359375 0.3052734375 0.1060546875 0.3208984375 0.097265625 0.321875 0.097265625 0.3501953125 0.0416015625 0.355078125 0.0083984375 0.35563802031249997 0 0.101996528125 0
11 0 0 0 0.2993024546875 0.0142578125 0.32578125 0.038671875 0.362890625 0.05625 0.3912109375 0.0748046875 0.3951171875 0.08359375 0.3853515625 0.0962890625 0.36875 0.0875 0.3482421875 0.069921875 0.32578125 0.077734375 0.2984375 0.11875 0.253515625 0.128515625 0.18515625 0.0728515625 0.124609375 0.0767578125 0.108984375 0.058203125 0.0728515625 0.0474609375 0.0259765625 0.01661376875 0 0 0
18 0.8382472828124999 0.08184631718749999 0.8358318234375 0.052860809375 0.8310009062500001 0.048029890625 0.8044308578124999 0.043198973437499996 0.7718221625 0.048029890625 0.7669912437499999 0.0540685390625 0.7645757843750001 0.0745999390625 0.587039553125 0.09271588124999999 0.5822086359374999 0.09875452968750001 0.5893060421875 0.4 0.8490012625000001 0.4 0.8599864125 0.0963390703125 0.8382472828124999 0.08184631718749999
18 1 0.08033185937500001 0.9614356890625 0.0830540453125 0.884141003125 0.095131340625 0.8781023546875 0.12170138906250001 0.8702408125 0.4 1 0.4 1 0.08033185937500001
15 0.0591765875 0.603174603125 0.062896825 0.6143353171875 0.0728174609375 0.6292162703125 0.56875 0.5465608468750001 0.56875 0.5063489234375 0.061656745312500004 0.5882936515625 0.0591765875 0.603174603125
15 0.055456348437500004 0.659132125 0.055456348437500004 0.6665726015625 0.060416667187499995 0.67153291875 0.0678571421875 0.6888940296875 0.56875 0.618012965625 0.56875 0.5759444421875 0.0579365078125 0.64673133125 0.055456348437500004 0.659132125
15 0.0641369046875 0.8228202171874999 0.065376984375 0.827780534375 0.07157738125 0.8426614875 0.56875 0.7692155328125 0.56875 0.7254408546875 0.0703373015625 0.79677855 0.0641369046875 0.8228202171874999
15 0.11498015937499999 0.8611111109375 0.11498015937499999 0.8635912703124999 0.118700396875 0.88095238125 0.12490079375 0.8921130953124999 0.56875 0.81433380625 0.56875 0.7750816046875 0.1199404765625 0.8474702375 0.11498015937499999 0.8611111109375
15 0.12862103125 0.904665265625 0.12862103125 0.9059053453124999 0.127380953125 0.9071454250000001 0.1298611109375 0.9195462187500001 0.13730158750000002 0.9344271703125001 0.56875 0.8702039328125 0.56875 0.826198175 0.134821428125 0.8885442343750001 0.12862103125 0.904665265625
15 0.0988591265625 0.9727182546875 0.0988591265625 0.981398809375 0.10381944375 0.9987599203125 0.56875 0.9287138859375 0.56875 0.8874955921875 0.10009920624999999 0.956597221875 0.0988591265625 0.9727182546875
1 0.7366813421875 0.40728364062500005 0.7229224000000001 0.41553900625000006 0.7218216843749999 0.4221433 0.7168684640625 0.430398665625 0.7025591640625 0.44580868125000006 0.69045129375 0.46507120312500005 0.677793065625 0.4788301453125 0.670638415625 0.48323300781249995 0.670638415625 0.48653515468749997 0.6816455703125001 0.5008444546875 0.705861309375 0.52230840625 0.7608970828125 0.5575313015625001 0.8230875062499999 0.5509270093749999 0.8263896531249999 0.5437723578125 0.83684645 0.5333155609375 0.8544578968750001 0.525610553125 0.9012383046875 0.48323300781249995 0.9039900937500001 0.47993086093750004 0.9039900937500001 0.47332656875 0.8940836546875 0.460668340625 0.8924325812499999 0.44966118593750004 0.8841772156250001 0.4480101125 0.8770225640625 0.44360725156249997 0.8577600437499999 0.42104258437500003 0.8434507437500001 0.41113614531250003 0.8313428734375 0.4067332828125 0.8021739125 0.4056325671875 0.7900660421875 0.40122970625 0.7886826234375001 0.4 0.7541558625 0.4 0.754292790625 0.40178006406250005 0.7366813421875 0.40728364062500005
1 0.8395982390625001 0.4089347140625 0.8594111171875 0.423244015625 0.8671161250000001 0.4370029578125 0.8709686296875001 0.4381036734375 0.8792239953125 0.44635903906249996 0.8858282890625 0.45736619375 0.88802971875 0.4694740640625 0.893533296875 0.47387692656249997 0.9056411671875001 0.4777294296875 0.9056411671875001 0.481581934375 0.8929829390625 0.49148837343749996 0.89023115 0.5008444546875 0.879774353125 0.5019451703125 0.8731700609375 0.509099821875 0.8720693453124999 0.5146033984375 0.8632636218749999 0.518455903125 0.8533571828125 0.5283623421875 0.8715189875 0.5239594796875 0.9320583375 0.4986430234375 0.9337094109375 0.49534087812500005 0.9315079796875001 0.48323300781249995 0.9199504671875 0.44635903906249996 0.9205008250000001 0.4381036734375 0.91554760625 0.43645259999999997 0.902889378125 0.406182925 0.87372041875 0.405082209375 0.855783209375 0.4 0.8389181750000001 0.4 0.837947165625 0.4023304203125 0.8395982390625001 0.4089347140625
11 0.5957897640625001 0.595505984375 0.60954870625 0.597707415625 0.6189047875 0.6026606359375 0.62330765 0.6120167171875 0.6387176671875 0.6257756609375 0.6579801875 0.6340310265625 0.6761419921875 0.6384338875 0.6794441390625 0.6411856765625 0.684947715625 0.6538439046875 0.6888002203125 0.65659569375 0.6926527250000001 0.655494978125 0.6970555859374999 0.651092115625 0.7053109515625 0.6340310265625 0.7020088062500001 0.6114663593749999 0.7086130984375 0.5889016921875 0.71356631875 0.5459737890625 0.70476059375 0.5355169921875 0.7003577328125 0.5261609109375 0.6827462843750001 0.514053040625 0.6739405609375 0.5102005359375 0.6634837640625 0.5102005359375 0.653577325 0.5146033984375 0.6524766093750001 0.4986430234375 0.6607319765625 0.48653515468749997 0.6772427078125001 0.4782797875 0.689350578125 0.460668340625 0.696505228125 0.45571512031249994 0.7036598796875 0.441956178125 0.715217390625 0.42929795000000004 0.71356631875 0.425995803125 0.7108145296874999 0.425995803125 0.700908090625 0.42654616093750003 0.6854980734375 0.43425116875 0.6634837640625 0.4381036734375 0.645321959375 0.43865403125 0.6288112265625 0.44580868125000006 0.605696203125 0.451312259375 0.6007429828124999 0.45461440625 0.56875 0.4959218015625 0.56875 0.5095086484375 0.59799119375 0.48983730000000003 0.607347275 0.5250601953125 0.607347275 0.5294630578125 0.6040451296875 0.5327652031250001 0.5974408359375001 0.5333155609375 0.5886351125 0.5272616265625001 0.5787286734375 0.5327652031250001 0.56875 0.5356162531249999 0.56875 0.574340859375 0.5902861859375 0.5878009765625001 0.5957897640625001 0.595505984375