5 0 0.5984695140625 0.0090584265625 0.606782946875 0.0117413703125 0.6078125 0.0440879984375 0.6078125 0.0641482796875 0.6032056 0.12064556093750001 0.5811942953125 0.14248244062499998 0.5677452859375001 0.16613709375000002 0.5570792640625 0.19035483125 0.5323902453125 0.20978089687499998 0.5039821546875001 0.23310876875000003 0.47765253281250003 0.2472941890625 0.45805373125 0.264598178125 0.430848378125 0.2873635546875 0.385294671875 0.3093837328125 0.3295577328125 0.314267053125 0.3121328375 0.325 0.2471547046875 0.325 0.14364661875 0.32326031875 0.1411594703125 0.3153806265625 0.1379989640625 0.310829459375 0.1375 0.2970906640625 0.1375 0.282142628125 0.1412268515625 0.24453887500000002 0.141805078125 0.23354061406249998 0.1462511265625 0.222298546875 0.173834 0.1883222484375 0.20667550625 0.1690333578125 0.21999118750000002 0.14721894375 0.2530895171875 0.11633066562500001 0.285372459375 0.10469323593749999 0.3048379359375 0.09297224062500001 0.3187500703125 0.0788934484375 0.330304453125 0.0519605875 0.344020115625 0.0187145078125 0.373945309375 0 0.3817782578125 0 0.5984695140625
5 0 0.39283095 0.0210082625 0.38640848125 0.0293792 0.3818457125 0.0350187046875 0.371125771875 0.04651379375 0.3607226671875 0.0546875 0.349794528125 0.0546875 0.321510246875 0.05276273124999999 0.3144525953125 0.0546875 0.28954911875 0.0546875 0.2014957703125 0.054583134374999995 0.20098798437499998 0.0449308640625 0.1875479140625 0.0323389671875 0.16372810625 0.017888478125000003 0.1501230484375 0.013122432812500001 0.1426255171875 0 0.130396965625 0 0.39283095
5 0 0.629921690625 0.0834953203125 0.6421875 0.09761941406249999 0.6421875 0.1198328578125 0.62364333125 0.14516170625 0.5968761953125 0.1631713890625 0.5730989171875 0.1640625 0.571021071875 0.1640625 0.5605562 0.1550629015625 0.5597125265625 0.142193671875 0.5623951921875 0.0764425890625 0.594403084375 0.0551001125 0.6019386015625 0.0210402859375 0.6101465593750001 0.014100834375 0.6081108562499999 0 0.5929319515625 0 0.629921690625
5 0.40961666562500004 0.3967459203125 0.38988315625 0.3948947484375 0.37585425625 0.3984075046875 0.371325515625 0.40430515937499995 0.3699123734375 0.4227537609375 0.42913486562500003 0.4812457015625 0.41856470312500005 0.5260954 0.41988582656249995 0.5288075625 0.43608620625 0.5390625 0.4443339578125 0.5390625 0.44737825156250005 0.5358161906250001 0.4547402 0.532849803125 0.460506153125 0.52410655625 0.48931277812499996 0.4939988765625 0.5015625 0.4677901125 0.5015625 0.44429901562499996 0.4989055546875 0.44194951875 0.494629125 0.43124694531249996 0.4714438 0.427887303125 0.45399375937500003 0.42283799687499996 0.42241586875000003 0.4026337375 0.40961666562500004 0.3967459203125
5 0.09375 0.6357025125 0.09375 0.6471019171875 0.2957623796875 0.6765625 0.338990978125 0.6765625 0.3607744125 0.6459350515625 0.38230385 0.610528965625 0.397670903125 0.5804748625 0.4186597390625 0.5246752359375 0.428125 0.48906589218749996 0.428125 0.47586929375000003 0.42767669062499997 0.47494303125000004 0.3952037625 0.44103749687500005 0.3613430609375 0.4116175828125 0.34382070625 0.40124885312499997 0.3112141 0.3897220859375 0.2971153390625 0.3828125 0.275112584375 0.3828125 0.262487734375 0.41126498749999996 0.24437663125000003 0.44300247031250006 0.2036857625 0.49644973124999997 0.1478238875 0.577375234375 0.1099869796875 0.62082090625 0.09375 0.6357025125
17 1 0.6796875 1 0.52687421875 0.9985225640625 0.5255497359375 0.9826737968749999 0.521576734375 0.83071576875 0.5046875 0.8130776578125 0.5046875 0.7875883265625 0.50810830625 0.6924014749999999 0.5422328624999999 0.6609375 0.581798165625 0.6609375 0.6165739 0.6887851546875 0.6796875 1 0.6796875
0 1 0.0611335609375 0.88926154375 0.0330400390625 0.8515625 0.1155229625 0.8515625 0.1473148265625 0.8594296 0.1548547859375 0.97284399375 0.2109375 1 0.2109375 1 0.0611335609375
0 0.61875 0.5132536796875 0.6984375 0.43783701875 0.6984375 0.4296131890625 0.630870225 0.35675172499999996 0.6225977640625 0.3546875 0.61875 0.3546875 0.61875 0.5132536796875
0 0.61875 0.5842333328125 0.6623161828125 0.580703865625 0.6861981312500001 0.5500572375 0.7329365703125 0.5299154140625 0.7297246375 0.4956654109375 0.7036307953125001 0.43975582968750004 0.6953509296875 0.44086648906250003 0.61875 0.5108121265625 0.61875 0.5842333328125
0 0.7353264984375001 0.39991860625000003 0.73444511875 0.4060682875 0.746403028125 0.44728756406250003 0.7560558015625001 0.459261940625 0.760784728125 0.4715952234375 0.7760478109375 0.4897532015625 0.7854548203125 0.49211021875 0.8082858875 0.4914602453125 0.8286423218750001 0.48541233906250003 0.8378035656249999 0.478152 0.8373120328125001 0.45891728593750003 0.8292270921875 0.44733574843749996 0.8186929375 0.44151105625 0.8117351421875 0.43339719531250004 0.7850819484375 0.4267189796875 0.75166588125 0.39923470625 0.7389028578125 0.39762943906250003 0.7353264984375001 0.39991860625000003
6 0.7850819484375 0.4267189796875 0.8164386453125001 0.434575703125 0.8343712875 0.445439415625 0.8594566468749999 0.45172479687499995 0.8693043453125 0.45100697187499994 0.8921099921875 0.439202221875 0.90372045 0.4261850390625 0.9135173078125 0.40315766093749994 0.9143478437500001 0.374698428125 0.9049408343750001 0.37234140937500004 0.832676346875 0.389272696875 0.762174615625 0.393904625 0.7534540625 0.3980901234375 0.7601915124999999 0.4077414046875 0.7850819484375 0.4267189796875
17 1 0.21246062187499998 0.9914260515625 0.21085871250000002 0.9567387609375 0.2149085140625 0.61875 0.30112333125 0.61875 0.3451349796875 0.6428242375 0.3767412734375 0.734131534375 0.46491700937499997 0.739275728125 0.46302067812500003 0.7399113421875001 0.44725364218749997 0.724622840625 0.4179408859375 0.7263855984375 0.40564152499999995 0.7404706937500001 0.398022275 0.8494564203125 0.385513959375 1 0.351007471875 1 0.21246062187499998
12 0.6941306296875001 0.2000736640625 0.65082446875 0.252928071875 0.6472735296875001 0.266372015625 0.652248221875 0.2883226578125 0.7119954515625 0.2794034578125 0.8135572734375 0.2507013453125 0.853727765625 0.19706126562499998 0.8890506703125001 0.17724442812500002 0.8892455953124999 0.1645522296875 0.8529396265625 0.1458996421875 0.85599903125 0.1132209859375 0.8279983468750001 0.104612515625 0.7903957312500001 0.10633922343749999 0.7580135718750001 0.1396339296875 0.715758290625 0.162491684375 0.6941306296875001 0.2000736640625
12 0.61875 0 0.61875 0.1557042484375 0.6600281109375 0.16604687499999998 0.6909186968750001 0.1658236609375 0.722690665625 0.15945076875 0.75980175 0.138489346875 0.7830226671875 0.11245497812500001 0.7968365703125 0.08406359531249999 0.8021248484375001 0.0471655125 0.7956535140625001 0.008913576562500001 0.7600788421875 0 0.61875 0
12 1 0.35384202187499997 0.914788534375 0.3716235875 0.9117291281250001 0.40430224531250003 0.8934574828125001 0.44113247656250004 0.9037967140625 0.45964936874999995 0.9701881531250001 0.517692753125 1 0.5346472953125 1 0.35384202187499997
17 0 1 0.61875 1 0.61875 0.7551170421875 0.6113559734375 0.7002119875 0.6052273078125 0.695322421875 0.5953931578125 0.69375 0.5874352375 0.69375 0.49644234374999996 0.7058350296875 0.11311049843750001 0.7248922171875 0 0.734417675 0 1
6 0.61875 0.6796875 0.61875 0.8200254890625001 0.761431428125 0.8375 0.7914788171875 0.8375 0.7973408046875 0.83428903125 0.8092144265625001 0.8180841328125 0.81872145 0.7938666234375 0.8276522171874999 0.7630935453125 0.8296875 0.7429998703125 0.8296875 0.6796875 0.61875 0.6796875
6 0.61875 0.9640625 0.7555541828125 0.9640625 0.9477503875 0.9240184328125001 0.9562304875000001 0.9020907703125 0.9607703765625001 0.8945894421875 0.9706638250000001 0.8690071703125 0.9796875 0.8413013640625 0.9796875 0.7809312296875 0.9633818 0.764939928125 0.9525666109375 0.7546875 0.893448678125 0.7546875 0.8295171953124999 0.7572258171875 0.825427065625 0.7699209 0.8144201109375 0.8026202874999999 0.8095163109375001 0.8258949890625 0.7767517125 0.847049634375 0.61875 0.820705515625 0.61875 0.9640625