10 0.332366115625 0.4390625 0.334375 0.41244477343749997 0.334375 0.40402850468749996 0.29966459375 0.4001717921875 0.260397578125 0.396245090625 0.2545075265625 0.40475294375 0.2564708765625 0.4211142 0.2529516015625 0.4390625 0.332366115625 0.4390625
10 0 0.4390625 0.041886675 0.4390625 0.0477748703125 0.42610847500000004 0.0484375 0.40954270625 0.0484375 0.3925550453125 0.039921465625 0.3816058578125 0.021596857812500002 0.3737524546875 0 0.3732257015625 0 0.4390625
13 0.23303153281250003 0.4390625 0.228293184375 0.4334780171875 0.1959556421875 0.401910415625 0.183636578125 0.405760125 0.1659279234375 0.391901178125 0.1520689765625 0.39267111875 0.12743085 0.37573240625 0.09740313125 0.35186422031250003 0.0897037171875 0.35879369375 0.068915296875 0.37650234843749997 0.0835441859375 0.39498094375 0.0812343609375 0.402680359375 0.0897037171875 0.41191965625 0.09817307343750001 0.4165393046875 0.100482896875 0.43116819375000004 0.10596505468749999 0.4390625 0.23303153281250003 0.4390625
10 0.27019634843749996 0.3222724734375 0.26095704999999997 0.3299718875 0.2486379859375 0.337671303125 0.2486379859375 0.344600775 0.24324839687500002 0.35537995625 0.2340090984375 0.35153024843749997 0.2201501515625 0.3684689609375 0.21784032656250002 0.381557965625 0.20937097031250002 0.380018084375 0.18766447343749998 0.403125 0.1922461828125 0.403125 0.20937097031250002 0.3984966796875 0.230159390625 0.3977267390625 0.247098103125 0.4008065046875 0.26403681562500003 0.3931070890625 0.2825154125 0.3900273234375 0.3048437140625 0.38078802500000003 0.3379511984375 0.3730886109375 0.36258932499999996 0.36076954687499996 0.3864575109375 0.3561498984375 0.3918471015625 0.3584597234375 0.4 0.3362245484375 0.4 0.333700065625 0.39723669375 0.3191927078125 0.3826078046875 0.3007141109375 0.3664390328125 0.2899349296875 0.3518101453125 0.30302393437499997 0.32640207499999996 0.309953409375 0.27019634843749996 0.3222724734375
13 0.146883421875 0.26788164999999997 0.1137759375 0.301759075 0.0852881015625 0.32639720156249996 0.0775886875 0.344875796875 0.092217575 0.3548850359375 0.0945274 0.35411509531249996 0.095297340625 0.355654978125 0.1130059953125 0.36566421718750003 0.1291747671875 0.37798328125 0.153042953125 0.39338211093750003 0.1661319578125 0.3926121703125 0.17768108124999998 0.4026214078125 0.1865800953125 0.4078125 0.1870614171875 0.4078125 0.20770879843749998 0.378753221875 0.21848797812499998 0.383372871875 0.21848797812499998 0.3702838671875 0.233886809375 0.3518052703125 0.23850645781250002 0.355654978125 0.24851569687500003 0.347185621875 0.2492856390625 0.337946325 0.2562151125 0.330246909375 0.26237464374999997 0.333326675 0.26875 0.3248262 0.26875 0.3003567171875 0.265454409375 0.2848203609375 0.26468446874999996 0.27404118125 0.2331168671875 0.260952175 0.1961596765625 0.2432435203125 0.1715215484375 0.240933696875 0.146883421875 0.26788164999999997
13 0.42458029531249997 0.4390625 0.40653848750000005 0.3791637 0.392679540625 0.3614550453125 0.3734310046875 0.3576053375 0.3295443390625 0.3791637 0.3018264453125 0.38994288125 0.3049062125 0.4014920015625 0.3072160359375 0.4014920015625 0.335703871875 0.4045717671875 0.3329665125 0.4390625 0.42458029531249997 0.4390625
13 0.51875 0.28030189375000003 0.5000818078125 0.24940281562500002 0.45688808906249995 0.2114447 0.44118128125 0.20751799843750002 0.42547447656250004 0.22060700312499998 0.4176210734375 0.26641852187500004 0.445107984375 0.33055464843750004 0.4830661 0.3724394640625 0.5118619125 0.3946907734375 0.51875 0.398548103125 0.51875 0.28030189375000003
13 0.0232043515625 0.253857165625 0.0232043515625 0.277417375 0.03236665625 0.276108475 0.03236665625 0.28788857968750003 0.01927765 0.29377863125000003 0.0140420484375 0.317993290625 0.010769796875 0.35464250625 0.01927765 0.3710037625 0.03367555625 0.3762393640625 0.045626710937499995 0.3828125 0.049424284375 0.3828125 0.0690158703125 0.37820271562499996 0.071633671875 0.374276015625 0.09388497968750001 0.35398805625 0.0781781734375 0.34613465312499997 0.07948707499999999 0.3343545484375 0.09650278125 0.31537549062500003 0.12268079218750001 0.2898519296875 0.148858803125 0.26301946875 0.1640625 0.24477503281250002 0.1640625 0.24334386718749998 0.1292252953125 0.24207706093749998 0.06312581874999999 0.238150359375 0.0441467609375 0.24273151093749998 0.03236665625 0.24993046406250002 0.0225499015625 0.2466582125 0.0232043515625 0.253857165625
10 0.0761125640625 0.2003763078125 0.07022251093750001 0.23637107343750002 0.0911649203125 0.237679975 0.105562825 0.2409522265625 0.12409193437499999 0.2421875 0.165294503125 0.2421875 0.172971203125 0.2389888734375 0.189332459375 0.2383344234375 0.190625 0.227563246875 0.190625 0.22130235781250002 0.18409685781250001 0.21477421562500001 0.174280103125 0.218046465625 0.1690445015625 0.20953861406250002 0.15137434375 0.2043030109375 0.126505234375 0.199721859375 0.0761125640625 0.2003763078125
0 0.51875 0.2450941546875 0.519384765625 0.24580078125 0.535986328125 0.25361328125 0.549951171875 0.2546875 0.556591796875 0.2546875 0.572607421875 0.25068359375 0.581396484375 0.2462890625 0.607275390625 0.22529296875 0.620458984375 0.200390625 0.625 0.1745068359375 0.625 0.15079251875 0.619482421875 0.1359375 0.607763671875 0.1232421875 0.587744140625 0.1134765625 0.51875 0.07183144999999999 0.51875 0.2450941546875
0 0.51875 0.2427207546875 0.524267578125 0.247802734375 0.539892578125 0.254150390625 0.567724609375 0.258544921875 0.591650390625 0.265869140625 0.610205078125 0.268310546875 0.629248046875 0.263427734375 0.642431640625 0.257568359375 0.657568359375 0.247314453125 0.675146484375 0.229736328125 0.695654296875 0.191162109375 0.6984375 0.16730608281249998 0.6984375 0.158056640625 0.695654296875 0.141357421875 0.688330078125 0.129150390625 0.671728515625 0.119384765625 0.665380859375 0.117919921875 0.663427734375 0.121337890625 0.659521484375 0.121826171875 0.659521484375 0.123779296875 0.663916015625 0.125732421875 0.661962890625 0.127197265625 0.648779296875 0.123291015625 0.642431640625 0.103759765625 0.638037109375 0.099365234375 0.626318359375 0.095947265625 0.598974609375 0.104736328125 0.581884765625 0.107177734375 0.586767578125 0.114013671875 0.605322265625 0.122802734375 0.608740234375 0.126220703125 0.605810546875 0.139892578125 0.613134765625 0.151611328125 0.611181640625 0.168212890625 0.605322265625 0.177490234375 0.606298828125 0.184814453125 0.610693359375 0.188720703125 0.610693359375 0.192626953125 0.598974609375 0.216064453125 0.586767578125 0.229248046875 0.576025390625 0.236572265625 0.562841796875 0.241455078125 0.532568359375 0.237060546875 0.51875 0.23107259062500002 0.51875 0.2427207546875
0 0.5966614390625 0 0.59482421875 0.036376953125 0.59921875 0.062255859375 0.6080078125 0.078857421875 0.61923828125 0.090576171875 0.70908203125 0.141357421875 0.7545754828125 0.1578125 0.75615234375 0.1578125 0.77451171875 0.155517578125 0.78427734375 0.152099609375 0.790625 0.14892578125 0.790625 0 0.5966614390625 0
5 0.2823678875 1 0.2854166671875 0.9958333343749999 0.3072916671875 0.9546875 0.3161458328125 0.9317708343749999 0.31875 0.9191840265625 0.31875 0.900208334375 0.3166666671875 0.896875 0.3114583328125 0.8958333343749999 0.2765625 0.9109375 0.2557291671875 0.9239583343749999 0.24479166718749998 0.9333333343749999 0.221875 0.9380208343749998 0.2192708328125 0.940625 0.2182291671875 0.9489583343749999 0.209375 0.9567708343749999 0.20677083281250003 0.9635416671874999 0.1942708328125 0.96875 0.1895833328125 0.9770833343749998 0.1765625 0.9822916671874999 0.17353912656249998 1 0.2823678875 1
19 0.09275568125 1 0.0973958328125 0.9927083328125 0.0984375 0.9875 0.0994791671875 0.8984375 0.0947916671875 0.8427083328125 0.0916666671875 0.7546875 0.0973958328125 0.743229165625 0.09427083281250001 0.727604165625 0.0984375 0.721354165625 0.0984375 0.713541665625 0.0921875 0.6994791656249999 0.08541666718749999 0.6635416656249999 0.061979167187499996 0.5802083328125 0.058854167187499994 0.5708333328124999 0.05 0.5583333328125 0.0427083328125 0.5411458328125 0.03125 0.4984375 0.0276041671875 0.49479166562500004 0.029166667187500002 0.5458333328125 0.0270833328125 0.558854165625 0.0223958328125 0.5677083328125 0.0171875 0.5614583328125 0 0.5289583312499999 0 0.6138101375 0.0286458328125 0.7151041656249999 0.0473958328125 0.8239583328125001 0.050520832812500006 0.8223958328125001 0.053125 0.8260416656249999 0.053125 0.8317708328125001 0.0489583328125 0.8348958328125 0.050520832812500006 0.8442708328125 0.0447916671875 0.84375 0.0442708328125 0.8473958328125001 0.0442708328125 0.878125 0.0416666671875 0.8848958328125001 0.0442708328125 0.8932291656250001 0.0432291671875 0.8989583328125 0.0390625 0.8953125 0.040625 0.8848958328125001 0.0380208328125 0.8796875 0.0359375 0.8822916656250002 0.0338541671875 0.9203125 0.0270833328125 0.9380208328125 0.0239583328125 0.9953125 0.025967260937499997 1 0.09275568125 1
14 0.140625 0.7697916671874999 0.140625 0.7807291671875 0.1432291671875 0.8010416671874999 0.1526041671875 0.809375 0.1619791671875 0.8239583328125001 0.17239583281249998 0.8307291671874999 0.1765625 0.8369791671875 0.1833333328125 0.8416666671874999 0.1984375 0.8463541671874999 0.20677083281250003 0.8458333328125001 0.22291666718749997 0.8333333328125001 0.23697916718749998 0.8286458328125 0.28072916718749996 0.8057291671875 0.28854166718749996 0.7994791671874999 0.3057291671875 0.7942708328125001 0.31875 0.7864583328125001 0.3203125 0.7723958328125 0.3161458328125 0.721875 0.31875 0.7036458328125 0.3166666671875 0.6916666671874999 0.3114583328125 0.6864583328125 0.3125 0.6776041671874999 0.3161458328125 0.6786458328125 0.3177083328125 0.6828125 0.31979166718749996 0.6796875 0.3171875 0.6494791671875 0.31302083281250004 0.6354166671875 0.3010416671875 0.6317708328125 0.2953125 0.6171875 0.28958333281250004 0.6104166671875 0.2869791671875 0.6098958328124999 0.2671875 0.61875 0.259375 0.6265625 0.24895833281250002 0.6291666671875 0.2401041671875 0.6375 0.2286458328125 0.6421875 0.21458333281250003 0.6546875 0.1807291671875 0.6729166671875 0.1640625 0.6833333328125001 0.1541666671875 0.6921875 0.1416666671875 0.6984375 0.1375 0.7052083328125001 0.1359375 0.7098958328125 0.1369791671875 0.734375 0.1427083328125 0.7635416671874999 0.140625 0.7697916671874999
14 0.235416665625 0.84296875 0.219791665625 0.8638020828125 0.210416665625 0.8716145828125 0.20625 0.8705729156250002 0.20625 0.8674479156250001 0.2114583328125 0.8565104156250001 0.2114583328125 0.85078125 0.1755208328125 0.84765625 0.171875 0.8450520828125001 0.16666666562500002 0.83359375 0.153125 0.8158854156249999 0.146354165625 0.811197915625 0.146354165625 0.83671875 0.1598958328125 0.85234375 0.1708333328125 0.86953125 0.178125 0.8903645828125001 0.1796875 0.90234375 0.1786458328125 0.94296875 0.1848958328125 0.94296875 0.1912059296875 0.9484375 0.2031249953125 0.9484375 0.2052083328125 0.9481770828125 0.226041665625 0.9309895828125001 0.253125 0.9231770828125001 0.26666666562499997 0.9122395828125001 0.2848958328125 0.9059895828125001 0.3046875 0.8955729156250001 0.31302083281250004 0.88828125 0.3270833328125 0.8830729156250001 0.3375 0.876444128125 0.3375 0.8470407203124999 0.315625 0.8231770828125 0.309375 0.8059895828125001 0.271354165625 0.80546875 0.268229165625 0.81328125 0.269791665625 0.8205729156249999 0.235416665625 0.84296875
4 0.1739754109375 1 0.178125 0.9493750015625 0.178125 0.9153645828125001 0.17734375 0.8908854156250001 0.17317708437499998 0.87890625 0.170052084375 0.8596354156250001 0.1533854171875 0.81484375 0.15182291718750002 0.7986979156249999 0.14401041718750002 0.7815104156249999 0.13984375 0.7596354156249999 0.13671875 0.7106770828125001 0.1330729171875 0.7075520828125 0.10390625 0.7059895828125 0.10130208437499999 0.7065104156249999 0.0986979171875 0.7106770828125001 0.0908854171875 0.7591145828125001 0.0986979171875 0.8888020828125001 0.09921875 0.98671875 0.1018229171875 0.99296875 0.11119791718750001 0.9971354156250001 0.1148809546875 1 0.1739754109375 1
4 0 0.78774305625 0.01328125 0.79453125 0.0325520828125 0.8143229171874999 0.040190970312500005 0.8171875 0.040978421875 0.8171875 0.0421875 0.8138020812500001 0.0421875 0.7859375078124999 0.040885415625 0.7731770843750001 0.028385415625 0.71171875 0.020572915625 0.6846354171875 0.014322915624999998 0.6721354171874999 0.0028645828125 0.66796875 0 0.6641015640625 0 0.78774305625
11 0.148177084375 0.6174479171875 0.145052084375 0.613802084375 0.148177084375 0.6096354171875 0.15234375 0.5960937515625 0.15234375 0.5882812515625 0.14921875 0.579427084375 0.14348958437499998 0.571614584375 0.137239584375 0.568489584375 0.13046875 0.5611979171875 0.115364584375 0.5398437515625 0.0643229171875 0.5367187515625 0.04765625 0.5377604171875 0.04453125 0.538802084375 0.04453125 0.5414062515625 0.04921875 0.5565104171875 0.06015625 0.5742187515625 0.06901041718749999 0.5986979171875 0.07265625 0.6205729171875001 0.0877604171875 0.6716145843750001 0.09296875 0.7013020843750001 0.0955729171875 0.704427084375 0.1156249890625 0.70625 0.131656903125 0.70625 0.1408854171875 0.69921875 0.15755208437499998 0.69140625 0.21484375 0.6528645843750001 0.238802084375 0.6065104171875 0.2421875 0.5978050609375 0.2421875 0.5921354171875001 0.23984375 0.5893229171875001 0.221614584375 0.6033854171875 0.19296875 0.610677084375 0.184114584375 0.616927084375 0.163802084375 0.62109375 0.148177084375 0.6174479171875
18 0.81875 1 0.81875 0.96914249375 0.8186820656249999 0.9659495781250002 0.8053970406250001 0.80169836875 0.796942934375 0.7799592390625 0.7921120171875 0.7401041671874999 0.7860733703125 0.7316500609375 0.7836579109375 0.651939915625 0.780034721875 0.648316728125 0.7558801328125 0.648316728125 0.74017965 0.6205389484375 0.7184405203125 0.618123490625 0.6858318234375 0.6289930546875 0.66409269375 0.651939915625 0.5445274765625 0.6567708343750001 0.51875 0.68489171875 0.51875 0.8368508453124999 0.5312424515624999 0.8693312203125 0.589317465625 1 0.81875 1
18 0.8799841484375 1 0.8846656093749999 0.9531853874999999 0.8919119859375 0.9254076093750001 0.909375 0.7193440453125 0.909375 0.702498496875 0.906404740625 0.6609148546875 0.893119715625 0.6379679953124999 0.889496528125 0.619852053125 0.8580955609375 0.6126056765625 0.8363564312499999 0.619852053125 0.8291100546875001 0.6270984296875 0.8266945953124999 0.641591184375 0.8182404890624999 0.64762983125 0.8134095703125 0.67299215 0.8097863828125 0.670576690625 0.8109941125000001 0.639175725 0.78925498125 0.6403834546875 0.783216334375 0.645214371875 0.7989168171875 0.7841032609375 0.8049554640625001 0.8058423921875001 0.8170327593750001 0.9580163046875001 0.8161200703125001 1 0.8799841484375 1
18 1 1 1 0.8872337171875 0.9240300421875001 0.8899796203125 0.9034986406249998 0.8960182671875 0.894500221875 1 1 1
18 1 0.6083783765625 0.925347221875 0.6114130421875 0.9241394921874999 0.6307367140625 0.9120621984374999 0.6536835734374999 0.9217240328125001 0.741847825 0.9217240328125001 0.798611109375 0.916893115625 0.8432971 0.9096467374999999 0.8650362312500001 0.9120621984374999 0.8734903390625 0.96121680625 0.8765625 0.9728801749999999 0.8765625 1 0.8713135015625 1 0.6083783765625