6 0.030453507812500002 0 0.0074652765625 0.0717013890625 0 0.1304904421875 0 0.46754712343750005 0.0074652765625 0.47447916562500003 0.056770832812500005 0.49947916562500005 0.091666678125 0.503125 0.13416981875 0.503125 0.1505208328125 0.4967013890625 0.16510416562500002 0.4793402765625 0.1762152765625 0.45017361093749997 0.1845486109375 0.41614583281249995 0.1789930546875 0.380729165625 0.18663194375 0.33975694375 0.1935763875 0.27447916562499997 0.19635416562500002 0.1598958328125 0.1984375 0.136979153125 0.1984375 0.08642364218750001 0.19635416562500002 0.033506943750000004 0.19159175781249999 0 0.030453507812500002 0
6 0.20432374375 0 0.20329861093749999 0.013454862500000001 0.20329861093749999 0.06414930625000001 0.2338541671875 0.22039930624999998 0.2630208328125 0.3995659734375 0.2734375 0.42664930625 0.28177083281250004 0.43567708281249995 0.2907986109375 0.4398437515625 0.34293402500000003 0.45 0.3965277828125 0.45 0.419965278125 0.4460937515625 0.4407986109375 0.4349826390625 0.463715278125 0.41553819531249997 0.4713541671875 0.40164930625000006 0.471875 0.39019097343750003 0.471875 0.3849175359375 0.46649305625000004 0.3398437515625 0.43454861093749997 0.17526041718750002 0.4157986109375 0.10998263906250001 0.4046875 0.0287326390625 0.3959080828125 0 0.20432374375 0
15 0.559375 0 0.559375 0.0373798078125 0.565625 0.0453125 0.6052083328125 0.0734375 0.634375 0.11614583437499999 0.654166665625 0.1338541671875 0.7023353484375 0.165625 0.7075520921875 0.165625 0.7375 0.162101715625 0.7375 0.1588541703125 0.7208333328125 0.1088541671875 0.709375 0.09635416718749999 0.6864583328125 0.0421875 0.682291665625 0.038020834375 0.6729166656250001 0.0390625 0.663541665625 0.0276041671875 0.66875 0.0057291671875 0.6663836046875 0 0.559375 0
15 0.559375 0.225301534375 0.563368059375 0.2265625 0.5678472218749999 0.2265625 0.584375 0.211979165625 0.6239583343749999 0.1921875 0.630208334375 0.1828125 0.6359375 0.1532118109375 0.6359375 0.1493844671875 0.625 0.12552083281249998 0.6260416671875 0.10260416562500001 0.6083333343749999 0.07864583281250001 0.578125 0.0546875 0.5614583343749999 0.0546875 0.559375 0.056026785937500004 0.559375 0.225301534375
11 0.324402103125 0.5796875 0.31993723125 0.591226875 0.319374671875 0.6055380921875 0.3156152765625 0.6237617484375 0.3143256484375 0.6652189 0.302825653125 0.7549411546875 0.2980491140625 0.7726592265625 0.2970187359375 0.8027639171875001 0.304467 0.8191434640624999 0.3109172171875 0.8276119015625 0.3193385640625 0.836103334375 0.3393780921875 0.8491737624999999 0.3660955125 0.8588660859375 0.3980029875 0.8609375 0.4046104203125 0.8609375 0.4191896 0.8575106578125 0.43060583281250003 0.8512255328125 0.44342476875000003 0.8360698765624999 0.4509369453125 0.81492770625 0.46550671093749996 0.7578265609375 0.508994203125 0.6215744187500001 0.509375 0.61346629375 0.509375 0.5796875 0.324402103125 0.5796875
11 0 1 0.053409225000000005 1 0.0804958203125 0.9799534968749999 0.0929167140625 0.96627434375 0.10879369375 0.937330296875 0.11755654374999999 0.928051915625 0.12837277656249999 0.9123791765625 0.13445066562500002 0.8996134546875 0.1728949984375 0.846246865625 0.18471589375 0.823180096875 0.1875 0.806655896875 0.1875 0.7943050453125 0.185658153125 0.7762880109375 0.181545525 0.76587198125 0.1695359140625 0.7474643515625 0.16160734999999998 0.7389786671875 0.143602103125 0.7269194046875 0.135528125 0.7238629078125001 0.1047861984375 0.720541946875 0.0889033546875 0.72628124375 0.0809681734375 0.7331006984374999 0.0514894015625 0.7495431390625 0.027222654687499997 0.7704898375 0.0212901765625 0.7778263734374999 0 0.7929802718750001 0 1
13 0.298961671875 0.770853059375 0.30495144375 0.74129994375 0.30428828750000003 0.7309241578125001 0.2737483140625 0.7384673187499999 0.2673421546875 0.738392578125 0.24610187187500002 0.74505680625 0.24167194374999998 0.8067197 0.2381020203125 0.8279078625 0.23900532812500003 0.8343367171875 0.2464602078125 0.8354111249999999 0.2679215421875 0.8322054953125001 0.28809400625000003 0.8319471281249999 0.2882078421875 0.82602385625 0.2933758078125 0.8221344171875 0.2949679859375 0.81622839375 0.2998010640625 0.81480363125 0.2965983640625 0.7955113171875 0.298961671875 0.770853059375
13 0.1884772578125 0.7833881203124999 0.1912819140625 0.804156940625 0.196493940625 0.808661196875 0.22401993125000003 0.8233001218750001 0.23038202968750002 0.8149811640625 0.2377172109375 0.79877409375 0.2422536015625 0.7850029546874999 0.243131946875 0.775632584375 0.2374080421875 0.77852810625 0.22946037968750002 0.7774479484375 0.20597137812500002 0.7643372734375 0.1884082375 0.7591952015625 0.17466103125000002 0.7521227828125 0.17395967968749998 0.7565580484375001 0.1884772578125 0.7833881203124999
13 0.24613345 0.7455508906249999 0.25853524375000003 0.7392772640625 0.2840218421875 0.6911903828125 0.2908451453125 0.682383090625 0.30071401249999996 0.6518877984375 0.3003982234375 0.6469469484375 0.262542921875 0.6247817640625 0.24784173125 0.6181919328125 0.24518835156250002 0.6151986765624999 0.21365695156250003 0.5995255890625 0.207680415625 0.598468428125 0.1962891453125 0.620552778125 0.18673020468749998 0.63278416875 0.18463862656250002 0.6539895828125 0.167820140625 0.6913158265625 0.15620781875 0.7099415796875 0.148967371875 0.7276309046875 0.149220003125 0.7315835843749999 0.1863107953125 0.7571958656250001 0.20593979999999998 0.7638431890625 0.226345796875 0.7749430281249999 0.2333394734375 0.776505771875 0.24347345312500002 0.757862771875 0.24613345 0.7455508906249999
13 0.21169014375 0.5796875 0.2148004078125 0.6020075140625 0.2865878609375 0.638886359375 0.29993702187500004 0.647435284375 0.30022123125 0.6518820484375001 0.2898595828125 0.682371590625 0.2900490546875 0.6853361015624999 0.29451566875 0.6858819296875 0.31212948749999997 0.684112559375 0.3149539984375 0.6589659671875 0.30796047031249996 0.5796875 0.21169014375 0.5796875
9 0 0.772358846875 0.0051184734375 0.772855721875 0.025038306249999996 0.7686446734375 0.037376940625 0.7613828765624999 0.05545858125000001 0.743820034375 0.080072696875 0.728308271875 0.09045930468749999 0.71361795 0.0940732890625 0.7008234828125 0.09068111250000001 0.6785666609375001 0.0826137546875 0.660205025 0.0700291046875 0.6482090031250001 0.0530219 0.6440608484375 0.004792471875 0.6444855984375 0 0.6447511625 0 0.772358846875
6 0 0.5796875 0 0.6392053484375 0.0080840453125 0.6420554171874999 0.0819065375 0.6414355421875 0.155027675 0.6452509328125 0.1608463171875 0.64383766875 0.1649024046875 0.6379603921875 0.1746948765625 0.6370872046875 0.1847275 0.6322670890625 0.191980425 0.6224773734375 0.19522794375000002 0.6116534984374999 0.19668132656249998 0.595871521875 0.1945225578125 0.5796875 0 0.5796875
12 1 0.5796875 0.671283203125 0.5796875 0.6329655234375 0.6357524828125001 0.6299790515625 0.6421025390625 0.6291573390625 0.647173453125 0.6573891859375001 0.779234846875 0.6574586359375 0.7858204046875 0.6534166578125 0.7916699984375001 0.653561975 0.7962286640625 0.6575754171875 0.7987383453125 0.6672045843750001 0.79893555 0.6718563703125 0.80296135 0.671881584375 0.8090405531249999 0.6753166187499999 0.819406096875 0.6686168515625 0.8295773828125 0.6705097703125 0.8338725609375001 0.6761285890625001 0.8373861125 0.68108694375 0.83913036875 0.6862096390625 0.8398604421875 0.699817521875 0.8392745484375 0.7255037796874999 0.8350719968749999 0.7546821453125 0.8245164421875 0.765309971875 0.8216681546875 0.7693424375 0.8186049843750001 0.77668696875 0.80133736875 0.78209101875 0.793706696875 0.80645325 0.7801395265625001 0.8638936031250001 0.75143456875 0.880604971875 0.7371520546875 0.8926043828125 0.7297362625 0.9000119453125001 0.7276666546875 0.9025401140625 0.727651925 0.9039147937500001 0.728910446875 0.9044456406249999 0.7349867046874999 0.9024197812500001 0.749436965625 0.8999168234375 0.7555308984375 0.8993258093750001 0.7603471609375 0.900327565625 0.76312769375 0.9059558953125 0.763854821875 0.9325176140625 0.7523012859375 0.9928811781250001 0.7223127671875 1 0.7190953828125 1 0.5796875
12 1 0.85165255625 0.9161390578124999 0.9585880203125001 0.9137562046875001 0.963161415625 0.9017466265625 1 0.99127285 1 0.999435509375 0.997111890625 1 0.9969824671874999 1 0.85165255625
12 0.783591071875 0.8861547453125 0.84174518125 0.8974680234375001 0.8475157359375001 0.8969277890624999 0.850372590625 0.8948846953124999 0.8623753265625 0.8730304249999999 0.8707185171875 0.8527173156250001 0.8833281984375001 0.8146479093749999 0.8935928437499999 0.7902707031249999 0.9011207406249999 0.76641605625 0.9028778546874999 0.7633661421875 0.9044454125 0.755251209375 0.9041578687499999 0.751959903125 0.9029917703125001 0.7501935515625 0.896933675 0.7474424796875 0.8887550531249999 0.746476903125 0.8806870281249999 0.746777215625 0.8657613093750001 0.7496505421874999 0.7821668859375001 0.7916798015625 0.7709699328124999 0.819862034375 0.76689941875 0.8340709015625001 0.7568747531250001 0.8756715359375 0.755231328125 0.8858133625000001 0.7562994406250001 0.8893534265625 0.768086946875 0.896883940625 0.7698566671875 0.8968736281249999 0.7710101578125 0.8956003765624999 0.7742810796875 0.8867155999999999 0.7761930234375 0.8854379296874999 0.783591071875 0.8861547453125