17 0 0.3796875 0.17985200625 0.3796875 0.166340803125 0.20468149531250002 0.163114734375 0.0923361171875 0.1575326265625 0.0859375 0.1224858015625 0.0859375 0.120027146875 0.08600900156249999 0 0.094798859375 0 0.3796875
17 0.259375 0.3796875 0.259375 0.0890625 0.1832449359375 0.0890625 0.18125 0.0911247015625 0.18125 0.1434105875 0.1868275578125 0.2058060796875 0.19438750625 0.3796875 0.259375 0.3796875
17 0.259375 0 0.21473681875 0 0.2015625 0.064077640625 0.2015625 0.0755940203125 0.20379103125000003 0.103125 0.259375 0.103125 0.259375 0
17 0.13871883125 0 0.1359692234375 0.000080690625 0 0.012203154687499999 0 0.0953125 0.026091468750000003 0.0953125 0.1578125 0.08009612499999999 0.1578125 0.013612853125 0.1571545171875 0 0.13871883125 0
4 0.3031201015625 0.3796875 0.29916180937500003 0.35579022656250003 0.2966299796875 0.334772903125 0.4365135171875 0.261530715625 0.45803405937499997 0.23923961718750003 0.4738579890625 0.2405133921875 0.472592075 0.2513404984375 0.5301911796875001 0.23223384062500002 0.57133339375 0.2258649546875 0.6232358828125 0.22459117812499999 0.6371609421875 0.1997525234375 0.6548837421875 0.1901991953125 0.671973584375 0.1889254171875 0.6814679421875 0.1755507578125 0.7086851015625 0.1774614234375 0.7086851015625 0.1710925375 0.7175465015625 0.1710925375 0.734636346875 0.155170321875 0.7390670453125 0.1430694390625 0.7578125 0.13291303906250002 0.7578125 0.1103839078125 0.7527066515625 0.084375 0.74222144375 0.084375 0.69476004375 0.10931434531249999 0.640325728125 0.11632011874999999 0.57006748125 0.1449801046875 0.49791036250000004 0.1742769796875 0.4719591171875 0.1736400921875 0.445374915625 0.19911563593749998 0.2852367515625 0.2914644796875 0.268779865625 0.3048391390625 0.259375 0.2941929484375 0.259375 0.3552501328125 0.261817334375 0.3570640046875 0.2989156765625 0.3796875 0.3031201015625 0.3796875
4 0.45986046406250003 0.3796875 0.43683094843750003 0.23113166093749998 0.4266519671875 0.1609375 0.4223838953125 0.1609375 0.30338955156249997 0.1878086015625 0.30854670625 0.19750779375 0.2734375 0.19750779375 0.2734375 0.20225799375000003 0.27953770625 0.21496634062500003 0.2788930625 0.2369511765625 0.287918084375 0.27768778437499997 0.3021002625 0.35592793437500003 0.3081480671875 0.3796875 0.45986046406250003 0.3796875
4 0.259375 0 0.259375 0.2703125 0.260978453125 0.2703125 0.2853160890625 0.25913342968749997 0.28214611093749997 0.2288470875 0.2764401515625 0.21622777656249997 0.2758061546875 0.2029775015625 0.3423756890625 0.1865723984375 0.384853390625 0.173953090625 0.4152851796875 0.1562860546875 0.45839687656250006 0.1297855046875 0.47614875312499993 0.11842812656249999 0.5053125484375001 0.1146423328125 0.5230644234375 0.1077017125 0.5275023921875001 0.096344334375 0.5408162984375 0.0824630921875 0.5547642015625 0.06921281875 0.5553981968749999 0.0547006125 0.566176121875 0.04586709375 0.5966079078125001 0.0439741984375 0.6125 0.0439741984375 0.6125 0.0234995828125 0.6005002390625 0 0.259375 0
10 0.69437245 0.3796875 0.6970631296875001 0.346687878125 0.7035659843750001 0.3267494359375 0.7035659843750001 0.300379240625 0.7146208390625 0.2772249234375 0.7234375 0.24372075781250002 0.7234375 0.195609621875 0.7154524015625 0.18125 0.6770476203125 0.18125 0.6697511390625001 0.18846670625 0.656095140625 0.18910988125 0.637887146875 0.1961848125 0.6268322921875 0.2103346734375 0.621630009375 0.2296299375 0.5890625 0.28450866406249997 0.5890625 0.292082146875 0.6274825796875 0.34154247187500003 0.65775536875 0.3796875 0.69437245 0.3796875
4 0.5930573859375 0 0.6144098453125 0.01502015625 0.6443436421875 0.0492707984375 0.6905458062500001 0.0932150203125 0.70946441875 0.096875 0.7328125 0.096875 0.7328125 0.0641471328125 0.71982886875 0.028591165624999998 0.708766378125 0.011142725000000001 0.6889352375 0 0.5930573859375 0
2 0.259375 1 0.259375 0.9359058843749999 0.242167409375 0.9233759171875 0.209066071875 0.9277648375 0.1601802046875 0.9109375 0.09661926875 0.9109375 0.07615030625 0.9218443031250001 0.0528049171875 0.9590319140624999 0.0416381703125 1 0.259375 1
2 0 0.9209654125 0.0028515515625 0.921875 0.043954421875 0.921875 0.068609809375 0.9107583171875 0.1078125 0.8804419515624999 0.1078125 0.8381351234375 0.10768275468749999 0.8367406468749999 0.0798814109375 0.8554868390625 0.04169774375 0.8684956984374999 0.010746651562499999 0.8710306796874999 0 0.8683985468750001 0 0.9209654125
2 0 0.8671875 0.06331214375000001 0.8671875 0.09226395 0.857664725 0.115625 0.8300167953125002 0.115625 0.7895710968749999 0.10622365 0.7890075703125 0.099829021875 0.8114715828125 0.090326609375 0.8189937546875001 0.0841564609375 0.8076762375000002 0.08363806093750001 0.7840838703124999 0.06265047500000001 0.741891078125 0.0412807484375 0.7318044171875 0.0139439546875 0.7306418031249999 0.0073008281250000005 0.714298084375 0 0.7097740187499999 0 0.8671875
2 0.259375 0.75546725625 0.22975211406249998 0.7631334328125 0.20243879531250003 0.7798357890625 0.19511745625000002 0.8045475734374999 0.18268101718750002 0.8087801203125 0.1772057578125 0.8188731984375 0.1842525515625 0.8600921265625001 0.204287340625 0.8857807546875 0.2269991734375 0.9 0.259375 0.9 0.259375 0.75546725625
2 0.259375 0.3796875 0.2100307171875 0.3796875 0.212223246875 0.3915029375 0.219714215625 0.40361739218750003 0.228046671875 0.4077092609375 0.233664896875 0.416795103125 0.24845707031250003 0.42195022812499994 0.2563475625 0.42130586875000003 0.259375 0.41921651249999997 0.259375 0.3796875
2 0.259375 0.44316160625 0.24203979531250003 0.4383820125 0.20416543593749997 0.44147493125 0.165744228125 0.4557479203125 0.14428258124999999 0.48136213593750005 0.1467446109375 0.49070571874999996 0.164251015625 0.4908668734375 0.177907053125 0.5008871 0.20984854687499999 0.536457234375 0.2102905125 0.5411934609375 0.1857775484375 0.5511491203125 0.18108569375 0.5690307765625 0.162632921875 0.5928085046875 0.15453266875 0.6252854609374999 0.1658115625 0.6609521828125 0.20579087031249998 0.6974567031250001 0.22915423437500002 0.7162487921875 0.259375 0.7256911984375 0.259375 0.44316160625
2 0.1185510484375 0.5805006125000001 0.17344740625 0.5553375796875 0.20309419062499998 0.5322364937499999 0.171300015625 0.4982451015625 0.1438830578125 0.49412094843750004 0.143545971875 0.473468421875 0.1698892390625 0.4490463375 0.1325617234375 0.44095918437500004 0.05700276562499999 0.46621880625 0.0393290421875 0.5153852890625 0.0368045734375 0.53945304375 0.0476415015625 0.5703835374999999 0.0952590984375 0.6205812546875 0.1252429671875 0.61813269375 0.1185510484375 0.5805006125000001
2 0.20720165000000001 0.7466554671875001 0.2033712828125 0.705608159375 0.185969759375 0.6895307046875001 0.1763538484375 0.6887251921875001 0.16970436875 0.6685881531250001 0.1567849375 0.6664616421874999 0.15747910468749998 0.6568603125 0.1353008453125 0.6236744328125 0.115774378125 0.6189059218749999 0.0857905109375 0.6213544828125 0.0705988109375 0.6289581703125 0.025950095312499998 0.6787367296875 0.0128209046875 0.7084428125000001 0.0192806203125 0.7095060703125 0.0410369109375 0.6870493390625001 0.050695265625 0.70534989375 0.06706553750000001 0.7103761484375 0.076197040625 0.6889503921875 0.093661003125 0.67161650625 0.117332478125 0.66968343125 0.1307363171875 0.6940412109375 0.15125159531250001 0.69236588125 0.1489793296875 0.70209608125 0.133640309375 0.7081210234374999 0.134818884375 0.720750965625 0.12751768125000001 0.7277102953125001 0.14412015625000002 0.7693053734374999 0.16640329843749999 0.7865749546874999 0.190074771875 0.7846418796875 0.1916104296875 0.767017965625 0.20720165000000001 0.7466554671875001
2 0 0.6375728390625 0.0004541703125 0.63839816875 0.016178565625 0.6137827343750001 0.037219878125 0.6120644453125 0.0391974984375 0.5991767593749999 0.0467583875 0.60068035 0.0555111796875 0.5808762921875 0.0427598859375 0.569191409375 0.03744296875 0.5462942609375 0.03718995 0.52086255 0.047429293750000004 0.48290833437499997 0.0452968671875 0.471416803125 0.027075485937499998 0.4919940890625 0 0.49678644843750003 0 0.5040637671875 0.014703714062500001 0.5184567734375001 0 0.5205342015625 0 0.6375728390625
2 0.17991283125 0.8347857031250001 0.154831390625 0.8272892796875 0.13805493124999998 0.8519906328125 0.132233609375 0.85776859375 0.10896165937499999 0.8469428546875001 0.1203529140625 0.8894937531250001 0.1429939515625 0.9162787453125001 0.2016715703125 0.9316367734375 0.229025275 0.929403 0.234888221875 0.9013508140625 0.22013100937500002 0.890890253125 0.197321834375 0.8736636296875 0.179281915625 0.8507449578124999 0.17991283125 0.8347857031250001
2 0.0964884125 0.7132759765625 0.0892355 0.6809922859374999 0.0772565875 0.7116649515625 0.08861955 0.7425524875 0.0849306546875 0.7598219828125 0.08110191875 0.7983132078125 0.078801359375 0.796380046875 0.079418940625 0.8143583781250001 0.091749084375 0.8101699171875001 0.098762309375 0.7830843109375001 0.10125930000000001 0.7871224625 0.116647425 0.781623765625 0.11948068281249999 0.7665451765625 0.10196013125 0.7605523421875 0.111428721875 0.7597791125000001 0.134644084375 0.7472781312500001 0.1130834078125 0.73207058125 0.1197603625 0.724101715625 0.131234871875 0.7221041625 0.1288078015625 0.7074551421875 0.1456408515625 0.7060805125 0.1486705375 0.693106915625 0.1339416203125 0.694309715625 0.12076917031250001 0.6667514921875 0.10202842187500001 0.6704029421875 0.1063914875 0.6944385015625001 0.0964884125 0.7132759765625
3 0.5611571140625 1 0.6228970953124999 0.975548428125 0.677361446875 0.946388425 0.7325858625 0.9060506859374999 0.7932460578125 0.8698111781249999 0.8218519078125001 0.8501564359374999 0.8418304562500001 0.834008921875 0.8421875 0.8335647500000001 0.8421875 0.823302403125 0.8024470687499999 0.8195453703125001 0.788664784375 0.8067572515624999 0.789845621875 0.7991399671875 0.788384409375 0.7970982421875 0.781826290625 0.7980762328125001 0.7764022125000001 0.7934697890625 0.757464521875 0.7862424484375 0.699891390625 0.7757381624999999 0.6815804140624999 0.76875 0.61574004375 0.76875 0.556069078125 0.7774336140625 0.518368775 0.7772118625 0.491002265625 0.7867082515625 0.43864261562499995 0.7899582484375001 0.4328125 0.791680253125 0.4328125 0.8180794875 0.44043016093750004 0.8433383828124998 0.44386569531250003 0.9124849546875 0.4536604546875 0.9892931624999999 0.45703017968750004 1 0.5611571140625 1
3 0.483776434375 0.41695484687500006 0.47708242343750007 0.417427953125 0.47029270156249997 0.42199558281250005 0.463323528125 0.4342404421875 0.4607530796875 0.456236590625 0.46557010000000004 0.4700853828125 0.47406889375 0.480372309375 0.47596938125 0.4870378203125 0.4678286359375 0.5054185078125 0.46662117500000005 0.5130897828125 0.4504836765625 0.5216983374999999 0.4436580671875 0.5278014125 0.43329424687499996 0.5313245656250001 0.41739602031250006 0.5296968125 0.41137196875 0.501508259375 0.4010205421875 0.482508559375 0.38496722031249997 0.4655233671875 0.3697145984375 0.458268621875 0.351724465625 0.45816440468749997 0.3397588171875 0.4642377046875 0.3359375 0.47002688125000003 0.3359375 0.5009595265625 0.3392319921875 0.508768615625 0.35128095468750004 0.52112365 0.3608795359375 0.5283456390625 0.3894125125 0.5392605109375 0.39853298125 0.5449440796875 0.4016161421875 0.5889840203125 0.4079751765625 0.60284174375 0.43196543125 0.6321581484375 0.472571296875 0.6544044203125 0.4842374265625001 0.68313754375 0.4945888546875 0.70213724375 0.509040346875 0.7216725796875 0.5241972609375 0.7330218484375 0.5643250140625 0.7537296953125 0.5657804453124999 0.7546875 0.598852796875 0.7546875 0.6059717109375 0.7314480328125 0.6171875 0.7049399796875 0.6171875 0.5918623984375 0.6118445343750001 0.5461798046874999 0.5743115859375 0.4804411359375 0.5699966046875 0.46710713750000005 0.5801933640625 0.44873836093749997 0.5938445890625 0.43653221093749994 0.6171875 0.4291441 0.6171875 0.4287469828125 0.6125879953125001 0.4264030984375 0.605129171875 0.41561031249999997 0.59702475 0.41044451718749997 0.58324235625 0.4062695953125 0.5827689203124999 0.40625 0.5654609953125 0.40625 0.5513143046875 0.408644059375 0.5393845484374999 0.4131819109375 0.5232470499999999 0.421790465625 0.5043959734375 0.436525915625 0.4939249109375 0.42264436875 0.483776434375 0.41695484687500006
3 0.5483988249999999 0.3796875 0.5457483078124999 0.3836491171875 0.5491191921875 0.3891991640625 0.58218944375 0.4074919046875 0.6338695796875 0.44248450000000006 0.66303420625 0.456732334375 0.6978827640625 0.48458785468750004 0.7299068046875 0.5048854984375 0.7671498421875 0.5372798421875 0.796209765625 0.556051871875 0.8318257375 0.5723484796875 0.841438975 0.5673771578125 0.8544347328124999 0.5674531953125 0.8673606890624999 0.5705453671875 0.8871214859375 0.5807161234375 0.903539403125 0.5921875 0.9341556640625001 0.5921875 0.9364773625 0.5865352312500001 0.9472764156250001 0.573526740625 0.9515625 0.5614625953125 0.9515625 0.450866034375 0.9052236593749999 0.40334890156250003 0.8872429687500001 0.3796875 0.5483988249999999 0.3796875
3 0.577832059375 0.40541152656249996 0.590746515625 0.4116945546875 0.594804240625 0.4168917859375 0.5708213640625 0.4369316578125 0.5605185453124999 0.45291125781249997 0.559813740625 0.46066797968749995 0.564685265625 0.475700228125 0.590853765625 0.518276603125 0.6007792078125 0.540581365625 0.6117486062499999 0.6073873 0.686611109375 0.6455877359375 0.7238723484375 0.6608065796875 0.7524349265625 0.6682145296875 0.7699903203125 0.677111221875 0.785524184375 0.6828125 0.8273171874999999 0.6828125 0.8305174703125001 0.6805642359374999 0.8488996968750001 0.65428346875 0.8671875 0.61924349375 0.8671875 0.55424788125 0.8658983796874999 0.5534912109375 0.8460587796875 0.552859528125 0.82737344375 0.547578025 0.7973652140625 0.53498789375 0.76857204375 0.515161359375 0.7019713390625 0.45890002812499997 0.6710763515625 0.43957877500000003 0.6524518125000001 0.43171069375000004 0.6072935546875 0.41903328125000006 0.605787109375 0.4164376734375 0.6110842125 0.4133638765625 0.605872225 0.412816465625 0.5983515859375 0.4046875 0.5276846453124999 0.4046875 0.5118497328125 0.4117574125 0.5015625 0.421654609375 0.5015625 0.433039415625 0.5338154718749999 0.4108491859375 0.5496216640625 0.40524900625000004 0.577832059375 0.40541152656249996
3 0.5859375 0.73643500625 0.5859375 0.7553888296875 0.607222675 0.7598895890625 0.6248843390625 0.7666279921875001 0.6640077515625 0.7699186828125001 0.6842145125 0.7766719328125 0.7571578890625 0.7924098359375 0.8365645 0.8148208203125 0.8845960234374999 0.81875 0.9019224296874999 0.81875 0.9041930031250001 0.81827778125 0.9044303796875 0.7861230734375 0.9077806875000001 0.7733822640625 0.9367012921875 0.71179084375 0.9421875 0.696855015625 0.9421875 0.6697511453125 0.891222121875 0.653338353125 0.8761055562500001 0.6466147937500001 0.8400836500000001 0.6413005359375 0.8301397875 0.6529820609375 0.8216281999999999 0.6687552515625 0.8143360625 0.675858515625 0.808168590625 0.678374609375 0.79037660625 0.6772500031249999 0.7424344203125 0.6591058609375 0.7014763359375 0.6471274265625 0.6280864828125 0.6109375 0.6095002390625 0.6109375 0.6088707624999999 0.623108209375 0.6116282640625 0.6578324578125001 0.610325884375 0.6700748 0.59094675 0.715388621875 0.5885907875 0.7291560625 0.5859375 0.73643500625
3 1 0.62098291875 0.9761296265624999 0.6228270171875 0.9055687359375 0.6224191296875 0.86450870625 0.6252752796875 0.8436709718750001 0.6287639109375001 0.840625 0.6355586484375 0.840625 0.6394858046875 0.8443946578125001 0.642173278125 0.8892068250000001 0.6563530875 0.9133503203124999 0.66680433125 0.9448298921875 0.674204478125 0.950428340625 0.6788770968750001 0.9328717828125 0.7195067390625 0.9165944015624999 0.7498320984375 0.903972984375 0.7791474218750001 0.9022232765624999 0.7873866515625 0.9042623703124999 0.788945190625 0.9395307390625 0.7896646484375001 0.94994356875 0.7881780875 0.95969265625 0.7928747 1 0.795305309375 1 0.62098291875
3 1 0.4142561390625 0.9839503109375001 0.4126993203125 0.9626417296875001 0.4145548296875 0.9240954828125 0.4133406328125 0.9195876359374999 0.41578884531250004 0.9213353640624999 0.42569685 0.9377102640625001 0.4445980609375 0.9345592515625001 0.45249798124999996 0.92148415625 0.46182479843749996 0.9152972218750002 0.4726763921875 0.894620815625 0.4898772171875 0.8899863703124999 0.4977685015625 0.8813730843750001 0.5066264031250001 0.8703564625 0.5125009609375 0.863146046875 0.5248312703125 0.8570857125 0.5302397953125 0.8487021968749999 0.5504815375 0.8534513203125 0.55892234375 0.8655715734375 0.5693856296875 0.8738276640624999 0.59714761875 0.8785767859375 0.6055884234375 0.8960327140625001 0.6205367953125001 0.91783204375 0.6234375 0.9471057453124999 0.6234375 0.9568189531249999 0.6223753609375 0.9774981421875001 0.6234375 1 0.6234375 1 0.4142561390625