17 0.3434948078125 0 0.1911684703125 0.032927921875 0.1779151234375 0.03810409375 0.1713981015625 0.0462505171875 0.1660586328125 0.057671154687500004 0.1350117125 0.31176709062499997 0.1687496921875 0.3971710625 0.1708186578125 0.4 0.22675431875 0.4 0.2844981875 0.385945240625 0.32944755468750003 0.37959234375 0.4296875 0.3338788046875 0.4296875 0.1318496046875 0.3826861046875 0.0148881140625 0.379655109375 0 0.3434948078125 0
8 0.8242762109375 0.4 0.8693435874999998 0.3068472484375 0.862475946875 0.2930638734375 0.88248314375 0.292992409375 0.8953125 0.2671821390625 0.8953125 0.2630554234375 0.820956484375 0.220382234375 0.7736667265625 0.2284027015625 0.7701545546874999 0.20242389374999997 0.6960527671875 0.16018188125 0.6780211671874999 0.1748664234375 0.6843556796875 0.197044746875 0.6622787812500001 0.194145425 0.652620096875 0.2090708046875 0.6160552781249999 0.1853760015625 0.59858810625 0.2165738671875 0.591375340625 0.2742679484375 0.6143302859374999 0.28366196875 0.641236421875 0.3222821515625 0.6809684984375 0.3570661171875 0.7099130375 0.3737488125 0.7289052421875001 0.4 0.8242762109375 0.4
8 1 0.12065595468750001 0.9869395437499999 0.10190940781249999 0.9242838234375 0.0826396890625 0.8795342984375001 0.035419456249999995 0.8047111734375001 0.0248569828125 0.787683021875 0.059302198437499995 0.7868675765625 0.102624034375 0.7700589359375 0.138692928125 0.777679215625 0.1457050328125 0.7586754671875 0.165537171875 0.7714073015625 0.1733432515625 0.7681772375 0.1988046546875 0.7741109734375 0.21875 0.77788475625 0.21875 0.805275184375 0.2141045125 0.8229931687500001 0.20943858906249999 0.8289514656250001 0.19181899687499998 0.821738909375 0.163145971875 0.8501190234374999 0.16331534375 0.8506206437500001 0.2163792328125 0.9086666390625 0.20155176562500002 0.9828940375 0.1706926453125 1 0.15660630312499998 1 0.12065595468750001
8 0.5900647390625 0.287436084375 0.58862226875 0.264428059375 0.5905665671875 0.2541328703125 0.5929185859375 0.2221767640625 0.5388239968749999 0.1798632875 0.5244927796875001 0.197242046875 0.53408865625 0.2188672328125 0.5550993 0.23855644531250003 0.5408934921874999 0.26920117499999996 0.5426808765625 0.3070988484375 0.5609319875 0.29403798124999997 0.5900647390625 0.287436084375
3 0.52012796875 0.195802390625 0.5261234609375001 0.1969654796875 0.537632334375 0.18338720625 0.572127659375 0.117744125 0.56350393125 0.09097134375 0.58329161875 0.08927620625 0.596399875 0.0505130984375 0.5618106515625 0.0414313734375 0.4995939546875 0.025409006249999998 0.502800334375 0.06763350312500001 0.52012796875 0.195802390625
5 0.39490316718749996 1 0.3971177796875 0.9894158984375 0.4198982125 0.9621978296875 0.42263414218750006 0.9287086015625 0.41418796406249997 0.8883077374999999 0.375466803125 0.8230756484375 0.35054496562500004 0.8046123484375001 0.2952589875 0.7803824484375 0.2874671734375 0.76791845 0.25166073437500003 0.7748485421875 0.22379485781250003 0.8103951453124999 0.2181446875 0.9155028390624999 0.22266515937500003 0.9320631374999999 0.247914059375 0.9285497078125001 0.278664615625 0.8756663953124999 0.30486514374999996 0.8605045375 0.33130381875000003 0.9143208999999999 0.329013903125 0.9243773453124999 0.3063226234375 0.9325307921875 0.30150488750000004 0.9555557875 0.3497425703125 0.9761939406250001 0.35555855468750003 1 0.39490316718749996 1
18 0.335153965625 1 0.3375 0.9589535156250001 0.3375 0.9430137234375 0.3176335515625 0.9101813937500001 0.31323203125 0.8921650421875 0.301574109375 0.8910776140625 0.2901838921875 0.904686646875 0.2627640328125 0.9168004671875 0.22392415781250002 0.9249147578125001 0.2131585078125 0.9488520906249999 0.20897993593750003 1 0.335153965625 1
18 0.4296875 0.7698007796875 0.427411746875 0.7755923046875 0.417448971875 0.7717286999999999 0.414861553125 0.749480115625 0.4037983984375 0.7411124203125 0.3853598875 0.7511297062500001 0.371114546875 0.7277936953124999 0.363114625 0.7358503734375 0.3459846015625 0.729851071875 0.34176163125 0.7455958015624999 0.34711478125 0.751963728125 0.34910743125 0.7814925781250001 0.339888175 0.7865012218749999 0.3374793078125 0.79801371875 0.3559476171875 0.8056050015625 0.3830702140625 0.833076475 0.38827460937499997 0.8232918874999999 0.393984615625 0.8252916546875 0.39779136875 0.850588275 0.40983595 0.8649161109375001 0.4184604375 0.8671877343750001 0.428928825 0.88283569375 0.4296875 0.8830833421875 0.4296875 0.7698007796875
18 0.363114625 0.7358503734375 0.3712335 0.726337640625 0.37218512812500004 0.7146892140625 0.3675457015625 0.69958496875 0.34577625312500004 0.678481421875 0.3180886859375 0.67589878125 0.298549796875 0.6814119796875 0.2800221296875 0.710493884375 0.286862315625 0.7346063078125 0.269999996875 0.7433034671875001 0.2632194078125 0.7544081796875 0.2653012140625 0.7648724109374999 0.3018213765625 0.7492059984375 0.3191893078125 0.7522931953125 0.34544943125 0.7723484734375 0.34857201875 0.7520996578125001 0.344051546875 0.7355393546875 0.3487801296875 0.7315789828125 0.363114625 0.7358503734375
0 0.5407714609375 0.5887901453125 0.506627609375 0.5931880796875 0.48767906875 0.6080022953124999 0.475 0.6281841968749999 0.475 0.6295745937499999 0.47655611875000004 0.6452531078125 0.4948094875 0.6632531609375001 0.79297564375 0.7506993671875 0.8830990249999999 0.7827239 0.913922709375 0.8046875 0.9202976859374999 0.8046875 0.9231272718749999 0.8044316 0.9390625 0.7612909562500001 0.9390625 0.759239634375 0.9352720968749999 0.7509310140625 0.9390625 0.70684308125 0.9390625 0.70640510625 0.9226523593749999 0.6669186703125 0.7621367203125 0.6390768 0.709834478125 0.6529772671874999 0.6861525890625 0.6433284890625 0.6700379546875 0.6203314750000001 0.5407714609375 0.5887901453125
12 0.4296875 0.4 0.4296875 0.58871116875 0.4306986109375 0.5891837671875 0.4532902734375 0.5921875 0.4628479234375 0.5921875 0.49934720937500005 0.5873422234375 0.5449749031250001 0.552647803125 0.5268848859374999 0.5429299984375 0.4817282140625 0.499415146875 0.474065971875 0.4852608 0.484330396875 0.47254200625 0.49396802031250003 0.47341714531249995 0.509129146875 0.4934435953125 0.5514253015625 0.528046753125 0.55836575625 0.5282924484375 0.5609375 0.5182618734375 0.5609375 0.5110507546875 0.5511061671874999 0.45514916562499996 0.5334795953125 0.423555178125 0.5079450249999999 0.4 0.4296875 0.4
14 0.47882749999999996 0.4793389078125 0.47672219218749995 0.4913582671875 0.5257908718750001 0.5390905703125 0.531467009375 0.5457322671875 0.5357561140625 0.546875 0.550760425 0.546875 0.5545012781249999 0.54235034375 0.5546875 0.5395428140625 0.5546875 0.5334369265625 0.5535846156249999 0.5293129953125 0.5479084765625 0.5226712953125 0.504724621875 0.484444309375 0.49742508750000003 0.4780492890625 0.48941415 0.474303153125 0.47882749999999996 0.4793389078125
9 0.604945725 0.4 0.6232304765625 0.45403182500000006 0.6460538421875001 0.4882126203125 0.6382548625 0.5124989484375 0.6611732109374999 0.5741823328125 0.6700814765625001 0.6174819109375 0.6821503609375 0.63953475625 0.6946485046875 0.6493215890625 0.7140440218749999 0.6515625 0.7200506109375 0.6515625 0.7453704390625 0.646044490625 0.7590879984375001 0.63825363125 0.7625 0.628460821875 0.7625 0.6135465609375 0.7566301281250001 0.5703530015625 0.7426884171875 0.5327488578125 0.7395695625 0.48805233125 0.7174413656249999 0.42105726250000003 0.7205737953125 0.4 0.604945725 0.4