12 0 0.528125 0.02135415 0.528125 0.0916666671875 0.525 0.140625 0.503125 0.1572916671875 0.49166666562500005 0.198958334375 0.4770833328125 0.2171875 0.45784143593750004 0.2171875 0.45585937187500003 0.21354166718749998 0.4458333328125 0.21458333437500002 0.43333333281249997 0.198958334375 0.422916665625 0.196875 0.409375 0.180208334375 0.407291665625 0.1354166671875 0.425 0.128125 0.43333333281249997 0.109375 0.43645833281249996 0.075 0.454166665625 0.040625 0.46458333281249997 0.0229166671875 0.48125 0.00625 0.50625 0 0.5086538468749999 0 0.528125
10 0 0.46707740937500003 0.0359375 0.46289863125 0.1 0.444299840625 0.1 0.39515412968749997 0.025520832812499998 0.3899819640625 0 0.39355488125 0 0.46707740937500003
10 0 0.36220703125 0.0013020828125 0.3630208328125 0.010677082812499999 0.3630208328125 0.034635415625 0.3848958328125 0.053385415625 0.3932291671875 0.11276041562500001 0.3932291671875 0.1700520828125 0.4015625 0.19296875 0.3984375 0.19296875 0.3817708328125 0.2015625 0.3693576390625 0.2015625 0.36729910781249997 0.18046875 0.3421875 0.1669270828125 0.3369791671875 0.04921875 0.3234375 0.028385415625 0.3296875 0.01171875 0.3401041671875 0 0.3401041671875 0 0.36220703125
10 0 0.2338541671875 0.0078125 0.253385415625 0.0494791671875 0.2981770828125 0.06302083281250001 0.32109375 0.073958334375 0.325 0.089322915625 0.325 0.09635416718749999 0.32421875 0.0994791671875 0.312760415625 0.1088541671875 0.306510415625 0.10052083281249999 0.2794270828125 0.0828125 0.2638020828125 0.0473958328125 0.2169270828125 0.025520832812499998 0.20546875 0.0109375 0.20338541562499998 0.0026041671875 0.190885415625 0 0.1905598953125 0 0.2338541671875
12 0 0.1634457234375 0.0013020828125 0.1640625 0.03359375 0.1619791671875 0.0419270828125 0.1703125 0.09296875 0.1932291671875 0.09921875 0.19375 0.10606398749999998 0.19375 0.1138020828125 0.18697916718750002 0.11484375 0.1703125 0.1203125 0.165755209375 0.1203125 0.156960228125 0.10963541562500001 0.1453125 0.056510415625 0.1317708328125 0.012760415624999999 0.1130208328125 0.000260415625 0.1125 0 0.1125 0 0.1634457234375
10 0.030989584375 0.10052083281249999 0.052864584375 0.1015625 0.07682291718749999 0.0859375 0.0955729171875 0.06510416718749999 0.12161458437499999 0.0578125 0.12890625 0.0390625 0.1375 0.032378471874999995 0.1375 0.026302078125 0.137239584375 0.0244791671875 0.12786458437499998 0.0234375 0.09244791718749999 0.0265625 0.0330729171875 0.061979167187499996 0.0236979171875 0.0744791671875 0.030989584375 0.10052083281249999
10 0.1838541671875 0.07760416718749999 0.1921875 0.0703125 0.1921875 0.0640625 0.17135416718750002 0.0390625 0.1651041671875 0.0390625 0.09322916718749999 0.0661458328125 0.07760416718749999 0.0859375 0.0640625 0.09322916718749999 0.06510416718749999 0.1046875 0.11614583281249999 0.1046875 0.1838541671875 0.07760416718749999
10 0 0.187101715625 0.00859375 0.1911458328125 0.010677082812499999 0.20052083281250002 0.03046875 0.20572916718749998 0.07734375 0.2401041671875 0.10755208281249999 0.24635416718749997 0.1106770828125 0.23697916718749998 0.11796875 0.23177083281250002 0.1169270828125 0.2203125 0.121875 0.21124131875000002 0.121875 0.20768229218749998 0.11276041562500001 0.1994791671875 0.0888020828125 0.1932291671875 0.03046875 0.1640625 0 0.165625 0 0.187101715625
0 0.4296875 0.4320589984375 0.440904840625 0.4375 0.46947603125 0.4375 0.4805731875 0.4332943375 0.4927363921875 0.4229004734375 0.5257724171875 0.39171797656249996 0.609814665625 0.336669665625 0.670649803125 0.29000681250000004 0.7049423796875001 0.26352755 0.7252946781249999 0.24739576406250002 0.7287485546875001 0.2391108515625 0.7336605796875 0.2315477859375 0.7418231734375 0.2362595046875 0.7454747375 0.23097163125 0.74110849375 0.2115849796875 0.7252474 0.1845587890625 0.7039134421875 0.155582834375 0.695423484375 0.1376271421875 0.7142112140625001 0.1376271421875 0.724281084375 0.149075053125 0.7504522453125 0.1623313234375 0.7628857671875 0.1623313234375 0.771235371875 0.184722884375 0.788542125 0.22869090781249998 0.7996366453125 0.2546713703125 0.8070162156249999 0.259349503125 0.8078125 0.2560680453125 0.8078125 0.247644203125 0.7969925734375 0.21856159218750001 0.7778557484374999 0.1736515609375 0.768357203125 0.1460190390625 0.757121996875 0.1399174734375 0.757121996875 0.149230975 0.7470402109375 0.1430001140625 0.725455665625 0.1338653484375 0.69263710625 0.13425718749999999 0.684942753125 0.126019259375 0.65287028125 0.08335474375 0.626287975 0.0481905875 0.596923578125 0.0257495015625 0.5849246515625 0.039286934375 0.5674747328125 0.04964808125 0.538640009375 0.0688601625 0.46143040625000004 0.1374438796875 0.4296875 0.16562690468750002 0.4296875 0.4320589984375
6 1 0.20980829843749998 0.9834933906250001 0.2147210265625 0.9688688359375 0.22819397968750002 0.9263035265624999 0.2369530203125 0.864833678125 0.245087065625 0.804566340625 0.2578332125 0.7618717828125 0.2733117328125 0.6745714828125 0.31505683906250004 0.6085286015625 0.34802259375 0.557201303125 0.3640962890625 0.52110179375 0.39057881875 0.5011872359375 0.4230536890625 0.50088691875 0.4786092625 0.519268553125 0.5223791484375 0.523643471875 0.5296875 0.8124231765625 0.5296875 0.8165307640625 0.5262641359375 0.8748246749999999 0.4770888109375 0.910498765625 0.4488073375 0.927153221875 0.426137496875 0.9691678421875001 0.3737405828125 0.9950067296875 0.3338112515625 1 0.32238198749999997 1 0.20980829843749998
0 0.8875785703125001 0.1394612875 0.8742872046875 0.11030264062499999 0.846545234375 0.0934369125 0.80592341875 0.084757896875 0.7634592578125 0.0883425484375 0.7202259062499999 0.1036866484375 0.688922075 0.12719833281249998 0.693553275 0.1401516546875 0.708880084375 0.1582791109375 0.7361992781250001 0.2010341296875 0.7465727125 0.226741709375 0.7438585578125 0.23461445468750003 0.7353771203124999 0.23412427187499998 0.7302547421875 0.2360044078125 0.728954334375 0.24627184375 0.6999220921875 0.26710180625 0.678788025 0.28798251874999997 0.6964067234375 0.3 0.7010135156249999 0.3 0.71192846875 0.2964202234375 0.7371168453125 0.283120096875 0.752308075 0.275703715625 0.7938425625 0.2608487 0.8250659125 0.253981078125 0.84740740625 0.2490201640625 0.8797277749999999 0.243325884375 0.918450421875 0.23643381406250003 0.9294059625 0.22643308437499998 0.940625 0.2115866328125 0.940625 0.195640975 0.934310609375 0.19081220000000002 0.917671015625 0.190053303125 0.90362453125 0.20360316875 0.901116503125 0.192076934375 0.893583590625 0.16086118437500002 0.8875785703125001 0.1394612875
5 0 0.5296875 0 0.5464599609375 0.00009765625 0.54658203125 0.00009765625 0.5587890625 0.00498046875 0.56025390625 0.007421875 0.5685546875 0.013118489062499999 0.5734375 0.0316266734375 0.5734375 0.03232421875 0.57099609375 0.0298828125 0.56708984375 0.03037109375 0.5626953125 0.03720703125 0.5666015625 0.0484375 0.56953125 0.05185546875 0.5724609375 0.06845703125 0.57001953125 0.069921875 0.5666015625 0.07578125 0.563671875 0.0767578125 0.56123046875 0.06845703125 0.55927734375 0.08310546875 0.55830078125 0.0845703125 0.55439453125 0.0826171875 0.5470703125 0.085546875 0.54462890625 0.08603515625 0.5412109375 0.0904296875 0.5412109375 0.09482421875 0.536328125 0.0982421875 0.536328125 0.0943359375 0.53095703125 0.0904296875 0.53046875 0.0904296875 0.5296875 0 0.5296875
0 0.4296875 1 0.4296875 0.9328089765625001 0.400927734375 0.8755859375 0.387255859375 0.866796875 0.377099609375 0.865625 0.3734212234375 0.865625 0.357470703125 0.8697265625 0.352587890625 0.8755859375 0.348193359375 0.87705078125 0.347216796875 0.89951171875 0.353076171875 0.91806640625 0.353564453125 0.93271484375 0.361376953125 0.97763671875 0.367724609375 0.98935546875 0.371324965625 1 0.4296875 1
5 0.23036221562499998 1 0.23076171875 0.99951171875 0.2328125 0.9888476562499999 0.2328125 0.984912109375 0.229296875 0.9677734375 0.21904296875 0.96337890625 0.21708984375 0.958984375 0.20830078125 0.953125 0.1990234375 0.94091796875 0.1912109375 0.9365234375 0.1833984375 0.93701171875 0.178515625 0.94287109375 0.17119140625 0.94287109375 0.155078125 0.94873046875 0.1501953125 0.9521484375 0.147265625 0.95751953125 0.13896484375 0.95751953125 0.11552734375 0.9677734375 0.0994140625 0.97119140625 0.09111328125 0.9765625 0.08134765625 0.9755859375 0.0720703125 0.97802734375 0.02666015625 0.97998046875 0.01982421875 0.9765625 0.0037109375 0.97607421875 0 0.97384765625 0 0.997900390625 0.00419921875 1 0.23036221562499998 1
5 0 0.9770941843750001 0.00126953125 0.977587890625 0.005888671874999999 0.978125 0.06530180468749999 0.978125 0.11015625 0.968798828125 0.174609375 0.942919921875 0.201953125 0.927783203125 0.24443359375 0.895556640625 0.268359375 0.868701171875 0.2810546875 0.843310546875 0.2859375 0.837451171875 0.29814453125 0.799365234375 0.30625 0.7899088546874999 0.30625 0.7604736328125 0.30595703125 0.758349609375 0.29228515625 0.736376953125 0.2830078125 0.735400390625 0.2458984375 0.740283203125 0.2078125 0.749560546875 0.18193359375 0.759814453125 0.16630859375 0.769580078125 0.14580078125 0.776416015625 0.13701171875 0.785693359375 0.11357421875 0.795947265625 0.10478515625 0.804248046875 0.08720703125 0.812060546875 0.05302734375 0.834521484375 0.03642578125 0.842822265625 0.02568359375 0.853076171875 0 0.87003233125 0 0.9770941843750001
5 0.12158203125 0.533984375 0.1171875 0.53544921875 0.1064453125 0.54716796875 0.08447265625 0.559375 0.04638671875 0.58623046875 0.03662109375 0.5896484375 0.0107421875 0.6072265625 0.01123046875 0.619921875 0.017578125 0.63212890625 0.02099609375 0.6794921875 0.02294921875 0.68193359375 0.02783203125 0.682421875 0.03515625 0.6921875 0.03759765625 0.6931640625 0.0419921875 0.69072265625 0.0439453125 0.694140625 0.0525390625 0.6953125 0.0553466796875 0.6953125 0.05908203125 0.69365234375 0.0620703125 0.6953125 0.0648046875 0.6953125 0.07177734375 0.6912109375 0.076171875 0.6814453125 0.07666015625 0.67412109375 0.08544921875 0.65458984375 0.08740234375 0.6384765625 0.0908203125 0.63603515625 0.0927734375 0.63115234375 0.09716796875 0.6306640625 0.0986328125 0.6287109375 0.1083984375 0.60673828125 0.1162109375 0.580859375 0.125 0.57998046875 0.125 0.573046875 0.12451171875 0.56962890625 0.11376953125 0.55595703125 0.11767578125 0.54521484375 0.125 0.53642578125 0.12451171875 0.53447265625 0.12158203125 0.533984375
5 0 0.8711334234375 0.01455078125 0.859765625 0.0306640625 0.8509765625 0.0375 0.84169921875 0.0521484375 0.83486328125 0.0619140625 0.8265625 0.07509765625 0.82119140625 0.090234375 0.81044921875 0.1068359375 0.80263671875 0.11318359375 0.79482421875 0.13857421875 0.785546875 0.14541015625 0.777734375 0.16591796875 0.7708984375 0.1751953125 0.7640625 0.20546875 0.74794921875 0.2376953125 0.740625 0.29140625 0.73623046875 0.29775390625 0.74794921875 0.3001953125 0.75771484375 0.30166015625 0.7591796875 0.305078125 0.758203125 0.308984375 0.7484375 0.3177734375 0.73671875 0.31630859375 0.726953125 0.320703125 0.71865234375 0.321875 0.7060546875 0.321875 0.6953125 0.31923828125 0.68740234375 0.321875 0.6827880859375 0.321875 0.6787326390625 0.31875 0.67421875 0.3197265625 0.66005859375 0.312890625 0.65322265625 0.28896484375 0.6185546875 0.285546875 0.6 0.2806640625 0.59658203125 0.27578125 0.59658203125 0.262109375 0.59755859375 0.2572265625 0.60048828125 0.234765625 0.64248046875 0.21669921875 0.66005859375 0.1986328125 0.6654296875 0.18203125 0.66689453125 0.1791015625 0.67421875 0.1732421875 0.680078125 0.17421875 0.6859375 0.17275390625 0.6888671875 0.16640625 0.691796875 0.1576171875 0.70302734375 0.1380859375 0.70888671875 0.09951171875 0.7298828125 0.06728515625 0.74306640625 0.04873046875 0.75283203125 0.03408203125 0.76357421875 0.02724609375 0.762109375 0.0111328125 0.76650390625 0.00478515625 0.77822265625 0 0.7912730828125 0 0.8711334234375
5 0.120462471875 0.5296875 0.121728515625 0.535595703125 0.116845703125 0.540478515625 0.113916015625 0.550244140625 0.113916015625 0.556591796875 0.117333984375 0.561962890625 0.119287109375 0.571240234375 0.100732421875 0.623486328125 0.086572265625 0.641064453125 0.079248046875 0.670849609375 0.060205078125 0.717724609375 0.061181640625 0.722119140625 0.063623046875 0.724072265625 0.094974771875 0.7296875 0.0968095265625 0.7296875 0.137841796875 0.708447265625 0.156396484375 0.704052734375 0.167626953125 0.690380859375 0.172021484375 0.688916015625 0.173486328125 0.678662109375 0.178369140625 0.673779296875 0.180810546875 0.667431640625 0.207666015625 0.663037109375 0.217919921875 0.658154296875 0.236474609375 0.640087890625 0.245751953125 0.623486328125 0.248193359375 0.612744140625 0.243798828125 0.595654296875 0.247216796875 0.591748046875 0.253564453125 0.589794921875 0.250146484375 0.578564453125 0.253076171875 0.573681640625 0.259423828125 0.569775390625 0.256982421875 0.557568359375 0.262353515625 0.552197265625 0.261376953125 0.534130859375 0.2623291015625 0.5296875 0.120462471875 0.5296875
5 0.262494575 0.5296875 0.260107421875 0.531640625 0.260595703125 0.53798828125 0.263037109375 0.54140625 0.258642578125 0.5462890625 0.262548828125 0.55263671875 0.254736328125 0.558984375 0.258154296875 0.57119140625 0.251318359375 0.57314453125 0.248876953125 0.578515625 0.253271484375 0.58876953125 0.246435546875 0.59072265625 0.242529296875 0.59658203125 0.252294921875 0.60830078125 0.265966796875 0.60927734375 0.275732421875 0.605859375 0.291357421875 0.62197265625 0.306005859375 0.6234375 0.336767578125 0.6234375 0.358251953125 0.621484375 0.366552734375 0.61806640625 0.377294921875 0.61806640625 0.383642578125 0.61123046875 0.395849609375 0.60439453125 0.401708984375 0.59658203125 0.407080078125 0.5951171875 0.407568359375 0.5912109375 0.415380859375 0.582421875 0.415869140625 0.57705078125 0.421728515625 0.5697265625 0.422705078125 0.55703125 0.425 0.551064453125 0.425 0.5296875 0.262494575 0.5296875
5 0.3607421875 0.695458984375 0.355859375 0.693017578125 0.3431640625 0.694970703125 0.33583984375 0.699365234375 0.32802734375 0.699853515625 0.32509765625 0.702294921875 0.32509765625 0.708642578125 0.32021484375 0.714013671875 0.32216796875 0.720361328125 0.3177734375 0.722802734375 0.31484375 0.729638671875 0.316796875 0.737451171875 0.30751953125 0.750146484375 0.30654296875 0.757958984375 0.308984375 0.762841796875 0.3060546875 0.766748046875 0.30751953125 0.777490234375 0.3041015625 0.789208984375 0.305078125 0.792626953125 0.2982421875 0.797998046875 0.2953125 0.810693359375 0.2923828125 0.815576171875 0.29384765625 0.823388671875 0.2884765625 0.826318359375 0.28701171875 0.831201171875 0.29287109375 0.856591796875 0.293359375 0.868798828125 0.2953125 0.871728515625 0.29599609375 0.871875 0.3037064984375 0.871875 0.30849609375 0.867822265625 0.31044921875 0.861962890625 0.3138671875 0.859033203125 0.3216796875 0.859521484375 0.328515625 0.855615234375 0.33095703125 0.846826171875 0.36025390625 0.816064453125 0.3607421875 0.810693359375 0.36611328125 0.805322265625 0.36708984375 0.800927734375 0.37294921875 0.797998046875 0.37392578125 0.795556640625 0.37099609375 0.793603515625 0.371484375 0.790185546875 0.379296875 0.782373046875 0.37685546875 0.776513671875 0.38466796875 0.772119140625 0.3783203125 0.765771484375 0.3841796875 0.760400390625 0.38271484375 0.756005859375 0.3861328125 0.750634765625 0.3861328125 0.741357421875 0.390625 0.7311479046875 0.390625 0.727978515625 0.38564453125 0.721337890625 0.38564453125 0.711083984375 0.37685546875 0.701318359375 0.37197265625 0.699365234375 0.37001953125 0.694482421875 0.3607421875 0.695458984375
5 0.292626953125 0.85439453125 0.289208984375 0.83974609375 0.287255859375 0.83828125 0.281396484375 0.840234375 0.279931640625 0.84658203125 0.277490234375 0.84853515625 0.268701171875 0.8685546875 0.263330078125 0.87197265625 0.248193359375 0.891015625 0.228173828125 0.90517578125 0.221826171875 0.91298828125 0.207177734375 0.92373046875 0.208642578125 0.9349609375 0.202783203125 0.93984375 0.201318359375 0.94326171875 0.203271484375 0.94521484375 0.211572265625 0.94814453125 0.214501953125 0.95302734375 0.219384765625 0.95595703125 0.225732421875 0.95595703125 0.230615234375 0.93935546875 0.234521484375 0.93642578125 0.238916015625 0.93984375 0.253076171875 0.9447265625 0.270166015625 0.9427734375 0.277243221875 0.9578125 0.280126953125 0.9578125 0.283349609375 0.95546875 0.286767578125 0.95546875 0.290283203125 0.9578125 0.30020507812499997 0.9578125 0.303857421875 0.9544921875 0.309375 0.9557654750000001 0.309375 0.9537632531250001 0.303369140625 0.937890625 0.303857421875 0.92421875 0.297509765625 0.9125 0.298486328125 0.8958984375 0.294091796875 0.8802734375 0.292626953125 0.85439453125
5 0.4296875 0.6600661703124999 0.412451171875 0.669873046875 0.409521484375 0.676220703125 0.405615234375 0.679638671875 0.400732421875 0.680615234375 0.398291015625 0.685986328125 0.382666015625 0.700146484375 0.380712890625 0.705029296875 0.382666015625 0.717724609375 0.379736328125 0.744091796875 0.374365234375 0.771923828125 0.366552734375 0.799267578125 0.349462890625 0.825634765625 0.338232421875 0.839306640625 0.326513671875 0.852001953125 0.311865234375 0.859326171875 0.308447265625 0.864208984375 0.307470703125 0.893505859375 0.313818359375 0.930615234375 0.314794921875 0.947705078125 0.310888671875 0.955517578125 0.304052734375 0.955517578125 0.298193359375 0.959423828125 0.287939453125 0.959912109375 0.283544921875 0.963330078125 0.285986328125 0.965771484375 0.286962890625 0.972607421875 0.295263671875 0.977490234375 0.316748046875 0.977490234375 0.3237079328125 0.9828125 0.32853515624999996 0.9828125 0.333349609375 0.981396484375 0.3385416671875 0.9828125 0.3514439171875 0.9828125 0.360693359375 0.980908203125 0.361181640625 0.973583984375 0.354833984375 0.935986328125 0.354345703125 0.921337890625 0.347998046875 0.900341796875 0.348974609375 0.882275390625 0.357275390625 0.872021484375 0.371435546875 0.867626953125 0.381689453125 0.867626953125 0.391455078125 0.870556640625 0.400732421875 0.878369140625 0.410498046875 0.899365234375 0.419287109375 0.911572265625 0.422705078125 0.912548828125 0.429052734375 0.902783203125 0.4296875 0.9003801625 0.4296875 0.6600661703124999
6 1 0.5296875 0.92251034375 0.5296875 0.91024305625 0.5723958328125 0.90399305625 0.58350694375 0.8776041671874999 0.61475694375 0.869965278125 0.630034721875 0.851909721875 0.6946180562500001 0.8310763890625001 0.7994791671874999 0.8130208328125 0.8564236109374999 0.8123263890625001 0.891840278125 0.8151041671874999 0.905034721875 0.819965278125 0.9133680562500001 0.8428819453124999 0.93350694375 0.8921875 0.9501736109374999 0.9310763890625001 0.9515625 0.9442708328125 0.9439236109374999 0.9539930562500001 0.930034721875 0.9657986109374999 0.8967013890625001 0.9935763890625001 0.7619791671874999 1 0.739828784375 1 0.5296875
6 0.7682785437499999 0.5296875 0.7655381953125 0.5377604171875 0.7440104171874999 0.6141493062500001 0.7190104171874999 0.6516493062500001 0.7051215296875 0.6849826390625 0.6585937515625 0.8995659734375 0.6572048625 0.93359375 0.66414930625 0.95303819375 0.6863715296875 0.9697048625000001 0.7217881953124999 0.9794270828125 0.7717881953125 0.9787326390625001 0.7863715296875 0.97039930625 0.7947048624999999 0.9551215265625 0.8113715296875 0.9072048625000001 0.8134548625000001 0.8627604171875 0.82039930625 0.817621528125 0.8328993062500001 0.7620659734374999 0.84539930625 0.723177084375 0.8460937515625 0.6849826390625 0.8370659734375 0.6405381953125 0.8370659734375 0.6259548625 0.8460937515625 0.561371528125 0.8484785703124998 0.5296875 0.7682785437499999 0.5296875
6 0.6096788203125 0.5296875 0.6124131953124999 0.5398437484375 0.6311631953125 0.5759548609375 0.6422743046875 0.6065104156250001 0.6596354171875 0.6308159718749999 0.6904152203125 0.646875 0.704340246875 0.646875 0.7207465281250001 0.6460937484375 0.7408854171874999 0.6266493046875 0.7513020812500001 0.600260415625 0.7703125 0.531008184375 0.7703125 0.5296875 0.6096788203125 0.5296875
6 0.5435763890625 0.5296875 0.5435763890625 0.8611111109374999 0.5524305546875 0.8640625 0.6144097328125 0.8640625 0.62274305625 0.8638888890625 0.6484375 0.85 0.66024305625 0.8333333328125001 0.6678819453125 0.8166666671874999 0.6703125 0.803055559375 0.6703125 0.77569444375 0.6692708328125001 0.7541666671874999 0.6616319453124999 0.7236111109375 0.651215278125 0.6548611109375 0.6373263890625 0.5958333328125 0.6164930562500001 0.5458333328125 0.605851484375 0.5296875 0.5435763890625 0.5296875