13 0.3204238109375 0.25741980937500003 0.3076275703125 0.259813496875 0.288765496875 0.2621490625 0.272729290625 0.262872665625 0.260164678125 0.262706146875 0.2521528703125 0.26199071093750004 0.241676475 0.26186851875 0.2375 0.28423783125 0.2375 0.285812784375 0.237767021875 0.30913202968750003 0.2393900984375 0.32512229062500003 0.2388613078125 0.34214371718750003 0.2397011546875 0.3445773265625 0.27791725624999997 0.3476319390625 0.30763630468750003 0.3478506625 0.352579665625 0.35278404375 0.3841997171875 0.35625 0.38554274843749997 0.35625 0.3891821890625 0.354665984375 0.3938787515625 0.329556059375 0.409375 0.2551347890625 0.409375 0.2546875 0.4089737515625 0.2546875 0.3975574359375 0.25625036093750003 0.3810920015625 0.2562773125 0.3550967515625 0.2558436046875 0.33581304375 0.2561898234375 0.3204238109375 0.25741980937500003
13 0.16525415937500001 0.308073840625 0.159544934375 0.3000785453125 0.154532671875 0.29101863125 0.0974075703125 0.2953780640625 0.0669668171875 0.3037548625 0.0443663546875 0.310064234375 0.0401880015625 0.3117646921875 0.046344648437500004 0.3261034046875 0.05368054531250001 0.3315382890625 0.0715185515625 0.35216992187499996 0.0941360796875 0.38229264218750003 0.11159169218750001 0.403125 0.11555043281249999 0.403125 0.1255758328125 0.3999224875 0.14724661249999998 0.3951089421875 0.1636160421875 0.3912831875 0.181349946875 0.390365428125 0.1995332578125 0.39133285624999997 0.2140625 0.39194199531249996 0.2140625 0.39071731718749997 0.2055931609375 0.378748096875 0.20265967499999998 0.36855504375 0.19560745156249998 0.353988321875 0.1803084046875 0.332277015625 0.1723238015625 0.31966401875 0.16525415937500001 0.308073840625
13 0 0.5296808765625001 0.0348083015625 0.5515625 0.0372662890625 0.5515625 0.0423315765625 0.5471362609375 0.0532978859375 0.5379533359375 0.0687494015625 0.5220519578125 0.115625 0.48031489218749995 0.115625 0.4778367484375 0.10341917812500001 0.46816355937500004 0.08366596875 0.4594328359375 0.060716865625000005 0.44429769218750004 0.0063321 0.41384559843749996 0 0.40874355625 0 0.5296808765625001
13 0 0.2375 0.0796875 0.2375 0.0796875 0.2368231 0.045531921875 0.177441753125 0.0151335765625 0.131818078125 0.00952448125 0.1266063734375 0 0.12671462656250002 0 0.2375
13 0.0766338453125 0.21261848906249997 0.0903090828125 0.22633179062500003 0.10239045937499999 0.24377090625000003 0.11329132500000001 0.2614639328125 0.1303833515625 0.2859375 0.132741321875 0.2859375 0.197673371875 0.2642110359375 0.1958207515625 0.26205908437500003 0.1602866328125 0.222730625 0.148593425 0.2061188390625 0.161611228125 0.197854059375 0.2046875 0.179604153125 0.2046875 0.1760576328125 0.178086628125 0.1360190453125 0.11512821718749999 0.14904013437500002 0.0851742625 0.16354994218750002 0.052420781250000006 0.186338634375 0.064511303125 0.2022144296875 0.0766338453125 0.21261848906249997
13 0.2310990125 0.2984375 0.2365299859375 0.29627213124999996 0.2416341515625 0.2617015109375 0.2734626140625 0.262662503125 0.3390625 0.256773109375 0.3390625 0.25487541875 0.32633085781250004 0.227740496875 0.3029650265625 0.1909993828125 0.2753299265625 0.1546875 0.2738941390625 0.1546875 0.25831993125 0.163909621875 0.2236827296875 0.172790871875 0.15 0.2062389734375 0.15 0.20688446875 0.22911757187499998 0.2984375 0.2310990125 0.2984375
13 0.3558876453125 0.2296875 0.3623071140625 0.22887653281250003 0.3881781796875 0.21127717499999998 0.3827218078125 0.20011133124999997 0.38186903125 0.1885646125 0.38701288749999996 0.174509365625 0.3898254578125 0.1656781109375 0.369127665625 0.1641887296875 0.3941700890625 0.1309243421875 0.3980710015625 0.09337153125 0.4046875 0.06720652187500001 0.4046875 0.0642835859375 0.3533736453125 0.10420405625 0.3214578546875 0.1325485609375 0.2835348234375 0.165231946875 0.313196240625 0.20760073124999998 0.341416059375 0.2296875 0.3558876453125 0.2296875
13 0.56875 0.13607383125 0.5602958203124999 0.1325479390625 0.49336600625000004 0.06528546406249999 0.47500149374999995 0.062702915625 0.43696951874999995 0.0838808484375 0.41337301406250004 0.11034798906250001 0.5541512734375 0.2046875 0.555414175 0.2046875 0.56875 0.1973682390625 0.56875 0.13607383125
13 0.56875 0.26871246718749997 0.5636116984374999 0.2603725828125 0.5445427921875 0.234727965625 0.52458350625 0.1970264328125 0.41239695468750004 0.25262750624999997 0.403911878125 0.29154053593749996 0.44797155625 0.3484375 0.4489540390625 0.3484375 0.49935224062500005 0.3212786875 0.5427080984375 0.301931990625 0.56875 0.2867702703125 0.56875 0.26871246718749997
13 0.4098912078125 0.31411117499999996 0.39983395312500003 0.307920265625 0.389447353125 0.3580112296875 0.3029885625 0.34832285937499996 0.3030449875 0.35013286093749996 0.36757527031250004 0.41875 0.3689164671875 0.41875 0.38194894687500003 0.40736170156249996 0.465625 0.35776350625000003 0.465625 0.3554852125 0.4580034125 0.346965415625 0.45114636093750005 0.348320934375 0.44431442656250003 0.3453746578125 0.4277037359375 0.3502601875 0.41628946562499997 0.3295625078125 0.4098912078125 0.31411117499999996
13 0.56875 0.3260453921875 0.56087183125 0.3227839734375 0.5487894375 0.31568259374999996 0.5395613109374999 0.31471366562499997 0.529947628125 0.3184267609375 0.5185610578125 0.3228269375 0.5173183390625 0.323196696875 0.5160729359375 0.3240265875 0.5121695203125001 0.32684138749999997 0.5108084046875 0.3275833359375 0.5024176875 0.331671434375 0.49568988750000004 0.33580423593750003 0.488263525 0.3415851796875 0.49744749062500004 0.34928137812500004 0.4986473453125 0.36682904375000003 0.49923811875 0.3809734453125 0.4927790765625 0.39128239531250003 0.484909140625 0.41248690000000005 0.560677296875 0.4135835421875 0.56875 0.4138229671875 0.56875 0.3260453921875
13 0.56875 0.4153441875 0.49244593437499995 0.4155068375 0.4950842875 0.4182626328125 0.56875 0.4596319203125 0.56875 0.4153441875
13 0.4226845109375 0.39375541875 0.4134650921875 0.3906732140625 0.40533571874999996 0.39863378125 0.40846469531249996 0.4731516 0.46162245312500005 0.4953125 0.463279234375 0.4953125 0.4982140109375 0.4605602765625 0.521466684375 0.43338671093750003 0.4918377875 0.41558031250000005 0.47543673750000004 0.4064927390625 0.4290595 0.3896127296875 0.4226845109375 0.39375541875
13 0.2970960875 0.472580934375 0.2946839984375 0.4805396421875 0.278040346875 0.495083521875 0.277700128125 0.50269445 0.2634031578125 0.5204535359375 0.2738199640625 0.5896619875 0.278044215625 0.5921875 0.2791661890625 0.5921875 0.325 0.5597093265625 0.325 0.552312846875 0.3212670890625 0.5360052234375 0.318805578125 0.501880465625 0.3159797546875 0.4794833609375 0.31988990624999997 0.46816777343749993 0.322295109375 0.46138527968750004 0.2970960875 0.472580934375
13 0.11515672187499999 0.47498166406250003 0.1151244078125 0.48050416562500003 0.10950336093749999 0.4920876984375 0.107461378125 0.5021134671875 0.1073782796875 0.5163142171875 0.11102886406250001 0.52592289375 0.14531896718749998 0.5400651125 0.196764746875 0.5606486109375 0.2327617453125 0.571875 0.239432178125 0.571875 0.2436684546875 0.5439940937500001 0.24627074375000002 0.506007365625 0.2484375 0.48669730468749994 0.2484375 0.4795783328125 0.193804278125 0.45648973125000003 0.1094762703125 0.42892722499999997 0.1129884203125 0.4388089671875 0.11526521249999999 0.45644178750000003 0.1152075046875 0.466303415625 0.11515672187499999 0.47498166406250003
13 0.45259324687499997 0.494443353125 0.4261751734375 0.49526382656249995 0.42622635937500003 0.48651628437500005 0.436988540625 0.4863080125 0.4233248265625 0.480829753125 0.416967553125 0.48057729687500006 0.417953690625 0.47923297812500004 0.415515365625 0.47797701875 0.407205728125 0.4770113796875 0.397398396875 0.48122105312499996 0.3856643 0.48034377343749995 0.377280721875 0.492013471875 0.3777012734375 0.5037336609375 0.4038264390625 0.5529685578125 0.40380653593750004 0.556370378125 0.39886732343750003 0.5645498953125 0.399333375 0.56849449375 0.402257659375 0.57029323125 0.41009840156250005 0.567800246875 0.41595709999999997 0.5734375 0.42184913125 0.5734375 0.431611390625 0.569327596875 0.4977134515625 0.557556925 0.49924810781250006 0.54606394375 0.5061595921875 0.5351957875 0.5125 0.5305525484375 0.5125 0.5300672421875 0.5042413515625 0.5286509125000001 0.4935189828125 0.5220555421874999 0.48432558437499995 0.5049391421875 0.47701061093749997 0.5011712609375001 0.4736145890625 0.4963998765625 0.45259324687499997 0.494443353125
12 1 0.0960550546875 0.9894369390625 0.1024680890625 0.9814739015625001 0.1100584734375 0.9687721140625001 0.11803383125 0.9635091109375 0.12501109531250001 0.9510825328125 0.13545796875 0.9354867140625001 0.1536045546875 0.925154165625 0.1625162421875 0.92077291875 0.1683718203125 0.9141600343749999 0.17452682656250001 0.9098338265624999 0.1808767109375 0.898480296875 0.20322012812499998 0.8942355718750001 0.219342 0.8930767156249999 0.23379560625 0.895167771875 0.2570943921875 0.8985552890624999 0.2671753296875 0.9102611828124999 0.2931975578125 0.9125726765625 0.3162159234375 0.9156016093750001 0.3298567921875 0.9225701031250001 0.3449758265625 0.9344975171875 0.3616870984375 0.9380507031249999 0.3687356765625 0.9430090812499999 0.3748431828125 0.9498674921875001 0.3889736109375 0.96036273125 0.40186353593749996 0.9734206671875001 0.410646953125 0.9841090953125 0.4207516703125 0.9893429546875 0.4270730578125 0.996202446875 0.43217295 1 0.43675958593750003 1 0.0960550546875
12 0.8584563656249999 0.7 0.8597208234375 0.6984776046875 0.877109296875 0.6647889953125 0.8847712234374999 0.6409341421875 0.8875 0.615052065625 0.8875 0.5795574765625 0.8869556578125 0.5746690296875 0.8832932031249999 0.5598589421875 0.8722761453124999 0.5332426015625 0.8633237046875 0.5206473593750001 0.8599909578125 0.513318359375 0.847209853125 0.49346065625 0.8381192671875001 0.484144925 0.8290834515625001 0.4775811296875 0.81384891875 0.46959144531249997 0.805170878125 0.46624062187500004 0.7753342562500001 0.4604610078125 0.7565171265625 0.46097902968750004 0.7099835734375001 0.46571757187499996 0.6873089046875 0.4700141515625 0.672761315625 0.47723379218749995 0.6531986859375001 0.49139742656249996 0.635426271875 0.5103377453125 0.6265258984375001 0.5230707781249999 0.62010511875 0.5354711140624999 0.6142075109375 0.5503096953125 0.6085567796875 0.574145540625 0.605909084375 0.5978293015625 0.6059344421875 0.6161375234375 0.6156830984375 0.6517035984375 0.62738899375 0.677725825 0.6421572484375 0.7 0.8584563656249999 0.7
12 1 0.7 1 0.47093064375000004 0.99598189375 0.47159336406249996 0.9761173421875 0.47626542968749996 0.9631403468749999 0.481769271875 0.9472976484375 0.4909185921875 0.938397815625 0.4991363578125 0.9207913390625 0.5127866828125 0.9052783515625 0.5294170890625 0.8936498828125 0.5470313578125 0.8868429984375 0.562744471875 0.8860432671874999 0.56912288125 0.8876119640625 0.5832105203125 0.8878307812500001 0.5964759015625 0.8863130703125 0.6167470734375 0.8839419359375 0.6316141796875 0.8842700234375 0.65264106875 0.8825334968749999 0.659646859375 0.8774353500000001 0.6703646671875 0.8735767296875 0.683173759375 0.8728870828125 0.6905407734375 0.8746217171874999 0.6993384203125 0.8750235375 0.7 1 0.7
12 0.90060935625 0.271527540625 0.896313103125 0.25780586875 0.893918234375 0.24081895000000003 0.8939195890625001 0.2295307796875 0.8955190515625 0.21677396718750003 0.90067359375 0.19526229374999998 0.9003436109375 0.190038840625 0.8971479296875 0.188460865625 0.8905083375 0.18759581875 0.8740604453125 0.1890501703125 0.8589624359375 0.1913267796875 0.8422938390624999 0.1953191875 0.832623146875 0.19887434375 0.8058699609375001 0.21174516875 0.7835241921874999 0.23029573593750002 0.776084596875 0.23806673125 0.767267596875 0.2447683171875 0.7617841546874999 0.252026003125 0.7520856734375 0.257591640625 0.7474556546875 0.270253390625 0.7461872546875 0.2792031234375 0.7462668406249999 0.30477855 0.7443891953125 0.339897825 0.7454344515625 0.3538048484375 0.7499514125 0.364988465625 0.75967498125 0.379988684375 0.7680219578124999 0.387146590625 0.773944384375 0.3951315 0.7800599984375 0.4003312015625 0.78364124375 0.403111665625 0.7929252890624999 0.40738455625 0.8019886249999999 0.41419550312500003 0.8198438124999999 0.421875 0.8344148953125 0.421875 0.8424046703125001 0.4200606953125 0.9140099234375001 0.40995142187500005 0.9239838890625001 0.4045996640625 0.9332968062500001 0.3978315390625 0.9404603781249999 0.39436192812500004 0.9421875 0.3916780984375 0.9421875 0.3758613140625 0.9414821718749999 0.374157296875 0.9215666359375 0.3444705515625 0.915534665625 0.33098176874999996 0.9138825953125 0.322925578125 0.9112689125 0.292673278125 0.90060935625 0.271527540625
12 1 0.45422024531250005 0.99576110625 0.4465069171875 0.9835854640624999 0.4320865515625 0.9716021953125 0.4216538765625 0.9642743078125001 0.41686767500000005 0.9528962328125001 0.41412996875 0.9427307046875001 0.4087211296875 0.9176322921875 0.4070718109375 0.8706300718750001 0.4143816765625 0.8447597218749999 0.41710028125000004 0.8388912578125 0.418640209375 0.8186953703125 0.42937699374999994 0.81075985625 0.437214528125 0.7937871734374999 0.4497764359375 0.785245925 0.454434271875 0.7755201921875 0.457495125 0.7711664671875 0.46359785468750003 0.7717721984375 0.46677755468750004 0.7891835921875 0.47171587343750004 0.79521664375 0.476174121875 0.8041976859375 0.4799859796875 0.8105612593749999 0.4851524125 0.8199829093750001 0.4906610609375 0.82805440625 0.49760508750000004 0.8338397671875001 0.49983896874999995 0.8401758203125 0.50475825 0.8479998999999999 0.5072202781249999 0.8531509249999999 0.5150578453125 0.8589635359375001 0.5197965124999999 0.8672821828125 0.5334801687499999 0.871937559375 0.5391266421875 0.8793191390625001 0.555695315625 0.8831684046875001 0.5609375 0.8864546015625001 0.5609375 0.893176809375 0.5581003234375 0.898109559375 0.5481572406249999 0.9027938093750001 0.5427626953125 0.9074232875 0.5346162125 0.9131268984375 0.5293357390625 0.9181694625000001 0.5226388984375 0.923046359375 0.5189744140625 0.9358582312499999 0.5119876624999999 0.9429119921875 0.5052718125 0.9557789078125 0.4987793625 0.9823111125 0.4907042265625 1 0.48372948750000005 1 0.45422024531250005
12 0.56875 0.42766998906250003 0.585631053125 0.424681465625 0.6312011 0.4135502515625 0.6695525296875 0.4053943453125 0.7041848390625 0.39547984999999997 0.7190904703125 0.389215546875 0.72517964375 0.38513756093749996 0.7319854453125 0.3784549828125 0.7393702703125 0.36793205 0.74557115 0.351296865625 0.746875 0.3355832921875 0.746875 0.2641751984375 0.7446470656249999 0.24581545781249997 0.7395249125000001 0.2269368765625 0.733851528125 0.20988816250000003 0.725147859375 0.1904867484375 0.7203292484375 0.1675539296875 0.716198121875 0.15531516875 0.7124245 0.1485470109375 0.706997721875 0.14275319687500002 0.7008812984375 0.1443263984375 0.6865808578125 0.15828566718749998 0.669855325 0.17758720781249998 0.647343075 0.2059430359375 0.6270349453125 0.2337522828125 0.6175838796875001 0.2437999203125 0.6109159546875 0.249460625 0.587826846875 0.2635957328125 0.5748493078125 0.2736148421875 0.56875 0.27639067968750003 0.56875 0.42766998906250003
12 0.8356884203125 0 0.8178254265625 0.0078317359375 0.8104964546875 0.01207606875 0.7514526781249999 0.0355505671875 0.7490278546875 0.0386352015625 0.7458016765625001 0.061644046875000004 0.7416673046875 0.0764968921875 0.728880253125 0.10630713437499999 0.7290723578125 0.11255246249999999 0.7311099953125 0.1218111421875 0.7394817875 0.1517925390625 0.7438873125 0.17327571875 0.7518185015625 0.20156032499999998 0.7555082109375 0.218875196875 0.7614298234375 0.23363300781250002 0.76553396875 0.24110934999999997 0.7707956203125 0.245420253125 0.776828940625 0.24762086718749998 0.787875953125 0.25416565625 0.79671885 0.2612570234375 0.8033581734374999 0.26437970312500003 0.8284557749999999 0.2728019265625 0.8460600875000001 0.277212671875 0.856886928125 0.2817802484375 0.8603853421875 0.286076890625 0.861361221875 0.290625 0.8638791171874999 0.290625 0.9080480671875 0.2846986609375 0.9025940406250001 0.2764000609375 0.8956536078124999 0.257012909375 0.8932028875 0.24630458906250002 0.8922121296875 0.23740713281249998 0.8924614421874999 0.22608569374999998 0.8963203328125001 0.2110189703125 0.905442496875 0.1867173453125 0.9153900203124999 0.1720879015625 0.9378191640625 0.1475058875 0.9580711718749999 0.12823287187500002 0.9609375 0.12363982031250001 0.9609375 0.1101975328125 0.9583833671875001 0.05193435625 0.9578092125 0.015137298437499998 0.9585514046875 0 0.8356884203125 0
12 0.9572556171875 0 0.955788934375 0.0053306859375 0.9552093687500001 0.013686304687500001 0.9564715500000001 0.05666215 0.9553930921875 0.0899182828125 0.9529391265625 0.10630156875 0.9553070140625 0.11852606562500001 0.9580337828125 0.121875 0.964791284375 0.121875 0.96919220625 0.121178225 0.9756672156249999 0.11604509375000001 0.9928873156249999 0.1079651859375 1 0.1027700140625 1 0.0211090125 0.9803363843749999 0.0065522421875 0.9744027187500001 0 0.9572556171875 0
12 0.56875 0 0.56875 0.27831219375 0.5735043671875 0.27625508125 0.5917718890625 0.2640211265625 0.6086061546875 0.2569963609375 0.6387501046875 0.227114865625 0.655641034375 0.2070386015625 0.666690209375 0.19552231874999998 0.692729471875 0.16267974999999998 0.7034761875 0.1461871671875 0.7136163578125 0.133287784375 0.7324923140624999 0.101657190625 0.7420548140625 0.0813099921875 0.7454998093749999 0.071566528125 0.7484375 0.051395687499999995 0.7484375 0.0388046640625 0.7438517921875001 0.029645829687500003 0.74545125625 0.0168890125 0.745010921875 0.012934589062499998 0.7371786281249999 0 0.56875 0
4 0.0392688265625 1 0.0436911453125 0.9992121703125001 0.0456878859375 0.975117109375 0.076874025 0.97442361875 0.0866143421875 0.968970184375 0.1023313625 0.972176559375 0.1177013203125 0.9654341984375 0.194023753125 0.9572717749999999 0.234375 0.9582119140625001 0.234375 0.9410486578124999 0.1709417640625 0.9056106359375 0.12956908281249999 0.8989663265625 0.0598318375 0.8518985453125 0.027622535937499998 0.8639289390625 0 0.9042306921875 0 0.9587012749999999 0.0074529140625000006 1 0.0392688265625 1
4 0.1285820328125 0.78150715 0.0921133171875 0.7934383078125 0.06428062968750001 0.8495935609374999 0.12412881718749999 0.8978510328125001 0.1712798828125 0.9074701609375 0.21909597343749998 0.9375 0.2277559953125 0.9375 0.23895277343750002 0.9360286359375 0.27228439375 0.9155038281250001 0.296875 0.8949661062500001 0.296875 0.8884115843749999 0.2968492796875 0.8876743015624999 0.255476596875 0.8810299890625 0.24357276562500002 0.8651316187500001 0.23538296406249998 0.8336987562499999 0.175534775 0.7854412843749999 0.1285820328125 0.78150715
5 0.689907284375 1 0.690625 0.994968315625 0.690625 0.9787699578125 0.6852013734375 0.9667482265625 0.681777803125 0.9617823515625 0.6805634421875 0.9637837953125 0.6824406749999999 0.964770003125 0.6605778453125 0.9648977171875 0.641588178125 0.983954971875 0.63849766875 0.9939447765625001 0.6322041859375 0.996973065625 0.629669671875 1 0.689907284375 1
5 0.8972598749999999 1 0.8950457593750001 0.9908304421875 0.8644585546875 0.9800401937500001 0.845135828125 0.98414176875 0.8254822078125 0.9912368031250001 0.8230612828125 1 0.8972598749999999 1
5 0.9094421046875001 0.8949180296874999 0.9024879171875 0.912907803125 0.906576525 0.938810471875 0.9175101078125 0.9566957546874999 0.9316434156250001 0.95461884375 0.9489786109375 0.9505288796875 0.9575926875 0.9624446609374999 0.9728289718750001 0.9503895546875001 0.978125 0.9259963859375 0.978125 0.9206916015625 0.9669701765625 0.89557915 0.9546038046875001 0.8996400874999999 0.9533883609375 0.8926669640625 0.933732571875 0.8818128578125 0.91948896875 0.8848875875000001 0.9094421046875001 0.8949180296874999
5 0.8273808796875001 0.9163196984375 0.8145754828125 0.94232105625 0.8202082624999999 0.9542542546874999 0.8282686796875 0.9532099921875 0.844609028125 0.9401512640625 0.8626081828124998 0.9480235203125 0.8801639734375 0.9419379187500001 0.88855311875 0.9199510578125001 0.89375 0.8988386734375 0.89375 0.8978942390625001 0.8797162796875 0.8920817765625 0.8557567046875001 0.9021934890625 0.8546504734375 0.8852479750000001 0.843057271875 0.8912987484375 0.830139409375 0.900348784375 0.8273808796875001 0.9163196984375
5 0.8237693234375 1 0.8265625 0.9873643765625 0.8265625 0.9834548953125001 0.8188975453125 0.969658428125 0.7940534218749999 0.9698035578124999 0.7665610625 0.9849217812500001 0.7614357625 1 0.8237693234375 1
5 0.9511927374999999 1 0.9590564953125 0.9882378656249999 0.96148305 0.9662858374999999 0.9511020406250001 0.9523860281250001 0.9331039703125 0.953488340625 0.9167625390625 0.9575725 0.9083723125000001 0.9705847875 0.8990997000000001 0.9915796328125 0.9077301343749999 1 0.9511927374999999 1
5 0.7596993421875 1 0.7635053828125 0.9873858406250001 0.7840413875 0.9723082515625 0.7737717609375 0.9663851890625 0.7546696296875 0.9684911281249999 0.739653940625 0.9785505921875 0.7303802453125 0.9905708671875001 0.731506584375 1 0.7596993421875 1
5 0.7293843140625 0.972627534375 0.7561035031250001 0.955519475 0.776640590625 0.9494164546875 0.7872389453124999 0.9343969187500001 0.7916541125000001 0.9214078515624999 0.7769671484374999 0.91052471875 0.7568712515625 0.9126364609375 0.7389845656249999 0.9217155218749999 0.72054530625 0.9268091125 0.709173784375 0.939838815625 0.7124881390625 0.9547770828125 0.7224279578124999 0.9726681703125 0.7293843140625 0.972627534375
5 0.9178666015625 0.956568875 0.9132275875 0.9446298750000001 0.902185875 0.94569155 0.9027362812499999 0.93172788125 0.8912522921875 0.9278062671875 0.8785561109375 0.943835234375 0.86210438125 0.9489172124999999 0.8455401859375 0.9370478734375001 0.8336160890625 0.9460921046875 0.8365984671875001 0.9550492578125 0.85073285625 0.961946915625 0.8444404578124999 0.9739497765625 0.8424540109375 0.9829359546875001 0.8658620953125 0.9778133406249999 0.891480475 0.988632615625 0.9035159515625001 0.987565134375 0.906274484375 0.97159421875 0.9178666015625 0.956568875
5 1 0.8258280843750001 0.9815626875 0.8295555515625 0.9686426578124999 0.8206564500000001 0.9653283015625 0.8057181859375 0.9545071859375 0.8047842218750001 0.9429150671875 0.8198095656250001 0.934083646875 0.8368131296874999 0.93717740625 0.853747034375 0.965556484375 0.8665445328124999 0.997686775 0.8543907390625 1 0.8514331171875 1 0.8258280843750001
5 0.730581303125 1 0.7331398609375 0.983574521875 0.7567674578125001 0.9674816968750001 0.7833785171875001 0.9693205984375 0.77034710625 0.9524447453124999 0.742412471875 0.9625796765625001 0.7203301296875 0.9736775999999999 0.7154694359375 0.9547596671875 0.6989074078125 0.9608394656250001 0.694603621875 0.9818052843749999 0.6968139140625 0.997747171875 0.6962202390625001 1 0.730581303125 1
5 0.9495448640624999 0.858660665625 0.9361836421875 0.8537528390624999 0.9354083062499999 0.8338138656249999 0.9504218281250001 0.8058052625000001 0.9467339812500001 0.8003423406250001 0.911913875 0.8005457453125 0.9074704203125 0.8170250906250001 0.898967725 0.813086059375 0.8830696546875 0.8311280796875 0.8466323265625 0.837323984375 0.8713672375 0.8471512421874999 0.8696046390625 0.8810654921875001 0.8870501328125 0.875977709375 0.8953333140625 0.89088695 0.8809848328125 0.9398323453125 0.8908100171875001 0.9228229734375001 0.9024043031250001 0.925746771875 0.9043896640625 0.9077860203125001 0.9113438531250001 0.889796246875 0.9250348828125 0.8827360453124999 0.9414866125 0.8776540640625001 0.9495448640624999 0.858660665625
5 0.651753840625 0.9202307375000001 0.6634605953125 0.9401058515624999 0.6610340406249999 0.96205788125 0.6758302171875 0.9629686218749999 0.6926139234375001 0.963867753125 0.7039865296875 0.9598126203125 0.7087336750000001 0.9528046640625 0.7071862531249999 0.9398504265625001 0.709613890625 0.9268729703125 0.697356734375 0.9209615187499999 0.6782524359375 0.905118315625 0.651753840625 0.9202307375000001
5 0.8256627171875 0.9192148375 0.8275377828125 0.9022519078125001 0.8067779312500001 0.8924014234375001 0.7841441 0.9084884437499999 0.791764409375 0.9204100296875 0.7821609046875 0.9443983328125001 0.7704574046875 0.9514469249999999 0.7862495140625001 0.9703010015625001 0.8104307687500001 0.9671682203125 0.8276578359375 0.9820252125 0.840797375 0.9799541078124999 0.8446599703125 0.962979565625 0.8319605375 0.952084825 0.8180478265625 0.9521660984375 0.8152860421874999 0.9412133046875001 0.8256627171875 0.9192148375
5 0.689404446875 0.9030588203125 0.6957000984375 0.917979671875 0.7237461140625 0.9158214906250001 0.753115703125 0.9016894734375 0.7642688 0.9086045453124999 0.7822668671875 0.9075022359375 0.786128378125 0.8815531249999999 0.78171104375 0.8765930546874999 0.7707807109375 0.8856314796875001 0.76559020625 0.8786815750000001 0.754769090625 0.8777476109375 0.7426233140624999 0.8798129124999999 0.7273848609375 0.8739188765625 0.7145772984375001 0.8819710953125 0.697351315625 0.876088671875 0.689404446875 0.9030588203125
5 0.8408903328124999 0.835363175 0.82697870625 0.844419015625 0.8130659953125001 0.8445002890625 0.806665465625 0.87545010625 0.7978329625 0.8834791031249999 0.7874530375 0.8785538609374999 0.7853584609375 0.9064869999999999 0.8081025890625 0.8894021609375 0.8295253125000001 0.9022402953124999 0.8488469562500001 0.88916415 0.861323625 0.88410539375 0.8679480015625 0.8780836453124999 0.8712580234375 0.85712363125 0.8697106015625 0.8441693953125 0.8408903328124999 0.835363175
5 0.8054467703124999 0.8415532718750001 0.7952863578125 0.8256578234375 0.7778397781249999 0.8217710374999999 0.7656950859375 0.8328109078124999 0.7740885656250001 0.846722328125 0.7877817640625 0.8576112640625 0.8054467703124999 0.8415532718750001
5 0.7426211453125 0.8618637734375 0.75874415 0.877724390625 0.7705590328125 0.8786525484375 0.7757452015625 0.8497041765625 0.75609158125 0.8567992109375 0.74339323125 0.8548790374999999 0.7224149515625 0.864973334375 0.726391096875 0.8739246828124999 0.7426211453125 0.8618637734375