12 0.35 0.21987847187499998 0.34862355312500004 0.21511595625000002 0.34640838125 0.19051505468750002 0.347147271875 0.170615790625 0.34525095625 0.168761178125 0.3451573609375 0.16875 0.34051035625 0.16875 0.3336920609375 0.17014425 0.32072535625 0.1699452796875 0.310201184375 0.1711091625 0.29409561875 0.175398303125 0.280490296875 0.1802859671875 0.2620459578125 0.1885803578125 0.23948574687500002 0.2008177171875 0.21917190625 0.213644703125 0.2024507484375 0.22608669531249997 0.1793518921875 0.2454577984375 0.1686429234375 0.25581143281249996 0.154991253125 0.271426403125 0.1436051921875 0.287376221875 0.1385391140625 0.29716125937500004 0.1340230453125 0.30977553125 0.13456138906249998 0.31950152656249997 0.138026984375 0.32754194999999997 0.14236583125 0.330759415625 0.15789806875 0.33743456250000003 0.1602444140625 0.3400712984375 0.164171703125 0.3419970859375 0.1661872296875 0.34564403125 0.169372140625 0.3472883515625 0.19391886875 0.35 0.324064965625 0.35 0.3327312859375 0.3379417125 0.3427555890625 0.32654228281250003 0.35 0.32033620625000003 0.35 0.21987847187499998
12 0.41480646875 0 0.42019100624999994 0.162603784375 0.42019100624999994 0.18275460937500002 0.4177348375 0.19693612968750002 0.4211734765625 0.21325519218750003 0.4314893890625 0.22928298125 0.4383666625 0.23538099375 0.4473411875 0.2375 0.4995572859375 0.2375 0.5061569484375 0.23637152499999997 0.52924494375 0.22672250468750002 0.6166845890625 0.215997975 0.661386878125 0.2133674703125 0.6741589609374999 0.21128187187499997 0.6859485750000001 0.20671025156249997 0.6890625 0.20018045468749998 0.6890625 0.1700362546875 0.6874222781249999 0.112879790625 0.683001171875 0.0591793765625 0.6814355093750001 0 0.41480646875 0
11 0.5544525921875 0.35 0.575521978125 0.3245967984375 0.581416784375 0.313464284375 0.5838729578125 0.3037061171875 0.5927151687500001 0.2965912765625 0.596153803125 0.291285059375 0.6046875 0.2680539046875 0.6046875 0.251780271875 0.6035223125 0.24824901562499999 0.598609975 0.2397507890625 0.5897677640625 0.23113815624999998 0.57699568125 0.22388556718750002 0.5676622359375 0.222139403125 0.54604794375 0.2244590734375 0.5416268375 0.226787784375 0.524433646875 0.24692956875 0.52001254375 0.2571220171875 0.5175563734375 0.2698290875 0.5042930578125 0.282713025 0.475816709375 0.35 0.5544525921875 0.35
11 0.86872979375 0.35 0.8581897546875 0.33442498125000003 0.8414878 0.3221431515625 0.8242946124999999 0.2892047109375 0.798750446875 0.2761739828125 0.7859783640625 0.274327715625 0.7673114734375 0.2816480265625 0.7663290046875 0.28850019374999997 0.7722068531249999 0.35 0.86872979375 0.35
11 0.8092212015625 0.08271536562500001 0.7993965249999999 0.053923301562500005 0.7959578859375 0.049399846875 0.78122086875 0.0720705515625 0.7655013796875 0.10306787656250001 0.7635364453125 0.155599415625 0.7763085281250001 0.159411621875 0.7787646968749999 0.1624320265625 0.7743435921875 0.175573378125 0.7802384 0.1919639421875 0.7851507375 0.19898771875000001 0.7885893765625 0.21383233124999998 0.786624440625 0.2245877671875 0.7964491203125 0.25141389531249997 0.8015271796875 0.253125 0.8063663515624999 0.253125 0.809221203125 0.252768678125 0.8151160093750001 0.24900841875 0.8254319234375 0.2493087359375 0.8411514109375 0.24583448749999998 0.846875 0.242036615625 0.846875 0.2324786890625 0.8401689421875 0.207961653125 0.83623906875 0.2024409265625 0.8332916656249999 0.19203396875 0.8318179656249999 0.1688913390625 0.8215020515625 0.10863002656250001 0.8092212015625 0.08271536562500001
14 0.720444528125 0.35 0.7359375 0.18275410625 0.7359375 0.173516446875 0.7253673468749999 0.1941020296875 0.70917325 0.35 0.720444528125 0.35
14 0.7545074046875 0.35 0.7625 0.1239017734375 0.7625 0.10727974843750002 0.7497374578125 0.126505478125 0.74055205 0.35 0.7545074046875 0.35
14 0.7366034625 0.35 0.7453125 0.2358578140625 0.7453125 0.22722689687500003 0.7373771078125 0.2407308359375 0.7256389984375 0.35 0.7366034625 0.35
14 0.6823856953125 0.35 0.7135371906250001 0.2885175296875 0.716842334375 0.2506838546875 0.6647120515625 0.35 0.6823856953125 0.35
14 0.6575072609375 0.35 0.6946119484375 0.2679675984375 0.7501126078125 0.14286217031249998 0.7504901296875001 0.130017884375 0.742939025 0.1426533328125 0.7244388421875 0.1780339234375 0.6949895265625 0.2320005890625 0.6822564109375 0.2624190125 0.6427470875 0.35 0.6575072609375 0.35
14 0.8047777171875001 0 0.6172047140625001 0.35 0.6312726875 0.35 0.8174342124999999 0 0.8047777171875001 0
14 0.5944105078125 0.35 0.6898173515625 0.20652093124999998 0.6719149859375 0.21286581093749998 0.5788263703125001 0.35 0.5944105078125 0.35
14 0.7759505921875001 0 0.7561260328125 0.0523006984375 0.7245313421875 0.1384912109375 0.71453526875 0.1696614359375 0.7406598984375 0.12256598125 0.7903278703125001 0 0.7759505921875001 0
14 0.6995411875 0.174972975 0.6865106015625 0.2194616453125 0.71310726875 0.1721224671875 0.7673715953125 0.006810651562500001 0.7620165609375 0.00218583125 0.75746456875 0.002016296875 0.7204258109375 0.11549079531249999 0.6995411875 0.174972975
14 0.7301365093750001 0 0.6947525625 0.186970565625 0.7212889421875 0.111810996875 0.7428419453125 0 0.7301365093750001 0
14 0.6874767515625 0 0.6931320140625 0.19439758437500002 0.70326040625 0.1397178609375 0.700397859375 0 0.6874767515625 0
14 0.35 0.5576619984375 0.304718928125 0.780153640625 0.3111187625 0.9641710015625 0.3136735484375 1 0.35 1 0.35 0.877229071875 0.34651787343749996 0.785611709375 0.35 0.7699982624999999 0.35 0.5576619984375
14 0.12320792656249999 1 0.0913318875 0.9010320453125 0.0854003375 0.8934195812500001 0.06896908125 0.8930369062499999 0.055473184375 0.9016917796874999 0.055394971875 0.9151437375 0.08307389375 1 0.12320792656249999 1
14 0.182672421875 1 0.129987309375 0.765604390625 0.1255582 0.756532053125 0.10615682500000001 0.7530904765625 0.089664734375 0.763170434375 0.0881014609375 0.7750929421875 0.14838885156249998 1 0.182672421875 1
14 0.25986550468749997 1 0.251527603125 0.9313752093750001 0.2392396703125 0.7322720734375 0.22734180781250002 0.72302579375 0.21091924374999999 0.72114845625 0.2019132859375 0.728413034375 0.2017655484375 0.7538222875 0.2214353328125 0.968045984375 0.22610963125 1 0.25986550468749997 1
14 0.22215369218749997 1 0.1631974375 0.7065832625 0.10917139218750001 0.491559428125 0.0853148359375 0.48352949843750004 0.0643241125 0.4964944156250001 0.065652746875 0.52492778125 0.118202421875 0.736927503125 0.13002207187499998 0.759625740625 0.1836278015625 1 0.22215369218749997 1
14 0.30701866093749997 1 0.24706572499999999 0.4140482375 0.23966649375000001 0.4019169984375 0.2187626765625 0.399935296875 0.202314040625 0.4025419453125 0.2020967796875 0.43990849374999996 0.23088549375 0.6274370078125 0.2449539609375 0.7772510859375 0.2778407984375 1 0.30701866093749997 1
14 0.2868973140625 0.35 0.3210011640625 0.6826564375 0.34578863437499996 0.578161371875 0.3296370859375 0.35 0.2868973140625 0.35
14 0.14463224375 1 0.0427846 0.60384645625 0.041901684375 0.75569926875 0.0579153203125 0.810906978125 0.081534121875 0.894535015625 0.08621159218749999 0.8964595390625 0.0892685171875 0.9014427546875 0.118175171875 1 0.14463224375 1
14 0.145926228125 0.3807916109375 0.20747899687500002 0.7220059125 0.21053881406250002 0.722133628125 0.239829690625 0.7261840718749999 0.23415900625 0.6639890218750001 0.1905483734375 0.3709738078125 0.1631943828125 0.3680695515625 0.145926228125 0.3807916109375
1 0.5608258921875 0.4111607140625 0.521540178125 0.44151785624999995 0.5063616062499999 0.462946428125 0.527790178125 0.496875 0.5358258921875001 0.5022321421875 0.61886160625 0.503125 0.62421875 0.49776785625 0.6393973203125001 0.4950892859375 0.640290178125 0.48973214218750005 0.6260044640625 0.462946428125 0.6268973203125 0.459375 0.65636160625 0.44151785624999995 0.675 0.416949065625 0.675 0.414453125 0.6706473203125001 0.409375 0.675 0.400669640625 0.675 0.400431546875 0.66171875 0.3986607140625 0.6518973203125 0.4111607140625 0.6483258921875 0.4111607140625 0.6456473203125 0.39151785625 0.640290178125 0.39151785625 0.5608258921875 0.4111607140625
8 0.744308034375 0.759709821875 0.7416294625 0.7641741078125001 0.743415178125 0.7900669625 0.7514508921874999 0.8114955359374999 0.7585937484375 0.81863839375 0.7644196437499999 0.821875 0.7797627640625 0.821875 0.8796875 0.7848339359375001 0.8796875 0.78391263125 0.8612723203125 0.7400669625 0.8550223203125 0.6900669625 0.8523437484375 0.6900669625 0.8139508921874998 0.7141741078124999 0.8041294625 0.7329241078125 0.744308034375 0.759709821875
10 0.5609375 0.81573660625 0.5564732140624999 0.8300223203125 0.5305803578124999 0.8327008921874999 0.5225446421875001 0.837165178125 0.47879464218750006 0.8818080359374999 0.475 0.9038169671875 0.475 0.912723209375 0.47601190468750004 0.9203125 0.4964285515625 0.9203125 0.5225446421875001 0.9193080359374999 0.5529017859375001 0.9068080359374999 0.5734375 0.9032366062499999 0.6421875 0.8568080343750001 0.6564732140625 0.8309151781249999 0.6627232140625 0.8255580343750001 0.663616071875 0.8175223203125 0.671875 0.8092633906250001 0.671875 0.8055803578125001 0.6707589281249999 0.8005580343750001 0.627008928125 0.8050223203125 0.5984375 0.8005580343750001 0.5868303578124999 0.8041294625 0.569866071875 0.8032366062499999 0.5609375 0.81573660625
11 0.6532087046875 0.35 0.6581473203125 0.35658482187499996 0.653683034375 0.3637276796875 0.6572544640625 0.3860491078125 0.67511160625 0.400334821875 0.6760044640625 0.40479910781250006 0.7072544640625 0.40926339375000004 0.7170758921875 0.406584821875 0.73046875 0.39051339375 0.746540178125 0.38515625 0.75546875 0.3771205359375 0.76796875 0.37622767968750004 0.7751116062500001 0.36551339375 0.778683034375 0.35212053593750003 0.777998990625 0.35 0.6532087046875 0.35