7 0 0.46372159062499996 0.060312500000000005 0.47468750000000004 0.2078125 0.4721875 0.27531249999999996 0.4846875 0.3078125 0.4846875 0.3103125 0.4771875 0.30281250000000004 0.43968749999999995 0.1853125 0.43968749999999995 0.1703125 0.42718749999999994 0 0.41986223125000005 0 0.46372159062499996
7 0.068265625 0 0.035312500000000004 0.034687499999999996 0.0053124999999999995 0.1221875 0.0053124999999999995 0.1471875 0.025312499999999998 0.1771875 0.0378125 0.1746875 0.042812499999999996 0.15718749999999998 0.0528125 0.1596875 0.010312499999999999 0.39968750000000003 0.0003125 0.40718750000000004 0.017812500000000002 0.42718749999999994 0.0653125 0.42718749999999994 0.1278125 0.33968750000000003 0.1303125 0.27218749999999997 0.1578125 0.16468750000000001 0.1528125 0.0871875 0.1753125 0.0571875 0.1628125 0.0171875 0.12050480781249999 0 0.068265625 0
7 0.34781249999999997 0.4796875 0.3603125 0.33218749999999997 0.3878125 0.2571875 0.42281250000000004 0.2171875 0.4203125 0.1696875 0.40031249999999996 0.15718749999999998 0.3778125 0.15718749999999998 0.3328125 0.23718750000000002 0.3178125 0.2921875 0.3078125 0.38468749999999996 0.3078125 0.5796875 0.30492788437499996 0.5890625 0.39238486875 0.5890625 0.3603125 0.5421875 0.34781249999999997 0.4796875
7 0.28531249999999997 0.1221875 0.2778125 0.10718749999999999 0.2578125 0.0996875 0.20031249999999998 0.09468750000000001 0.17781249999999998 0.1221875 0.1653125 0.1771875 0.1678125 0.2146875 0.1903125 0.2496875 0.23781249999999998 0.26968749999999997 0.2503125 0.3246875 0.3078125 0.4046875 0.3203125 0.28718750000000004 0.3803125 0.13968750000000002 0.3403125 0.1121875 0.28531249999999997 0.1221875
7 0.5503125 0.16468750000000001 0.5228125 0.15718749999999998 0.5178125 0.1821875 0.44281249999999994 0.2671875 0.3753125 0.3821875 0.3803125 0.39468749999999997 0.4078125 0.4046875 0.4503125 0.4021875 0.4803125 0.43968749999999995 0.5028125 0.4496875 0.5353125000000001 0.4421875 0.5703125 0.41968750000000005 0.5796875 0.40636513125 0.5796875 0.2273958328125 0.5553125 0.1921875 0.5503125 0.16468750000000001
7 0.36369318125 0 0.3628125 0.0096875 0.4028125 0.1446875 0.4403125 0.1746875 0.4453125 0.2521875 0.4578125 0.2571875 0.4828125 0.23718750000000002 0.5003124999999999 0.20218750000000002 0.4653125 0.1046875 0.4653125 0.044687500000000005 0.47707236875000003 0 0.36369318125 0
7 0.4928125 0.4496875 0.4578125 0.4171875 0.45531249999999995 0.39968750000000003 0.4253125 0.39968750000000003 0.4203125 0.4221875 0.44781250000000006 0.46218750000000003 0.4503125 0.4871875 0.4728125 0.5271874999999999 0.47531249999999997 0.5671875 0.5228125 0.5746875 0.5603125 0.5571875000000001 0.5778125000000001 0.5296875 0.5753125 0.4971875 0.5278125 0.4771875 0.4928125 0.4496875
7 0.5753125 0.5146875 0.5703125 0.4221875 0.5628124999999999 0.41968750000000005 0.5503125 0.4296875 0.5503125 0.45218749999999996 0.5553125 0.4871875 0.5728125000000001 0.5046875 0.5603125 0.5421875 0.5625806453125 0.5890625 0.5796875 0.5890625 0.5796875 0.5336458328125 0.5753125 0.5146875
19 0.59658203125 0.286328125 0.61171875 0.294140625 0.62587890625 0.2970703125 0.6458984375 0.29560546875 0.66201171875 0.2912109375 0.67666015625 0.28291015625 0.6859375 0.27509765625 0.7015625 0.24921875 0.70693359375 0.2345703125 0.70888671875 0.22041015625 0.70595703125 0.18720703125 0.691796875 0.1623046875 0.66494140625 0.14423828125 0.65322265625 0.14033203125 0.63173828125 0.1388671875 0.60390625 0.1466796875 0.59072265625 0.15498046875 0.58193359375 0.16328125 0.5796875 0.166187959375 0.5796875 0.2705078125 0.5873046875 0.27900390625 0.59658203125 0.286328125
19 0.81142578125 0.28291015625 0.8138671875 0.26875 0.8138671875 0.2521484375 0.8099609375 0.2375 0.80263671875 0.22431640625 0.7865234375 0.21015625 0.77041015625 0.2033203125 0.7513671875 0.20185546875 0.73623046875 0.2052734375 0.7240234375 0.21064453125 0.715234375 0.22138671875 0.70498046875 0.2716796875 0.711328125 0.2794921875 0.76357421875 0.29658203125 0.77529296875 0.30390625 0.78505859375 0.3146484375 0.79140625 0.31513671875 0.80166015625 0.30390625 0.81142578125 0.28291015625
19 0.68349609375 0.4142578125 0.76943359375 0.41474609375 0.773828125 0.41279296875 0.7884765625 0.39521484375 0.79580078125 0.37421875 0.79580078125 0.348828125 0.79091796875 0.32685546875 0.78603515625 0.31611328125 0.77431640625 0.30341796875 0.7591796875 0.2951171875 0.7201171875 0.28193359375 0.6986328125 0.2794921875 0.67958984375 0.28291015625 0.66689453125 0.28876953125 0.65126953125 0.3 0.6400390625 0.31318359375 0.63466796875 0.3244140625 0.63271484375 0.3341796875 0.63369140625 0.364453125 0.637109375 0.38349609375 0.64345703125 0.38984375 0.6615234375 0.39521484375 0.68349609375 0.4142578125
19 0.62734375 0.5060546875 0.6556640625 0.4904296875 0.66494140625 0.48212890625 0.67177734375 0.471875 0.680078125 0.446484375 0.68056640625 0.42939453125 0.67861328125 0.4181640625 0.6712890625 0.40498046875 0.66201171875 0.395703125 0.65126953125 0.39033203125 0.61416015625 0.38740234375 0.58828125 0.39326171875 0.5796875 0.39723793125 0.5796875 0.5054827015625001 0.5833984375 0.50654296875 0.62734375 0.5060546875
19 0.6078125 0.3693359375 0.6146484375 0.35419921875 0.61708984375 0.33759765625 0.61513671875 0.3185546875 0.60830078125 0.30439453125 0.59853515625 0.29267578125 0.5912109375 0.28779296875 0.5796875 0.2837040078125 0.5796875 0.3967377015625 0.59755859375 0.387890625 0.6078125 0.3693359375
19 0.83828125 0.466015625 0.8607421875 0.48359375 0.86953125 0.48505859375 0.88173828125 0.47724609375 0.91201171875 0.46748046875 0.92421875 0.4552734375 0.93251953125 0.440625 0.9349609375 0.42939453125 0.933984375 0.39716796875 0.93056640625 0.383984375 0.92470703125 0.3712890625 0.91494140625 0.35712890625 0.90029296875 0.3419921875 0.8880859375 0.3322265625 0.8705078125 0.3224609375 0.8509765625 0.3166015625 0.82119140625 0.3146484375 0.797265625 0.3185546875 0.79189453125 0.32392578125 0.79580078125 0.35810546875 0.79482421875 0.39814453125 0.801171875 0.426953125 0.80654296875 0.4328125 0.80947265625 0.44013671875 0.81826171875 0.4474609375 0.82216796875 0.4533203125 0.83291015625 0.45966796875 0.83828125 0.466015625
19 0.79384765625 0.5529296875 0.82509765625 0.5353515625 0.8294921875 0.52998046875 0.83291015625 0.52021484375 0.83291015625 0.49873046875 0.82802734375 0.4689453125 0.8255859375 0.46064453125 0.81630859375 0.44453125 0.80556640625 0.4328125 0.78994140625 0.42158203125 0.76748046875 0.41669921875 0.74990234375 0.41669921875 0.7279296875 0.4220703125 0.70205078125 0.43818359375 0.6869140625 0.45771484375 0.6732421875 0.48896484375 0.6732421875 0.501171875 0.67666015625 0.51923828125 0.68251953125 0.53095703125 0.6908203125 0.536328125 0.69814453125 0.54560546875 0.71767578125 0.55732421875 0.79384765625 0.5529296875
19 0.88515625 0.56025390625 0.88466796875 0.5373046875 0.8763671875 0.4953125 0.86513671875 0.481640625 0.83388671875 0.45869140625 0.83046875 0.458203125 0.8265625 0.45966796875 0.8265625 0.4630859375 0.83486328125 0.485546875 0.83583984375 0.5060546875 0.83193359375 0.52119140625 0.81875 0.540234375 0.79921875 0.54853515625 0.78798828125 0.5568359375 0.77724609375 0.559765625 0.76162109375 0.5626953125 0.73720703125 0.56123046875 0.73720703125 0.5744140625 0.7455078125 0.5783203125 0.7533203125 0.5890625 0.8759016171875 0.5890625 0.88271484375 0.5744140625 0.88515625 0.56025390625
19 0.69033203125 0.5763671875 0.6927734375 0.55146484375 0.6888671875 0.53974609375 0.67666015625 0.51630859375 0.6703125 0.49140625 0.66201171875 0.48994140625 0.6205078125 0.503125 0.5990234375 0.5080078125 0.5931640625 0.5119140625 0.5873046875 0.52119140625 0.57998046875 0.53974609375 0.5796875 0.541458834375 0.5796875 0.5890625 0.6865981156250001 0.5890625 0.69033203125 0.5763671875
12 0.27134144375 1 0.2738284734375 0.995523346875 0.26846654375 0.9669263859375 0.2532744078125 0.9383294234375 0.2505934421875 0.8873910859375 0.24523151250000003 0.8730926046875 0.22199648125000002 0.8596877796875001 0.19339952031250002 0.8579004687499999 0.1817820046875 0.860581434375 0.16658986874999998 0.8713052953125 0.1585469734375 0.8856037750000001 0.1585469734375 0.9293928734374999 0.154972353125 0.9490532843749999 0.134937128125 1 0.27134144375 1
13 1 0.6050071015625 0.94052734375 0.60732421875 0.76572265625 0.60927734375 0.6861328125 0.6126953125 0.67392578125 0.61416015625 0.66318359375 0.61806640625 0.64853515625 0.63173828125 0.61728515625 0.67568359375 0.5923828125 0.703515625 0.581640625 0.70986328125 0.5796875 0.7121826171875 0.5796875 0.7529017859375 0.5875 0.777734375 0.59482421875 0.81337890625 0.60703125 0.85341796875 0.620703125 0.863671875 0.63583984375 0.8666015625 0.80673828125 0.86318359375 0.94150390625 0.863671875 0.995703125 0.865625 1 0.866015625 1 0.6050071015625