15 0.737059465625 0.387283353125 0.7288136359374999 0.37755315624999997 0.7228617296875 0.3737077078125 0.7018399703125 0.3686458125 0.6471296078125001 0.362200896875 0.644836753125 0.3652037171875 0.633437740625 0.4685988046875 0.6298893796875 0.4740924625 0.6164568203125 0.466922184375 0.61285338125 0.468466771875 0.612034734375 0.4714436875 0.6112268046875 0.5632962984375001 0.6095365796875 0.5830761953125 0.6065887015625 0.5875717921875 0.5940314718749999 0.594705025 0.58633265625 0.59335905 0.58507446875 0.5736309625 0.575406828125 0.54565681875 0.5725658859375 0.5313878484375001 0.5738176421875 0.49779051875 0.5731075406249999 0.495334221875 0.5682480578125 0.4949258625 0.5574928171875 0.5035086921875 0.533469175 0.5078808921875 0.5257168890624999 0.5159172 0.5254992625 0.5223398390625 0.5313415499999999 0.522730928125 0.538550571875 0.5374168953125 0.5528573921875 0.5500031125 0.5565720546875 0.5652442390625 0.5520965015625 0.579148021875 0.5570110609375 0.5835054546875 0.55493690625 0.5889732078125001 0.5486037515625 0.5930345375 0.53724641875 0.5892840765625 0.528347171875 0.594378009375 0.517864096875 0.5960434890624999 0.47996996249999996 0.5838717625000001 0.4758205796875 0.5859196984375 0.4647926359375 0.596976096875 0.4548020359375 0.6075205109375 0.45114459374999993 0.6140035968750001 0.5871604140625 0.6659264765625 0.618502159375 0.675250815625 0.6273474046875 0.6750953796875 0.6479857671875 0.670288915625 0.65890463125 0.66022194375 0.6667654625 0.6467524250000001 0.73537245625 0.4337259609375 0.7401752562499999 0.4168538953125 0.7415933140625001 0.403991346875 0.737059465625 0.387283353125
13 0.4394648390625 0.653215478125 0.4606507546875 0.66123701875 0.4968519859375 0.6709697203125 0.51454354375 0.67954641875 0.5216958828125 0.676951959375 0.5273734765625 0.669939621875 0.5334857890625 0.6456382203125 0.45021632812499995 0.6135261546875 0.4412074625 0.615165728125 0.43645759531249995 0.618211725 0.425376184375 0.63865040625 0.4394648390625 0.653215478125
13 0.5376357078125 0.6480340703125 0.5408049640625 0.6682223281249999 0.540973409375 0.706732253125 0.56439603125 0.6989143296875 0.61653655 0.6752853562500001 0.5376357078125 0.6480340703125
18 0.6085364609374999 0.5853578890625 0.611791115625 0.5248308765624999 0.6107332125 0.47930575312499996 0.6110692578125 0.35912565625 0.575624175 0.434435721875 0.5750881359375 0.43557362031249997 0.572305196875 0.5040328546875 0.5711217359375 0.5285477640625 0.5723904390625 0.5411552390625001 0.581602071875 0.5712878140625001 0.586845471875 0.5891835390625 0.5868455875 0.5960724921875 0.5969934593749999 0.5970423406250001 0.6085364609374999 0.5853578890625
18 0.637628884375 0.2602673078125 0.62173895 0.2829557546875 0.61959225625 0.31889398125 0.61762230625 0.3491124609375 0.6123425390625 0.35789453125000004 0.6126180796875 0.464994703125 0.6314822015625 0.47657106406249994 0.6332757578125 0.47059423906250003 0.634614465625 0.45845143750000006 0.6443256515625 0.3744824203125 0.6499836593749999 0.327277884375 0.6599112093749999 0.286629615625 0.6532413390625 0.2606789390625 0.637628884375 0.2602673078125
18 0.590689703125 0.27418798125 0.5738890078125001 0.2729662984375 0.5427179796875 0.28944161875 0.487833409375 0.31278055781249997 0.4311054296875 0.33918568125 0.3615571234375 0.37264220625 0.357551034375 0.3930838484375 0.427999140625 0.37077519531249997 0.47085946874999995 0.357507490625 0.5032457890625001 0.35731762968749997 0.548452265625 0.3398371953125 0.584190046875 0.32290237187500004 0.5949155265625 0.31437089375 0.60254026875 0.28958708906249997 0.590689703125 0.27418798125
18 0.616162503125 0.349982921875 0.61972385625 0.27998435312500003 0.6020463359375 0.3074044171875 0.5754289453125 0.3524276359375 0.5350994953125 0.4385004484375 0.512479225 0.4809947125 0.5230473250000001 0.49425351875 0.516278271875 0.5060537578125001 0.505954121875 0.5183572953125 0.49516702500000004 0.5130368046875 0.4563148484375 0.5718223953125 0.4366893625 0.601039928125 0.43170814999999996 0.6097519484375 0.43815444843750007 0.617510034375 0.45230165468749994 0.6121921859375 0.4907980375 0.5685373359375 0.530519121875 0.503854190625 0.553943090625 0.46795785156249997 0.58056053125 0.4249182703125 0.60518108125 0.372216084375 0.616162503125 0.349982921875
18 0.3869272546875 0.4261852359375 0.49657919531249994 0.5132587562500001 0.5057285890625 0.516652240625 0.5226523656250001 0.4943184171875 0.50631683125 0.47612330937499997 0.4299797515625 0.40069268906250005 0.387139525 0.424548209375 0.3857072140625 0.42550592187499997 0.3869272546875 0.4261852359375
18 0.377295453125 0.3957178046875 0.24187889375 0.5005147703125 0.29078977968749997 0.49535104375000005 0.3875795359375 0.421323221875 0.4392404046875 0.3971449953125 0.4471962890625 0.3957473234375 0.4947225609375 0.355289565625 0.4523722390625 0.3629519953125 0.40189249218749995 0.38207804375 0.377295453125 0.3957178046875
18 0.5521395453125 0.3745078625 0.551056040625 0.34337053281249996 0.51125893125 0.35457201875 0.5051869015625 0.3592296609375 0.5207764375 0.44165671250000005 0.5218577953125 0.447504803125 0.52448773125 0.4488588671875 0.5231728437500001 0.45133247499999996 0.5245652546875 0.45760929375000003 0.5519853421875001 0.401116003125 0.5509793625 0.37872909843749997 0.5521395453125 0.3745078625
18 0.47758019531249996 0.535750603125 0.47444890937500006 0.515096184375 0.4655374671875 0.4929083875 0.4493407546875 0.477933409375 0.41441856875000005 0.448845390625 0.40839753281249996 0.4445913078125 0.3883172625 0.42804963437500004 0.3964460265625 0.45243113125 0.38298936562499997 0.4641122859375 0.3645045890625 0.44291019531250003 0.34866967187500003 0.45654059374999995 0.3775708984375 0.48627941406249997 0.3974101859375 0.4951955296875 0.423210659375 0.5285312421875 0.437571159375 0.55280323125 0.4398892375 0.5538524625 0.4454582421875 0.5327726703125 0.4502450203125 0.5384109015625 0.47758019531249996 0.535750603125