5 0.18282611875000002 0 0.1829546921875 0.0014018046875 0.1877320390625 0.012926815625 0.1925093390625 0.022688323437499998 0.20206403125 0.0369207375 0.21161867656250002 0.041159825 0.21997900937499998 0.0417828671875 0.2313251234375 0.044391939062500003 0.24267128750000003 0.051703771875000006 0.2546146078125 0.060235771874999997 0.25700327968750003 0.0751098375 0.25868844062499996 0.0765625 0.282086015625 0.0765625 0.28925025 0.0704588828125 0.2816684453125 0.05325410781249999 0.279695603125 0.04153041875 0.2850700609375 0.034876831250000004 0.29581906562500004 0.023921040625 0.3029850390625 0.0079954984375 0.3029850390625 0 0.18282611875000002 0
5 0.55 0.03719980625 0.5454027796875 0.039041034375 0.5414213890624999 0.0447691140625 0.5370780875000001 0.0518876 0.532372821875 0.061105059375000007 0.5294772984375 0.06833083749999999 0.5254959343750001 0.0779562265625 0.52368621875 0.0873883078125 0.5186190171875 0.10579081562499999 0.51825708125 0.12277050625000001 0.51717124375 0.135799228125 0.5164473671875001 0.165506984375 0.52006679375 0.170381146875 0.5241971999999999 0.175 0.55 0.175 0.55 0.03719980625
18 0.4712406984375 0.29444814375 0.4390625 0.3165273421875 0.4390625 0.3305090859375 0.445203540625 0.340625 0.45370708750000005 0.340625 0.45833825937499995 0.33527583125 0.469176309375 0.32835537812500004 0.48569143124999997 0.30947833281250003 0.5042709453125 0.2933383046875 0.5120124125000001 0.283086496875 0.545042659375 0.2613320078125 0.546875 0.25821324687499997 0.546875 0.2359375 0.537434353125 0.2359375 0.537301196875 0.235971796875 0.521818265625 0.24408862031249998 0.5145929015624999 0.2559278828125 0.49601338593750005 0.2684550984375 0.4712406984375 0.29444814375
18 0.148199171875 0.20667343593749998 0.1671111015625 0.1988471 0.18755643125000002 0.20864837343749998 0.18908983125 0.2103104984375 0.1896009640625 0.22219488437499998 0.19420116406250001 0.2338764625 0.2105574265625 0.253665846875 0.21311309375 0.264161290625 0.23458068906250001 0.2786757546875 0.23100275625000002 0.3020933 0.23153248437500001 0.303125 0.240625 0.303125 0.240625 0.267268509375 0.2391808890625 0.2635765140625 0.22793595625 0.24675246562500003 0.22180235937499998 0.22928863906250002 0.20697949375000002 0.20652623593750002 0.20135702812499998 0.1937365765625 0.2008458953125 0.1844272671875 0.1957345640625 0.1696165703125 0.18908983125 0.1691092390625 0.1712001671875 0.17392353124999999 0.160977503125 0.173143021875 0.15075483750000002 0.1687574 0.13439857500000002 0.175748834375 0.12468704374999999 0.152861671875 0.120597975 0.14791432499999999 0.09453017968750001 0.1469540546875 0.08992998125 0.14505777656250002 0.079196184375 0.13290789375 0.0754058703125 0.1203125 0.07055553906249999 0.1203125 0.06488445312499999 0.1240899421875 0.058239721875 0.133882925 0.07152918593749999 0.15652824999999998 0.095041315625 0.1717138359375 0.127753840625 0.198932228125 0.148199171875 0.20667343593749998
18 0.55 0.264000721875 0.5303251312499999 0.2758199453125 0.5075457171875 0.29343783437500004 0.48392261718749996 0.3143551578125 0.4948904859375 0.3252728359375 0.516954271875 0.3296875 0.5250125359375 0.3296875 0.545511409375 0.3232099921875 0.55 0.3164444796875 0.55 0.264000721875
18 0.069812746875 0.1101325765625 0.09209594843749999 0.11089687031249999 0.10518556875 0.11875 0.1111452734375 0.11875 0.1125 0.1156013703125 0.1125 0.1026615734375 0.067138759375 0.079174709375 0.0528775140625 0.0824113765625 0.0515625 0.089880321875 0.0515625 0.09900053125 0.059116809375 0.10679190000000001 0.069812746875 0.1101325765625
18 0.040021865625 0.0477993859375 0.0528040984375 0.06879853124999999 0.053125 0.0664480515625 0.053125 0.0431727015625 0.0434304609375 0.04110299375 0.053125 0.024531928124999998 0.053125 0.0234252953125 0.0280755359375 0.0140625 0.0269557765625 0.0140625 0.0161617 0.0259432046875 0.0084923609375 0.039270059375 0.0287779390625 0.0703125 0.0355552265625 0.0703125 0.045134757812499995 0.0647251546875 0.040021865625 0.0477993859375
18 0.32883477656250004 0.2578125 0.339206678125 0.2578125 0.36765337656249997 0.23322313593750002 0.3949056421875 0.20912566406250002 0.4109375 0.18962208125 0.4109375 0.1561869609375 0.38042787499999997 0.13720208750000001 0.38213114375 0.1533526 0.36680174375 0.158105478125 0.34380764531249997 0.18083585625 0.3191102796875 0.2506632671875 0.32883477656250004 0.2578125
18 0.293000940625 0.253125 0.306754853125 0.253125 0.3115862546875 0.2499872125 0.3203748734375 0.2303108640625 0.3397098375 0.182620703125 0.35 0.1501369296875 0.35 0.11478431874999999 0.33267894062500003 0.09491008906250001 0.3045553609375 0.1267203703125 0.29225129375000003 0.14867985 0.277310640625 0.20092364687500003 0.2799472265625 0.23582574531249997 0.293000940625 0.253125
18 0.55 0.3173225359375 0.5477749375000001 0.31985790625 0.52932824375 0.32939985625 0.49746577812500004 0.3219236453125 0.48908091875000004 0.3120240171875 0.47566514375 0.32531663125 0.4731496875 0.3402806171875 0.46392633906249997 0.3555761625 0.43793327812499994 0.3653858765625 0.43122538906249996 0.3833987203125 0.41948658437499997 0.4111323546875 0.42638739374999995 0.4234375 0.44232837968750005 0.4234375 0.4538645078125 0.4213258625 0.47231120000000004 0.393260665625 0.4773421171875 0.39785329687500004 0.5150739828125 0.3889367921875 0.5318437031250001 0.370847584375 0.55 0.3804333375 0.55 0.3173225359375
18 0.043048503125 0 0.0436169171875 0.0054502234375 0.0782619671875 0.0248886109375 0.077416965625 0.0458559 0.0698119546875 0.0780906 0.0867119796875 0.0793655078125 0.112062015625 0.0930552515625 0.13065204375 0.06249048124999999 0.15431207656249998 0.10213121249999998 0.1517770734375 0.1153998359375 0.1103720140625 0.1408785125 0.1281170390625 0.151470821875 0.16867709687500002 0.1797678421875 0.1999421421875 0.1770789734375 0.20078714375 0.1990149953125 0.21118073124999998 0.203125 0.2359637234375 0.203125 0.2624722328125 0.1910497921875 0.2734375 0.188758 0.2734375 0.1613797421875 0.2658522375 0.14840146875 0.27261224687499996 0.14302274375 0.26162723125 0.10938564375 0.26078222812499996 0.08071969531249999 0.2438822046875 0.05757251249999999 0.21853216718750001 0.0657550421875 0.1965621390625 0.048114078125 0.18304211718750002 0.052982840625000006 0.1779721109375 0.013903267187500002 0.1551570796875 0.018070828125 0.1560020796875 0.0433718125 0.1467070640625 0.0451943359375 0.1247370359375 0.051108128125 0.116287021875 0.037010812500000004 0.125760546875 0 0.043048503125 0
18 0.2171875 0.3078125 0.2171875 0.3021034359375 0.18250398437499998 0.26000381093749997 0.14954893593750002 0.2177810015625 0.1032355421875 0.1796875 0.10030098750000001 0.1796875 0.0966474125 0.18960137187499998 0.10271807968749999 0.2237483421875 0.11919560468749998 0.2483150078125 0.1590885546875 0.2729213515625 0.19819368906249998 0.3078125 0.2171875 0.3078125
18 0.55 0.1722416359375 0.53316821875 0.17381923906250002 0.4781384015625 0.177376490625 0.475598565625 0.19289261093750001 0.487451140625 0.21040638750000001 0.49983745468749996 0.2234375 0.54583021875 0.2234375 0.55 0.221699371875 0.55 0.1722416359375
18 0.3483021953125 0.2512675859375 0.361903065625 0.2578125 0.38374637968749997 0.2578125 0.3784383328125 0.235588521875 0.39221485 0.24602456875 0.4154627265625 0.23495474375 0.42923924687500004 0.2351362546875 0.44559886249999997 0.21500295625 0.45679228437499997 0.22524474374999998 0.478318096875 0.247372653125 0.4875 0.2422049953125 0.4875 0.2098886640625 0.48520635624999997 0.2051634484375 0.46368054374999995 0.190726440625 0.44590891250000003 0.1765625 0.4451908828125 0.1765625 0.4542091859375 0.19514142031249998 0.447320928125 0.200605203125 0.43268337656250005 0.1935225828125 0.4051303375 0.2008504609375 0.3784383328125 0.21507945 0.3483021953125 0.2512675859375
18 0.0062796921875 0.136537540625 0.019297403125 0.1575231203125 0.044763140624999996 0.1671875 0.050516442187499996 0.1671875 0.06876469843750001 0.1586701015625 0.0566148390625 0.1334031546875 0.0731039359375 0.1242215359375 0.09132873124999999 0.15081911406249998 0.0991393546875 0.16184545625 0.125 0.16676963125 0.125 0.1528519984375 0.11302491249999999 0.1359466453125 0.1156284546875 0.126580353125 0.10608213281250001 0.1206389421875 0.0974036609375 0.11302451718749999 0.0939322703125 0.11189153593750001 0.09566796875 0.1128927515625 0.076575325 0.11231277656250001 0.0592183796875 0.1031700703125 0.049672057812499996 0.0867952671875 0.0644254640625 0.067048490625 0.0713682421875 0.0345364734375 0.0670290046875 0.0272514625 0.0566148375 0.0386331625 0.05053990625 0.05729986875 0.028843721875 0.0678250890625 0.02276879375 0.0612777609375 0.0063996078124999994 0.025 0.0046875 0.025 0.0046875 0.06383076875 0.0080153875 0.07493839218750001 0.0046875 0.08010355625 0.0046875 0.1186230390625 0.0175617078125 0.12435227499999998 0.0062796921875 0.136537540625
18 0.4459725375 0.46875 0.42901796875000003 0.432601184375 0.4054320578125 0.3976816953125 0.40543205625 0.3769563484375 0.39700851875 0.350628728125 0.38184614687499996 0.35529096875 0.3759496703125 0.3449030703125 0.3666837765625 0.34752811875 0.3557331734375 0.361633721875 0.354048465625 0.3764303375 0.3372013875 0.3701998734375 0.3313049078125 0.3830243625 0.34309786249999996 0.3921939671875 0.367526128125 0.411425009375 0.39195439374999996 0.41407577343749996 0.4315450296875 0.46345304218749994 0.4331943515625 0.46875 0.4459725375 0.46875
18 0.3424720875 0.3155764015625 0.365137284375 0.316432175 0.3694959765625 0.3291157109375 0.341600346875 0.33491565156249997 0.33201122656250004 0.352704390625 0.321550365625 0.36160534218749996 0.3496478140625 0.375 0.359035115625 0.375 0.359035115625 0.35918694375000004 0.3782133609375 0.34389764375 0.3912894359375 0.357249590625 0.4125 0.358875925 0.4125 0.3317653109375 0.4104676828125 0.324318390625 0.40610898906250004 0.2984034296875 0.3930329125 0.30181128749999997 0.38518726718749996 0.290624578125 0.3668807609375 0.27775367968750003 0.359035115625 0.287737246875 0.3511894703125 0.26243701875 0.3302677484375 0.2775926359375 0.2997569046875 0.26819643437499996 0.2891413859375 0.2609375 0.2823221359375 0.2609375 0.2823221375 0.27832684531249996 0.2736047515625 0.2944182375 0.3006286421875 0.29296193593750003 0.316319934375 0.300339740625 0.334626440625 0.29380455 0.3424720875 0.3155764015625
18 0.4875 0.08200737031250001 0.4875 0.07214438281249999 0.4757028984375 0.05701190625 0.45685821249999997 0.059999471875 0.44572271875 0.0635983484375 0.43287407031249997 0.0607867484375 0.41916884374999996 0.06059635 0.3891886640625 0.05104803125 0.3731744359375 0.0484375 0.36875 0.0484375 0.36875 0.051086809375 0.3857623578125 0.11262624531250001 0.3948385765625 0.1234375 0.4206095125 0.1234375 0.46799370937500007 0.11107950312499999 0.4875 0.08200737031250001
18 0.3126297828125 0 0.3132835640625 0.0059456578125 0.29117471250000004 0.026420765625 0.3213231484375 0.0115910578125 0.3032340875 0.0363993578125 0.2890625 0.0610615625 0.2890625 0.063304871875 0.32333304531249996 0.0439674140625 0.342427053125 0.032326320312500004 0.33036768125 0.051550496875 0.3022291390625 0.065525821875 0.3394122125 0.11164977499999999 0.35681685625 0.134375 0.371894896875 0.134375 0.37659528125 0.131591934375 0.3866447609375 0.1263130375 0.36855569843749997 0.0494151375 0.4208129875 0.065466915625 0.445936684375 0.064353575 0.4660356421875 0.059837726562500006 0.45900100625 0.0351357796875 0.4730702765625 0.014050228125 0.5012088171875 0.0051098656249999996 0.5112582953125 0.0139288546875 0.5273374609375 0.0614713734375 0.546431471875 0.04076735 0.55 0.025841210937499998 0.55 0.02221120625 0.544247875 0 0.3126297828125 0
4 0.8822018484375 0.216794903125 0.8695575906249999 0.23463144531250002 0.8467397765625 0.27388694375 0.8213540781249999 0.3085475515625 0.8100143578125 0.31781677343750003 0.7983345 0.32354232031249996 0.79532270625 0.33094155000000003 0.77965265625 0.350491815625 0.778125 0.3538306953125 0.778125 0.37041990625 0.785196578125 0.3875 0.8086806750000001 0.3875 0.8148182046875 0.38448470625 0.8265186546875001 0.36789439218750003 0.8336804140625 0.353874665625 0.854638603125 0.32848262500000003 0.8952018531249999 0.28575963125000003 0.9136893374999999 0.256785178125 0.9504493499999999 0.207676084375 0.96347493125 0.17165367812500001 0.96875 0.162811415625 0.96875 0.13475132031249998 0.9667558359375 0.1328125 0.946876759375 0.1328125 0.9451595984375001 0.135945759375 0.9431962 0.165347015625 0.9410796250000001 0.170993778125 0.9309126656250001 0.17586246249999998 0.9130494515625 0.1891822484375 0.8822018484375 0.216794903125
13 0.7936326515625 0.21607585468749999 0.7916437796875 0.266234221875 0.7859375 0.292603684375 0.7859375 0.3057706671875 0.7860604406249999 0.30653701093749997 0.791658471875 0.30985999375 0.7891041765625 0.321588003125 0.7972211312499999 0.3265625 0.8110096265625 0.3265625 0.8261757234375 0.3067624828125 0.8384659109375001 0.28120473281249997 0.8414124265625 0.2572141015625 0.8609375 0.15746965625 0.8609375 0.1360373046875 0.8575473578124999 0.134375 0.8552753 0.134375 0.83360170625 0.13871469375 0.8250154953125 0.14265021718749998 0.8107144 0.1529276734375 0.8020456593749999 0.1614473484375 0.7994292656249999 0.1671013703125 0.7936326515625 0.21607585468749999
4 0.8493776734375 0.46875 0.8663152390625001 0.454109384375 0.8684533562500001 0.44958990312499997 0.8658324171875 0.44362774531250004 0.875 0.43838497656250003 0.875 0.38206249375 0.874544784375 0.37861009375 0.8708110437500001 0.3663438421875 0.8650465671875001 0.365129121875 0.8498379500000001 0.3726120609375 0.845595125 0.3766000625 0.830513778125 0.3800194359375 0.8176111078125 0.3955533046875 0.8055794437499999 0.3932378453125 0.79849455 0.39433985625 0.7962490515624999 0.3923272828125 0.791684090625 0.376719121875 0.7906985578125 0.3663514625 0.8027230750000001 0.34698198750000003 0.8080381421875 0.33266411093750003 0.8070191984375 0.3273474140625 0.7935462156249999 0.315271971875 0.7535162328125 0.28853989062499996 0.74280498125 0.2839077 0.722099946875 0.28759345000000003 0.7192713984375001 0.29025211875 0.7192984375 0.301341434375 0.7320945062499999 0.31710071875 0.7280728171875 0.31801255 0.7263300312500001 0.315886 0.7077965234375 0.3100013109375 0.6900473078125 0.30696482812500003 0.6528729140625 0.288663396875 0.6320135687499999 0.2853233953125 0.6196597625 0.263411775 0.6168822406250001 0.2625 0.6128387234375 0.2625 0.6042101234375 0.2845664984375 0.586528509375 0.3092533046875 0.5756971359375 0.3303696109375 0.5743433109375 0.3377373 0.5769173203125 0.3432057609375 0.5855373859374999 0.352851128125 0.5911411828124999 0.3631803703125 0.6108010125 0.3809138125 0.6188109875000001 0.38414110468749996 0.6466613625 0.3853917 0.653726365625 0.3948853078125 0.6743446875 0.41189709375000005 0.7038177265625001 0.4410227375 0.745530046875 0.4638430171875 0.7478694046875 0.46684298750000003 0.7479007531249999 0.46875 0.8493776734375 0.46875
13 1 0.279577853125 0.9884604093749999 0.253125 0.9812309890625001 0.253125 0.9713376921875 0.2580737328125 0.9406730390625 0.2902216109375 0.93313249375 0.3010310703125 0.9315422640625 0.31260339375 0.9260455875 0.322408125 0.92066729375 0.32204701406249997 0.9171168046875 0.32980231875 0.8924579328125001 0.3461584296875 0.8912791265625 0.3506990125 0.8940415343750001 0.35166309375 0.9022170109375001 0.3476441875 0.9106855250000001 0.3467593828125 0.9168941125 0.35600044531249997 0.9166151375 0.358732790625 0.9124297203125 0.35969754374999996 0.9133541859375001 0.3609375 0.9267065171875 0.3609375 0.9674469421874999 0.3422134234375 0.99770016875 0.31709728125000003 1 0.3156447578125 1 0.279577853125
4 0.8893314921875 0.46875 0.8964601984375001 0.4541158078125 0.91478760625 0.42530646406250006 0.92690291875 0.4014253265625 0.9368113875 0.3921377234375 0.9457000328125 0.37754355624999997 0.946875 0.37344445937500004 0.946875 0.3553154234375 0.923225675 0.3574561734375 0.920441653125 0.36060253124999997 0.918771396875 0.3700409703125 0.9144309671874999 0.373035859375 0.892889646875 0.3789131359375 0.8765071609374999 0.3795969765625 0.8732804968749999 0.38888394531250003 0.8754411484375 0.411550775 0.87870840625 0.4188660796875 0.8836594546875001 0.4222770359375 0.8835320734375 0.42633285625 0.8878860328125 0.42887206093749997 0.8871145953124999 0.431563371875 0.84752053125 0.4475629296875 0.8359147421875001 0.45522078906249996 0.8253287765625 0.46818521406249997 0.8223638578125 0.46875 0.8893314921875 0.46875
8 0.834375 0.3648142 0.834375 0.37763620625 0.836171778125 0.3788933 0.836246325 0.3796875 0.8395245359375 0.3796875 0.8405610343750001 0.37471517187500003 0.8479735609375 0.368786090625 0.8508371953125 0.3596744390625 0.8556288375 0.365443190625 0.8555942734374999 0.37073495625 0.864338221875 0.367670459375 0.8685752390625 0.3788503890625 0.8704324531250001 0.3796875 0.8733289515625 0.3796875 0.8821314046875 0.370453884375 0.8848979374999999 0.36030775937500004 0.88337231875 0.35537423437500004 0.8882816359374999 0.35107669375 0.8923795921875 0.343795153125 0.90650436875 0.3357964703125 0.9163715546875 0.327718621875 0.9203238609375 0.3188853765625 0.9255244781249999 0.317691246875 0.9284020984375001 0.3143885921875 0.9276113140625 0.30030382968749997 0.93125 0.28494059374999997 0.93125 0.25983868593750004 0.9266272328125 0.25625 0.9204470593749999 0.25625 0.916155165625 0.2574933953125 0.9111972984375001 0.261273703125 0.907342090625 0.2711414171875 0.8853958109375 0.292032059375 0.8409140640625001 0.3445162921875 0.834375 0.3648142
4 1 0.24291200468750002 0.950952015625 0.249119671875 0.9368795875 0.2492400703125 0.9143174828125 0.2534477171875 0.9126426546874999 0.25225766250000003 0.909375 0.25458308281250003 0.909375 0.2604545609375 0.9292341921875 0.25681854375 0.931985165625 0.28094003437500004 0.9312976203125001 0.2847884734375 0.92698815 0.2889546609375 0.927057184375 0.2921875 0.9392343328124999 0.2921875 0.9677479578125 0.26153597500000003 0.9811053781249999 0.253679225 0.9838967562499998 0.25566264843750003 0.9873554796875 0.2648666671875 0.9905621312499999 0.26569950468750003 0.9913248093749999 0.2739516109375 0.9959000828125 0.2839490015625 1 0.28351562812500003 1 0.24291200468750002
0 0.0236473828125 0.7134829953125 0.0154305703125 0.7238290671875001 0.010659471875 0.7334478515624999 0.0048238984375 0.7387403906250001 0.0020783859375000002 0.7511522859374999 0.006554123437499999 0.752798115625 0.0174192015625 0.7525352296875 0.018059109375 0.7608018671875 0.01128826875 0.7690923828124999 0.0089931625 0.7790287265625 0.0205842875 0.791915290625 0.0325569078125 0.7984200546875 0.05192305312499999 0.8039243781250001 0.0549183625 0.805672640625 0.055480746875 0.8095447453125001 0.07828399375 0.8138334984375 0.088776190625 0.8204406953125 0.10207419375 0.8180539640625 0.1146387015625 0.821875 0.119001584375 0.821875 0.12287769687500001 0.8210144500000001 0.12962269843750002 0.811259090625 0.1310514421875 0.808226971875 0.12984915156250001 0.796088228125 0.137469125 0.779916925 0.15 0.76243686875 0.15 0.7476310765624999 0.135342675 0.7433982625000001 0.12524920625 0.7313858296875 0.11725022968750001 0.7260727578124999 0.082924765625 0.712803690625 0.0639831890625 0.7033589734375 0.0236473828125 0.7134829953125
10 0.151376203125 0.6968675296875 0.137256615625 0.6994180921875 0.12729339374999998 0.70836858125 0.1141842375 0.7108471984375 0.11790593906249999 0.721398609375 0.1272555640625 0.73566983125 0.1462042890625 0.7492575625000001 0.14694760625 0.763111446875 0.1361062328125 0.77985046875 0.1278085765625 0.7974385046875 0.128064315625 0.812357240625 0.120148415625 0.8227071546874999 0.0978219125 0.8186311390625001 0.08573200625 0.8215522500000001 0.0699115796875 0.8134075109375001 0.065625 0.8137127296875001 0.065625 0.8176381953125 0.07373910312500001 0.8301321921875001 0.0788794484375 0.8349168531250001 0.087529846875 0.8379063859375 0.1019580859375 0.8533611921875 0.108328890625 0.8546875 0.19685287499999998 0.8546875 0.23187792968749998 0.848746059375 0.2474161609375 0.8404287453125001 0.26358306875 0.8392776062499999 0.2761429171875 0.8342627671875 0.29987924375 0.8320575921875001 0.32241112968749996 0.8186067015624999 0.3382517515625 0.7984213140625 0.3453125 0.7854025546875001 0.3453125 0.690149671875 0.3427295546875 0.676031578125 0.335930328125 0.6703125 0.3189663171875 0.6703125 0.31333884843750004 0.672973625 0.27732486875 0.6966556953125 0.2682309828125 0.6973032109374999 0.234275696875 0.6935401375 0.162029828125 0.6986842890625 0.151376203125 0.6968675296875
10 0.0589287984375 0.46875 0.0398016671875 0.5060201828124999 0.023269932812499998 0.5463387390625 0.021875 0.5517924421875 0.021875 0.58854588125 0.030646667187499997 0.6310677328125001 0.06732846406250001 0.70233420625 0.0723828671875 0.7099084578125 0.075731740625 0.7125 0.14294585625 0.7125 0.147242609375 0.71157725 0.21904911093749999 0.70751343125 0.23676775781249998 0.707257321875 0.2575053125 0.710753725 0.2722479625 0.7092202328124999 0.28251374687499997 0.7050281265624999 0.30197607031249996 0.69176289375 0.3302633875 0.676389503125 0.35014875624999997 0.6591294515625 0.3783502453125 0.6388058078125 0.4238498234375 0.59396980625 0.4566679921875 0.555974115625 0.46579586875 0.5429407828125 0.4703125 0.5271924375 0.4703125 0.502450209375 0.45385844375 0.46875 0.0589287984375 0.46875
10 0 0.46875 0 0.6991128156249999 0.0021014015625 0.7002190765625 0.019672135937499998 0.706940478125 0.0246146140625 0.7109375 0.0470717015625 0.7109375 0.0610534953125 0.7065417703125 0.07602098125 0.7069892140625 0.07541861250000001 0.7010724875000001 0.0641573109375 0.6844771828124999 0.0450775671875 0.6485640578125 0.0320352421875 0.6157064234374999 0.023869065624999998 0.5765505796875 0.02259478125 0.5607495218749999 0.02537441875 0.5486386249999999 0.0415951515625 0.50679155 0.061458842187499994 0.46875 0 0.46875
15 1 1 1 0.8459525687499999 0.9975606531250001 0.8453125 0.8814597656250001 0.8453125 0.8692326671874999 0.848107215625 0.854013296875 0.8546643749999999 0.8335374953125001 0.868614025 0.8271683203125001 0.87559185 0.8157427359374999 0.8844019640624999 0.8114464796874999 0.8901141562500001 0.8037623890625 0.8969616515624999 0.782535028125 0.9281348890625001 0.77167386875 0.956936859375 0.76875 0.9723771718750001 0.76875 1 1 1
15 0.55 1 0.7735170546875001 1 0.7772845671875 0.9721364062500001 0.7796875 0.9636042437499999 0.7796875 0.9303722140625 0.7786540875 0.9292442890625001 0.7745890484375 0.922740675 0.7689855609375 0.9097353921875001 0.76244304375 0.9022008390625 0.735276396875 0.8580820499999999 0.7252112390625001 0.8378449937500001 0.7185689046875 0.828528375 0.711031921875 0.8121333203125 0.7028036046875 0.8011840890624999 0.697249234375 0.787149809375 0.689020915625 0.7762005750000001 0.6842138421875 0.7723317234375 0.670687790625 0.769083625 0.6616192015625 0.7628271453125001 0.648632709375 0.7609375 0.616587928125 0.7609375 0.60469685625 0.7636869015625 0.584042025 0.7729323234375001 0.57428630625 0.7823618171875 0.5643806062500001 0.78847820625 0.5589841125 0.796957315625 0.5515553609375 0.802824628125 0.55 0.8076920609375 0.55 1
3 0.625 0.6168018562500001 0.625 0.638163346875 0.636418540625 0.6589310562499999 0.6480730046875001 0.685205615625 0.6569267375 0.7012046890625 0.667361596875 0.7291862124999999 0.6740281828125 0.74329454375 0.67983236875 0.76224128125 0.68522731875 0.7751582703125 0.6942322890625 0.7879745359375001 0.700796971875 0.8015652421875 0.7083270374999999 0.8134746609375 0.7326501375000001 0.8593223218749999 0.7466928562499999 0.8819241375000001 0.7682119890625 0.9095778218749999 0.7781814640625 0.928125 0.7969170671875 0.928125 0.7969983328125 0.9280506500000001 0.8115831609375 0.9086279984375001 0.8215952859375001 0.8975860890625 0.840909453125 0.8797973671874999 0.8421875 0.8779279921875001 0.8421875 0.8541633765625001 0.8229852187500001 0.8150900328125001 0.8176916328124999 0.8013709234374999 0.81336235 0.783331034375 0.8093827109374999 0.749946121875 0.8115027078124999 0.7119856234374999 0.8110230828125001 0.6581861531250001 0.8002717140625 0.6022567999999999 0.7913128359374999 0.5778216171875 0.78707328125 0.5703125 0.7534744328125 0.5703125 0.7257221671874999 0.5791683078125 0.702133446875 0.5884141875 0.6639528828125 0.5999259984374999 0.653785740625 0.6049124781249999 0.6272992484375 0.6152429671874999 0.625 0.6168018562500001
3 0.8025540687499999 0.7543119640625 0.8037740890624999 0.7670614015625 0.8066161453125 0.7854265843749999 0.8112307953125001 0.8062398140625 0.8230863609375 0.8336775546874999 0.8350914046875 0.855320640625 0.839540959375 0.8671875 0.865914525 0.8671875 0.8721971609375 0.8641831140624999 0.9001345562499999 0.8566328640625 0.9085868953125 0.8549911031249999 0.9496862687500001 0.8513657125 0.953125 0.849034825 0.953125 0.8367591203125 0.9528688703124999 0.8360699765625 0.9523103890625 0.831923065625 0.953125 0.8294436859375001 0.953125 0.7060179468750001 0.9505288562499998 0.6839361234375 0.94454040625 0.6456602546875 0.9428088625000001 0.6198271140625 0.9377921984375 0.6061475796875 0.9278656921875001 0.592438496875 0.9206771093749999 0.5900120171875 0.8980515718750001 0.59045811875 0.8480940828125 0.59366459375 0.8369070437499999 0.5919046421875 0.82936394375 0.588988553125 0.8237276234375 0.5875 0.7954414140624999 0.5875 0.7940841875 0.589399121875 0.7930735046875 0.5934418046875 0.8036291062500001 0.6601542078125 0.8038934671875 0.6877117671875 0.8056276984374999 0.720112315625 0.8025540687499999 0.7543119640625
3 1 0.734375 0.9808593171875 0.734375 0.9781774468750001 0.7352083921875 0.9710941109375 0.7444937765625 0.9549385687499999 0.78144111875 0.9491076843750001 0.8022837921875 0.9466239828124999 0.8310963015624999 0.9443823953124999 0.84170906875 0.9454316125 0.8444589609375001 0.948726659375 0.8469815015625001 0.9534188968749999 0.8488433093750001 0.9613551078124999 0.8503767218749999 0.9734334109375 0.8509715281249999 0.9878591578125 0.8557426812500001 1 0.8586212671875 1 0.734375
3 1 0.5382206968750001 0.9898746671875 0.5466085328125 0.953146796875 0.59035036875 0.94176345625 0.605724471875 0.9328125 0.6149141218749999 0.9328125 0.697037778125 0.93727675 0.7227335625 0.9396551359374999 0.7412205593750001 0.9406940468749999 0.760895790625 0.9386554921875 0.796875 0.9451777343749999 0.796875 0.9513696875000001 0.7788203296875 0.9603795703125 0.7568259453125 0.9678988734375 0.744473746875 0.96841313125 0.7417853843750001 0.970937690625 0.739951715625 0.997066740625 0.739196015625 1 0.7411106249999999 1 0.5382206968750001