9 0 0.47272457812499996 0.05010763124999999 0.48040956875 0.0609164046875 0.462201003125 0.077982890625 0.45651082656249997 0.09732490625 0.45651082656249997 0.1132536265625 0.4633390390625 0.133164525 0.4747193921875 0.138853353125 0.4849617109375 0.1554378515625 0.4859375 0.158519784375 0.4859375 0.1616086671875 0.48439269218750003 0.16615972968749998 0.4678911796875 0.1729863234375 0.46106296718750006 0.1734375 0.45790398281250005 0.1734375 0.4570405984375 0.170141909375 0.45594180937499995 0.17127967500000002 0.43375011875 0.16445308125 0.44399243750000006 0.15705760468750002 0.45423475468749996 0.14909324531249998 0.44171636562499994 0.11040921249999999 0.40700628749999995 0.1041515 0.40700628749999995 0.0813961875 0.4172486046875 0.052952045312499994 0.4235078 0.024507903125 0.428059940625 0.00289035625 0.43147404843750004 0 0.43026167656250003 0 0.47272457812499996
15 0.2258694515625 0.625 0.3256821640625 0.6017048453125 0.3265625 0.5997236203125 0.3265625 0.5930948703125 0.3256821640625 0.5908935093750001 0.3229715765625 0.5874794015625 0.2164566609375 0.6125161828125 0.2198699578125 0.62332751875 0.22237808593750003 0.625 0.2258694515625 0.625
15 0.10781671875000001 0.39132612031249997 0.0873369375 0.3714105 0.0833547578125 0.373117553125 0.0822936390625 0.3771006765625 0.14991405 0.44253771249999996 0.160153940625 0.451072978125 0.19051126093749998 0.478125 0.1984375 0.478125 0.1984375 0.4775929109375 0.19599355937500001 0.46928154375000003 0.128865384375 0.4078276328125 0.11179889999999999 0.403275490625 0.10781671875000001 0.394740225 0.10781671875000001 0.39132612031249997
15 0 0.632624571875 0.15623517343749999 0.572937271875 0.1624928859375 0.566109059375 0.1733016578125 0.5581428109375 0.186954846875 0.5609879 0.219950053125 0.5496075453125 0.221875 0.5457567375 0.221875 0.5415387484374999 0.21653675625000002 0.5370891546875 0 0.6189434031250001 0 0.632624571875
13 0.0954213625 0.4566842453125 0.0823370578125 0.4566842453125 0.0720971671875 0.4600983515625 0.0590128609375 0.46521950937499995 0.0521862671875 0.4754618296875 0.0482040875 0.48513512968750006 0.051617384375 0.49708450156249995 0.052755149999999994 0.5050507484375 0.0464974390625 0.539760828125 0.052755149999999994 0.553417253125 0.0578750953125 0.559676446875 0.071528284375 0.56479760625 0.081728259375 0.575 0.0855557234375 0.575 0.09314583125 0.5716258187500001 0.1215899734375 0.5300875265625 0.132398746875 0.5158620843749999 0.1421875 0.5011754765624999 0.1421875 0.4870404125 0.142160696875 0.4868421828125 0.1352431609375 0.4777379 0.1318298640625 0.47432379375 0.12386550468749999 0.4697716515625 0.10850566875 0.462374421875 0.0954213625 0.4566842453125
13 0.16198183593749998 0.3447606515625 0.13817875468750002 0.3402085125 0.1306932796875 0.3430536 0.130124396875 0.3436226171875 0.1215911546875 0.3487437765625 0.1147645625 0.35671002500000004 0.11021349843749999 0.3703664484375 0.1079379671875 0.38231581875 0.10964461562500001 0.393696175 0.11533344375000001 0.40507652812500006 0.127848865625 0.4096286703125 0.163688484375 0.43864857187500006 0.1710839625 0.43409642968749995 0.1710839625 0.44149366093750003 0.1767234734375 0.44375 0.1836684296875 0.44375 0.1955459234375 0.44035562500000003 0.1984375 0.43457110312499997 0.1984375 0.42884407187500007 0.183599384375 0.3806087671875 0.1892882125 0.368659396875 0.18701268124999998 0.357848059375 0.1824616203125 0.3521578828125 0.1676706640625 0.3487437765625 0.16198183593749998 0.3447606515625
13 0 0.428453928125 0.010125128125 0.42977491093750003 0.0546875 0.421974646875 0.0546875 0.42075280781249996 0.025484964062499997 0.38823661875000004 0.029467145312499998 0.38140840625 0.026622731249999997 0.37856331718749997 0.016951721875 0.380270371875 0.0118317765625 0.37458019375 0.0010230031250000001 0.3751492109375 0 0.3750670390625 0 0.428453928125
13 0.187759225 0.561752040625 0.1779864859375 0.5606140046875 0.1762798375 0.5606140046875 0.16490218125 0.565166146875 0.16035111875000002 0.571994359375 0.1506801109375 0.5793915890625 0.0949295921875 0.59361703125 0.08867188125 0.6010142609375 0.0812764046875 0.6118255968749999 0.0818452875 0.6249130046875 0.08412081875 0.6414145171875 0.0909474125 0.6493807656249999 0.1017561859375 0.659054065625 0.1586444703125 0.6653132609375 0.163764415625 0.669296384375 0.17400430625000002 0.6784006671875 0.186869584375 0.6796875 0.19165896093749998 0.6796875 0.20301733125000002 0.6715724546875 0.21553275468750002 0.6613301375 0.21951493437499997 0.6562089765625 0.2291859421875 0.64027648125 0.2328125 0.63060336875 0.2328125 0.6040546515624999 0.23089259062499998 0.5958931015625 0.2252037625 0.5833747125000001 0.21780828593749998 0.5810986421875 0.20699951093750002 0.5725633765625 0.20131068281250003 0.5668732000000001 0.187759225 0.561752040625
13 0 0.5227116640625 0.034727346874999995 0.528125 0.0432920625 0.528125 0.04723509375 0.5272148546875 0.052923921875 0.5146964640625 0.052923921875 0.5055921828125001 0.0517861578125 0.4959188796875 0.048372859375 0.4816934375 0 0.47368499843749995 0 0.5227116640625
11 0.20988751875 0.4718630734375 0.21045640156249998 0.48096735781250005 0.21671411406250002 0.48665753437500003 0.219558528125 0.5020210125 0.219558528125 0.5173844890625 0.23321171562499998 0.5424212671875 0.226385121875 0.5594917984375 0.2144385828125 0.5777003656249999 0.21785187968750003 0.5799764359374999 0.224109590625 0.58908071875 0.23035203750000002 0.6078125 0.2305442265625 0.6078125 0.27872234218749997 0.5953399140625 0.28554893593749997 0.577131346875 0.2849800546875 0.56575099375 0.2747401625 0.54185225 0.2890625 0.5413012609375001 0.2890625 0.5384708640625 0.2821356390625 0.49689985312499996 0.2582425609375 0.46674191406250004 0.2417449578125 0.46332780937500007 0.23434948125 0.46332780937500007 0.21340875 0.46674191406250004 0.20988751875 0.4718630734375
12 0.9501201921875 0.17734375 0.949158653125 0.17734375 0.949158653125 0.175420671875 0.9472355765625 0.175420671875 0.9462740374999999 0.1734975953125 0.9443509609374999 0.1734975953125 0.9443509609374999 0.17253605625 0.9395432687499999 0.17253605625 0.9395432687499999 0.1734975953125 0.9376201921874999 0.1734975953125 0.9366586531250001 0.17734375 0.9347355765625001 0.1783052890625 0.9347355765625001 0.179266825 0.9251201921875 0.1783052890625 0.9231971156250001 0.181189903125 0.9222355765625 0.181189903125 0.9222355765625 0.1831129796875 0.9212740374999999 0.1831129796875 0.9212740374999999 0.1869591328125 0.9203125 0.1869591328125 0.9203125 0.1888822109375 0.9212740374999999 0.1888822109375 0.9212740374999999 0.1908052890625 0.9222355765625 0.1908052890625 0.9222355765625 0.191766825 0.92608173125 0.1927283640625 0.9289663453125 0.1965745203125 0.9299278843749998 0.1965745203125 0.9299278843749998 0.19753605624999998 0.9308894234375 0.19753605624999998 0.9308894234375 0.1984375 0.9472355765625 0.1984375 0.9472355765625 0.19753605624999998 0.949158653125 0.19753605624999998 0.9510817312500001 0.194651440625 0.9558894234374999 0.193689903125 0.9558894234374999 0.1927283640625 0.9578125 0.1927283640625 0.9578125 0.191766825 0.9578125 0.18503605625 0.9558894234374999 0.1840745203125 0.9558894234374999 0.182151440625 0.9530048078125001 0.1802283640625 0.9530048078125001 0.179266825 0.9510817312500001 0.179266825 0.9501201921875 0.17734375
12 1 0.1762190921875 0.9939903843749999 0.1693509609375 0.9786057687499999 0.167427884375 0.9612980765625 0.1837740390625 0.9612980765625 0.1921875 0.9632692281249999 0.1921875 1 0.18770813749999998 1 0.1762190921875
12 0.5890625 0.578125 0.5912259609375 0.5759615390625 0.59891826875 0.5605769234375 0.6171875 0.559615384375 0.63545673125 0.55 0.6412259609375 0.54423076875 0.6479567312500001 0.5221153843749999 0.645072115625 0.5173076921875001 0.63641826875 0.5144230765625 0.6344951921875001 0.5086538468749999 0.6316105765625 0.50673076875 0.6066105765625001 0.515384615625 0.601802884375 0.5230769234375 0.5890625 0.5344762140625 0.5890625 0.578125
12 0.5890625 0.60080128125 0.5950721156250001 0.6048076921875001 0.614302884375 0.6115384609375 0.7018028843749999 0.6115384609375 0.6719951921875 0.5846153843749999 0.626802884375 0.56923076875 0.614302884375 0.5615384609375 0.600841346875 0.559615384375 0.5890625 0.5839092546875 0.5890625 0.60080128125
12 0.738341346875 0.5884615390625 0.7171875 0.583653846875 0.695072115625 0.5682692312500001 0.6662259609375 0.558653846875 0.66045673125 0.565384615625 0.663341346875 0.58173076875 0.675841346875 0.5875 0.7027644234375 0.6115384609375 0.7681490390625 0.6115384609375 0.7652644234375 0.60576923125 0.738341346875 0.5884615390625
12 0.6498798078125 0.528846153125 0.6402644234375 0.547115384375 0.6431490390625 0.552884615625 0.6806490390625 0.541346153125 0.6931490390625 0.5221153843749999 0.6931490390625 0.5134615390625 0.682572115625 0.4990384609375 0.6691105765625001 0.4980769234375 0.6556490390625 0.502884615625 0.6498798078125 0.5105769234374999 0.6498798078125 0.528846153125
12 0.8469951921875 0.516346153125 0.8316105765625 0.5134615390625 0.795072115625 0.528846153125 0.770072115625 0.5307692312500001 0.726802884375 0.5538461531250001 0.7152644234375 0.5644230765625 0.721033653125 0.5759615390625 0.7200721156250001 0.583653846875 0.7344951921874999 0.5855769234375 0.746033653125 0.5942307687499999 0.771033653125 0.577884615625 0.7998798078125 0.5673076921875 0.8133413468749999 0.5480769234375 0.84891826875 0.527884615625 0.8469951921875 0.516346153125
12 0.8354567312500001 0.591346153125 0.84795673125 0.5759615390625 0.84891826875 0.5605769234375 0.846033653125 0.5567307687499999 0.8316105765625 0.546153846875 0.8171875 0.546153846875 0.8066105765625 0.5567307687499999 0.8018028843749999 0.5730769234374999 0.7969951921874999 0.5769230765625 0.7969951921874999 0.6115384609375 0.8316105765625 0.6115384609375 0.8354567312500001 0.591346153125
12 0.708533653125 0.5009615390625 0.6921875 0.5105769234374999 0.6941105765625 0.521153846875 0.6844951921875 0.5375 0.6710336531250001 0.5451923078124999 0.6739182687499999 0.55576923125 0.6844951921875 0.565384615625 0.7046875 0.5605769234375 0.7181490390625 0.5490384609375 0.725841346875 0.5365384609375 0.7287259609375 0.515384615625 0.7171875 0.509615384375 0.7162259609375 0.5019230765625 0.708533653125 0.5009615390625
12 0.82391826875 0.5076923078125 0.8181490390625001 0.49519230781249995 0.8056490390625001 0.48461538437499996 0.7989182687499999 0.48461538437499996 0.783533653125 0.49230769218750003 0.775841346875 0.5019230765625 0.7671875 0.5019230765625 0.7546875 0.51826923125 0.7421875 0.5259615390625 0.7373798078125 0.5365384609375 0.7200721156250001 0.55 0.7200721156250001 0.55576923125 0.73545673125 0.5509615390625 0.7691105765625 0.5307692312500001 0.7969951921874999 0.528846153125 0.8191105765625 0.51923076875 0.82391826875 0.5076923078125
12 0.8296875 0.4865384609375 0.8373798078125001 0.48365384687499996 0.8498798078125 0.48461538437499996 0.863341346875 0.48173076875 0.8662259609374999 0.478846153125 0.8643028843749999 0.45 0.8585336531250001 0.446153846875 0.8344951921874999 0.446153846875 0.8277644234375 0.447115384375 0.825841346875 0.45 0.7921875 0.4509615390625 0.775841346875 0.4605769234375 0.74891826875 0.465384615625 0.7441105765625 0.46923076874999997 0.745072115625 0.48173076875 0.7479567312500001 0.48461538437499996 0.7806490390625 0.48365384687499996 0.788341346875 0.4865384609375 0.8066105765625 0.48461538437499996 0.8094951921875 0.4865384609375 0.8296875 0.4865384609375