4 0 0 0 0.2855149796875 0.045539409375 0.256783771875 0.13737067812499998 0.213756465625 0.1604502015625 0.1966445109375 0.19578477968750002 0.1791567796875 0.275747325 0.11209729531249998 0.3328470359375 0.08048226875 0.392057325 0.02760315 0.414813440625 0 0 0
17 0.312644915625 0.46875 0.29815516406250003 0.4338248578125 0.2551612171875 0.30591698125 0.25744957031250004 0.225 0.1807181296875 0.225 0.1755605140625 0.236295096875 0.171074734375 0.260977178125 0.14839509374999998 0.3241527671875 0.10766213124999999 0.46875 0.312644915625 0.46875
17 0.509375 0.46875 0.509375 0 0.47308480625 0 0.37504171875000003 0.040605054687499996 0.3551558734375 0.051484239062500006 0.323955109375 0.0766748125 0.28949883125000003 0.094737696875 0.2763118375 0.10795683125 0.2592462484375 0.200473959375 0.245842328125 0.316040546875 0.3033342265625 0.46875 0.509375 0.46875
17 1 0 0.540625 0 0.540625 0.08927104062499999 0.5422011109375 0.10716819375 0.56075593125 0.165474165625 0.567893296875 0.22693672187499997 0.5744463125 0.2459615953125 0.5822872515624999 0.324593453125 0.6009867046874999 0.3300734296875 0.82247205 0.324866678125 0.9110149828124999 0.315898909375 0.9307717546875001 0.3190029109375 0.9500340656249999 0.338218328125 0.9564789828125001 0.340625 1 0.340625 1 0
17 1 0.46875 1 0.345166884375 0.9701197875 0.34742695 0.9563913687500001 0.34394481875 0.939092875 0.33621220625000003 0.9189390828124999 0.3140038921875 0.7145056000000001 0.3260763515625 0.736911684375 0.46875 1 0.46875
4 0.32894012968749997 0.46875 0.3022487875 0.5065239734375 0.265250625 0.5537858546875001 0.23977512031249998 0.5809168546875 0.2276627421875 0.6006077000000001 0.21805378125 0.6091079828125 0.2118896671875 0.619743446875 0.210997378125 0.6286539140625 0.21707284062499999 0.661480803125 0.2172376140625 0.67335645 0.2113741421875 0.7103333453125 0.2099345296875 0.7327645359374999 0.1967988125 0.7908674421875 0.1868564484375 0.8470003015625001 0.17203829531249998 0.8960126859375 0.17112384375 0.9157887406250002 0.1658587625 0.925789184375 0.173445140625 0.9475555046874999 0.16719430468750002 0.9659613874999999 0.174457875 0.9722518625 0.2012621765625 0.9770176124999999 0.2366142671875 0.9875 0.28059165468749997 0.9875 0.281732890625 0.9861345921875 0.28825738749999996 0.9609683468749999 0.3085343015625 0.911241025 0.325143775 0.85268315625 0.33271184531250003 0.813931196875 0.358514009375 0.730892171875 0.38544647187500003 0.6264970109375 0.3897190484375 0.61662655625 0.4100161953125 0.5917255796875 0.42450961718749997 0.5629292859375 0.42716432031249996 0.5470634734375001 0.43125 0.5354987609374999 0.43125 0.5004199859375 0.42270191874999996 0.47626455468750006 0.41775667656250004 0.46875 0.32894012968749997 0.46875
4 0.251149103125 1 0.24946885000000002 0.9814742515624999 0.2425478734375 0.9802866765625 0.225300646875 0.9679015203125001 0.200665378125 0.9601396984375 0.186385678125 0.9609580187500001 0.1755630453125 0.9581887874999999 0.1744256703125 0.9520645609375 0.1788168703125 0.9368551890625 0.16917655781250002 0.9182499578125001 0.1653696796875 0.9171786578125001 0.14653169375 0.9212055343750001 0.1244421640625 0.9125 0.07907006093749999 0.9125 0.077737225 0.9171164140624999 0.0784661609375 0.9238166718749999 0.084671878125 0.9350293359374999 0.0636676046875 0.94404345625 0.0609375 0.946740328125 0.0609375 0.9508872984375 0.07079182187500001 0.9629770843750001 0.0942740828125 0.9839574671874999 0.1158482390625 1 0.251149103125 1
4 0 0.46875 0 0.9265625 0.1774355140625 0.9265625 0.1810988546875 0.91012456875 0.194975996875 0.8693226781250001 0.2061557765625 0.8225433546875 0.215939575 0.754331028125 0.2191059171875 0.7460147265625 0.2222812234375 0.7097581015625 0.2303315 0.6770890171875 0.2301313640625 0.6676260953125001 0.2129464921875 0.584446890625 0.20292273125000002 0.556221021875 0.18954145 0.49890821562500004 0.20180455468749997 0.4830910453125 0.20912322187500001 0.46875 0 0.46875
0 0.184375 0.5315926109375 0.184375 0.535899371875 0.18614002031250002 0.54695978125 0.1986063078125 0.5864594359375 0.20416710781249997 0.6150163921875 0.20637023281250003 0.621875 0.21243874687500003 0.621875 0.2375 0.5908904406250001 0.2375 0.5682406656250001 0.2372140890625 0.5667723984374999 0.2316673703125 0.5546342734375 0.21970999375 0.54226785625 0.1996603375 0.5319350515625001 0.18716186562499998 0.530412 0.184375 0.5315926109375
1 0.509375 0.5839559140625 0.42221895624999994 0.5633402125 0.416828128125 0.566563346875 0.40633518437499994 0.5906276828125 0.4007957390625 0.598410153125 0.388007315625 0.61016179375 0.380885175 0.620167828125 0.36041327968750003 0.700514203125 0.3286570875 0.8060366953125 0.321611621875 0.8352017015625 0.32079849843749997 0.8469096765625 0.3057893734375 0.9003146125000001 0.302051290625 0.9124028843750001 0.2838919140625 0.9515884765625 0.2806763484375 0.9691577171875 0.28226567187499996 0.9750044265625 0.2858333703125 0.9780716828125 0.308879040625 0.989199815625 0.3229467515625 1 0.509375 1 0.509375 0.9255554499999998 0.49706199843750004 0.9031902484375 0.47162429687499996 0.836379634375 0.4617343296875 0.8154698906250001 0.44903961875 0.7929070312500001 0.4330242703125 0.7712803578124999 0.416394584375 0.7436802109375 0.406017125 0.72283385 0.40485187187499994 0.7139053296875 0.40920429374999995 0.70779053125 0.43399642031249996 0.6934693000000001 0.4434424375 0.6932500390625 0.45216052656250005 0.6971609890625 0.4791496921875 0.686589671875 0.5006211828125 0.6732046265625 0.509375 0.665790115625 0.509375 0.5839559140625
1 0.509375 0.6995974859375 0.5634085484375 0.700804553125 0.5678904796875 0.7029659140625 0.5696842249999999 0.7126212703125001 0.5752630359375 0.71519593125 0.6476031859375 0.7203125 0.7147039953125001 0.7203125 0.71966199375 0.7154910859375001 0.7281401921875 0.7007266281250001 0.7375 0.6952080734375 0.7375 0.628337675 0.7371955453125001 0.6259225390625 0.7375 0.6230258515625 0.7375 0.5884799953125001 0.730080909375 0.546443540625 0.7281051609375 0.544044975 0.5323348078125 0.517068109375 0.509375 0.514646234375 0.509375 0.6995974859375
1 0.8052003531249999 1 0.8050161156250001 0.9960671624999999 0.7906985984375 0.8329379203125 0.7711070531249999 0.7381270296875 0.7665972015625 0.7299504203125 0.757250128125 0.7252687390625 0.6805398031250001 0.720389496875 0.5919396031249999 0.710563365625 0.57328066875 0.706763871875 0.5589050953125 0.6964852625 0.509375 0.6949852 0.509375 0.9019830703124999 0.5360941203125 0.8960291203124999 0.5493267671875 0.8947754843750001 0.57716338125 0.8835344296875001 0.6107603109374999 0.8737720937500001 0.6239006484375 0.8720210921875001 0.6312235687500001 0.8738578796875001 0.6528078625 0.8961062921875002 0.6602012046875 0.9090708218749999 0.696599021875 1 0.8052003531249999 1
1 0.9881104984375 1 0.9562299031249999 0.96706426875 0.892208834375 0.8962008265625 0.8843606031250001 0.8888466000000002 0.88092991875 0.889171615625 0.8303204015624999 0.9228145218750001 0.83673164375 0.9707936625 0.83785268125 0.9929562875 0.8394130656250001 1 0.9881104984375 1
1 0.853552 0.8249588671874999 0.8653143515625 0.8238445234375 0.8598109796875001 0.7995665265625 0.851195725 0.7907666359375 0.8361035625 0.765878734375 0.8252376625 0.7395782234375 0.8249892828125001 0.7355528781249999 0.8279869703125 0.7302077859375 0.8539069687499999 0.6978916984375 0.859185753125 0.672592221875 0.8516734578125 0.6267418296875 0.832442584375 0.5607450234375 0.8285788999999999 0.556049965625 0.8221438656250001 0.5536229500000001 0.8152824937500001 0.5542729828125 0.798256584375 0.561959303125 0.7888524125 0.5623441265625 0.7665144140625 0.554844303125 0.7569827234375 0.5491678921875 0.7374073515624999 0.5484918765625 0.7251196906249999 0.5440887796875 0.7235285375 0.5462639609375 0.72420991875 0.5553093828125 0.73307165 0.6030563703125 0.7323817046875 0.6208355765625 0.7353641640624999 0.6342179859375 0.7325644171875 0.6567520546875001 0.7348217234375 0.6823497984375 0.7326833734375 0.689637915625 0.7165805625 0.7022978828124999 0.7158487453125 0.7064160906250001 0.706180965625 0.72150306875 0.7326814687500001 0.72455966875 0.7566677203125 0.7248178046875 0.76641258125 0.7289556921875 0.7716323624999999 0.7436444703125 0.78258200625 0.7972669703124999 0.7876809296875 0.8139916406250001 0.792333528125 0.8095019828125001 0.8025113890625001 0.8186599453125 0.8261921609374999 0.819959240625 0.853552 0.8249588671874999