13 0.166606003125 0.1875934625 0.156629340625 0.1857266453125 0.1489798265625 0.18159759375 0.138203240625 0.18163420156250001 0.131432971875 0.1751152265625 0.10213756562500001 0.1656227953125 0.09223352968750001 0.160307934375 0.07767519687499999 0.1595175421875 0.0663958828125 0.150626946875 0.0483596953125 0.14114047031250002 0.047620053125 0.16969781718750002 0.0558717109375 0.191152215625 0.0827807390625 0.2122780171875 0.1286845234375 0.2400138765625 0.165636140625 0.25659690625 0.2633269796875 0.2819909171875 0.272643134375 0.2828125 0.2859375 0.2828125 0.2859375 0.27925269531249997 0.279782359375 0.2681438296875 0.2528532375 0.23813338593750003 0.22159380624999997 0.21366296875000002 0.20242700937500002 0.2021028140625 0.166606003125 0.1875934625
10 0.5390625 0.03183379375 0.5001062468749999 0.049205690625 0.4562073765625 0.07823380156250001 0.4077242484375 0.09534280625 0.376673284375 0.115634109375 0.3534018046875 0.13825645312499998 0.33661009218750004 0.1811899484375 0.3138004515625 0.1709535125 0.2878848828125 0.20979243281249998 0.2508709890625 0.2321547765625 0.308117415625 0.2658609140625 0.3926118 0.288117171875 0.39102534843750003 0.2978471171875 0.4160172375 0.3247257625 0.4548923421875 0.3265091453125 0.5186923578125 0.325555703125 0.5390625 0.3134450421875 0.5390625 0.03183379375
13 0.281679915625 0 0.2897946546875 0.0191119703125 0.2711074296875 0.053653425 0.26176381718749997 0.07092415156250001 0.23661914843749998 0.095026278125 0.22628488125000001 0.148399103125 0.2278936578125 0.1485409796875 0.23161770937499998 0.135709596875 0.23082448125 0.14057456875000002 0.2737550234375 0.1575203765625 0.311308084375 0.167412046875 0.33927213906250003 0.1828125 0.3398248609375 0.1828125 0.354633484375 0.12188360312499999 0.37730916875 0.07288910781249999 0.411115853125 0.0857403390625 0.42907683125 0.085679325 0.4110488765625 0.056124871875 0.39599639375 0.0383476515625 0.41495344375 0 0.281679915625 0
10 0.1239185890625 0 0.11282380624999999 0.035109600000000005 0.09380519375 0.04165724375 0.115601853125 0.07812395625 0.1342032765625 0.124178740625 0.16611445 0.12863793125 0.20097876874999998 0.13500253281250002 0.2057122703125 0.1640625 0.209849084375 0.1640625 0.2500800171875 0.1541375046875 0.2436225734375 0.14369817499999998 0.2342343078125 0.1412252578125 0.2291435640625 0.14242128437499998 0.2402933859375 0.09405530937499999 0.26435809374999997 0.06656799218750001 0.2670021796875 0.050351417187500004 0.289722515625 0.0211005640625 0.27841641250000004 0.0003637828125 0.27859334375 0 0.1239185890625 0
1 0.6542223109374999 0.5 0.7131325609375 0.42763121562500006 0.7234375 0.4033424046875 0.7234375 0.3953602859375 0.6933052734375 0.3826027421875 0.656879534375 0.36895800156249997 0.652716334375 0.3695652109375 0.6327066875 0.3988134890625 0.6178449859375 0.41256622031249995 0.5465416640625 0.5 0.6542223109374999 0.5
1 0.73605035 0.1942839015625 0.7308463484375001 0.1950429125 0.6688592718749999 0.21777533437500002 0.66747135 0.2195575546875 0.6698377734375 0.25502099375 0.6498881562500001 0.26582962499999996 0.6523700984375 0.302329409375 0.6883320609375 0.3260471296875 0.70677766875 0.320723828125 0.727363203125 0.310875640625 0.7426864109375 0.30600774375 0.75625 0.298284375 0.75625 0.269427275 0.7539715859375 0.2222126796875 0.733677684375 0.210954459375 0.7335049734375 0.2046604859375 0.7399813796875 0.201082909375 0.7410805078125 0.1967098265625 0.73605035 0.1942839015625
8 0.769279034375 0.2851711265625 0.763208078125 0.282897003125 0.7578313671875 0.27736204062500003 0.7559207734375001 0.29817797968750004 0.7424475609375 0.3054090375 0.72261403125 0.3125145609375 0.7137666609375 0.31854433437499996 0.7139976984375 0.3206170234375 0.7190272875 0.327782403125 0.7274686390625 0.33234378593749997 0.7209916671875 0.340660815625 0.7224362125 0.34887567656249996 0.750997621875 0.36788021406250004 0.76256194375 0.367246734375 0.7688639375 0.37159355 0.7725644968750001 0.3715804140625 0.7758029843750001 0.367421896875 0.7760351546875001 0.36001568125 0.7634311703125001 0.351322053125 0.7617550171875 0.34577395625 0.7698520875 0.3282684859375 0.774538525 0.3038881046875 0.7803790125 0.29935008281250003 0.7802063031250001 0.2930561125 0.7708974265625 0.2902010484375 0.769279034375 0.2851711265625
1 0.8439959953124999 0.5 0.8327982515624999 0.3995421171875 0.805519009375 0.40152934218749997 0.8068480375 0.40870785625000006 0.8118198671875 0.4153550640625 0.8070768046874999 0.4297383625 0.8027397578125001 0.43353051093749995 0.8007708375 0.4585677296875 0.797821715625 0.460577653125 0.79493091875 0.4583662984375 0.7882772625 0.49356553593749997 0.7745730140625 0.49872390156249996 0.7735792390625 0.5 0.8439959953124999 0.5
1 0.7147672984375 0.1709512765625 0.6936630640625 0.1666570046875 0.6641152078125 0.1767591671875 0.666483334375 0.198004240625 0.6689692484374999 0.20132784531249998 0.666713803125 0.20481638593749998 0.6680422640625 0.21673435468750002 0.73592701875 0.1947215390625 0.7403790171875 0.19670519375 0.7406678125 0.19929605781249998 0.7327457234375 0.20413768281250003 0.734074753125 0.2113161953125 0.7448865031249999 0.2181648375 0.7519405 0.2197689859375 0.756283221875 0.1685822984375 0.7118776359375 0.1592610109375 0.7148839515625001 0.162508715625 0.7276617812499999 0.168017403125 0.7279505765625001 0.1706082671875 0.7147672984375 0.1709512765625
9 0.6047986765625 0.10958062500000001 0.5933510078124999 0.1017715390625 0.5830585234375001 0.1043259078125 0.575484125 0.10279766093750001 0.57368905 0.12464994375 0.5744325421875 0.19299909375 0.585821884375 0.205029459375 0.5970390812499999 0.2060263984375 0.60542891875 0.1579356109375 0.606816840625 0.1561533890625 0.62641876875 0.15171463125 0.6276334125 0.148377890625 0.6109268234374999 0.1171123734375 0.6047986765625 0.10958062500000001
17 0 0.9298843109374999 0.004345840625 0.9310105609375 0.0107258140625 0.934375 0.06674622031250001 0.934375 0.0717945390625 0.9329844390625001 0.07539746093750001 0.9283594531249999 0.0769392203125 0.9124485984374999 0.061283212499999996 0.8820605421875 0.06075437031249999 0.8744631234375 0.11859108437500002 0.7482168625 0.125 0.6983105375 0.125 0.6808448984375 0.1234803125 0.6789030109375 0.11853596250000001 0.6783530578125 0.1120936875 0.6816570828125 0.0740221734375 0.6774224671875 0.047415525 0.6659193203125 0.031226425000000002 0.6631134921874999 0.028068920312500002 0.664270009375 0.01689298125 0.6770989828125 0.01555673125 0.687504390625 0.0043463875 0.6927909375000001 0 0.6965079609375 0 0.9298843109374999
6 0 0.5 0 0.542201284375 0.0003368765625 0.5429004890625 0.0254611453125 0.6049986453125 0.029456212500000002 0.628561375 0.035027440625 0.6437556718749999 0.051574282812500004 0.6672067890625 0.07046085937499999 0.67634353125 0.100234965625 0.6828125 0.11350811406250001 0.6828125 0.1421341796875 0.6727564265625 0.1622245671875 0.656898403125 0.175294821875 0.633223521875 0.178125 0.618058315625 0.178125 0.5999444484375 0.17601362812500002 0.5885744609375 0.169757071875 0.5748116546875 0.1645874203125 0.5682057671875 0.1582474390625 0.5433770703125 0.1438494390625 0.5070980609375 0.1434209046875 0.5 0 0.5
5 0.2438015140625 0.5548906703125 0.24150043906250002 0.541567821875 0.23755957031250002 0.5371089015625 0.23354045625 0.5371644390625 0.20826580625000002 0.5504355328124999 0.1738023921875 0.5571562734375 0.16776169999999999 0.569048709375 0.17542332031250002 0.58749095625 0.1784587421875 0.602905775 0.1788457078125 0.6155131453125 0.1748807921875 0.634672490625 0.1599454453125 0.6611553609375 0.145499353125 0.67211288125 0.1262361703125 0.681529459375 0.12170375625 0.7207286093749999 0.1486483515625 0.7413156625 0.16353042812500002 0.7464889765625 0.1795432484375 0.7467623328125 0.198086696875 0.7312348203125 0.22737010156249998 0.6867475015625 0.24258919843750001 0.6502447296875 0.247572209375 0.6231574546875 0.24173184218750002 0.6139640984375 0.24176106874999997 0.605926178125 0.2378201984375 0.601467259375 0.23789844375000002 0.5969528046875 0.25180108125 0.5824168249999999 0.254493378125 0.573167390625 0.2527503671875 0.5594040453125 0.2501019109375 0.5565965953124999 0.2438015140625 0.5548906703125
4 0.6653892359375 0.5970842171874999 0.6619036578124999 0.6013280515625 0.657918809375 0.601568103125 0.6548635734375 0.6063360890625 0.65130906875 0.6071002890624999 0.649295221875 0.6114388234375 0.645861184375 0.6112178609375001 0.6432965234375 0.6160174109375001 0.6391912046874999 0.6172426265625 0.6371773578125 0.621581159375 0.6330921187499999 0.622642184375 0.6151735703125001 0.7691734140625 0.6214392 0.7704985671875 0.6356833125 0.77935841875 0.64005565625 0.788079528125 0.63842930625 0.801379225 0.6337129390625 0.8035580375 0.62527005625 0.8119510125 0.620613925 0.8136372421875 0.6187205484375 0.8169906156250001 0.6190391140625 0.8224721421875 0.6229034921875 0.8232172515624999 0.625485540625 0.8263621375 0.6380598281250001 0.8286605968749999 0.6430345234375 0.8324558921874999 0.6508077703125 0.834375 0.65129390625 0.834375 0.6551095390625 0.8307505703124999 0.6554964078125 0.8114136328124999 0.6620192015625 0.7661592781250001 0.6751262828125 0.7317541890625 0.6929317125 0.6589277546875 0.7015625 0.6141773734375 0.7015625 0.6089811875000001 0.6832133109375 0.5887984125 0.67940916875 0.5875607234375 0.6759235890624999 0.5918045609375 0.670776884375 0.5934592249999999 0.66888350625 0.5968125953125 0.6653892359375 0.5970842171874999
4 0.8060894359375 1 0.7990718578125 0.9919911671874999 0.7959216093749999 0.9813628624999999 0.77942208125 0.950513771875 0.7424388046875 0.91735374375 0.721352075 0.89167051875 0.7104817640625 0.8835242140625 0.6985439828125 0.86389070625 0.67944564375 0.850250396875 0.6757532765625001 0.8440553265625 0.6628604250000001 0.8362753375 0.6424282171875 0.8294996015624999 0.6397859328125 0.8268472984375 0.6338990140625 0.82646850625 0.63174730625 0.82384776875 0.6097113625 0.8180568218750001 0.602434434375 0.8775648453125001 0.6154738421875 0.896276325 0.6285647890625 0.9105230015625001 0.6470179296875 0.9375261406250001 0.6508996953125 0.946215684375 0.6719261890625 0.9723914921875 0.6900346796875001 0.9819964484374999 0.7526049374999999 0.9959516624999999 0.764309846875 0.9932296109374998 0.7804988765624999 0.9942712921875 0.795026775 0.9927237999999999 0.8034518437500001 1 0.8060894359375 1
8 1 1 1 0.5 0.7790481234375 0.5 0.7679038125 0.5173917484375 0.7474033015625 0.5354344796875 0.7134343000000001 0.5908377859375 0.7035457703125 0.611052715625 0.694113665625 0.643708440625 0.682943434375 0.69462124375 0.6615915640625 0.743885996875 0.6610239921875001 0.764700678125 0.6543894203125 0.8149124140625 0.6541143296875 0.8292919703124999 0.657445284375 0.8384425312499999 0.6744006109375 0.8534343203125001 0.6939895234375 0.8671061953125001 0.717357125 0.8983972093749999 0.756242471875 0.9321760843749999 0.7905493140625 0.9750930406249999 0.7943106109375 0.984767746875 0.7941988359375 0.9897251265625 0.7908337296875001 0.9929838 0.7847058671875 0.9945753328125001 0.7495737515625001 0.9947970515625 0.725827978125 0.9868151906249999 0.6960835078125001 0.9834119171874999 0.6803763593750001 0.9784295859375 0.6700742515625 0.9777667000000001 0.6652374156249999 0.9809306750000001 0.6608998500000001 0.9880984328124999 0.6622905984375 1 1 1