16 0.0415819984375 0 0.0521484375 0.191796875 0.055078125 0.25576171875 0.05458984375 0.28505859375 0.05654296875 0.2962890625 0.0638671875 0.31044921875 0.07216796875 0.316796875 0.08583984375 0.31923828125 0.16298828125 0.31923828125 0.29873046875 0.30947265625 0.33388671875 0.3099609375 0.44228515625 0.30458984375 0.459375 0.303369140625 0.459375 0.143910015625 0.43203125 0.0375 0.426171875 0.0052734375 0.4248158484375 0 0.0415819984375 0
16 0.29677734375 0.51455078125 0.32021484375 0.50771484375 0.36318359375 0.49892578125 0.371484375 0.49501953125 0.35244140625 0.42763671875 0.344140625 0.41103515625 0.31630859375 0.3158203125 0.31484375 0.3138671875 0.30654296875 0.31337890625 0.20009765625 0.3177734375 0.1888671875 0.32216796875 0.172265625 0.31923828125 0.1478515625 0.32216796875 0.084375 0.32509765625 0.07705078125 0.3275390625 0.0736328125 0.34609375 0.074609375 0.3822265625 0.084375 0.4486328125 0.08583984375 0.475 0.090234375 0.49453125 0.0921875 0.519921875 0.0952876984375 0.5296875 0.22451171875 0.5296875 0.22744140625 0.5287109375 0.29677734375 0.51455078125
16 0.44375 0.29970703125 0.33388671875 0.31044921875 0.32216796875 0.31337890625 0.3177734375 0.31923828125 0.33974609375 0.40029296875 0.3568359375 0.4408203125 0.3705078125 0.49453125 0.3818714484375 0.5296875 0.459375 0.5296875 0.459375 0.299233546875 0.44375 0.29970703125
11 1 0.2822102859375 0.98798828125 0.28154296875 0.971875 0.278125 0.9708984375 0.272265625 0.97333984375 0.26494140625 0.98505859375 0.24931640625 0.98505859375 0.24541015625 0.98310546875 0.24345703125 0.966015625 0.23955078125 0.9611328125 0.246875 0.95185546875 0.27373046875 0.9484375 0.33916015625 0.9396484375 0.34990234375 0.93720703125 0.4392578125 0.94453125 0.44755859375 0.9533203125 0.475390625 0.95869140625 0.47880859375 0.9875 0.483203125 0.99140625 0.47880859375 0.9982421875 0.475390625 1 0.474743009375 1 0.2822102859375
11 0.88984375 0.51591796875 0.915234375 0.50419921875 0.93720703125 0.47294921875 0.93623046875 0.4451171875 0.94111328125 0.38310546875 0.940625 0.303515625 0.93818359375 0.29423828125 0.911328125 0.28349609375 0.89912109375 0.2810546875 0.88251953125 0.28154296875 0.85712890625 0.287890625 0.833203125 0.3005859375 0.81708984375 0.31328125 0.79658203125 0.3376953125 0.786328125 0.3591796875 0.7736328125 0.39970703125 0.77314453125 0.4158203125 0.77998046875 0.43828125 0.80244140625 0.4822265625 0.82197265625 0.51103515625 0.83076171875 0.51884765625 0.8392787390625 0.5296875 0.878662109375 0.5296875 0.88056640625 0.5291015625 0.88984375 0.51591796875
9 1 0.3251953125 0.9962890625 0.32890625 0.993359375 0.32890625 0.958203125 0.27861328125 0.95576171875 0.27568359375 0.95234375 0.27666015625 0.94990234375 0.325 0.95380859375 0.37626953125 0.95380859375 0.41728515625 0.95185546875 0.43388671875 0.96748046875 0.4373046875 0.9884765625 0.4373046875 1 0.4418016390625 1 0.3251953125
9 1 0.4757261625 0.9884765625 0.4822265625 0.94697265625 0.47587890625 0.934765625 0.47587890625 0.9328125 0.47880859375 0.93427734375 0.48564453125 0.92451171875 0.49833984375 0.92548828125 0.5017578125 0.9337890625 0.50859375 0.93427734375 0.51494140625 0.91572265625 0.52275390625 0.91865234375 0.52763671875 0.9185498046875 0.5296875 1 0.5296875 1 0.4757261625
4 0.5124751984375 0.5785962296875 0.53231646875 0.5996775796875 0.56083829375 0.6281994046875 0.5868799609375001 0.6530009921875 0.6067212296875 0.6480406750000001 0.6278025796875 0.626959325 0.657564484375 0.604637896875 0.6798859125 0.5984375 0.72080853125 0.6232390875 0.733209325 0.66044146875 0.7530505953125 0.6505208328125 0.754290675 0.6257192453125 0.7927331343749999 0.608358134375 0.8150545640625 0.5909970234374999 0.832415675 0.5959573406249999 0.8745783734374999 0.5736359125 0.8944196421875 0.5711557546875 0.87705853125 0.542633928125 0.8713045640624999 0.5296875 0.5180627203125 0.5296875 0.5137152781250001 0.5785962296875 0.5124751984375 0.5785962296875
4 0.83799060625 1 0.8274553578124999 0.9853422625 0.8361359125 0.97666170625 0.8311755953125 0.95186011875 0.8286954359375001 0.9034970234375 0.8026537703125 0.876215278125 0.76669146875 0.888616071875 0.74188988125 0.904737103125 0.707167659375 0.90225694375 0.7084077375 0.9220982140625 0.7121279765625 0.9431795640624999 0.6972470234375 0.9369791671875 0.6873263890625 0.9679811515625 0.702207340625 0.9865823406249999 0.7205041484375 1 0.83799060625 1
4 0.9806994046874999 1 0.97626488125 0.966741071875 0.967584325 0.920858134375 0.9564236109375001 0.8662946421875001 0.920461309375 0.8588541671875 0.863417659375 0.8600942453125 0.832415675 0.861334325 0.8274553578124999 0.8836557546874999 0.8125744046875001 0.8799355156249999 0.832415675 0.917137896875 0.8348958328125 0.9555803578125 0.8336557546875 0.9903025796874999 0.84127515625 1 0.9806994046874999 1
16 0.9539434531250001 0.8600942453125 0.95518353125 0.8439732140625 0.9626240078125001 0.8042906750000001 0.973784721875 0.783209325 0.9688244046875001 0.76336805625 0.9564236109375001 0.707564484375 0.9403025796875 0.6306795640625 0.92666170625 0.6157986109375 0.92294146875 0.5959573406249999 0.9031001984374999 0.5785962296875 0.8857390875 0.5674355156249999 0.863417659375 0.5835565468749999 0.829935515625 0.6021577375 0.8212549609375 0.5909970234374999 0.7976934531250001 0.5996775796875 0.7580109125 0.6219990078125 0.754290675 0.6505208328125 0.7369295640625 0.6592013890625 0.7406498015625 0.6629216265625 0.7245287703125001 0.670362103125 0.7381696421874999 0.6976438484374999 0.7456101187499999 0.748487103125 0.7629712296875 0.760887896875 0.7964533734375 0.79561011875 0.8212549609375 0.82413194375 0.8262152781250001 0.861334325 0.8559771828124999 0.8588541671875 0.9055803578124999 0.8563740078125001 0.9539434531250001 0.8600942453125
2 0.501314484375 0.904737103125 0.49883432499999997 0.9034970234375 0.50751488125 0.925818453125 0.5310763890625 0.9506200390625 0.5657986109375 0.95186011875 0.5881200390625 0.9282986109375001 0.579439484375 0.904737103125 0.567038690625 0.8786954359375001 0.550917659375 0.8749751984374999 0.5397569437499999 0.867534721875 0.5186755953125 0.87373511875 0.49883432499999997 0.89853670625 0.5000744046875 0.89853670625 0.501314484375 0.904737103125
10 0.460391865625 0.855133928125 0.462281509375 0.8612752734375 0.4628720234375 0.8600942453125 0.4631365734375 0.8612847218749999 0.4876736109375 0.8402529765625 0.5161954359375 0.8092509921875 0.5484375 0.7807291671875001 0.5434771828125 0.760887896875 0.53231646875 0.7013640875 0.5236359125 0.6455605156249999 0.50751488125 0.6343998015625 0.501314484375 0.58975694375 0.4901537703125 0.563715278125 0.48271329375 0.538913690625 0.473487103125 0.5296875 0.459375 0.5296875 0.459375 0.8542526453124999 0.460391865625 0.855133928125
11 0.5463863171875001 1 0.554637896875 0.982862103125 0.595560515625 0.9841021828125 0.629042659375 0.9890625 0.6476438484375 0.979141865625 0.655084325 0.9568204359375001 0.66376488125 0.9220982140625 0.6699652781250001 0.8848958328125001 0.6600446421874999 0.8600942453125 0.64268353125 0.8352926593750001 0.6278025796875 0.7931299609375 0.6005208328125 0.785689484375 0.56455853125 0.7658482140625 0.5310763890625 0.79188988125 0.5000744046875 0.8253720234375 0.46783234062499995 0.8576140875 0.459375 0.8660714281249999 0.459375 0.9737977140625 0.46907242031249996 0.9853422625 0.49263392812499995 0.9965029765625 0.49613095156250003 1 0.5463863171875001 1
1 0.49263392812499995 0.608358134375 0.5112351187499999 0.6281994046875 0.5223958328125 0.654241071875 0.529836309375 0.686483134375 0.5347966265624999 0.71748511875 0.5372767859375001 0.74600694375 0.5682787703125001 0.7658482140625 0.6017609125 0.785689484375 0.629042659375 0.7968501984375 0.6265625 0.7968501984375 0.6302827375 0.798090278125 0.6302827375 0.7993303578125001 0.6315228171875 0.79561011875 0.6526041671875 0.7546875 0.6674851187499999 0.732366071875 0.6402033734375 0.7150049609375 0.607961309375 0.7026041671875001 0.6017609125 0.6840029765625 0.5781994046875 0.6877232140625 0.5943204359375 0.6567212296875 0.56455853125 0.63563988125 0.5484375 0.6095982140625 0.5211557546875001 0.5835565468749999 0.49263392812499995 0.58975694375 0.49263392812499995 0.608358134375
4 0.698487103125 0.629439484375 0.6687251984375 0.5947172625 0.645163690625 0.6145585312499999 0.620362103125 0.6306795640625 0.607961309375 0.6455605156249999 0.5918402781250001 0.6530009921875 0.576959325 0.6877232140625 0.6030009921875 0.68896329375 0.61044146875 0.707564484375 0.648883928125 0.719965278125 0.6699652781250001 0.7348462296875 0.6476438484375 0.76336805625 0.6278025796875 0.7993303578125001 0.63896329375 0.82413194375 0.655084325 0.855133928125 0.6724454359375 0.8836557546874999 0.6687251984375 0.901016865625 0.6687251984375 0.8997767859374999 0.6674851187499999 0.9096974203125001 0.6712053578125 0.901016865625 0.7183283734375 0.89481646875 0.7617311515625 0.8824156750000001 0.801413690625 0.876215278125 0.8274553578124999 0.8799355156249999 0.8237351187499999 0.8290922625 0.79521329375 0.7943700390624999 0.767931546875 0.764608134375 0.74188988125 0.748487103125 0.735689484375 0.7038442453125 0.7245287703125001 0.666641865625 0.7245287703125001 0.6368799609375 0.698487103125 0.629439484375