5 0.067850659375 0.4 0.068158009375 0.3932380375 0.078212165625 0.3895005171875 0.0796484734375 0.37792996562500003 0.09832046875 0.37058009375 0.1359375 0.327415096875 0.1359375 0.3044324875 0.09975677656250001 0.2688771484375 0.08539370156250001 0.23006998125 0.08970262343749999 0.19535832656250002 0.12561031250000002 0.09065135625000001 0.119785875 0.0859375 0.062671834375 0.0859375 0.045177090625 0.0947993984375 0 0.14660857031250002 0 0.386942228125 0.0006515546875 0.3876755328125 0.017861075 0.4 0.067850659375 0.4
5 0.3035394640625 0.4 0.2472731703125 0.3929456234375 0.21389810312500002 0.3804364546875 0.1819136609375 0.3621823984375 0.14158545312499998 0.31655649218750004 0.136022940625 0.31704834531250004 0.10264787187499999 0.3481091046875 0.0915228484375 0.367364075 0.06371028906250001 0.376850759375 0.059538407812500006 0.3983018703125 0.0597381328125 0.4 0.3035394640625 0.4
7 0.24680185781250003 0.22856406875 0.2282765546875 0.264134496875 0.1983510640625 0.27522455468749996 0.190625 0.282471721875 0.190625 0.29331941562499997 0.19265096875 0.30119052343749997 0.19840048125 0.3046875 0.24161574687499998 0.3046875 0.2525019546875 0.303066128125 0.278152375 0.28102712812499997 0.2838524703125 0.2494009921875 0.2995277265625 0.25652944375 0.3223281015625 0.2573787265625 0.3394283828125 0.22334714375 0.34370345156250004 0.1946748890625 0.35 0.18072977343750002 0.35 0.158799296875 0.30095275 0.133296934375 0.281002421875 0.1322000515625 0.25107693124999997 0.14895028125 0.22685153125 0.177940696875 0.24395181093749999 0.20475594687499998 0.24680185781250003 0.22856406875
15 1 0.4 1 0.221875 0.9049147718749999 0.221875 0.8793503515625 0.224346834375 0.8753205812499999 0.22784786562499998 0.8618598359374999 0.3446791 0.853155096875 0.39124834062499997 0.848292340625 0.4 1 0.4
15 0.8546013218749999 0.4 0.8556458015625001 0.39780094374999997 0.862086878125 0.3650237515625 0.8764063265625002 0.2625693078125 0.8782948062500001 0.230216025 0.8828125 0.1929032984375 0.8828125 0.153707515625 0.87818529375 0.1472364078125 0.845932840625 0.1265681578125 0.8356531453125001 0.11219209062499999 0.8159101468750001 0.1018309921875 0.8106461968750001 0.0843577328125 0.80631564375 0.0785493234375 0.7999343796874999 0.07522625468750001 0.7658603625 0.06782243593750001 0.7578485515625 0.06896017343750001 0.753778165625 0.076502159375 0.748552340625 0.07861162031249999 0.740089346875 0.075202584375 0.7301748578125 0.0746707828125 0.7274509218749999 0.07884167187499999 0.7274389625 0.0860617234375 0.722738334375 0.090640515625 0.6884613374999999 0.099260375 0.660756615625 0.1023996796875 0.6525227656249999 0.109769734375 0.64279443125 0.1246657703125 0.6043610671874999 0.1501251109375 0.5991972921875 0.1573771828125 0.5967144640625 0.16510711250000001 0.5953125 0.177506265625 0.5953125 0.1834042546875 0.5962655156250001 0.2018032171875 0.6079760484375 0.4 0.8546013218749999 0.4
15 0.4 0 0.4 0.098606128125 0.4179438015625 0.11617246562500001 0.43406164687500004 0.125498434375 0.581871465625 0.16875 0.6037987515625 0.16875 0.607996375 0.15745321406249999 0.612163515625 0.1523588 0.64934265625 0.1298252375 0.6593020890625001 0.11242925 0.6646868609375 0.10813812656249999 0.6764169078125001 0.10411132187500001 0.7073962328125 0.101889784375 0.7318605125 0.0936271453125 0.7372452828125 0.089336021875 0.7358263609375 0.08012063124999999 0.7407090359375 0.07593402187500001 0.7489559609375 0.0752741265625 0.7554394828125 0.0786799140625 0.7619666828125 0.0773212375 0.7638368078125 0.0737617109375 0.7703324859375 0.06976771875 0.7796903171875 0.06940495468749999 0.790510746875 0.0734931140625 0.8140969312500002 0.0759807546875 0.8172477328125 0.0784951453125 0.8208884703125001 0.0883048 0.8237191015625001 0.0893007125 0.8312504875 0.087733009375 0.8495514125 0.077583059375 0.8567311046875 0.071861565625 0.8614755374999999 0.06453348125 0.8663122640625 0.0228418234375 0.8671875 0.0208068671875 0.8671875 0 0.4 0
15 0.4 0.4 0.615625 0.4 0.615625 0.32323928749999997 0.6066755781250001 0.17336708437499998 0.5987017015625 0.1681775453125 0.5646190046874999 0.15942183593749998 0.48734826093750006 0.1437801765625 0.416533834375 0.13363968906249998 0.4 0.1299404703125 0.4 0.4
15 0.4 0.4 0.2496027625 0.4 0.24946905625000002 0.4000631 0.24582987812499998 0.422275621875 0.2290338609375 0.44561150468750005 0.20903411093750002 0.49436744218750006 0.187354675 0.5797697968750001 0.171875 0.5993869390625 0.171875 0.625056834375 0.1767792453125 0.6611821484375 0.2011332234375 0.7302835984375 0.216591659375 0.7583689140625001 0.2294061359375 0.7671875 0.3018683125 0.7671875 0.384053675 0.7296722093750001 0.4 0.7212605515625 0.4 0.4
15 0 0.4 0 0.9453125 0.0374949609375 0.9453125 0.0805446375 0.9362973421875 0.09050483125 0.92782183125 0.1094812171875 0.8887044968750001 0.1787785890625 0.66013726875 0.1831135828125 0.596929740625 0.20451504062499998 0.5636942796875 0.2078495890625 0.5406319796875 0.2407400328125 0.4490805671875 0.2541689921875 0.42869665156250003 0.260267296875 0.4 0 0.4
15 1 1 1 0.7515625 0.933039771875 0.7515625 0.9074753515625 0.754034334375 0.90344558125 0.757535365625 0.8899848359375 0.8743666000000001 0.8812800968750001 0.9209358406250001 0.8682268359374999 0.9444282140624999 0.8400699109375 0.9817139000000001 0.8390625 0.9847375953124999 0.8390625 1 1 1
15 0.8303077359375 1 0.8780698671875001 0.9394912375000001 0.8837708015625001 0.92748844375 0.8902118781249999 0.8947112515625001 0.9045313265625001 0.7922568078125 0.9064198062500001 0.759903525 0.9109375 0.7225907984375001 0.9109375 0.6833950156249999 0.90631029375 0.6769239078125 0.874057840625 0.6562556578125001 0.8637781453125001 0.6418795906250001 0.844035146875 0.6315184921875 0.838771196875 0.6140452328125 0.83444064375 0.6082368234375 0.8280593796875 0.6049137546875001 0.7939853625 0.5975099359375 0.7859735515625 0.5986476734374999 0.781903165625 0.6061896593749999 0.7766773406249999 0.6082991203125 0.768214346875 0.6048900843749999 0.7582998578125 0.6043582828125 0.755575921875 0.608529171875 0.7555639624999999 0.6157492234374999 0.7508633343750001 0.620328015625 0.7165863375 0.6289478749999999 0.6888816156249999 0.6320871796875001 0.680647765625 0.639457234375 0.67091943125 0.6543532703125 0.6324860671874999 0.6798126109375 0.6273222921875 0.6870646828125 0.6248394640624999 0.6947946125 0.6234375 0.707193765625 0.6234375 0.7130917546875001 0.6243905156249999 0.7314907171874999 0.6370902078125 0.9464286734375001 0.6423492937499999 0.9881333953125001 0.6427010734375 1 0.8303077359375 1
15 0.5598122562500001 0.4 0.42619667968749997 0.4994096296875 0.4 0.5171588421875 0.4 0.61694403125 0.42559467812499996 0.625816534375 0.4460688015625 0.6458599656249999 0.46218664687499994 0.655185934375 0.609996465625 0.6984375 0.6319237515625 0.6984375 0.636121375 0.6871407140625 0.640288515625 0.6820463 0.6774676562499999 0.6595127375000001 0.6874270890625 0.64211675 0.6928118609375 0.6378256265625 0.7045419078125 0.633798821875 0.7355212328125 0.631577284375 0.7599855124999999 0.6233146453125 0.7653702828125001 0.619023521875 0.7639513609374999 0.60980813125 0.7688340359375 0.605621521875 0.7770809609375 0.6049616265625 0.7835644828125 0.6083674140625 0.7900916828125 0.6070087375 0.7919618078124999 0.6034492109375 0.7984574859375 0.59945521875 0.8078153171875 0.5990924546875 0.818635746875 0.6031806140625 0.8422219312500001 0.6056682546875 0.8453727328125 0.6081826453125 0.8490134703125001 0.6179923 0.8518441015625001 0.6189882125 0.8593754875 0.617420509375 0.8776764125 0.607270559375 0.8848561046875 0.601549065625 0.8896005375 0.59422098125 0.8944372640625 0.5525293234374999 0.8953125 0.5504943671875 0.8953125 0.494126215625 0.8934672734374999 0.4882694984375 0.8945151359375 0.4832960046875 0.8953125 0.4822505671875 0.8953125 0.427937209375 0.88190614375 0.4 0.5598122562500001 0.4
15 0.64375 1 0.64375 0.8529267875000001 0.634800578125 0.703054584375 0.6268267015625 0.6978650453125 0.5927440046875 0.6891093359375 0.5154732609375 0.6734676765625001 0.44465883437500003 0.6633271890625 0.4091661015625 0.655386178125 0.4 0.656642896875 0.4 0.9485072406249999 0.4110056421875 1 0.64375 1