6 0.415625 0 0.415625 0.00178161875 0.4572876359375 0.1472437953125 0.5293046375 0.2734434609375 0.5482488765625 0.3214512640625 0.6047418015625 0.42603546249999996 0.6149970296875 0.4390625 0.696875 0.4390625 0.696875 0.2902047578125 0.6672248515625 0.061403753125 0.6176258265625 0 0.415625 0
6 0.28287105625 0 0.3784351390625 0.22179346406249997 0.38386091875 0.2234375 0.4030675796875 0.2234375 0.48125 0.1818248453125 0.48125 0.165030025 0.43071109218750003 0 0.28287105625 0
6 0.21920352968749998 0 0.1615632703125 0.007658543750000001 0.1562801453125 0.042145890625 0.16275923750000001 0.1395697953125 0.15625 0.1682549859375 0.15625 0.18200688125 0.16558911875 0.2328714625 0.1958121203125 0.285676675 0.2146749953125 0.4390625 0.317642196875 0.4390625 0.331774721875 0.278361496875 0.356654359375 0.2305205046875 0.3578125 0.21872300312499998 0.3578125 0.166140846875 0.2876689375 0 0.21920352968749998 0
6 0 0.4390625 0.0845558109375 0.4390625 0.09733420468750001 0.375969934375 0.1703125 0.1501072625 0.1703125 0.0820802265625 0.164926896875 0.0644232328125 0.1674732078125 0.0237458890625 0.1629260203125 0.00883769375 0.1560347671875 0.009756609375 0.0782711625 0.0604638046875 0 0.07838591406249999 0 0.4390625
6 0 0.08189176406250001 0.072304078125 0.0631667625 0.146875 0.010401521875 0.146875 0.00999475 0 0.029985065625 0 0.08189176406250001
6 0.21950025625 0.4390625 0.1990985984375 0.2723740875 0.17083913281250002 0.22450261875000002 0.1637526921875 0.18125 0.153918009375 0.18125 0.1442199359375 0.20145446093750002 0.0877572015625 0.38586868750000003 0.07757262031249999 0.4390625 0.21950025625 0.4390625
6 0.43715438124999995 0.4390625 0.468384984375 0.3913476515625 0.5040299359375 0.36973040625000003 0.52423256875 0.3119106078125 0.5421875 0.2932849078125 0.5421875 0.286388646875 0.4838618015625 0.178010396875 0.44294935625000004 0.2064572 0.4215350171875 0.2430069296875 0.3719432984375 0.2756787859375 0.3374653859375 0.3063249609375 0.32205190156249996 0.32982327968749997 0.3118499609375 0.4390625 0.43715438124999995 0.4390625
6 1 0 0.9564568187500001 0 0.948269546875 0.0152629375 0.9395653156249999 0.08310564375 0.9322314609374999 0.1060630359375 0.9417237 0.11758912968749999 0.9548397796874999 0.1203125 0.9821249406250001 0.1203125 0.998525725 0.042557659375 1 0.0276532046875 1 0
6 1 0.272521025 0.9883635500000001 0.2651796 0.9742495078125 0.246310428125 0.9377032859375 0.23022870312500002 0.9190811609375 0.2125 0.9142491890625 0.2125 0.9077755359375 0.21417062812499998 0.9 0.22370574843750002 0.9 0.224093403125 0.903916040625 0.2354847296875 0.931513065625 0.26103345 0.9572601359374999 0.2752843234375 0.977158775 0.300626303125 1 0.3191510890625 1 0.272521025
6 1 0.4390625 1 0.4061882328125 0.9765619390625 0.379712725 0.9613424406250001 0.37176003125 0.9508040062500001 0.3527662234375 0.9280586421875 0.3360106625 0.9067089109375001 0.30012832500000003 0.8834178265625001 0.287583315625 0.8568726453125001 0.25835223906250004 0.8479824765625 0.2600757484375 0.8353349281250001 0.274072309375 0.850764621875 0.2971205296875 0.8654808359375 0.3340323390625 0.8912387640624999 0.3609788390625 0.9037296593749999 0.3899842890625 0.9457935609374999 0.4390625 1 0.4390625
6 1 0.321458065625 0.9990452812499999 0.320385809375 0.9719089000000001 0.30455811875 0.9613847109375 0.29043622187499996 0.961558478125 0.28037673750000003 0.9338568421875 0.268936884375 0.914721953125 0.2432607 0.8760721874999999 0.22098982656250002 0.86816805625 0.20395075000000001 0.8581442171875 0.2033660609375 0.846875 0.2124539484375 0.846875 0.22364849687500002 0.8504693124999999 0.23681124531250003 0.8660923046875 0.24619575 0.8808674140624999 0.2621620078125 0.92140971875 0.330716159375 0.9379894546875001 0.341384471875 0.9431646687499999 0.35347516093750003 0.9743782 0.38120669375 0.9859862578125 0.4 1 0.4 1 0.321458065625
6 0.8544241124999999 0 0.77856488125 0.015497085937499998 0.7738625484374999 0.026626403124999996 0.739858978125 0.037120121875 0.7258778734375 0.035831643749999996 0.7 0.0463130921875 0.7 0.067468709375 0.70294588125 0.07856493125 0.7141693671875 0.0984375 0.7314888484375001 0.0984375 0.8212472328124999 0.07261895 0.8474166343749999 0.0553741328125 0.876338196875 0.050523765624999994 0.9286455296874999 0.0247032421875 0.9328125 0.0216514015625 0.9328125 0.0078796046875 0.9269247359375001 0 0.8544241124999999 0
6 0.8734375 0.4390625 0.8734375 0.41733059531250005 0.8606905296875 0.358324671875 0.8370128796875 0.3221300046875 0.818014903125 0.25019135625 0.81004113125 0.23596418749999998 0.79907094375 0.2362760609375 0.7872749296875 0.24289569531250002 0.7857833265624999 0.3210727 0.7886533078125 0.34089134374999996 0.796933965625 0.3444265015625 0.8003861046875 0.351450553125 0.792942478125 0.3749140171875 0.8042307515625 0.3972165265625 0.808067053125 0.4390625 0.8734375 0.4390625
6 0.8946380250000001 0.12113275937500001 0.92889538125 0.09704113125 0.939194328125 0.08383862812500001 0.9444369609375001 0.051630165625 0.93579174375 0.043760256250000004 0.8972894109375 0.042577590625 0.8519107640625 0.0530418375 0.822802878125 0.0705322140625 0.7312342484375 0.0977290484375 0.7162225546875 0.1058628984375 0.7119885874999999 0.113686825 0.7139968828125001 0.139649940625 0.730549096875 0.1776848453125 0.73539706875 0.1817087765625 0.7578680328125 0.18231160468750002 0.8202867140624999 0.14804266093750001 0.8946380250000001 0.12113275937500001
6 0.7952596828125 0.4390625 0.781227384375 0.40833365781250003 0.7798641484375001 0.3856826640625 0.7722696578125 0.377990709375 0.7513592609375 0.3819226765625 0.7497055328125 0.4029950890625 0.7568322484375 0.4308926890625 0.7558856890625 0.43820575 0.7543763328125 0.4390625 0.7952596828125 0.4390625
6 0.7925349953125 0.3707466203125 0.7985268578125 0.34934129375 0.7889661343750001 0.340248709375 0.7853241609375 0.2937240484375 0.7585040546874999 0.2603559109375 0.7522928453125 0.23368098593750003 0.738050425 0.2109840109375 0.73051804375 0.1862205828125 0.7077766359375001 0.18770720000000002 0.7053736796875001 0.19797647812500002 0.72161535625 0.32136874843749996 0.7382717390625 0.36689466875 0.7574242390625 0.3765441015625 0.77633735 0.379747240625 0.7812894906250001 0.3912621859375 0.78136260625 0.4072889359375 0.7939713453125 0.40942436249999997 0.7997658765625 0.4061352328125 0.8032195609375 0.3960439078125 0.7925349953125 0.3707466203125
6 0.8057758187499999 0.235265540625 0.8231283609375 0.2339338828125 0.8403767359375 0.2251112140625 0.867549440625 0.1976844734375 0.9218748046874999 0.184464953125 0.9310499078125 0.1550577453125 0.9405375156249999 0.1481235796875 0.954873096875 0.14521334375 0.97072718125 0.12227541875 0.9397462234375 0.1127579578125 0.92940521875 0.1013979765625 0.9162555890625 0.1034414390625 0.891350615625 0.121643625 0.8271319765625 0.14493148281249998 0.7657640203125 0.179378378125 0.748005809375 0.1838442046875 0.7381125328125 0.1939125390625 0.7351686859375001 0.208360709375 0.7427631765625 0.2160526671875 0.7803189484375 0.22454839375 0.780662509375 0.238485696875 0.7943219765625 0.240799078125 0.8057758187499999 0.235265540625
9 0.2649601953125 0.725049565625 0.2681637890625 0.7476396 0.2777846234375 0.771917634375 0.3054125125 0.804162846875 0.3159616953125 0.8108380578125001 0.3380904703125 0.8177225640625 0.34330384999999997 0.8218123171875 0.35024145 0.8356927921875 0.361341575 0.8479891593750001 0.36301476250000003 0.8522114249999999 0.3615967234375 0.8758314328125 0.36520839375 0.893407146875 0.3720643734375 0.908290484375 0.38174637968749997 0.9194258796875001 0.3976313640625 0.9286865484375 0.432870053125 0.9293671406249999 0.446122834375 0.9337987015625 0.4656908796875 0.9535623328125 0.5048028343750001 0.9796875 0.5318647265625 0.9796875 0.5352909375 0.9780947937499999 0.5460645203125 0.9696216390625001 0.557246178125 0.9561341609374999 0.559375 0.9522299593749999 0.559375 0.914680996875 0.5447379890625 0.899184753125 0.5390144734375 0.8889724109374999 0.5178548562499999 0.8639836500000001 0.5241087859375 0.8428963968750001 0.5264960624999999 0.8259531140625 0.5258022546875 0.8096964796874999 0.5217417046875 0.797636515625 0.5147327125000001 0.790828790625 0.501765584375 0.7828872046875001 0.48563575312499996 0.7766351312499999 0.4638844671875 0.771307621875 0.45586543281249997 0.7583246078125001 0.4432247625 0.7463715640624999 0.44024565156250006 0.7334141437499999 0.4218406609375 0.7117501890625 0.40904690312499997 0.68309178125 0.39623278125 0.6670745796875 0.384061440625 0.661745559375 0.3661054140625 0.6593468328125001 0.341017971875 0.651644678125 0.33234587968749996 0.646875 0.3202847578125 0.646875 0.301300521875 0.6626295343749999 0.28482386875 0.6730301234375 0.2685104453125 0.68142498125 0.2436577109375 0.689425328125 0.2470040875 0.6978698609375 0.2649601953125 0.725049565625
1 0 0.6003601578125 0.0097340234375 0.5963258093749999 0.027424965625 0.5932083796875001 0.050226640625 0.5946063828125 0.0658713015625 0.5982376781250001 0.087574246875 0.6069812328124999 0.10561804374999999 0.6178277484375 0.1168273859375 0.626962284375 0.122643753125 0.6350334984375 0.1260609828125 0.6358894890625 0.288474884375 0.59921491875 0.31838315625 0.59290305 0.3248446375 0.5930837234374999 0.325802290625 0.5996502875 0.31803037968750003 0.6033112203125001 0.1485098828125 0.6476956625 0.1502033859375 0.6513551062499999 0.17391229531250002 0.6538430953125 0.177248884375 0.6556854046874999 0.1943351125 0.6843374750000001 0.21060477031249997 0.692510865625 0.2330838875 0.6978541406250001 0.25738209843750004 0.728125 0.265478671875 0.728125 0.266177653125 0.725699075 0.2506639703125 0.7021859265625 0.2487990859375 0.6945293765624999 0.26200428750000004 0.6914386078125 0.2893924625 0.67939099375 0.3078897953125 0.6664103875 0.3261754296875 0.64992583125 0.3431405375 0.63131314375 0.353125 0.616146678125 0.353125 0.595436621875 0.3478378109375 0.58604619375 0.33039880625 0.56780229375 0.3092603359375 0.5521545125 0.28079346875 0.5347429203125 0.239323 0.5179563015624999 0.2055236828125 0.5109277062500001 0.1758377921875 0.5078125 0.1672445390625 0.5078125 0.133459509375 0.50883665625 0.08511434375 0.5152033359375 0.0479684171875 0.524734809375 0.00276834375 0.541379328125 0 0.5429948375 0 0.6003601578125
7 0.20254263125 0.5764832078125 0.19413278750000001 0.57283478125 0.18891419062499998 0.5631749562499999 0.1776465671875 0.5549166921875 0.171931896875 0.5577015640624999 0.1631342578125 0.5577842109375 0.1562300625 0.5624252140625 0.1375 0.5561736171875 0.1375 0.5641798328125 0.14878880156250002 0.5680227171875 0.1592483671875 0.572799453125 0.1673538015625 0.5834106875 0.1695817765625 0.59681638125 0.175314959375 0.61163975625 0.18127347656249998 0.61875 0.206763965625 0.61875 0.2170686078125 0.61660036875 0.23125 0.6133276578125 0.23125 0.604486584375 0.2262203109375 0.5971552421874999 0.2250306546875 0.604820975 0.2144871078125 0.6027259578125 0.216002040625 0.597928771875 0.2110468328125 0.587234296875 0.20254263125 0.5764832078125
9 0 0.8974694312499999 0.0018656140625000002 0.9017591265625 0.030829509375 0.9344519171875 0.060057490625 0.951595721875 0.0820911796875 0.959375 0.11920226406250001 0.959375 0.13712494687500001 0.9546776250000001 0.14385032656250002 0.9583999203125 0.160856775 0.9591838640624999 0.1775177859375 0.9518918484375 0.210250559375 0.9322210734375 0.219525846875 0.9231472093749999 0.22813061874999999 0.9099830046874999 0.2568708171875 0.8838625390625001 0.28826247031249996 0.8313897359375 0.290625 0.8197308937500001 0.290625 0.789280778125 0.28913599843750004 0.783746375 0.28244107500000004 0.7734950921875 0.27498418125 0.754119084375 0.26009075312499996 0.7274286437499999 0.2340323828125 0.6960464359375 0.227388271875 0.6913277375 0.20462738749999998 0.6859375 0.19162083125 0.6859375 0.1880621203125 0.68719105 0.1761450328125 0.6859375 0.1550307625 0.6859375 0.1499855546875 0.6862006624999999 0.143270353125 0.6885091546875 0.1404156421875 0.69273115625 0.114164359375 0.6944920906250001 0.0754884515625 0.70700551875 0.054398059374999995 0.719358846875 0.03936253125 0.73134413125 0.0098909046875 0.7664322312499999 0.0022004625 0.78069756875 0 0.7870300140625 0 0.8974694312499999
12 0 0.7796875 0.0078604625 0.7796875 0.0078540359375 0.77964849375 0.010966645312499999 0.7724417812500001 0.0184471375 0.761172696875 0.04123561875 0.7354363546875 0.0531350375 0.7256340234375 0.07203533437500001 0.7165643203125001 0.07640321562499999 0.7125019453125001 0.10251871562499999 0.707702434375 0.12449080312500001 0.691923909375 0.13076707031249998 0.6830396171875 0.13125 0.6816836125 0.13125 0.6509517468749999 0.1298790953125 0.6508082843749999 0.1128055453125 0.6560518546875 0.105274009375 0.6617918109375001 0.0940073375 0.6761798203125 0.08413876718749999 0.679666559375 0.06835107968750001 0.681529553125 0.040806804687499997 0.6791492671875 0.031928134375 0.6767136468749999 0.0189570953125 0.6688281437500001 0.009517089062500001 0.654784040625 0.00975178125 0.6457696734375 0.0181915796875 0.6351031390624999 0.037051057812499996 0.6265313265625 0.050338428125 0.62440668125 0.067922265625 0.625242465625 0.10115096406249999 0.6382608624999999 0.12343946718750001 0.637078165625 0.123684384375 0.6340908203125 0.11629567656249999 0.6257851703125 0.091557821875 0.6076293703125 0.064248240625 0.5962347171875 0.0359079375 0.5912603203125 0.0140786765625 0.5929932375 0 0.5981136593749999 0 0.7796875
2 1 0.4390625 0.9386704546875 0.4390625 0.9288710140625 0.4428293984375 0.912443075 0.452479134375 0.895813709375 0.4707435125 0.8720642812499999 0.5163426828125 0.8558872203125001 0.56145880625 0.8484375 0.6244135625 0.8484375 0.6305308640625 0.8572441421875 0.6420140484375001 0.8711056921875 0.6497316046874999 0.96640103125 0.685586409375 0.9850744578124999 0.6890625 1 0.6890625 1 0.4390625
2 1 0.6870790906249999 0.9937958546875001 0.687620028125 0.9709924375 0.684710803125 0.8738183906250001 0.6482859734374999 0.8469313765625 0.6336010515625 0.8369118734375001 0.6430016734375 0.8345527421875 0.650814565625 0.8314320109375 0.6915092328125001 0.821875 0.7198516390625 0.821875 0.7582464109375 0.8315571203125 0.7801495546874999 0.852889025 0.7995699078125 0.8805382265624999 0.8109375 0.9434299140625001 0.8109375 0.95739433125 0.8015954671875001 0.9727150796874999 0.798420009375 0.99919681875 0.7835815703125 1 0.7824231156250001 1 0.6870790906249999
2 0.724600746875 0.5927130359375 0.7406912953125 0.6381630921875 0.745938409375 0.6431122265625 0.7567077203125 0.6413768859375001 0.7787706046875 0.6611056484375 0.817175015625 0.6702993890625001 0.8225721734375 0.66890291875 0.8272450093750001 0.65276780625 0.8460855 0.6272908234375001 0.846875 0.593902 0.846875 0.5759075453125 0.8338184249999999 0.5562550171874999 0.8321447109375001 0.536296146875 0.8387922515625 0.48201962343750004 0.846875 0.4631358109375 0.846875 0.4584170796875 0.8328708312499999 0.460216646875 0.8013622421875001 0.4769885140625 0.762082565625 0.5048108046875 0.7366704546875 0.535982440625 0.7252509453125 0.5652154109375 0.724600746875 0.5927130359375
2 0.7 0.8406357421875 0.70015253125 0.8418988531250001 0.711306846875 0.841184478125 0.7405157609375 0.8304089484375 0.7263007328125 0.819075184375 0.7264565046875 0.8123865718750001 0.743499521875 0.797937784375 0.771074696875 0.761665453125 0.782073240625 0.7676396890625 0.807702203125 0.767111390625 0.8265625 0.7710692703124999 0.8265625 0.7388477250000001 0.8184170328124999 0.68962085625 0.7842540453125 0.673999125 0.7082489296875 0.6855454921874999 0.7 0.688504246875 0.7 0.8406357421875
2 0.7 0.9802390859375001 0.701212075 0.98125 0.8190948796875 0.98125 0.8320449062499999 0.9762114671875001 0.85962075625 0.952260440625 0.8875 0.9043154093750001 0.8875 0.8069545796875 0.883398290625 0.8030768765625 0.858889965625 0.792412253125 0.830240396875 0.7664641718749999 0.767409590625 0.7582224734375 0.7257572359375 0.8063814140625001 0.7200953453125 0.8078497640625001 0.714617090625 0.8015338578125 0.7 0.8050651343749999 0.7 0.9802390859375001
2 1 0.8256891859375 0.9921640359375001 0.81236709375 0.9711621296875 0.79375 0.9519011125000001 0.79375 0.9379333828125 0.8004655843750001 0.9062732734375001 0.802514315625 0.878040809375 0.797736625 0.8796144187499999 0.8240532843749999 0.8867991296875001 0.843402225 0.882736228125 0.8777890140625001 0.8587935296874999 0.9233691624999999 0.845337053125 0.9396507203125001 0.8438641718750001 0.9562575843750001 0.849144940625 0.9636212578125001 0.8771233 0.979423096875 0.9082147828125 0.9859375 0.9278168921875001 0.9859375 0.9555752500000001 0.9809510765624999 0.9776639125 0.9685140125 1 0.9418445468750001 1 0.8256891859375
2 0.7 1 0.8331362718750001 1 0.834375 0.99777163125 0.834375 0.9625405765625 0.7996077703125 0.9722900640625 0.76690494375 0.9743972234375 0.7191691453125 0.9676231921875 0.7 0.9578069031249999 0.7 1
2 1 1 1 0.973673890625 0.9896821499999999 0.959057265625 0.9778648734375001 0.9661483875 0.9244777 0.9843435093749999 0.870375371875 0.9877999890625 0.9158676046875 0.9901737078124999 0.9207218828125001 1 1 1