18 0 0.5296875 0.07371613593750001 0.5296875 0.093407534375 0.501412671875 0.0913527390625 0.49524828750000005 0.0803938359375 0.4836044515625 0.049571917187499995 0.4610017125 0.0235445203125 0.43565924687499996 0.011215753125 0.4267551375 0.006421232812499999 0.42607020625 0 0.43428758749999996 0 0.5296875
18 0 0.4287760828125 0.002996575 0.4267551375 0.025599315625 0.4075770546875 0.044092465625 0.39730308281250004 0.0488869859375 0.3925085609375 0.05368150625 0.3767551375 0.06121575312500001 0.3651113015625 0 0.2671660953125 0 0.4287760828125
18 0.195462328125 0.41305650624999996 0.20916095937499998 0.388398971875 0.2071061640625 0.3808647265625 0.19614726093749998 0.37264554843750003 0.1803938359375 0.34867294531250004 0.161900684375 0.3390839046875 0.13655821875000002 0.3137414390625 0.13244862968749999 0.3137414390625 0.0358732875 0.4062071921875 0.02080479375 0.42880993125 0.0235445203125 0.43771404062499997 0.0913527390625 0.4986729453125 0.0913527390625 0.504152396875 0.084503425 0.5157962328125001 0.0892979453125 0.5233304796875 0.1077910953125 0.50963185 0.1639554796875 0.44730308281250003 0.16601027343750002 0.43976883593749994 0.195462328125 0.41305650624999996
18 0.30368150625 0.4507277390625 0.3146404109375 0.44182362968750005 0.3324486296875 0.41031678125 0.3317636984375 0.40072773906250003 0.327654109375 0.39593321875 0.3235445203125 0.39593321875 0.2995719171875 0.37880993125 0.26190068437499997 0.34593321875 0.2495719171875 0.338398971875 0.1797089046875 0.4240154109375 0.16464041093749998 0.438398971875 0.1488869859375 0.46853595937500003 0.15368150625000002 0.4815496578125 0.1735445203125 0.504152396875 0.1968321921875 0.519220890625 0.2028918078125 0.5296875 0.2457624734375 0.5296875 0.284503425 0.4747003421875 0.30368150625 0.4507277390625
18 0.361900684375 0.22196061718750001 0.343407534375 0.24456335624999997 0.27080479375 0.3507277390625 0.2721746578125 0.35620719218749997 0.2803938359375 0.3651113015625 0.3303938359375 0.404152396875 0.3392979453125 0.3979880140625 0.35231164375 0.37744006875 0.3673801375 0.3610017125 0.3890625 0.32583397812500003 0.3890625 0.2386619375 0.36806506875 0.22333047968750003 0.361900684375 0.22196061718750001
18 0.3020527234375 0 0.28518835625 0.0418236296875 0.2886130140625 0.1404537671875 0.3324486296875 0.1507277390625 0.3817636984375 0.1568921234375 0.3890625 0.1453356875 0.3890625 0.012253853125 0.3810787671875 0.008261985937499999 0.342037671875 0.003467465625 0.331635275 0 0.3020527234375 0
18 0.08885976875 0 0.08724315 0.039768835937500004 0.1057363015625 0.06305650625 0.10984589062500001 0.0726455484375 0.176969178125 0.0671660953125 0.194777396875 0.062371575 0.2303938359375 0.058261985937500003 0.2356042578125 0 0.08885976875 0
18 0 0.254152396875 0.007106164062500001 0.254152396875 0.06943493125 0.24593321875 0.08587328749999999 0.24182362968749999 0.094777396875 0.23360445156249998 0.10094178125 0.23154965781249998 0.10094178125 0.2144263703125 0.0886130140625 0.17744006875 0.0824486296875 0.1336044515625 0.0803938359375 0.13086472656249998 0.06395547968750001 0.13086472656249998 0.0235445203125 0.13223458906250002 0 0.1398295953125 0 0.254152396875
18 0.23724314999999999 0.34867294531250004 0.2475171234375 0.3390839046875 0.259160959375 0.3425085609375 0.26875 0.3418236296875 0.2892979453125 0.3144263703125 0.2810787671875 0.2890839046875 0.23724314999999999 0.20826198593749998 0.22833904062500002 0.19319349375 0.2242294515625 0.1918236296875 0.16806506875 0.2151113015625 0.1653253421875 0.21853595937499998 0.16601027343750002 0.2294948625 0.15916095937500002 0.24182362968749999 0.15984589062500001 0.2500428078125 0.176284246875 0.285659246875 0.17765410937499998 0.302782534375 0.1886130140625 0.337029109375 0.20094178125 0.352097603125 0.21464041093750003 0.36168664375000004 0.23724314999999999 0.34867294531250004
18 0.14683219218750002 0.2226455484375 0.142722603125 0.22196061718750001 0.0406678078125 0.2562071921875 0.0242294515625 0.2651113015625 0.0173801375 0.2842893828125 0.01806506875 0.293878425 0.0406678078125 0.33360445156249996 0.052996575000000004 0.3493578765625 0.0995719171875 0.3404537671875 0.13381849375 0.31305650625000003 0.1742294515625 0.2952482875 0.175599315625 0.28360445156249997 0.14683219218750002 0.2226455484375
18 0.3714897265625 0.2062071921875 0.3016267125 0.20826198593749998 0.2982020546875 0.202782534375 0.294092465625 0.17127568437500001 0.2906678078125 0.16716609531249998 0.28587328749999996 0.1664811640625 0.245462328125 0.1925085609375 0.244777396875 0.212371575 0.2475171234375 0.22401541093750002 0.27080479375 0.271275684375 0.2831335609375 0.2925085609375 0.28792808281250004 0.29593321875 0.3132705484375 0.27401541093750004 0.329023971875 0.254152396875 0.344777396875 0.24182362968749999 0.36053082187499996 0.22333047968750003 0.376284246875 0.2151113015625 0.3890625 0.2036108734375 0.3890625 0.20216895 0.3879280828125 0.201412671875 0.3714897265625 0.2062071921875
18 0.293407534375 0.1425085609375 0.2892979453125 0.1404537671875 0.28792808281250004 0.1226455484375 0.26532534218750004 0.08497431562499999 0.2557363015625 0.0829195203125 0.21190068437499998 0.102097603125 0.192037671875 0.1137414390625 0.20368150625 0.17538527343750002 0.20162671250000003 0.1952482875 0.20368150625 0.1986729453125 0.226969178125 0.1911386984375 0.2468321921875 0.1897688359375 0.252996575 0.187029109375 0.2810787671875 0.1664811640625 0.2906678078125 0.154837328125 0.293407534375 0.1425085609375
18 0.1673801375 0.2144263703125 0.1831335609375 0.20826198593749998 0.20368150625 0.1836044515625 0.20231164375000002 0.1637414390625 0.18518835625000002 0.07127568437500001 0.1810787671875 0.0671660953125 0.12285958906250001 0.0794948625 0.1160102734375 0.0794948625 0.109160959375 0.0740154109375 0.1057363015625 0.0753852734375 0.10231164374999999 0.0925085609375 0.10231164374999999 0.11785102812499999 0.1071061640625 0.1568921234375 0.10847602812499998 0.201412671875 0.11669520625 0.2151113015625 0.1557363015625 0.21785102812499998 0.1673801375 0.2144263703125
4 1 0.1052918625 0.99619140625 0.1037109375 0.97421875 0.09833984375 0.95615234375 0.09052734375 0.92197265625 0.0802734375 0.831640625 0.06318359375 0.77939453125 0.04951171875 0.7681640625 0.04365234375 0.74228515625 0.03681640625 0.72080078125 0.02412109375 0.70908203125 0.012890625 0.70078125 0.00849609375 0.6939453125 0.00849609375 0.69052734375 0.0109375 0.69345703125 0.0138671875 0.69541015625 0.02021484375 0.6939453125 0.04560546875 0.67880859375 0.161328125 0.675390625 0.29267578125 0.679296875 0.38837890625 0.691015625 0.508984375 0.69736328125 0.52705078125 0.6992808953125 0.5296875 0.9879651515625 0.5296875 1 0.515829190625 1 0.1052918625
4 0.7562160328124999 0 0.7291015625 0.0060546875 0.7212890625 0.01044921875 0.722265625 0.012890625 0.7251953125 0.0158203125 0.75888671875 0.0314453125 0.7837890625 0.03828125 0.79453125 0.044140625 0.84287109375 0.06025390625 0.8677734375 0.07099609375 0.882421875 0.0744140625 0.917578125 0.07734375 0.93369140625 0.08173828125 0.94345703125 0.08076171875 0.946875 0.0763671875 0.95029296875 0.063671875 0.9556640625 0.05390625 0.9734765624999999 0 0.7562160328124999 0
4 0.60458984375 0.4806640625 0.60849609375 0.46845703125 0.61533203125 0.45966796875 0.62802734375 0.454296875 0.64755859375 0.4416015625 0.675390625 0.42939453125 0.68173828125 0.419140625 0.67734375 0.33369140625 0.67734375 0.235546875 0.6822265625 0.15546875 0.69150390625 0.0861328125 0.6939453125 0.05439453125 0.69345703125 0.0412109375 0.68955078125 0.0373046875 0.6734375 0.04853515625 0.665625 0.0509765625 0.628515625 0.05146484375 0.60068359375 0.04951171875 0.593359375 0.05341796875 0.57919921875 0.128125 0.56455078125 0.16328125 0.55966796875 0.1798828125 0.5337890625 0.321484375 0.52939453125 0.36494140625 0.52255859375 0.40400390625 0.52255859375 0.4181640625 0.53330078125 0.4669921875 0.538671875 0.52802734375 0.5392252609375 0.5296875 0.603826678125 0.5296875 0.60263671875 0.52509765625 0.60458984375 0.4806640625
15 0.9712151828125 0 0.95224609375 0.06416015625 0.94541015625 0.0822265625 0.94541015625 0.08466796875 0.964453125 0.09345703125 0.96689453125 0.09150390625 0.97373046875 0.0744140625 0.9888671875 0.0216796875 0.997177734375 0 0.9712151828125 0
11 0.69052734375 0.4796875 0.687109375 0.46650390625 0.68125 0.46357421875 0.6626953125 0.46162109375 0.65341796875 0.46650390625 0.64267578125 0.46650390625 0.63779296875 0.466015625 0.64072265625 0.46552734375 0.64072265625 0.4630859375 0.63291015625 0.46552734375 0.62412109375 0.4611328125 0.612890625 0.4630859375 0.60458984375 0.47919921875 0.6021484375 0.520703125 0.6042763156250001 0.5296875 0.6985818609375001 0.5296875 0.6939453125 0.5119140625 0.69052734375 0.4796875
6 0 0.7931514609375 0.02880859375 0.8005859375 0.05712890625 0.80595703125 0.0712890625 0.80595703125 0.11181640625 0.79814453125 0.14501953125 0.78544921875 0.16259765625 0.77568359375 0.2099609375 0.76005859375 0.2275390625 0.7576171875 0.24609375 0.7595703125 0.25439453125 0.75712890625 0.2587890625 0.752734375 0.26318359375 0.74345703125 0.265625 0.73125 0.26318359375 0.6912109375 0.25537109375 0.6638671875 0.2421875 0.6443359375 0.22119140625 0.62724609375 0.18994140625 0.6150390625 0.16455078125 0.59501953125 0.09130859375 0.55498046875 0.07763671875 0.549609375 0.04150390625 0.5408203125 0.04248046875 0.5447265625 0.05419921875 0.5525390625 0.07421875 0.57109375 0.08740234375 0.59501953125 0.09423828125 0.62138671875 0.095703125 0.63994140625 0.0947265625 0.66240234375 0.0908203125 0.68193359375 0.080078125 0.70390625 0.04736328125 0.74931640625 0.02880859375 0.76201171875 0.0126953125 0.76982421875 0 0.7740559890625 0 0.7931514609375
0 0.3505859375 0.53154296875 0.3310546875 0.53935546875 0.3095703125 0.55546875 0.2978515625 0.561328125 0.28515625 0.576953125 0.27685546875 0.59990234375 0.2666015625 0.63798828125 0.265625 0.66484375 0.2685546875 0.68388671875 0.27978515625 0.71513671875 0.30224609375 0.73955078125 0.31005859375 0.74296875 0.31787109375 0.75126953125 0.3251953125 0.7546875 0.32666015625 0.75859375 0.37646484375 0.7673828125 0.3890625 0.7673828125 0.3890625 0.5296875 0.3654296875 0.5296875 0.3505859375 0.53154296875
0 0.14697265625 0.56962890625 0.16748046875 0.59013671875 0.17919921875 0.59794921875 0.19580078125 0.60576171875 0.2197265625 0.61357421875 0.24658203125 0.616015625 0.25830078125 0.6150390625 0.27294921875 0.60576171875 0.29736328125 0.5681640625 0.32275390625 0.54326171875 0.32421875 0.5369140625 0.32351940468749996 0.5296875 0.1402077421875 0.5296875 0.14111328125 0.549609375 0.14697265625 0.56962890625
6 0.1455078125 0.96123046875 0.15673828125 0.96806640625 0.18212890625 0.97197265625 0.1962890625 0.97783203125 0.26220703125 0.979296875 0.2978515625 0.96708984375 0.31005859375 0.95830078125 0.322265625 0.944140625 0.35986328125 0.877734375 0.36865234375 0.84794921875 0.36962890625 0.8318359375 0.36181640625 0.8123046875 0.35009765625 0.79765625 0.3408203125 0.78984375 0.326171875 0.78154296875 0.2587890625 0.76201171875 0.236328125 0.75908203125 0.21923828125 0.75908203125 0.2041015625 0.7615234375 0.16552734375 0.77568359375 0.14697265625 0.78642578125 0.13037109375 0.80107421875 0.11865234375 0.81767578125 0.10888671875 0.8416015625 0.1025390625 0.87626953125 0.1025390625 0.89482421875 0.1064453125 0.9080078125 0.12109375 0.9333984375 0.1455078125 0.96123046875
6 0.42734375 0.9546875 0.4595703125 0.94931640625 0.48203125 0.93564453125 0.49619140625 0.92294921875 0.50498046875 0.91123046875 0.5123046875 0.89365234375 0.51474609375 0.86435546875 0.511328125 0.83896484375 0.50400390625 0.82041015625 0.49765625 0.81162109375 0.46005859375 0.776953125 0.4380859375 0.76328125 0.42392578125 0.76279296875 0.3990234375 0.7671875 0.3890625 0.7745499328125 0.3890625 0.948395646875 0.3951171875 0.948828125 0.42734375 0.9546875
6 0.65856993125 1 0.66318359375 0.98544921875 0.66611328125 0.93662109375 0.67685546875 0.84677734375 0.6802734375 0.80234375 0.6919921875 0.77255859375 0.6919921875 0.7447265625 0.6685546875 0.7271484375 0.64609375 0.72568359375 0.63486328125 0.73154296875 0.63095703125 0.7359375 0.60458984375 0.7974609375 0.59140625 0.82041015625 0.569921875 0.85068359375 0.5572265625 0.87509765625 0.54453125 0.89267578125 0.519140625 0.93857421875 0.4919521640625 1 0.65856993125 1
6 0.7525390625 0.9771484375 0.75888671875 0.9693359375 0.76328125 0.9576171875 0.79306640625 0.9361328125 0.7984375 0.92734375 0.800390625 0.92001953125 0.7974609375 0.89169921875 0.79208984375 0.8765625 0.78427734375 0.86484375 0.7583984375 0.83896484375 0.74765625 0.83310546875 0.7388671875 0.82529296875 0.7212890625 0.81943359375 0.71005859375 0.8189453125 0.69248046875 0.82724609375 0.68125 0.84140625 0.6763671875 0.85361328125 0.67734375 0.89072265625 0.66806640625 0.941015625 0.66708984375 0.9693359375 0.6724609375 0.98056640625 0.6822265625 0.9859375 0.70419921875 0.983984375 0.7310546875 0.9751953125 0.7525390625 0.9771484375
6 0.51181640625 0.839453125 0.51474609375 0.86240234375 0.51767578125 0.8716796875 0.523046875 0.87314453125 0.530859375 0.8814453125 0.5455078125 0.884375 0.550390625 0.88095703125 0.5552734375 0.87265625 0.56064453125 0.86923828125 0.56259765625 0.86240234375 0.56796875 0.8560546875 0.5767578125 0.8384765625 0.59287109375 0.81650390625 0.61142578125 0.78134765625 0.612890625 0.765234375 0.60458984375 0.7408203125 0.5884765625 0.728125 0.58017578125 0.73984375 0.57724609375 0.73056640625 0.57236328125 0.72568359375 0.5611328125 0.70615234375 0.55380859375 0.698828125 0.52841796875 0.68515625 0.50400390625 0.683203125 0.48740234375 0.6890625 0.4615234375 0.710546875 0.4478515625 0.72666015625 0.44052734375 0.7447265625 0.4390625 0.75205078125 0.4400390625 0.7642578125 0.44541015625 0.7720703125 0.456640625 0.7779296875 0.47666015625 0.792578125 0.503515625 0.82041015625 0.51181640625 0.839453125