3 0.09666078593750001 0 0.088916015625 0.007275390625 0.088427734375 0.010693359375 0.098681640625 0.024365234375 0.106982421875 0.030712890625 0.135302734375 0.069775390625 0.170458984375 0.113232421875 0.173388671875 0.119091796875 0.174365234375 0.132763671875 0.177935790625 0.1359375 0.18817661875 0.1359375 0.196337890625 0.132763671875 0.274951171875 0.075634765625 0.332568359375 0.042431640625 0.383486328125 0 0.09666078593750001 0
3 0.3814145203125 0 0.32314453125 0.04755859375 0.22548828125 0.24384765625 0.225 0.246533203125 0.225 0.24944852968750003 0.2328125 0.253125 0.2318359375 0.2619140625 0.2357421875 0.26630859375 0.2416015625 0.26923828125 0.25478515625 0.2716796875 0.28408203125 0.27412109375 0.33383576718749997 0.2953125 0.37172309062500003 0.2953125 0.3783203125 0.2921875 0.387109375 0.27998046875 0.4154296875 0.22138671875 0.42861328125 0.18330078125 0.45888671875 0.118359375 0.490625 0.028434245312500002 0.490625 0.0249755859375 0.48916015625 0.01875 0.4759765625 0.0138671875 0.46962890625 0.008984375 0.44669510625 0 0.3814145203125 0
3 0.509375 0.0228251140625 0.494677734375 0.021337890625 0.432177734375 0.181982421875 0.421923828125 0.201513671875 0.416552734375 0.220068359375 0.4024553125 0.296875 0.4070638015625 0.296875 0.422412109375 0.295751953125 0.4242838546875 0.296875 0.5065592453125001 0.296875 0.509375 0.2960302734375 0.509375 0.0228251140625
14 0.866047453125 0.3796875 0.866852678125 0.3736483140625 0.8755332328125001 0.328261409375 0.8765625 0.32455604843749997 0.8765625 0.30600029375000004 0.8715649796875 0.30395585468749997 0.8594122015625001 0.302467759375 0.8492435515625001 0.29973958437500003 0.822705853125 0.2980034734375 0.7877356140625 0.292547125 0.763430059375 0.29180307656250004 0.723995534375 0.28758680625 0.7125868046875 0.2856026796875 0.695969740625 0.28113839375 0.6791046625 0.2794022828125 0.6681919640625 0.276922125 0.6607514875 0.2789062515625 0.6580233124999999 0.28064236249999996 0.6530629953125 0.2880828390625 0.650830853125 0.2942832359375 0.6505828359375 0.3193328390625 0.649094740625 0.3319816484375 0.648598709375 0.371912203125 0.648094365625 0.3796875 0.866047453125 0.3796875
14 0.509375 0.3796875 0.6485933968750001 0.3796875 0.6495287703125 0.3772321421875 0.6502728171875 0.37152777812500004 0.6515625 0.34499718125 0.6515625 0.3114583328125 0.6492807546874999 0.30803571406249997 0.6440724203125 0.3043154765625 0.6398561515625 0.294146825 0.6279513890625 0.275049603125 0.6167906750000001 0.262648809375 0.607862103125 0.25049603125000003 0.603645834375 0.24727182499999997 0.6024057546874999 0.24454365 0.5991815484374999 0.24181547656250002 0.59248511875 0.23115079375 0.588516865625 0.2274305546875 0.5699156750000001 0.20138888906250002 0.5528025796875 0.1800595234375 0.5470982140625 0.175843253125 0.539409721875 0.178571428125 0.5337053578125001 0.178075396875 0.5304811515625001 0.17509920625 0.5317212312499999 0.1676587296875 0.5280009921875 0.1626984125 0.5242807546875 0.1614583328125 0.522296628125 0.162946428125 0.5121279765625 0.165674603125 0.509375 0.1680040453125 0.509375 0.3796875
14 0.9882155687499999 0.3796875 0.974659203125 0.3515252984375 0.9573022078125 0.3130828375 0.9325064968749999 0.2920014890625 0.90523121875 0.2647197421875 0.8953129328125 0.26347966093749997 0.8841548640625 0.2734002984375 0.8804355078124999 0.278360615625 0.8581193687500001 0.278360615625 0.8236391296875001 0.28332093281250004 0.8085279515625 0.294481646875 0.8717570109375 0.305642359375 0.8614149203125001 0.3796875 0.9882155687499999 0.3796875
14 1 0.1591236875 0.99101438125 0.1524553578125 0.927785321875 0.12021329375 0.8819132609375 0.0830109125 0.8348014125000001 0.06688988125 0.8052759046875 0.0693700390625 0.7827304234375 0.1078125 0.8608369078125 0.2343005953125 0.9423335171874999 0.3 0.9448020812500001 0.3 1 0.2223845296875 1 0.1591236875
14 0.7092572125000001 0 0.6862881562500001 0.0240079359375 0.7084031640624999 0.02276785625 0.7617139390625 0.0388888890625 0.7703924375 0.03516865 0.8063462140625 0.057490079687499994 0.8509784921874999 0.0674107140625 0.9123478781250001 0.071875 0.9193417203124999 0.071875 0.9340441187499999 0.0302083328125 0.9452021890625 0.01532738125 0.9453125 0.013341312499999999 0.9453125 0 0.7092572125000001 0
14 0.9468409062500001 0 0.9437420953124999 0.0196304578125 0.9325840249999999 0.030791171875000002 0.9325840249999999 0.0469122015625 0.92142595625 0.06923363125000001 0.8767936796875 0.06923363125000001 0.8633991984375001 0.071713790625 0.8656356109375001 0.075434028125 0.8941506765625 0.09279514062500001 0.9226657421875 0.112636409375 0.9747367312499999 0.1386780765625 1 0.15763001875 1 0.027954309375000003 0.9852041671875 0 0.9468409062500001 0
14 0.6659673671874999 0 0.659588671875 0.009114582812499999 0.6447112453124999 0.022755454687500003 0.63107360625 0.028955851562500003 0.560405834375 0.11948164531250001 0.544288621875 0.1405629953125 0.5430488375 0.1616443453125 0.6358593734375 0.2140625 0.6368943875 0.2140625 0.5876811140625 0.135602678125 0.7426542968750001 0.0500372015625 0.7711693640625 0.08847966093750001 0.796875 0.055421721874999996 0.796875 0.054777560937500004 0.7823274328125001 0.045076884375 0.76745000625 0.036396328125 0.7575317234375 0.040116565625 0.7290166578124999 0.032676090625 0.7153790171875001 0.0252356140625 0.6893435218749999 0.023995534375 0.7073359078125 0 0.6659673671874999 0
14 0.509375 0 0.509375 0.15971298437499998 0.5435525453125 0.13453621093749998 0.5720676109375 0.0923735125 0.5894246078125 0.0836929546875 0.6216590296875 0.04153025625 0.6439751671875 0.0229290671875 0.6623140750000001 0 0.509375 0
14 0.8228670640625 0.1744791671875 0.8201388890625001 0.1680307546875 0.8171626984374999 0.1648065484375 0.8146825390625001 0.1586061515625 0.8072420640625 0.14769345312499998 0.7998015875 0.1328125 0.7948412703125 0.127108134375 0.7923611109375 0.125620040625 0.7849206343749999 0.114459325 0.7831845234375 0.113219246875 0.7799603171875 0.1129712296875 0.7789682546875 0.1094990078125 0.77549603125 0.108258928125 0.7740079359375001 0.10106646875 0.76259920625 0.073288690625 0.7573908734374999 0.06932043593750001 0.7559027781250001 0.06510416718749999 0.7514384921875 0.05989583281250001 0.7454861109375 0.0556795640625 0.7412698421874999 0.0546875 0.73680555625 0.055183531249999994 0.7296130953125 0.058159721875 0.6703373015625 0.0931299609375 0.6008928578125 0.1285962296875 0.5954365078125 0.13330853125 0.593700396875 0.1370287703125 0.59345238125 0.14149305625 0.5944444453125 0.145461309375 0.6323908734375 0.20572916718749998 0.6415674609375 0.223090278125 0.6542162703125001 0.2421875 0.6619047625000001 0.25682043593750004 0.66512896875 0.260788690625 0.67157738125 0.27393353125000003 0.6775297625000001 0.2798859125 0.686954365625 0.2841021828125 0.6976190484375 0.28236607187499996 0.7010912703125001 0.28459821406249997 0.70927579375 0.2865823421875 0.79282380625 0.29375 0.8112906765625001 0.29375 0.82237103125 0.288318453125 0.8295634921874999 0.283358134375 0.8424603171874999 0.2774057546875 0.8523809531250001 0.2709573421875 0.8580853171874999 0.2687251984375 0.871230159375 0.26103670625 0.8734375 0.259074625 0.8734375 0.2527838609375 0.8615575390625001 0.2335069453125 0.8494047625000001 0.21639385 0.8419642859375 0.20250496093749998 0.8327876984374999 0.1901041671875 0.82509920625 0.17646329375 0.8228670640625 0.1744791671875
13 0.509375 0.558483515625 0.4866689796875 0.558483515625 0.39865556875 0.551498321875 0.3841263703125 0.5492630609375 0.3173479421875 0.5433955 0.2706868609375 0.5397632 0.25559884843749997 0.5397632 0.2382755734375 0.5422778687500001 0.21983466875 0.5506600984375 0.2033496171875 0.56323344375 0.1985996875 0.5657481125 0.18882041875 0.576086196875 0.17708529687500002 0.5816743484375 0.1740118125 0.5872625015625 0.1740118125 0.5967623625 0.158644390625 0.6073798546875 0.14802690000000002 0.61296800625 0.1429975625 0.6177179359375 0.1399240796875 0.626100165625 0.13964467187500001 0.639791140625 0.1452328234375 0.66130553125 0.1527768328125 0.6783493984375 0.1756882578125 0.7428925671875 0.1826734515625 0.7736274078125 0.1877027875 0.7862007531249999 0.195805609375 0.8186120406249999 0.22430519062499998 0.881478765625 0.2332462359375 0.909140121875 0.24190787343750003 0.9437866703125 0.2469372125 0.9563600156250001 0.254201809375 0.9630657984375001 0.2614664109375 0.9650216531249999 0.2757162 0.9658598765625002 0.285216059375 0.9680951390625001 0.303936371875 0.978712628125 0.3100293265625 0.9796875 0.31103259843750003 0.9796875 0.31287741874999997 0.9773155890624998 0.31399505 0.970889215625 0.31399505 0.9446248953125 0.3173479421875 0.881478765625 0.31706853281249997 0.8596849671874999 0.31483327031249997 0.8513027390625 0.3011422953125 0.8253178250000002 0.292201253125 0.799891728125 0.2874513203125 0.7901124609375 0.28549546718749996 0.7806126 0.2860542828125 0.77670089375 0.2908042140625 0.7739068171875 0.29834821875 0.7727891875 0.317627346875 0.7753038546875001 0.324891946875 0.777539115625 0.3366270703125 0.7792155609375 0.366803096875 0.781171415625 0.42212581250000003 0.7820096390625 0.4573311765625 0.7780979312499999 0.46487518281250007 0.776421484375 0.47297800468749995 0.7727891875 0.48247786562500006 0.7630099171875 0.4866689796875 0.7571423562499999 0.49672765625000004 0.7269663312500001 0.5067863328125 0.69120215 0.509375 0.6859355515625 0.509375 0.558483515625
13 0.509375 0.389903278125 0.49900635624999995 0.3903912140625 0.461286321875 0.396258775 0.43921311718749995 0.4035233734375 0.42188984218750003 0.41106738125 0.411551759375 0.41749375625 0.3950667078125 0.42559657812499996 0.37131705625 0.444037484375 0.3620966046875 0.45633142031249996 0.349523259375 0.47672817968750003 0.34253806875000004 0.48538981718750007 0.334435246875 0.5001984234375 0.3199060484375 0.516683475 0.3081709265625 0.53288911875 0.30286218125 0.5376390484375 0.3037004046875 0.542109571875 0.3062150734375 0.543506609375 0.3285676859375 0.5463006859374999 0.4763743359375 0.55887403125 0.509375 0.559338828125 0.509375 0.389903278125
13 0.28751200625 1 0.279839646875 0.9950614703125 0.2633545953125 0.982488125 0.253575325 0.9713118187500001 0.232619753125 0.954547359375 0.2247963375 0.9416946078125001 0.22311989062499998 0.931356525 0.22311989062499998 0.9187831796874999 0.21948759375 0.9067686500000001 0.21250240156250003 0.8933570828124999 0.2030025421875 0.8807837390625 0.1982526109375 0.8701662484374999 0.195179125 0.8547988265625002 0.1887527515625 0.8318873984374999 0.181767559375 0.8134464937499999 0.173105921875 0.7947261812499999 0.1669589546875 0.7690206765625 0.1644442828125 0.76510896875 0.15382679375 0.7584031859375 0.14069463437500002 0.7539326625 0.1021363765625 0.74638865625 0.0783867265625 0.7441533953125 0.058269375 0.740800503125 0.048769515624999996 0.7385652421875 0.0261374953125 0.7301830125000001 0 0.7229534921875 0 0.9886976484375001 0.0021275015625 1 0.28751200625 1
13 0.509375 0.7678141921874999 0.474354525 0.7757733921875 0.43914916093749995 0.7816409515625 0.4243405546875 0.78862614375 0.40589965 0.8042729718749999 0.39472334375 0.8112581640624998 0.3589591640625 0.8492576046875 0.337165365625 0.8676985109375 0.325709653125 0.87300725625 0.3217979453125 0.8780365937500001 0.3187244609375 0.887536453125 0.317048015625 0.91044788125 0.3187244609375 0.9297270093750001 0.318445053125 0.9467708765625 0.314812753125 0.9540354765625001 0.314533346875 0.9573883671874999 0.31537156875 0.9635353359375 0.3181656453125 0.9691234890625001 0.32068031406249997 0.9713587499999999 0.3273860984375 0.97387341875 0.330738990625 0.9772263109375 0.332136028125 0.983093871875 0.3318566203125 0.999299515625 0.3319384953125 1 0.44574789687500005 1 0.4380315296875 0.9967848468749999 0.4355168609375 0.9942701781250001 0.4343992296875 0.9900790640625001 0.43691389999999997 0.9867261718750001 0.45060487499999996 0.9766674953125001 0.4765897859375 0.9512414 0.4827367546875 0.94649146875 0.4883249078125 0.9395062781250001 0.49531010000000003 0.9339181249999999 0.5062069984375 0.9205065578125 0.509375 0.9172254125 0.509375 0.7678141921874999
0 0.536962890625 0.6166015625 0.525244140625 0.62294921875 0.515478515625 0.625390625 0.511572265625 0.62880859375 0.513037109375 0.68154296875 0.516943359375 0.71181640625 0.521337890625 0.7279296875 0.525732421875 0.73232421875 0.543397353125 0.7359375 0.603466796875 0.7359375 0.617529296875 0.7357421875 0.669287109375 0.730859375 0.724462890625 0.723046875 0.735693359375 0.71962890625 0.762060546875 0.7162109375 0.787939453125 0.70888671875 0.813330078125 0.70546875 0.826025390625 0.6986328125 0.8328125 0.6766745171874999 0.8328125 0.63544108125 0.830419921875 0.621484375 0.813818359375 0.5921875 0.804541015625 0.586328125 0.774755859375 0.58828125 0.549658203125 0.61416015625 0.536962890625 0.6166015625
16 0.687109375 0.57900390625 0.6958984375 0.57216796875 0.73056640625 0.57314453125 0.745703125 0.56826171875 0.76181640625 0.56923828125 0.7720703125 0.56484375 0.7779296875 0.56484375 0.78037109375 0.566796875 0.7916015625 0.56533203125 0.7974609375 0.54384765625 0.7984375 0.527734375 0.78720703125 0.516015625 0.78720703125 0.50966796875 0.79306640625 0.47841796875 0.79599609375 0.44912109375 0.7916015625 0.4330078125 0.7828125 0.41640625 0.75888671875 0.39833984375 0.74619140625 0.39443359375 0.71201171875 0.3939453125 0.7056640625 0.39052734375 0.69248046875 0.39052734375 0.62021484375 0.38125 0.60166015625 0.38076171875 0.5787109375 0.38564453125 0.56455078125 0.39345703125 0.550390625 0.40712890625 0.54208984375 0.422265625 0.54013671875 0.48818359375 0.5328125 0.56875 0.5328125 0.58046875 0.53720703125 0.613671875 0.53916015625 0.61708984375 0.540771484375 0.6171875 0.5626813609375 0.6171875 0.58408203125 0.6146484375 0.5982421875 0.61513671875 0.63193359375 0.60732421875 0.663671875 0.60341796875 0.67587890625 0.59755859375 0.687109375 0.57900390625
16 0.531640625 0.3796875 0.52822265625 0.3919921875 0.509375 0.44210981875 0.509375 0.62525024375 0.50966796875 0.6263671875 0.51171875 0.6265625 0.5225260421875 0.6265625 0.5248046875 0.62587890625 0.52626953125 0.62294921875 0.52626953125 0.5248046875 0.5326171875 0.43935546875 0.54091796875 0.39296875 0.54482421875 0.3822265625 0.54716796875 0.3796875 0.531640625 0.3796875