4 0.369998753125 0.2890625 0.34228515625 0.2662109375 0.318359375 0.2525390625 0.283203125 0.2388671875 0.24658203125 0.2359375 0.2333984375 0.24033203125 0.205078125 0.23837890625 0.20166015625 0.24033203125 0.185546875 0.241796875 0.16943359375 0.24716796875 0.14111328125 0.2486328125 0.13037109375 0.25205078125 0.12406539375 0.2890625 0.369998753125 0.2890625
17 0.2728515625 0.231982421875 0.2728515625 0.235400390625 0.32119140625 0.253466796875 0.34532091875000004 0.2671875 0.34607859687500003 0.2671875 0.3451171875 0.239306640625 0.346875 0.2318359375 0.346875 0.22996419218750003 0.34560546875 0.223193359375 0.33583984375 0.217333984375 0.3265625 0.208544921875 0.318505859375 0.2078125 0.315393065625 0.2078125 0.30556640625 0.213427734375 0.3021484375 0.221728515625 0.2904296875 0.227587890625 0.28310546875 0.226611328125 0.27919921875 0.228076171875 0.2728515625 0.231982421875
17 0.116015625 0.22314453125 0.12956891718750002 0.2296875 0.1437779015625 0.2296875 0.146875 0.22751953125000002 0.146875 0.2205078125 0.14140625 0.2099609375 0.1287109375 0.2021484375 0.12333984375 0.1943359375 0.11517578125000001 0.1921875 0.0990234375 0.1921875 0.092578125 0.1943359375 0.0857421875 0.2001953125 0.0876953125 0.20849609375 0.09208984375 0.212890625 0.108203125 0.22216796875 0.116015625 0.22314453125
17 0.7086600171875 0 0.70302734375 0.013916015625 0.699609375 0.030517578125 0.69912109375 0.093994140625 0.7005859375 0.105712890625 0.71083984375 0.135986328125 0.72646484375 0.168212890625 0.75087890625 0.196044921875 0.7611328125 0.200927734375 0.7774251296875001 0.2046875 0.7807333453125 0.2046875 0.8119140625 0.169189453125 0.82509765625 0.142822265625 0.8265625 0.10400390625 0.8265625 0.08260091093750001 0.8255859375 0.065673828125 0.82119140625 0.039794921875 0.8077910750000001 0 0.7086600171875 0
17 1 0.2890625 1 0.20553764375 0.988818359375 0.216259765625 0.977099609375 0.221630859375 0.961962890625 0.231884765625 0.942919921875 0.239697265625 0.912158203125 0.247021484375 0.875537109375 0.249951171875 0.862841796875 0.253857421875 0.860400390625 0.263134765625 0.860400390625 0.283642578125 0.8615786343749999 0.2890625 1 0.2890625
17 1 0.1494077625 0.9615234375 0.13203125 0.941015625 0.128125 0.93125 0.1291015625 0.898046875 0.14423828125 0.87265625 0.15107421875 0.8345703125 0.17060546875 0.8267578125 0.173046875 0.808203125 0.17451171875 0.7876953125 0.19697265625 0.77548828125 0.2140625 0.77255859375 0.2267578125 0.77353515625 0.23115234375 0.78037109375 0.23701171875 0.800390625 0.2443359375 0.83603515625 0.253125 0.85830078125 0.25625 0.8726841515625001 0.25625 0.90244140625 0.25361328125 0.91318359375 0.24970703125 0.94150390625 0.2453125 0.95224609375 0.23896484375 0.9732421875 0.231640625 1 0.2129526296875 1 0.1494077625
17 0.509375 0.2890625 0.767139559375 0.2890625 0.76689453125 0.288671875 0.74541015625 0.26279296875 0.71904296875 0.24619140625 0.70439453125 0.24375 0.698046875 0.24619140625 0.6921875 0.23740234375 0.67607421875 0.23056640625 0.64873046875 0.2271484375 0.61748046875 0.2173828125 0.5974609375 0.21640625 0.5759765625 0.210546875 0.5671875 0.21005859375 0.5251953125 0.2193359375 0.509375 0.2265625 0.509375 0.2890625
17 1 0 0.9176581203125 0 0.903369140625 0.014599609375 0.882373046875 0.025830078125 0.875537109375 0.035595703125 0.875048828125 0.041455078125 0.880908203125 0.057568359375 0.889208984375 0.075146484375 0.897021484375 0.085400390625 0.918994140625 0.108837890625 0.930224609375 0.117626953125 0.957568359375 0.123974609375 0.984912109375 0.135205078125 1 0.14666719687500002 1 0
17 0.6361899328125 0 0.63486328125 0.0140625 0.640234375 0.08291015625 0.63876953125 0.09560546875 0.63583984375 0.10341796875 0.63583984375 0.1185546875 0.64169921875 0.13125 0.6412109375 0.13759765625 0.64755859375 0.14248046875 0.65830078125 0.1556640625 0.6607421875 0.1673828125 0.68564453125 0.19228515625 0.69638671875 0.207421875 0.6958984375 0.25283203125 0.696875 0.25966796875 0.6998046875 0.2611328125 0.70224609375 0.25576171875 0.70224609375 0.23232421875 0.7037109375 0.22744140625 0.70810546875 0.223046875 0.72080078125 0.21669921875 0.728125 0.2162109375 0.7408203125 0.22255859375 0.761328125 0.225 0.7701171875 0.2279296875 0.77353515625 0.22548828125 0.7779296875 0.21181640625 0.78037109375 0.20986328125 0.78037109375 0.203515625 0.776953125 0.20693359375 0.77451171875 0.2064453125 0.77109375 0.19619140625 0.76328125 0.19765625 0.759375 0.19619140625 0.7388671875 0.17958984375 0.728125 0.16787109375 0.71787109375 0.144921875 0.70419921875 0.101953125 0.70029296875 0.0482421875 0.702734375 0.0228515625 0.70712890625 0.00673828125 0.71003861875 0 0.6361899328125 0
18 0.061244657812500006 0.2890625 0.061244657812500006 0.39478498906250004 0.069791665625 0.5640157578125 0.061244657812500006 0.6118790046875 0.069791665625 0.651195246875 0.082658921875 0.6640625 0.0959325171875 0.6640625 0.2680822640625 0.6529046484375 0.3390625 0.58023440625 0.3390625 0.5484442062499999 0.338167734375 0.5144431078125 0.33474893125 0.49905849374999994 0.3262019234375 0.4939302890625 0.319364315625 0.45632345 0.3210737171875 0.4170072109375 0.29714209375 0.3127337078125 0.29372291875 0.2890625 0.061244657812500006 0.2890625
18 0.509375 0.2890625 0.28942465781250004 0.2890625 0.336932425 0.5668002140625 0.336932425 0.575347221875 0.31471020312500003 0.60269765 0.31641960468749997 0.6420138890625 0.33009481875 0.6556891031250001 0.3681457 0.6609375 0.41018029062499994 0.6609375 0.509375 0.655771109375 0.509375 0.2890625
18 0.0470018703125 0.8748330671875 0.060677082812500005 0.9278245203125 0.12734375 0.929533921875 0.216232640625 0.9175681078124999 0.267514690625 0.90218349375 0.3102497328125 0.8765424687500001 0.3109375 0.8689770296875 0.3109375 0.8545281984375 0.299993321875 0.8201322109374999 0.27435229687499996 0.649192040625 0.074352296875 0.6474826390625 0.0470018703125 0.654320246875 0.0384548609375 0.7004740921875 0.0470018703125 0.8748330671875
18 0.509375 0.65666391875 0.3682358453125 0.6714342953125 0.3203725953125 0.650921475 0.3101161859375 0.630408653125 0.2981503734375 0.6252804484375 0.275928153125 0.6440838671875 0.275928153125 0.6765625 0.30498798125 0.82698985 0.308406784375 0.8765625 0.301569178125 0.9039129265625 0.3065886390625 0.915625 0.3093405 0.915625 0.509375 0.8964216875 0.509375 0.65666391875
12 0.509375 0.7592571125 0.55647645 0.764798459375 0.5883605078125 0.7836390390625 0.6521286234375 0.8053781703125 0.694729403125 0.8078125 0.7037817015625001 0.8078125 0.723143115625 0.79813179375 0.73038949375 0.7763926624999999 0.7535778984375 0.7590013578125 0.7546875 0.7556725546874999 0.7546875 0.7163900734374999 0.7245923921874999 0.6647984593749999 0.68256340625 0.6387115031249999 0.6651721015625001 0.6387115031249999 0.620244565625 0.6155230984375001 0.509375 0.539300271875 0.509375 0.7592571125
10 0.629981884375 0.6013926625 0.629981884375 0.6158854171874999 0.72128623125 0.660812953125 0.7676630453125 0.6086390390625 0.7763586953124999 0.57385643125 0.7734601453125001 0.5579144015624999 0.7859375 0.542664303125 0.7859375 0.5401324671875 0.7807065234375 0.52313179375 0.758967390625 0.5158854171874999 0.7430253625000001 0.5289288953125 0.71838768125 0.5289288953125 0.6865036250000001 0.5434216484375 0.629981884375 0.6013926625
10 0.509375 0.545434715625 0.546150853125 0.5703125 0.546875 0.5703125 0.546875 0.5534937937500001 0.5375792578125 0.5322463765625 0.509375 0.504042121875 0.509375 0.545434715625
1 0.509375 0.4836844953125 0.604472371875 0.43473732031250006 0.5943274453125 0.417346015625 0.509375 0.32403759062500004 0.509375 0.4836844953125
10 0.509375 0.87004500625 0.5520493656250001 0.8540421203124999 0.5640625 0.835355021875 0.5640625 0.818984 0.5607450187499999 0.7714334234375 0.51146965625 0.7554913953125 0.509375 0.755413815625 0.509375 0.87004500625