12 0.45 0.1653603 0.431982421875 0.16630859375 0.426611328125 0.16826171875 0.424169921875 0.17119140625 0.423681640625 0.1794921875 0.425634765625 0.1873046875 0.421728515625 0.190234375 0.411962890625 0.19169921875 0.399267578125 0.18974609375 0.389990234375 0.17900390625 0.372412109375 0.1697265625 0.338720703125 0.1697265625 0.333349609375 0.16826171875 0.318212890625 0.1501953125 0.312353515625 0.13310546875 0.306494140625 0.1228515625 0.298681640625 0.11845703125 0.177587890625 0.14140625 0.112646484375 0.14921875 0.111669921875 0.1521484375 0.135595703125 0.17802734375 0.146337890625 0.18583984375 0.176611328125 0.21416015625 0.243017578125 0.26982421875 0.265478515625 0.28740234375 0.272326659375 0.290625 0.276806640625 0.290625 0.334326171875 0.27763671875 0.337255859375 0.27421875 0.338720703125 0.256640625 0.341162109375 0.24931640625 0.375830078125 0.2439453125 0.381689453125 0.2361328125 0.392919921875 0.2322265625 0.396826171875 0.22880859375 0.398779296875 0.22001953125 0.406591796875 0.21123046875 0.425634765625 0.21123046875 0.425634765625 0.22685546875 0.431494140625 0.2322265625 0.45 0.2302077421875 0.45 0.1653603
12 0 0.3426025390625 0.088037109375 0.3279296875 0.25 0.2952444046875 0.25 0.2932285859375 0.236962890625 0.28251953125 0.220849609375 0.26494140625 0.176416015625 0.229296875 0.158837890625 0.21220703125 0.142724609375 0.2009765625 0.129541015625 0.18779296875 0.111962890625 0.17509765625 0.095361328125 0.15947265625 0.086083984375 0.155078125 0.075341796875 0.155078125 0 0.16277973125 0 0.3426025390625
13 0 0.5390625 0.14216096250000002 0.5390625 0.142041015625 0.52802734375 0.154248046875 0.49287109375 0.157666015625 0.47724609375 0.177197265625 0.45576171875 0.185009765625 0.440625 0.1859375 0.4282552078125 0.1859375 0.419052734375 0.181591796875 0.4025390625 0.174755859375 0.3888671875 0.165966796875 0.37861328125 0.122998046875 0.3537109375 0.099072265625 0.34736328125 0.071240234375 0.34443359375 0 0.35592395468750004 0 0.5390625
0 0.3149378328125 0.5390625 0.31611328125 0.536767578125 0.3302734375 0.470849609375 0.340625 0.43214376718749997 0.340625 0.41486467656250003 0.3380859375 0.406884765625 0.32978515625 0.395166015625 0.31904296875 0.384423828125 0.3078125 0.377099609375 0.29658203125 0.372705078125 0.26044921875 0.369775390625 0.23701171875 0.374169921875 0.2189453125 0.383935546875 0.2111328125 0.395654296875 0.20576171875 0.416162109375 0.20771484375 0.458642578125 0.2072265625 0.527490234375 0.20851237031249997 0.5390625 0.3149378328125 0.5390625
15 0.45 0.4407260125 0.0955846078125 0.1401711390625 0.09088815781250001 0.14149700468749998 0.0859508671875 0.1468004625 0.08499695625 0.1525691015625 0.45 0.4655138703125 0.45 0.4407260125
15 0.45 0.3532031 0.273188434375 0.33360700312499997 0.20283514687499998 0.3397976203125 0.45 0.3707784453125 0.45 0.3532031
15 0.45 0.253771240625 0.0351800953125 0.3374481921875 0.034375 0.34378758593750003 0.034375 0.34461781406249997 0.0371956390625 0.3484375 0.0453312296875 0.3484375 0.45 0.269836859375 0.45 0.253771240625
15 0.45 0.2840293171875 0.25524053750000003 0.30760038437500004 0.1362378828125 0.3310989984375 0.45 0.29744103593750004 0.45 0.2840293171875
15 0.45 0.3003264875 0.1349313671875 0.3317741078125 0.1145072921875 0.335726103125 0.154413565625 0.3421875 0.168686396875 0.3421875 0.45 0.31707085 0.45 0.3003264875
15 0.45 0.3764181984375 0.19985655625 0.3408759 0.18014891875 0.3428268125 0.196691040625 0.349359809375 0.45 0.3908362125 0.45 0.3764181984375
6 1 0.5390625 1 0.39757634999999997 0.984765625 0.384765625 0.97255859375 0.37744140625 0.9583984375 0.37255859375 0.9310546875 0.35595703125 0.86318359375 0.3037109375 0.8333984375 0.28857421875 0.80068359375 0.2607421875 0.77529296875 0.2421875 0.7640625 0.23486328125 0.7484375 0.2294921875 0.740625 0.22314453125 0.73623046875 0.21337890625 0.7279296875 0.2041015625 0.71376953125 0.19580078125 0.7044921875 0.19384765625 0.69765625 0.19775390625 0.68203125 0.21337890625 0.671875 0.229822359375 0.671875 0.231640625 0.672265625 0.23828125 0.68251953125 0.25 0.70107421875 0.26318359375 0.7142578125 0.275390625 0.758203125 0.3291015625 0.771875 0.3427734375 0.79091796875 0.3681640625 0.84658203125 0.43212890625 0.9017578125 0.47314453125 0.922265625 0.48974609375 0.9408203125 0.51025390625 0.9784930890624999 0.5390625 1 0.5390625
6 1 0.209588396875 0.983203125 0.20087890625 0.94755859375 0.1759765625 0.93046875 0.16083984375 0.89287109375 0.13984375 0.88017578125 0.12958984375 0.86064453125 0.1212890625 0.84208984375 0.1076171875 0.82841796875 0.10029296875 0.8103515625 0.0958984375 0.80205078125 0.096875 0.787890625 0.102734375 0.76787109375 0.11787109375 0.7498046875 0.13984375 0.74150390625 0.159375 0.73759765625 0.18134765625 0.7390625 0.1984375 0.748828125 0.21552734375 0.76787109375 0.23408203125 0.78740234375 0.2501953125 0.8171875 0.27021484375 0.83427734375 0.2892578125 0.8591796875 0.30244140625 0.9294921875 0.35810546875 0.95 0.37177734375 0.9744140625 0.380078125 1 0.3791958515625 1 0.209588396875
14 0.713427734375 0.358203125 0.714404296875 0.36650390625 0.709521484375 0.37138671875 0.704638671875 0.38359375 0.704638671875 0.389453125 0.709033203125 0.39873046875 0.709521484375 0.41142578125 0.724169921875 0.42705078125 0.748095703125 0.44560546875 0.776416015625 0.47392578125 0.787158203125 0.48173828125 0.787646484375 0.48759765625 0.800830078125 0.5095703125 0.808349609375 0.5109375 0.812158203125 0.5109375 0.834521484375 0.48857421875 0.8671875 0.44880689531250006 0.8671875 0.44667711718750003 0.840380859375 0.4236328125 0.753466796875 0.319140625 0.742236328125 0.3083984375 0.731982421875 0.32060546875 0.725146484375 0.33232421875 0.713427734375 0.358203125
14 0.911925665625 0.5390625 0.9119140625 0.537890625 0.90849609375 0.526171875 0.90361328125 0.5173828125 0.90361328125 0.50126953125 0.90556640625 0.49931640625 0.915625 0.49931640625 0.915625 0.48745777031250004 0.8982421875 0.471484375 0.8728515625 0.45146484375 0.86748046875 0.44951171875 0.81962890625 0.5017578125 0.81474609375 0.510546875 0.8103515625 0.5125 0.80205078125 0.51005859375 0.79814453125 0.506640625 0.783984375 0.4783203125 0.778125 0.47490234375 0.74541015625 0.4431640625 0.73994140625 0.4390625 0.7361058015624999 0.4390625 0.72978515625 0.5076171875 0.72734375 0.52080078125 0.7224609375 0.53056640625 0.7199829109375 0.5390625 0.911925665625 0.5390625
3 0.6145461296875 0.5390625 0.5959945421875 0.5474950390625 0.5796254953125001 0.5566716265625 0.5729290671875 0.5616319437499999 0.5640004953125001 0.5703125 0.5587921609375 0.577504959375 0.5483754953125001 0.598090278125 0.5429191453125 0.6129712296875 0.5364707328125 0.6375248015625 0.5230778765624999 0.6710069437499999 0.5178695421875 0.6883680546875001 0.5074528765624999 0.7146577375 0.5012524796875 0.72705853125 0.481907240625 0.7803819437499999 0.4791790671875 0.78583829375 0.47868303437500004 0.7907986109375 0.484139384375 0.7979910718750001 0.4895957328125 0.8007192453125 0.512165178125 0.8084077375 0.5421750984375 0.8220486109374999 0.5734250984375 0.8314732140625001 0.6103794625 0.8446180546875001 0.6473338281250001 0.855034721875 0.665190971875 0.863715278125 0.6919766859375001 0.8810763890625001 0.6997891859375001 0.8828125 0.7026986 0.8828125 0.7242187484375 0.879836309375 0.759933034375 0.8696676578125 0.7889508921875 0.86396329375 0.8073040671874999 0.8592509921874999 0.849962796875 0.8443700390625001 0.9052703359375001 0.8280009921874999 0.9112227171875 0.8255208328125001 0.9164310499999999 0.821056546875 0.9256076375 0.801711309375 0.9360243046875001 0.783358134375 0.9600818437499999 0.73623511875 0.9977802562499999 0.6715029765625 1 0.6683252375000001 1 0.595362490625 0.9853794624999999 0.586681546875 0.9680183515625 0.5740327375 0.9491691453125 0.5474950390625 0.94613343125 0.5390625 0.6145461296875 0.5390625
3 0.878125 1 0.878125 0.99727596875 0.8767485109375001 0.987946428125 0.8680679546875 0.95322420625 0.8645957328125 0.934375 0.8484747015625 0.8994047609375 0.8410342249999999 0.8877480156249999 0.8365699390625 0.8827876984374999 0.8179687484375 0.8701388890625001 0.8078000984375 0.8666666656249999 0.7981274796875001 0.8676587296875 0.7899429546875 0.8698908734374999 0.7802703359375001 0.87509920625 0.7780381937499999 0.87782738125 0.77258184375 0.8897321421875001 0.7693576375 0.9018849203125001 0.76886160625 0.92569444375 0.771341765625 0.9380952375 0.7775421609375 0.95595238125 0.7857266859375001 0.9705853171874999 0.7956473203125001 0.9824900796874999 0.8085441453125 0.990674603125 0.809040178125 0.9943948406249999 0.8075520828125 0.9963789671875001 0.7904389875 0.993402778125 0.7500123999999999 0.9790178562499999 0.7410838281250001 0.9713293640625 0.737859621875 0.9658730156249999 0.7343873999999999 0.95322420625 0.728683034375 0.937847221875 0.7190104156249999 0.9172619046874999 0.710329859375 0.890476190625 0.7053695421875 0.88427579375 0.6949528765625 0.8793154765625001 0.6671750984375 0.8612103171874999 0.64386160625 0.85029761875 0.637165178125 0.847817459375 0.6108754953125001 0.8416170624999999 0.5957465265625 0.83516865 0.5716889875 0.8287202375 0.5617683515625 0.8242559515625001 0.5357266859375 0.816567459375 0.522829859375 0.8103670624999999 0.50323660625 0.8029265875 0.48587549531249996 0.7942460312499999 0.4826512890625 0.790773809375 0.481907240625 0.7885416656249999 0.48389136875 0.7793650796875 0.500756446875 0.7364583328125 0.5136532734375 0.709920634375 0.5267981140625 0.6694940468749999 0.53721478125 0.6429563484375 0.541183034375 0.6352678562499999 0.5421750984375 0.6238591265625 0.54143105 0.6221230156249999 0.537462796875 0.6206349203125 0.5109250984375 0.6149305546875 0.4930679546875 0.61220238125 0.4824032734375 0.6057539671875001 0.4766989078125 0.5993055546875 0.47322668593749995 0.5988095234374999 0.45 0.606189965625 0.45 0.8773028281249999 0.46305803437500004 0.8956845234374999 0.49579612968750003 0.9380952375 0.519109621875 0.9710813484374998 0.5404780828125 1 0.878125 1