3 0.459375 0 0.3036256328125 0 0 0.1634785859375 0 0.409375 0.0042243015624999995 0.409375 0.1088178296875 0.369907496875 0.32126754375 0.262504634375 0.4521362546875 0.1892830421875 0.459375 0.18400085 0.459375 0
3 0 0.5796875 0.1334212125 0.5796875 0.13085000625 0.551530609375 0.1180631171875 0.528050628125 0.12382902343749999 0.364341034375 0.11327827343750001 0.3632675015625 0.0348064703125 0.4009328609375 0 0.32896500156249997 0 0.5796875
3 0.0025706765624999997 0 0.028824954687499998 0.053501271875 0 0.070613403125 0 0.0903426515625 0.008007282812499999 0.087195009375 0.053050629687499996 0.094340021875 0.0793163109375 0.120162584375 0.09448915937499999 0.1180576796875 0.2560480953125 0.032396378125 0.259336109375 0.0247968765625 0.274508959375 0.0226919734375 0.309918675 0.0033441015625 0.312227978125 0 0.0025706765624999997 0
3 0.459375 0.0102519578125 0.42704422031249994 0.002217296875 0.3794760359375 0.002619303125 0.37592085468750003 0.016492646875 0.39915874218749997 0.0536879453125 0.4371489046875 0.15130452656249999 0.4489019609375 0.1660830515625 0.44693661562500003 0.178366496875 0.3466357140625 0.23887335312500002 0.13883577656249999 0.34644945 0.115625 0.3638704671875 0.115625 0.3662334140625 0.12175726093749999 0.39595671875 0.16178592812499998 0.4355226015625 0.3596417703125 0.5078125 0.3666003453125 0.5078125 0.37427731249999996 0.5001352265625 0.3912485390625 0.45368325625 0.43578337500000003 0.3649265390625 0.459375 0.3228858734375 0.459375 0.0102519578125
3 0.459375 0.3614701796875 0.4347339625 0.36316315625 0.38411551718750003 0.44937376875 0.36131922968749997 0.50589648125 0.36325953593750004 0.5358627953124999 0.368206996875 0.5390625 0.38064230625 0.5390625 0.459375 0.516751365625 0.459375 0.3614701796875
3 0.459375 0.5796875 0.459375 0.5232796109375 0.42378294062500005 0.520621559375 0.3721038546875 0.5376919890625 0.3661908515625 0.53493770625 0.3580568921875 0.5098157062500001 0.3268822765625 0.4991040390625 0.31178453125 0.501214296875 0.3024947140625 0.5090774890625 0.23322528125000003 0.5796875 0.459375 0.5796875
6 1 0.5796875 1 0.49849806093750004 0.9761225609374999 0.478125 0.9516742749999999 0.478125 0.9502065796875 0.48355657656249995 0.955966103125 0.5057511125 0.956017459375 0.520789240625 0.954113375 0.528672509375 0.9444717375 0.5432686296875 0.9479369078125 0.5657542203125 0.9578331296875 0.5796875 1 0.5796875
6 0.9425742328125001 0.5796875 0.946875 0.5621383984375 0.946875 0.551518653125 0.9438909515624999 0.547886984375 0.9190480718749999 0.5466065312499999 0.9053713890624999 0.539543540625 0.8979588171875001 0.525002228125 0.8909149515625 0.49309980781249996 0.864436015625 0.4631655484375 0.8557661921874999 0.4570926328125 0.8410343765625001 0.4375 0.836285440625 0.4375 0.8198256265625 0.4710517 0.81875 0.478296740625 0.81875 0.48729399375 0.8231158703125001 0.523277971875 0.8290979125 0.5375364031250001 0.8385696421875 0.5481263953125 0.8520180406250001 0.5796875 0.9425742328125001 0.5796875
6 0.819073840625 0.5796875 0.8265625 0.557795278125 0.8265625 0.4930781625 0.8235345421875 0.4774701890625 0.80798255 0.5103680546875 0.8064660968750001 0.5205589984375 0.8106488546874999 0.5333729468749999 0.8049454921875 0.5614702171875 0.7944469515625 0.5706383546875 0.78481495625 0.5739830984375 0.761782734375 0.570188303125 0.747986725 0.5554777328125 0.74497671875 0.53989798125 0.746982678125 0.5110712421875 0.731999325 0.47364756874999997 0.723794209375 0.46228792343749997 0.715625 0.51298575 0.715625 0.537832365625 0.729742178125 0.5796875 0.819073840625 0.5796875
6 0.6842904390625 0.5796875 0.713802653125 0.52830885625 0.721875 0.474369996875 0.721875 0.4523158125 0.7154943765625 0.42827579531250004 0.7106694046875 0.4309395421875 0.6952133578125 0.45534546249999996 0.6635159359375 0.4946165984375 0.6580934093749999 0.520990765625 0.6480921984375 0.5385241984375 0.6381273249999999 0.5459560625 0.628180615625 0.5483371390625 0.6061734953125 0.5425759593749999 0.61002933125 0.5796875 0.6842904390625 0.5796875
6 0.562333134375 0.5796875 0.5711459046874999 0.571846490625 0.6003403109375001 0.5369865359375 0.6015625 0.5302219796875 0.6015625 0.434375 0.5913025390625 0.434375 0.5745046453125 0.4484332015625 0.5289740875 0.47711578593750004 0.5163149640625 0.4916046890625 0.488754790625 0.5356496515625 0.47993373593750005 0.5796875 0.562333134375 0.5796875
6 0.459375 0.537420859375 0.4594899671875 0.5375 0.48766860625 0.5375 0.4894543859375 0.537060053125 0.52466773125 0.4902721 0.581616328125 0.448507546875 0.594161765625 0.432354721875 0.598545321875 0.41745220156249996 0.600783721875 0.38276925156249997 0.590476684375 0.36423912812500003 0.5948780984375001 0.3443220796875 0.6015625 0.33146996875 0.6015625 0.316795409375 0.5949713421875 0.289858703125 0.59093306875 0.292642909375 0.5792449015625 0.322586053125 0.5625758609375 0.3372049765625 0.5439144671875 0.34569421093749997 0.48796600312500005 0.361132865625 0.4803875421875 0.368233696875 0.47397592031249997 0.3870355875 0.4625219359375 0.46433831718749996 0.459375 0.4717917328125 0.459375 0.537420859375
6 0.5990592234375 0.3860189765625 0.5973503640625 0.41260628749999995 0.6062806875 0.485727021875 0.6010944 0.4963318015625 0.5961468421875 0.5251805843749999 0.604671309375 0.541448053125 0.6113241328125 0.5453125 0.6436869609375 0.5453125 0.6530409171875 0.5387809531250001 0.6607775796875 0.5206816703125 0.6647941125 0.4981966546875 0.714808903125 0.4296258953125 0.7265625 0.349287271875 0.7265625 0.32935274375 0.7227464546875 0.3256813453125 0.7193510765625 0.325 0.7115376890625 0.325 0.70181626875 0.334582509375 0.6625560109374999 0.359457196875 0.6532855421875 0.38307144375 0.6423459859375 0.39324956875 0.6283069828125 0.3947994515625 0.5990592234375 0.3860189765625
6 0.7529658218749999 0.5671875 0.8057957484375 0.5671875 0.808200771875 0.563390415625 0.8119770703124999 0.5377849 0.8087817234375001 0.5183222203125 0.8328125 0.46237485468750006 0.8328125 0.389546896875 0.8305203359375 0.38634500312500003 0.825955575 0.39673228437499997 0.8180502265625 0.3989239359375 0.8178157671875 0.405654840625 0.8249658562500001 0.4085842921875 0.8239948078125 0.41516856874999997 0.815423421875 0.427017465625 0.8061341203125 0.43345200625 0.7974029625 0.430960884375 0.79970195 0.43593691406249996 0.780442775 0.432856171875 0.7722510890625001 0.4267071171875 0.7745874171875 0.42114768593749996 0.7709418234375001 0.40987908125 0.7735126125 0.3975887453125 0.77901108125 0.3911526515625 0.7776644703125 0.384860078125 0.7709272875 0.3842720125 0.7642793265625001 0.3882200921875 0.759498775 0.40007054531249997 0.759465565625 0.379731203125 0.72811465625 0.3359375 0.728015496875 0.3359375 0.715477821875 0.43121995625 0.7201463421875001 0.450975890625 0.747607603125 0.516687559375 0.7459331734375001 0.5434645453125 0.748194815625 0.5589760375 0.7529658218749999 0.5671875
6 0.8398303328125 0.43573643906250004 0.8722930390624999 0.4833788 0.88694340625 0.500262359375 0.8902809296874998 0.523005559375 0.8964476828125001 0.53673899375 0.9055115734375001 0.546875 0.9525887031250001 0.546875 0.959105178125 0.541770578125 0.959375 0.5411701296875 0.959375 0.5054468828124999 0.9563718640625 0.494855478125 0.959375 0.472973525 0.959375 0.401990796875 0.9551654187499998 0.39745125 0.938622775 0.38829056562500003 0.9313067765625 0.377274240625 0.9216596140625001 0.35181089062500004 0.8782535453125 0.322615 0.8599049640625 0.3046875 0.858886684375 0.3046875 0.8548888953125001 0.309160621875 0.8470197234375 0.33704835625 0.8390995125 0.3502039328125 0.8356334000000001 0.36350435000000003 0.8343229015624999 0.38238383593749997 0.8398303328125 0.43573643906250004
6 1 0.37730399531250003 0.9943813578124999 0.3782327796875 0.983265390625 0.3903577015625 0.9662779015625 0.398437034375 0.9611710437500001 0.40387229375 0.959398 0.4257604375 0.9622561171874999 0.4356604046875 0.9566558703125001 0.43956184531250003 0.9551049468749999 0.4550367796875 0.9653678140625 0.45852649999999995 0.9667103874999998 0.47386320625 0.97383995 0.48892346093750005 1 0.51205121875 1 0.37730399531250003
6 1 0.2720382265625 0.9946484046874999 0.2417374640625 0.8424227249999999 0.2114803265625 0.8431717046875 0.244397659375 0.8498078781249999 0.2578267828125 0.8517106765625 0.2838498765625 0.8584136890625 0.3065529359375 0.8749038671874999 0.3262148375 0.9106263578124999 0.3518365234375 0.9293613593749999 0.3854794171875 0.9362196546875001 0.39254146875 0.946278090625 0.39739016562499996 0.963127984375 0.4000269765625 0.97790210625 0.3972646921875 0.9893915609375 0.3924248140625 1 0.382273471875 1 0.34712965625000003 0.9951863890624999 0.3337385625 0.9940305578124999 0.3221110984375 1 0.2771274125 1 0.2720382265625
6 0.7946212140625001 0.4320706515625 0.8205958343749999 0.42156162343750003 0.8258225984375 0.4104904375 0.8301510296875 0.37145873749999997 0.852964803125 0.32399119375 0.8559290546874999 0.3039220046875 0.85190525625 0.22903699687499998 0.8448602187500001 0.21837603906249997 0.8343929203125 0.21629550625 0.8267487093749999 0.20836488125 0.8029030031250001 0.203625190625 0.7985151484375 0.20631482812500002 0.7873461109375001 0.2333014859375 0.7772346078125001 0.2434017578125 0.7638384359374999 0.2514244359375 0.73521013125 0.2507206359375 0.7269699671875001 0.26760408281250003 0.7210906125000001 0.3219993875 0.7311805078125 0.346088 0.7524178328125 0.3773788359375 0.7528404671875 0.398833575 0.7585743890625001 0.41350807968750003 0.7639348296875 0.42098476875 0.7749800406249999 0.42887903281249995 0.7946212140625001 0.4320706515625
6 0.6623990656250001 0.35948625624999997 0.7010897265625 0.3358328578125 0.7114056609375 0.32434850625 0.7204458609375 0.30691171875 0.734223353125 0.24767506718750001 0.7228223437500001 0.22759999999999997 0.7201018218749999 0.207113234375 0.7054161453125 0.1849605734375 0.7035644640625 0.183880165625 0.6790170640625 0.1790010015625 0.6533823796875 0.2016876796875 0.6309322359375 0.20292424062499997 0.6100114109375 0.22298608125000002 0.59686881875 0.243881603125 0.5912469625 0.28194385624999996 0.601963921875 0.32610312656249996 0.5936215421875 0.34367861718750004 0.5910484640625 0.36596263125 0.5980758109375 0.381606578125 0.614294721875 0.39337862343749996 0.633340290625 0.395739503125 0.648625490625 0.3895170125 0.659656934375 0.3731883734375 0.6623990656250001 0.35948625624999997
6 0.459375 0.3870363203125 0.5022877421875 0.359005475 0.54902790625 0.344075615625 0.5748157828125 0.3299676796875 0.5927762765625 0.3007691359375 0.592371334375 0.2743314078125 0.5964422671875 0.25163275625 0.6044780000000001 0.2361333890625 0.6195096203125 0.2170380546875 0.6197317421874999 0.210670984375 0.6092644421875 0.20859045156249997 0.585996575 0.215363340625 0.5331666953124999 0.20343789375000002 0.5015249890625 0.20854635625 0.47374587031250004 0.22154614218750002 0.459375 0.2439284015625 0.459375 0.3870363203125
6 0.459375 0.2036160265625 0.49798674218750005 0.19359591874999998 0.515925628125 0.19858625624999998 0.5424781640624999 0.1938909609375 0.546376125 0.1918163078125 0.547091634375 0.186972021875 0.5462247609374999 0.178251421875 0.542242271875 0.1760351265625 0.542651134375 0.1732669640625 0.5513756 0.1536303453125 0.459375 0.135343846875 0.459375 0.2036160265625
6 0.5468872015625 0.188356103125 0.55541240625 0.20358541562500002 0.5718357468749999 0.213973378125 0.59447263125 0.21633572499999998 0.6165492875 0.20790134999999998 0.621656146875 0.20250519531250002 0.6368037546875 0.206940725 0.644190815625 0.20555958125 0.6738766546875 0.18937699375 0.6808519421874999 0.1793657109375 0.55360508125 0.1540734890625 0.546549096875 0.1711923109375 0.5468872015625 0.188356103125
6 0.733627746875 0.246844325 0.7441795734375 0.2532158046875 0.764025178125 0.2550233421875 0.7812170953124999 0.24561805312499999 0.79343975 0.2309509 0.7966929578124999 0.2137885765625 0.8055955625 0.207009809375 0.8070194359375 0.20444339375 0.7075272359375 0.1846678265625 0.717514971875 0.20517434375 0.724489253125 0.23576725937499998 0.733627746875 0.246844325
0 0 0.8375 0.230722853125 0.8375 0.2338598765625 0.8353578734375 0.3125 0.807453784375 0.3125 0.6718441046875 0.30463016718749997 0.666429421875 0.29625637031249996 0.6558209390624999 0.2888115234375 0.6529357625000001 0.2366123015625 0.6484375 0.23341640468749997 0.6484375 0.21988663281249998 0.649758309375 0.20078612968749998 0.6484375 0.13958763125 0.6484375 0 0.6734504515624999 0 0.8375
0 0 0.8904705343749999 0.009908489062500001 0.893383984375 0.03907331875 0.910094803125 0.10454175156250001 0.9359375 0.1273352359375 0.9359375 0.1400699734375 0.9277700624999999 0.16198756718750001 0.9214305578124999 0.1662657046875 0.9161330218749999 0.170861271875 0.9170303015625001 0.177182678125 0.9220124000000001 0.18517916406249998 0.9202233609375 0.19543697499999999 0.9033733843749999 0.20309172812499998 0.8850498046874999 0.2046875 0.8747677187499999 0.2046875 0.86770343125 0.180223996875 0.8629813640625 0.1779934171875 0.8589115703125 0.18105045625 0.8495141937499999 0.1857804328125 0.8431691656249999 0.1936689625 0.849138671875 0.2046875 0.8506159328124999 0.2046875 0.835754084375 0 0.832770953125 0 0.8904705343749999
0 0 1 0.0560585765625 1 0.06934539687499999 0.9921308140625001 0.08694507500000001 0.978934725 0.115625 0.9519076249999999 0.115625 0.9358847499999999 0.1155321796875 0.935832796875 0.048390106249999995 0.9103388890625 0.020419909375 0.8947858359375 0 0.886887753125 0 1
0 0.282781021875 1 0.26474831718749997 0.9697223015624999 0.2394932796875 0.945995721875 0.2350906984375 0.94375 0.2123127890625 0.94375 0.20929573437500001 0.9473922625 0.2083332125 0.9588692281250001 0.21354217968749997 0.9686059046875 0.2378128625 1 0.282781021875 1
0 0.2656589 0.8627797109374999 0.31774693125 0.8748319390624999 0.42233319375 0.8968360109375 0.426757178125 0.9019277015625 0.4232307796875 0.9140390359375001 0.4196249890625 0.9146665171875 0.31645972499999997 0.890010421875 0.2607931046875 0.8791069796875 0.2578695109375 0.8828471171875 0.2487069015625 0.9363689734375 0.2504498796875 0.9598124765625 0.257249053125 0.970577834375 0.27098780625 0.9748751906249999 0.28308576093750004 0.9875740796875 0.29108833437500004 0.9915169828125 0.292969140625 0.9921875 0.3434862953125 0.9921875 0.344653965625 0.9920398546874999 0.38983623437500003 0.98132156875 0.4166903609375 0.9680063546875001 0.43048572187499995 0.9634263750000001 0.44048489531249996 0.95582475625 0.4515625 0.9350192578125001 0.4515625 0.8514674328125 0.449277746875 0.8454049453125 0.4414405765625 0.834669925 0.426174234375 0.8210194375000001 0.41008447031250006 0.8109375 0.338052690625 0.8109375 0.3296427375 0.81392081875 0.28948505 0.831279540625 0.2771084765625 0.8431274312499999 0.26249271875 0.8519081749999999 0.262927909375 0.860249034375 0.2656589 0.8627797109374999
14 0.1798103 0.8474243078124999 0.1741512921875 0.861017703125 0.1764352890625 0.8641727703125 0.1988636125 0.867271159375 0.2992733140625 0.8917019265625001 0.323317534375 0.8952897562500001 0.39928215312500004 0.9140625 0.41875 0.9140625 0.41875 0.897999590625 0.3202844546875 0.8776560406249999 0.308388315625 0.87317309375 0.26119218125 0.8627487531250001 0.1893669515625 0.847679696875 0.1798103 0.8474243078124999
14 0.27936666875 0.8178864859375 0.2737420734375 0.82628186875 0.27434949999999997 0.8380924921874999 0.2756727875 0.8390625 0.28565831406250003 0.8390625 0.2942689890625 0.832873284375 0.33779607500000003 0.8156397703125 0.40373160312499995 0.8121419187499999 0.432165075 0.8056416953125 0.434375 0.8031960828125 0.434375 0.7885587546874999 0.43373396875000003 0.7870807953125001 0.42755476718749996 0.784692565625 0.3036345125 0.8187098109375001 0.286632959375 0.8217853484375001 0.2823902453125 0.8177968374999999 0.27936666875 0.8178864859375
0 0.2010015359375 0.88215468125 0.20659555625 0.8839903546875 0.2341472 0.8851873874999999 0.2549236765625 0.8810859375 0.20281673125 0.869112428125 0.2010015359375 0.88215468125
0 0.31745740312500004 0.7773498671875 0.309788775 0.7740757484375 0.30011763281250003 0.7993367578124999 0.2958878359375 0.8044557265625001 0.207499625 0.8345042093749999 0.204583865625 0.836087796875 0.20536846718750001 0.8510528109375001 0.207968265625 0.8529755734375 0.2478890984375 0.8613067640625001 0.2604434828125 0.8624404 0.2625202109375 0.8543864859375001 0.27084691875 0.8511467343750001 0.2808559328125 0.8418629203125001 0.27534249375000003 0.8320313921875 0.2750025 0.8255465531249999 0.27857634062500003 0.8174490953125 0.2825424828125 0.8168341453125001 0.2867440046875 0.8207086984374999 0.2902634171875 0.82110593125 0.33762174218749996 0.809237021875 0.3340259921875 0.79785093125 0.3279873640625 0.7875350843750001 0.31745740312500004 0.7773498671875
11 0.7347500421875 1 0.745111284375 0.959095109375 0.75625 0.9338542531249999 0.75625 0.8178972171875 0.7550758656250001 0.8092423234374999 0.7386585765625 0.7574299234375 0.6961753515625 0.6764298140625 0.6900264640625 0.6560502687499999 0.684667446875 0.6099756453125 0.6744962640625 0.5956216734375 0.6712665031249999 0.59375 0.60717915625 0.59375 0.5923733921875 0.6042567875 0.5885090749999999 0.6197621 0.59193593125 0.6735893796875 0.57952879375 0.7049837828125 0.577414359375 0.7355338687499999 0.5830771671875 0.743612775 0.6094347484375 0.750943353125 0.6234580984375 0.7659306015625 0.6296920531250001 0.8195276125 0.669489696875 0.8855597046874999 0.7047668140625 0.9614553125 0.7180139078125001 1 0.7347500421875 1
11 0.79999213125 0.72484590625 0.76874565 0.7845983875 0.7590314703125 0.8130750703124999 0.7503392046874999 0.8580854203125 0.75 0.8811293453125 0.75 0.8939239421874999 0.7545958671874999 0.9125 0.7572628171875 0.9125 0.7847355921875 0.8802361640624999 0.8059312640625 0.8619111140625 0.809610146875 0.8219205609374999 0.8180138734375 0.7981651109375 0.830000309375 0.7888906234374999 0.86289388125 0.7825459859375 0.891639690625 0.7885362671875 0.9134605375 0.8070853921874999 0.919159209375 0.8315500078125 0.9176564015625001 0.8741344468750001 0.9332616140625 0.90333899375 0.9406073671874999 0.9101316296874999 0.9321074484375 0.84619895 0.9353415 0.8182447546875 0.9421875 0.8007581203124999 0.9421875 0.7396850578125 0.9306046140625 0.675543925 0.93297304375 0.6402746046875001 0.928079884375 0.630514875 0.917740528125 0.622117384375 0.9010292468750001 0.61515676875 0.892222965625 0.6140625 0.8735205109375 0.6140625 0.8599723921875 0.615697803125 0.8419386390625 0.6291523375 0.8375744703125001 0.639658478125 0.8372859328125 0.660913378125 0.827355346875 0.6875612796875 0.79999213125 0.72484590625
11 0.9609375 1 0.9609375 0.960499571875 0.9543126109374999 0.9382694031250001 0.919342140625 0.874069121875 0.9249120015625 0.8237783640625 0.9225423656250001 0.811515621875 0.9018141468749998 0.7883074062500001 0.8857763500000001 0.781003953125 0.869376721875 0.778125 0.8589956046874999 0.778125 0.8311159171875 0.78454891875 0.8138444421875001 0.7993881265624999 0.8066622499999999 0.8603530750000001 0.78429728125 0.88040344375 0.761370440625 0.9119997671875 0.7327760171875 0.9766454 0.7286790359374999 1 0.9609375 1
11 0.725247859375 1 0.7151327578125001 0.9608729109375 0.670628059375 0.8627124187499999 0.636257371875 0.8108504140624999 0.629485175 0.7529678000000001 0.614297159375 0.7375 0.54772635625 0.7375 0.5371989328125 0.746356146875 0.5276232046875 0.7612745078125001 0.5253051281250001 0.77371601875 0.5342861734375 0.8182235328124999 0.519188321875 0.8665796453125001 0.50308314375 0.938580353125 0.544080375 0.9503170531249999 0.5629769671875 0.9666835265625 0.5693971984375 0.9812399328125 0.57328955625 1 0.725247859375 1