8 0.1318719859375 0 0.12825422656250002 0.0091502578125 0.128147246875 0.0182447125 0.13295613906249998 0.0342480390625 0.1441680296875 0.049892728125 0.1411084171875 0.0639131859375 0.1419107765625 0.06875 0.14387353125 0.06875 0.170107046875 0.056922421875 0.1950866359375 0.028950351562499997 0.193649959375 0.0137968265625 0.19916763906249998 0 0.1318719859375 0
8 0 0.087365571875 0.014276249999999999 0.088821665625 0.0178563625 0.090625 0.0237755875 0.090625 0.0477711703125 0.0829639671875 0.06550025000000001 0.0859525546875 0.0984375 0.07701984218749999 0.0984375 0.0768605359375 0.09616393281249999 0.06952039374999999 0.09774362656249999 0.0595644375 0.0959511046875 0.048758682812499995 0.0824345390625 0.0192208828125 0.080015678125 0.017625228125 0.069457821875 0.0189090390625 0.051621760937500004 0.025014907812499997 0.039683759375 0.024471771875 0.018304765625 0.028698721875 0.011645690625 0.027513681249999998 0.0041114125 0.030792057812500002 0.0035848453125 0.034110709375 0.0079885703125 0.0379322203125 0.0007741 0.052877853125 0.001527909375 0.0639149015625 0 0.06625982968750001 0 0.087365571875
14 0.448436765625 0.5 0.41875 0.3482434875 0.41875 0.4389440859375 0.43072095781249997 0.5 0.448436765625 0.5
14 0.5902908218749999 0.5 0.5681802625 0.46652729531250003 0.49488660781250005 0.3572037640625 0.440926878125 0.2757945828125 0.41875 0.2427054375 0.41875 0.27120307499999996 0.449936540625 0.31743523749999997 0.5708534796875 0.5 0.5902908218749999 0.5
14 0.5408780140625 0.5 0.540413546875 0.358828428125 0.53904841875 0.1567094140625 0.5369541328125 0.075628525 0.5319710765625001 0.073048334375 0.5248046765625001 0.072531640625 0.5204757734375 0.073882196875 0.52232065625 0.17370524062499998 0.5265920453125 0.4428668359375 0.5264608015625 0.5 0.5408780140625 0.5
14 0.47571876093750004 0.5 0.45382496562499997 0.4348289109375 0.41875 0.32732253125 0.41875 0.3415703234375 0.4284770703125 0.40184181093750004 0.4539462890625 0.49233937968749997 0.4565368140625 0.5 0.47571876093750004 0.5
14 0.49316553125 0.5 0.4883110484375 0.4861773859375 0.426623009375 0.299246853125 0.41875 0.2814000578125 0.41875 0.3258254734375 0.42309917031250005 0.343351625 0.476145390625 0.5 0.49316553125 0.5
14 0.5591562546875 0.151892065625 0.548852078125 0.158868003125 0.6080195328125 0.2633761578125 0.723319540625 0.46925697031249997 0.7277091453125 0.4457974453125 0.614166946875 0.2423731703125 0.5614400234375 0.1521120546875 0.5591562546875 0.151892065625
14 0.5898482312500001 0.1534609515625 0.5793529671875 0.1617345015625 0.5960125140625 0.191054375 0.7300047453125 0.44510442499999997 0.6947118156250001 0.3470034859375 0.6767293796875 0.3105141828125 0.6009457625 0.164884315625 0.5898482312500001 0.1534609515625
14 0.7638585984375 0.5 0.7152219109375 0.353958034375 0.6563224640625 0.19044807187499999 0.6450804781249999 0.1588643625 0.6367750671875 0.160648375 0.6310612828125001 0.16291138593750001 0.6786681453125001 0.29623866875 0.729620403125 0.444299028125 0.7483932531249999 0.5 0.7638585984375 0.5
14 0.663088128125 0.5 0.6823053703124999 0.3725583046875 0.7060013281249999 0.20457977343749997 0.7018178625 0.20182688125 0.69461893125 0.20086350937500003 0.6912354 0.2029386453125 0.6822429640625 0.2627167453125 0.6517068968749999 0.46915577500000005 0.6473376828124999 0.5 0.663088128125 0.5
14 0.887612875 0.5 0.8346968546875001 0.342871053125 0.789732090625 0.2106617828125 0.7881024484375001 0.20836028281250002 0.78307049375 0.20770839687499998 0.77774450625 0.21272061718750002 0.8690706406250002 0.5 0.887612875 0.5
14 0.7334075656250001 0.5 0.7450859390625 0.4427413234375 0.7531576281250001 0.405924109375 0.7816361296875 0.2632221171875 0.7791163937500001 0.261637165625 0.7731490531249999 0.259735171875 0.7676406124999999 0.2603619828125 0.74675419375 0.358575178125 0.7162742 0.5 0.7334075656250001 0.5
14 0.7768759296875001 0.5 0.74663414375 0.44154966875 0.7602472921875 0.49232215156250003 0.7638659125 0.5 0.7768759296875001 0.5
5 0.0732811171875 0.5 0.0733572140625 0.5003298453125 0.1063778953125 0.5447565140624999 0.11641767343750001 0.58447811875 0.10929435937500001 0.6162402203124999 0.0663028 0.7070189265625 0.0787535703125 0.7211265484375 0.1085171234375 0.7265625 0.12007429375 0.7265625 0.1421688125 0.7207733546874999 0.2123997953125 0.6626491437500001 0.23523658125 0.6249705640625 0.26383739375 0.5553324203125001 0.27831154375 0.5 0.0732811171875 0.5
18 0.41875 0.6812955031250001 0.413672446875 0.678896903125 0.40854288906249997 0.7041159484375 0.3925756296875 0.712728634375 0.3644113859375 0.7045374890625 0.34320700625 0.6809589625 0.3114359375 0.6818096109375 0.296627953125 0.7220211 0.27353738125 0.7623958875 0.2698939984375 0.786464296875 0.2970430859375 0.805440278125 0.3071194203125 0.8301352671875 0.3386001421875 0.8470074437499999 0.3733435640625 0.843855521875 0.411711034375 0.8753935531250001 0.41875 0.89697875625 0.41875 0.6812955031250001
18 0.219934475 0.7703125 0.226563640625 0.7703125 0.26875 0.750633140625 0.26875 0.7487714999999999 0.2408491203125 0.705023909375 0.2092049453125 0.704526453125 0.199399625 0.7208669999999999 0.202516096875 0.7609493703125001 0.2100373171875 0.7688747015625 0.219934475 0.7703125
18 0.3423087640625 0.6763495781250001 0.35794911875 0.700486334375 0.3925290890625 0.7137091343749999 0.4036571359375 0.712592671875 0.4130817734375 0.7002964374999999 0.41387969687500004 0.6771811953125 0.40206339687500003 0.65633305 0.3756391203125 0.6442950609375 0.34323358125 0.6518862296875 0.3423087640625 0.6763495781250001
12 0.731342075 0.5 0.715328071875 0.509185740625 0.717119484375 0.5191735875 0.7296316046875 0.5336901640625 0.7366042328125 0.5449435890625 0.7460858218749999 0.55 0.7492240546875 0.55 0.755586628125 0.548577515625 0.8005914093750001 0.523279515625 0.8315346265624999 0.5107344953124999 0.8421875 0.502974171875 0.8421875 0.5 0.731342075 0.5
13 0.41875 0.9977261406250001 0.42591110312499997 0.9963102265625 0.453458965625 0.9814078015625001 0.46073537499999995 0.9750196828125001 0.47134985937499996 0.9458100187500001 0.47505454531249997 0.9416055437499999 0.47536387968750005 0.9350436656250001 0.4789789984375 0.9303397999999999 0.47977957968750007 0.9237546609375 0.48299301875000006 0.9195734453124998 0.4984375 0.8741783453125 0.4984375 0.8649396921875001 0.4799688125 0.85575521875 0.4725511078125 0.847544665625 0.462232075 0.8424932828125 0.460934690625 0.8380220125000001 0.4648185171875 0.8348163203125001 0.4680264078125 0.8195554390625001 0.46672347031249994 0.8040045015625001 0.41875 0.7973305625 0.41875 0.9977261406250001
3 0.41875 0.7963790484375 0.43361934062499996 0.80011735625 0.4763715390625 0.8006446031250001 0.4997453625 0.8078125 0.5015625 0.8078125 0.5015625 0.80777713125 0.49451786406250003 0.6849694609375 0.4885167734375 0.6724962718749999 0.4813964890625 0.68176353125 0.475512653125 0.6769391859375 0.47482436875000006 0.6591115140625 0.47889310468749996 0.6538159375 0.4701693640625 0.6261628640625 0.459653384375 0.6304879703124999 0.4467741390625 0.656612428125 0.44259577187500004 0.668291859375 0.437056078125 0.6723813515625 0.4567495734375 0.6982392984375 0.41875 0.6805051093750001 0.41875 0.7963790484375
3 0.5226585781249999 0.7023335562499999 0.5360220828125 0.734869878125 0.5855170000000001 0.8639268906249999 0.620006853125 0.8533637453124999 0.6549428578125001 0.8312978812499999 0.687961753125 0.81952865 0.7235860437499999 0.81529045625 0.739414828125 0.8056108703125 0.701373921875 0.7334195140624999 0.6671033359375 0.7312149484375 0.6119104281250001 0.731276740625 0.5642915796875 0.7246012546875 0.5437057765625 0.7217487453125 0.554418159375 0.662557828125 0.5026133203125001 0.653529071875 0.497073628125 0.6576185625 0.5226585781249999 0.7023335562499999
3 0.5438916203125 0.8556918921874999 0.524549890625 0.8527804812499999 0.5203562796875 0.8363945125000001 0.518541178125 0.8262745890625001 0.5012338140625 0.820715390625 0.48833170625 0.8047417484375 0.45100956875 0.8065088656249999 0.42476681875000005 0.8000970015625001 0.42435888750000006 0.8179765765625 0.4665246953125 0.8440462453125 0.5005836359375 0.8730512203125 0.5373423640625 0.8751379781249999 0.567771103125 0.8839031109375 0.5868859453125 0.88554953125 0.6239811953125 0.882517425 0.658924821875 0.8744842609375001 0.6823200453125 0.8440346953125001 0.6733770390625 0.8291493328125 0.6300690546875 0.8465086578125 0.6065489562499999 0.855276678125 0.5808772359375001 0.8590436390624999 0.57408585 0.8491593343750001 0.5438916203125 0.8556918921874999
8 0.4982918953125 0.81830321875 0.5187680671875 0.8275395812499999 0.5234154515625 0.8464555296875 0.5434378453125 0.8531619125000001 0.5768008796874999 0.8503065171875 0.5244660578125 0.698420778125 0.50177609375 0.66887750625 0.497527403125 0.6601485421875 0.4973005171875 0.658883553125 0.48780934375000007 0.675917465625 0.49528139062500004 0.6895967421875 0.49938823125000004 0.7544646671875 0.5187375828125 0.7714087796875 0.518064540625 0.781646509375 0.516601203125 0.7944731234375 0.5216947421875 0.801886353125 0.5222657703125 0.812065178125 0.5099346921875 0.8062703625000001 0.49127362343750003 0.8071539203124999 0.4982918953125 0.81830321875
8 0.6299330968750001 0.571299040625 0.638157940625 0.572710871875 0.673465334375 0.6016605359375 0.6736255109375 0.60255358125 0.7323847265625 0.6132809046875 0.7533885375 0.59787635625 0.7517039999999999 0.5835460515625 0.7523393234375 0.5772115671875 0.7524941187499999 0.568197946875 0.7530466640625 0.5564636078125 0.7515276828124999 0.5529330109374999 0.7410657578125 0.5489252140625 0.7382707500000001 0.548156921875 0.730123303125 0.5422382812500001 0.728681721875 0.534200875 0.719175471875 0.525644684375 0.7146959296875 0.510546084375 0.6171513125 0.559295421875 0.6299330968750001 0.571299040625