1 0.1937825515625 0 0.188427734375 0.02294921875 0.182568359375 0.041015625 0.168408203125 0.11669921875 0.164990234375 0.2431640625 0.166455078125 0.271484375 0.167919921875 0.27880859375 0.170361328125 0.28125 0.178173828125 0.28759765625 0.201123046875 0.30029296875 0.230908203125 0.3125 0.256298828125 0.3271484375 0.273388671875 0.33349609375 0.294384765625 0.3369140625 0.302634765625 0.3390625 0.459375 0.3390625 0.459375 0.1135022609375 0.437451171875 0.10888671875 0.403759765625 0.09814453125 0.392041015625 0.08837890625 0.387646484375 0.0810546875 0.384716796875 0.0703125 0.385693359375 0.05322265625 0.403759765625 0.03564453125 0.415966796875 0.02685546875 0.426220703125 0.01416015625 0.435986328125 0.0068359375 0.435514884375 0 0.1937825515625 0
14 0.459375 0.2884963671875 0.7609375 0.1581795 0.7609375 0.1576565140625 0.7470671937500001 0.1343803984375 0.459375 0.255890575 0.459375 0.2884963671875
14 0.7003889359375 0.3390625 0.7546875 0.1676483421875 0.7546875 0.16494989531249998 0.7227496453125 0.175493584375 0.6673479437500001 0.3390625 0.7003889359375 0.3390625
14 0.9857874843750001 0.3390625 0.710251275 0.08395005625 0.7010508140624999 0.094808890625 0.6941980937500001 0.0928345578125 0.753908809375 0.1441672328125 0.767883325 0.17279507031250002 0.9410218390625001 0.3390625 0.9857874843750001 0.3390625
3 0.459375 0.15847788125 0.49035405 0.1689053671875 0.5296396578125 0.1758155359375 0.57510678125 0.1738412015625 0.6135775640625 0.17482836875000002 0.5875635734375 0.0849961875 0.56733953125 0.0336635125 0.5038448953125 0.044522346875 0.459375 0.06529063125 0.459375 0.15847788125
3 0.9127245937499999 0.3390625 0.911869659375 0.3386980625 0.9082369515625001 0.327839228125 0.8849758015625 0.313031725 0.8896425593749999 0.2883525546875 0.8597297546875 0.26466055 0.7951981 0.2093792078125 0.7245271859375 0.29723705625 0.7089112671875 0.3390625 0.9127245937499999 0.3390625
3 0.459375 0.3390625 0.668088459375 0.3390625 0.6991949671875 0.25182738125 0.7231243562499999 0.1758155359375 0.598177428125 0.22912254375000002 0.49416206875 0.27551938593749997 0.459375 0.33646767031249997 0.459375 0.3390625
11 0.351681715625 0.8307247859375 0.330769771875 0.8271511953124999 0.3232239453125 0.8297910203125 0.3215596640625 0.8402325765625 0.30881647968750003 0.8414532484375 0.303129075 0.848446165625 0.3024552609375 0.8600127593749999 0.3079080140625 0.87517505 0.3285240515625 0.9019553546874999 0.334844759375 0.9203456984375 0.37156366093750004 0.9788697359375 0.38573647499999997 0.9893627140625 0.42025955625 0.994943684375 0.42588570625 0.989002275 0.4265625 0.9773845437500001 0.4265625 0.9590176734375 0.42319983906249997 0.9444712765624999 0.40462599375 0.9188895375000001 0.38024223125 0.9024037296875 0.3784243203125 0.8611007875000001 0.36474155 0.8421957421874999 0.351681715625 0.8307247859375
11 0.21424388906249997 0.7505963859375 0.19438366875 0.747096325 0.1925356203125 0.7606924078125 0.1819571375 0.7610086296875 0.1763309890625 0.7669500359375 0.18222290624999998 0.792700940625 0.22716145000000001 0.8370185593749999 0.233665925 0.852254378125 0.250871396875 0.8650709593750001 0.261460253125 0.8827039093749999 0.2906634640625 0.8889687453124999 0.2998037359375 0.8953125 0.3094254953125 0.8953125 0.3140625 0.8872981328125 0.3140625 0.8821872484375 0.2989236171875 0.8378124734375 0.2662382109375 0.8006862484374999 0.2520653953125 0.790193271875 0.2484710640625 0.779384071875 0.2295909390625 0.7590598749999999 0.21424388906249997 0.7505963859375
9 0.3772524078125 0.8736639203125 0.3807346 0.9045253078125001 0.40220821874999996 0.9165844937500001 0.41501265781249996 0.9143123109375001 0.4325140375 0.903922178125 0.44146874687500004 0.8770976578125002 0.439211671875 0.8252060984374999 0.4176155421875 0.8152499296875 0.4026464015625 0.8184265625 0.3937425734375 0.8262504015625 0.3772524078125 0.8736639203125
9 0.459375 0.7659394749999999 0.45854035312499997 0.7653215359375001 0.4537717859375 0.756541825 0.44226409218749996 0.7546815015624999 0.4280507671875 0.781138378125 0.42731569687500004 0.7937564796875 0.43375891875 0.8100438078125001 0.4298790515625 0.8403904953125 0.43854822968749996 0.8547218640625001 0.43776227656250005 0.8863406453125 0.459375 0.8943930765625 0.459375 0.7659394749999999
11 0.3380002890625 0.7136068375 0.3203358890625 0.76304984375 0.35292891875 0.747380059375 0.4395065984375 0.6932528390625 0.44562279374999997 0.6788993624999999 0.44654163281250003 0.6631267359375 0.43762742968749996 0.6530014015625 0.42413880156249995 0.648891003125 0.4044727234375 0.660185590625 0.394027125 0.6763479671875 0.3380002890625 0.7136068375
9 0.324950825 0.7200850546875 0.3213564921875 0.7092758546875 0.3092258671875 0.6999814437499999 0.2914078375 0.6976799484375 0.27564236875 0.714526190625 0.27126208281249997 0.735335775 0.26745384687499996 0.782580128125 0.278042703125 0.8002130765625001 0.29715747812500004 0.79838206875 0.31156494375 0.7867198375 0.3185490953125 0.7755944171875 0.318661234375 0.7555422265625 0.3221839375 0.7494537625000001 0.324950825 0.7200850546875
9 0.3376846171875 0.8096617531250001 0.337694990625 0.8276109250000001 0.3482122171875 0.8283462125 0.361333309375 0.8387656609375 0.36869536875 0.8392803609375001 0.38730972656249996 0.8279122453125 0.4166759578125 0.7951242125 0.43997687812499997 0.7576889703125 0.44764521874999996 0.752946128125 0.44912573125 0.745659096875 0.43946608749999994 0.730202690625 0.43315575156249997 0.7297615203125 0.42937765156249996 0.7221068468749999 0.42096386875 0.7215186171875001 0.4044529578125 0.7330337890624999 0.39048465625 0.75528463125 0.37972240625000003 0.7587553812500001 0.350539940625 0.7883888890625 0.3376846171875 0.8096617531250001
9 0.23752691874999998 0.9156291109375001 0.2425301359375 0.9022536156250001 0.2616449109375 0.9004226062499999 0.25506880781249996 0.8682891218750001 0.235698634375 0.8563769921875 0.2283262015625 0.8379131203124999 0.205484209375 0.813088775 0.184071846875 0.79997808125 0.16322116250000002 0.7953529828125 0.148925834375 0.786963021875 0.1445964328125 0.7887719234375 0.14311591875000002 0.79605895625 0.15291882031249998 0.8453106890625002 0.19773485156249998 0.8917313265625001 0.20826245000000002 0.910415784375 0.22162856718750001 0.9166291984375 0.23752691874999998 0.9156291109375001
9 0.1691535890625 0.7841540328125001 0.175892715625 0.7772346437500001 0.1789149984375 0.761609075 0.19270990625 0.76046193125 0.20302262031249999 0.728453396875 0.193740884375 0.7246371140625 0.0893960578125 0.7574621578125 0.0835248859375 0.7676096 0.0828510703125 0.7791761921875 0.0867008 0.8037285296875 0.10124115 0.8079124562499999 0.117200759375 0.8058608609375 0.140951215625 0.79696340625 0.1488033234375 0.7890660390625001 0.1691535890625 0.7841540328125001
9 0.1989787515625 0.6891064109375 0.22253506875 0.6654143078125 0.230009265625 0.64587681875 0.24200700937500003 0.6393250765625 0.2479290625 0.6101769515625 0.2388310921875 0.6032061437499999 0.2197163171875 0.6050371531250001 0.2071672734375 0.6210524749999999 0.1952920453125 0.6255012015625001 0.1651803671875 0.6529581671875 0.1604221734375 0.662127628125 0.16265850312500002 0.678120840625 0.1755958296875 0.6916948140625 0.182835375 0.6943125328124999 0.1989787515625 0.6891064109375
9 0.28682401875 0.7944922562500001 0.266687659375 0.7413507109374999 0.242354778125 0.7058642234375 0.22273958125 0.6981581296874999 0.20418648281250001 0.708474734375 0.2010520609375 0.7441524937499999 0.2266713125 0.7575573046875 0.2405991046875 0.772256315625 0.25087130625 0.777197634375 0.260347184375 0.795808565625 0.27520418593749996 0.812684121875 0.2844859234375 0.81650040625 0.28794737187499997 0.8114634500000001 0.28682401875 0.7944922562500001
11 0.23033629218749999 0.676517621875 0.2170418046875 0.687201871875 0.204237365625 0.6894740546875 0.2028793625 0.6946580671875 0.20969012031249998 0.7046363453125 0.21816515625 0.7041730656249999 0.22280083906249998 0.6971066203125 0.2301016421875 0.6986728296875 0.25021725781250004 0.7159160296875 0.2755811140625 0.7155777000000001 0.2835557328125 0.705577315625 0.29549221718749996 0.7000770796875 0.3080516328125 0.7020109296875 0.322285703125 0.7114524 0.337009821875 0.7124818015625 0.373309321875 0.687569025 0.3681628484375 0.6671491921875 0.34415699375000003 0.6623035093749999 0.3089600984375 0.66828913125 0.25087032656249997 0.668451090625 0.23033629218749999 0.676517621875
11 0.23291843124999997 0.5415568953125 0.23658439062499997 0.5692637578124999 0.24883752656250002 0.5764551515624999 0.26151945625 0.5762859875 0.3542340765625 0.5437036359375 0.3669056296875 0.5255852984375 0.3642405078125 0.5169526453125 0.323407090625 0.510930503125 0.2770191546875 0.5277474328125 0.25035855156250003 0.5322182671875 0.23291843124999997 0.5415568953125
9 0.1534681609375 0.618354021875 0.1510075515625 0.6424651890625 0.166293346875 0.6519801859375 0.1952920453125 0.6255012015625001 0.2083415078125 0.6190229859375 0.2186033375 0.606015134375 0.23555341406250002 0.605088575 0.2403116078125 0.5959191125000001 0.2403012328125 0.5779699421875 0.2322549890625 0.571072659375 0.21753087031249999 0.5700432578125 0.1534681609375 0.618354021875
9 0.42601698906249996 0.580395896875 0.44598934687499997 0.5638437671875 0.4576808078125 0.562549565625 0.45532196562499994 0.54865936875 0.43732016875 0.5495123984375001 0.4123851015625 0.54249016875 0.332280784375 0.558005690625 0.32782886875 0.561917609375 0.3272775671875 0.5713811875 0.332485296875 0.5907495109375 0.3374988875 0.5953231890625 0.35011956093749996 0.5962055328125 0.3631077671875 0.5907788249999999 0.41197705781250005 0.5857490750000001 0.42601698906249996 0.580395896875
9 0.459375 0.63228826875 0.3874915296875 0.60726463125 0.37573881249999996 0.609610340625 0.37332908593749997 0.614720825 0.3965282421875 0.615286946875 0.40055136718749995 0.6187355890624999 0.40600411875000003 0.6338978796875001 0.3997654125 0.6503543703125001 0.40162383593750006 0.6547074625 0.410037615625 0.6552956921875 0.42308707968750003 0.6488174750000001 0.440782596875 0.6532219875 0.4479712625 0.6748403859375001 0.459375 0.67337444375 0.459375 0.63228826875
9 0.2711593375 0.6645905921875 0.30258850625 0.6688994671875 0.32609394062499997 0.6642080484375 0.36624317031250003 0.6638476093750001 0.3687141515625 0.6576856171875 0.40787291562499994 0.6562001421874999 0.4080463109375 0.63509644375 0.4035227671875 0.6221106984375 0.394424796875 0.615139890625 0.3797006796875 0.614110490625 0.3339253 0.620412334375 0.3133300109375 0.6295303765625 0.29013085625 0.628964253125 0.27770432500000003 0.6428765578125001 0.2637256484375 0.647178228125 0.260080434375 0.6553697093749999 0.2711593375 0.6645905921875
9 0.24579548125 0.664928921875 0.2671974703125 0.66009044375 0.2722006875 0.646714946875 0.287414853125 0.63933228125 0.2900696 0.6300157609375 0.2907942984375 0.5994484859375 0.277356553125 0.5763374078125001 0.26999449375 0.5758227093749999 0.24959334531250002 0.599735396875 0.2411494265625 0.65404619375 0.24579548125 0.664928921875
9 0.28398354062500003 0.5894702109375001 0.3091231203125 0.6292362609375 0.325021471875 0.6282361734374999 0.35415305468749997 0.6176033453125 0.318863784375 0.57079295625 0.2991873328125 0.5641383703124999 0.2847186109375 0.576852109375 0.28398354062500003 0.5894702109375001
9 0.156296303125 0.58793380625 0.15883891249999998 0.598669475 0.177708665625 0.6010445 0.20992378750000001 0.5737345921875 0.2323775 0.56896964375 0.23404178125000002 0.5585280875 0.22907907500000002 0.5349537296875 0.21453872343749997 0.5307698046875 0.154304996875 0.5677345578125 0.1493017796875 0.5811100546875 0.156296303125 0.58793380625
9 0.3008204953125 0.499849296875 0.220082871875 0.48998155624999995 0.2069108953125 0.49856279062500003 0.20611457031249997 0.5122324 0.21082187968750002 0.5220636203125 0.22103282812499997 0.52805645 0.25994656875 0.530777009375 0.310480140625 0.5153057015625 0.3008204953125 0.499849296875
9 0.363137903125 0.5358797984375 0.3643225125 0.5517994828124999 0.4080557015625 0.544299071875 0.4296310859375 0.5183568953125001 0.43568602500000003 0.505054928125 0.43573690625 0.48605424687500004 0.425709728125 0.47690689375 0.41420203437499997 0.4750465703125 0.3954651640625 0.4885177015625001 0.368079865625 0.523555809375 0.363137903125 0.5358797984375
9 0.25973168125 0.480084015625 0.25788363125 0.4936800984375 0.260916290625 0.49600370156249995 0.297542815625 0.501731728125 0.3106026515625 0.513202684375 0.35396830625 0.512011325 0.3505577421875 0.4980475999999999 0.3455441515625 0.493473921875 0.32574518750000003 0.488922353125 0.2981450015625 0.47326747031250005 0.268880534375 0.4680541421875001 0.25973168125 0.480084015625
15 1 0.35106871875 0.9932000500000001 0.35171134843749996 0.9759651296874999 0.3604575828125 0.9700401656250002 0.3625481546875 0.9605953968750001 0.3622162265625 0.95815555625 0.36474275624999997 0.91514615 0.4906840984375 0.909403228125 0.5032040453125 0.9094899171874999 0.5081704125 0.9320292875 0.5187063249999999 0.9462211921874999 0.5348526125 0.9720239390625001 0.590042496875 0.9955454015625002 0.6283814031249999 1 0.6301083593750001 1 0.35106871875
15 0.7368740328125 0.3695291125 0.6697673796875 0.3672229421875 0.6413723921875001 0.3627506984375 0.6140226921874999 0.36124093749999997 0.5881975781250001 0.361691715625 0.5857403999999999 0.36322497187499997 0.5829426234375 0.37370635937499996 0.57130074375 0.3898067875 0.5622634109375 0.4128167875 0.5598817390625 0.44713674374999995 0.5663626390625 0.562278465625 0.56582014375 0.5881209187499999 0.5693659515625 0.5920333296875 0.5723625375 0.5921875 0.5895412515625 0.5921875 0.6189949578125 0.5891799015625001 0.6715170984375 0.5813080906250001 0.7246485703125 0.5798838875 0.7320721156250001 0.5782639453125 0.735479221875 0.5742301671875 0.7157636328125 0.5547027828125 0.7131764234375 0.548786484375 0.713603709375 0.54480471875 0.7357443140625 0.5324953390625 0.7440397703125 0.5239051421875 0.7705374125000001 0.5050614640625 0.7874057265625 0.50377345 0.86199660625 0.5079361328124999 0.8858178359375 0.506526753125 0.8932153765624999 0.5034169000000001 0.8943845390625 0.4850153296875 0.90247194375 0.4645058515625 0.9109375 0.42499028125000005 0.9109375 0.4141058078125 0.909230503125 0.3963279046875 0.9071139234375 0.388913028125 0.9035854515625001 0.385993890625 0.8462988421875 0.37705806875 0.7801767921874999 0.374237928125 0.7368740328125 0.3695291125
15 0.9295191046875001 0.5164708375 0.9209895921874999 0.5116518375 0.8985455765625 0.50657893125 0.7926579078125 0.5024657484375 0.7703092500000001 0.5028558453125 0.763896315625 0.505451725 0.7350888671875 0.534271484375 0.718263896875 0.5380426828125 0.7134188921875 0.5450822843750001 0.7135229187500001 0.551041928125 0.717120740625 0.5579341624999999 0.7594970640625001 0.594950378125 0.7715637171875 0.603185153125 0.77713075 0.6090494375000001 0.7787246859375 0.614983071875 0.7841703515624999 0.6138944421874999 0.7854955546875 0.604432334375 0.7927804 0.5948662046875001 0.8340817890625001 0.5702994546875 0.8367755390625 0.5538584249999999 0.8457150015625 0.5537023875 0.85172665625 0.5565781828125 0.8588702843749999 0.567382828125 0.9007958296874999 0.57857393125 0.9078354328125 0.5834189359374999 0.9165816703124999 0.6006538546875 0.9374874015625 0.6599035203125 0.9423829999999999 0.6671875 0.9476090390625 0.6671875 0.9984375 0.655205153125 0.9984375 0.64781393125 0.9935231874999999 0.62564060625 0.9607501828124999 0.569578815625 0.9468555359374999 0.5420012109375 0.938744640625 0.5327038125 0.93406685625 0.5208625484375 0.9295191046875001 0.5164708375
15 0.459375 0.93766884375 0.4616818109375 0.9422314 0.47228456249999995 0.9519820921874999 0.49030218750000004 0.959616203125 0.516632609375 0.9596533921875 0.571473225 0.9423021375000001 0.587226903125 0.9340785437499999 0.5845616734375 0.9236925156249999 0.5738375578125 0.906988909375 0.568793171875 0.9026058656250001 0.555395159375 0.8750195937499999 0.5530011781249999 0.8517123375000001 0.556234909375 0.8377458265625 0.5610278984375 0.8277263999999999 0.5809392296875 0.8015458640625 0.6054676625 0.7837301359375 0.6421866265625 0.7527851265625001 0.6721693953125 0.7343774015625 0.7123908218749999 0.704861621875 0.7311416562499999 0.6975792921874999 0.7396278281249999 0.6999151046875 0.7831794703125 0.74734335625 0.79477549375 0.7570767109375 0.7977466453125001 0.7565280609375 0.7985752109375 0.7470746234375001 0.7856615265625 0.6618524750000001 0.7764645124999999 0.6187924406249999 0.7692688703125 0.605007971875 0.75914541875 0.5942553390625 0.7420170390624999 0.5806442484375001 0.7315269843750001 0.5773498359375 0.6838671875 0.5791753171874999 0.645712840625 0.5848091859375 0.5956132046875 0.5891611953125 0.560482021875 0.597226234375 0.5436917265625001 0.602983978125 0.459375 0.6129361859375 0.459375 0.93766884375
15 0.8848880765625001 1 0.925032784375 0.9619637140624999 0.9312983484374999 0.9509250093750001 0.9316042718750002 0.9399903296875 0.929975659375 0.9320701484375 0.914155146875 0.9080036765624999 0.83382273125 0.8025964343750001 0.7953068046875 0.7590545890625 0.7609113453124999 0.72388621875 0.75682555625 0.717499290625 0.740133134375 0.7004030734375 0.7341214781250001 0.697527278125 0.71926571875 0.7002705265625 0.70058423125 0.7115259515625001 0.6588815625000001 0.7415643765625 0.6158190171875 0.7790783578125 0.58101725 0.8060155953125001 0.5668835171875 0.8216627328125 0.5582387921875 0.8387044234375001 0.5545344328125 0.854169515625 0.5537665484375001 0.8670994109375 0.5549765437499999 0.8794979937499999 0.5591663578125 0.8918445640625 0.5750215484375 0.9178975812499999 0.6090937453125 0.9630073578125 0.6101997140625001 0.9694462984375001 0.6028975328125 0.97801915625 0.598130546875 0.9895284921874999 0.6052233140625 1 0.8848880765625001 1
15 0.8995149781249999 0.8377153078124999 0.8982096265624999 0.8198537203124999 0.9014953703125 0.8088670265625 0.9165703640625 0.79022273125 0.93864161875 0.77394025625 0.94351263125 0.7683905625 0.958936890625 0.7412947703125 0.9601407296875 0.72487975 0.946979290625 0.6823857046875 0.9172493046875001 0.6014313890625 0.9085030703125 0.58419646875 0.89945958125 0.5783928671874999 0.8610278328125001 0.5681343562500001 0.8570027234375001 0.5652238859375001 0.8518803171875 0.5563711109374999 0.8409109625 0.554078640625 0.8344980281249998 0.5566745203125001 0.8341747671874999 0.566615925 0.8312903046875 0.5721309453125001 0.7929340609375 0.5946591328124999 0.785631878125 0.6032319906250001 0.78425215 0.6380312437500001 0.7896841203125 0.6930799125 0.7996465046875001 0.7515270171874999 0.80493361875 0.7698158921875 0.8363665953125 0.8060295484375001 0.8689055390625 0.848682146875 0.8825401249999999 0.8613606468749999 0.8865218875 0.8617879343750001 0.8995149781249999 0.8377153078124999