7 0.609375 0 0.3244907453125 0 0.315139709375 0.008305384374999999 0.3186080734375 0.025470651562500002 0.31086239375 0.0355638125 0.22616506093750002 0.0847598171875 0.1993215671875 0.0899626390625 0.17200854999999998 0.068266725 0.14894523125 0.01773010625 0.12834799375 0.017706501562499997 0.1143008171875 0.02986153125 0.10377724375 0.062346385937500005 0.10269210312499999 0.090947296875 0.1180925984375 0.1563239125 0.1452675203125 0.17010843281250002 0.21652528906250001 0.1678775828125 0.2166910015625 0.17737125468749998 0.19167835312499998 0.19669468437499998 0.17937916874999998 0.21822348749999998 0.17657365625000002 0.23903290312499997 0.125380359375 0.30153383906250003 0.0971202984375 0.316350228125 0.07863009531250001 0.3462700140625 0.05797761875 0.343081853125 0.040565759374999996 0.359375 0.24602972812499999 0.359375 0.2513746359375 0.3490239296875 0.2479338921875 0.33344094062499996 0.27305701718750003 0.320446625 0.2789718484375 0.29623285625 0.29132626875 0.277868609375 0.3229718390625 0.2754706515625 0.33191313437500003 0.24310569375000002 0.342961465625 0.24068413125000002 0.35892234375 0.24739654375 0.39359437656249996 0.2368473984375 0.42163348906250003 0.2093727796875 0.468853275 0.1915353375 0.4923388828125 0.1754963625 0.5306726109375 0.1931884328125 0.5606254265625 0.184581259375 0.609375 0.2075285390625 0.609375 0
7 0 0 0 0.3359375 0.00010414375000000001 0.3359375 0.009815934375 0.326739578125 0.03363296875 0.3296879453125 0.0507618453125 0.31254628281249996 0.0586732359375 0.31194679375 0.056759531249999995 0.29307935 0.069390140625 0.2905378890625 0.0801346640625 0.2707112625 0.103896459375 0.270495071875 0.11350060625 0.2761047984375 0.148310734375 0.2734670453125 0.1448976078125 0.259466334375 0.1606927734375 0.2566850765625 0.18125 0.23569833281250002 0.18125 0.2337958515625 0.1345201359375 0.209552809375 0.11667317031249999 0.1855552328125 0.108734159375 0.1845724421875 0.12419790156249999 0.1628038421875 0.112044821875 0.10193426875 0.0830942890625 0.077193696875 0.0601414453125 0.032986190625 0.0375476484375 0.0093483046875 0.032856025 0 0 0
3 0.7145671515625 0 0.7086101265625 0.0059212921875 0.6125567078125 0.155761728125 0.6207386203125 0.1714956546875 0.609375 0.185485209375 0.609375 0.27121640625 0.6389022609375 0.2648191703125 0.6526650609375 0.2511389234375 0.6659779078125 0.22199475937500002 0.694942153125 0.19983390625 0.703925275 0.198860253125 0.713208365625 0.208195878125 0.7261324578125 0.2099345484375 0.78370969375 0.1977843359375 0.8331425093749999 0.171188859375 0.8707524109375001 0.136456415625 0.8941870546875 0.10122895937500001 0.9158080906249999 0.047915265624999995 0.9222651796875001 0.0043708390625000005 0.9120984765625 0 0.7145671515625 0
16 0.8441983328125 0.2433931890625 0.78782510625 0.20583313906249998 0.7845724 0.1981469015625 0.772730571875 0.2075778203125 0.786595771875 0.21563465312500002 0.7907388531249999 0.22789557343750003 0.803823959375 0.23516789999999999 0.8111094640625 0.2513248765625 0.8169230109375001 0.268944984375 0.8367422093750001 0.2734234125 0.8483994718750001 0.28367493593750004 0.8537417203125 0.3111230296875 0.90301400625 0.31284365625 0.8831367499999999 0.2803444 0.8441983328125 0.2433931890625
16 0.799622821875 0.19488615 0.7999757265625 0.2070147125 0.8017344171874999 0.2154060421875 0.8110293500000001 0.2225460125 0.8356834937500001 0.2370377234375 0.849041390625 0.22765974687499999 0.836229075 0.20373711874999997 0.8375547484375 0.17122101875 0.8211647078125001 0.1804931109375 0.8062025140625 0.186786003125 0.799622821875 0.19488615
16 0.9489255796875 0.2250896609375 0.9531208859374999 0.213119925 0.9597969203125001 0.1823051953125 0.9703072421875 0.153138890625 0.9780501000000001 0.1329631234375 0.9774986859375 0.11401224375 0.9668200234375 0.1113675421875 0.958357409375 0.0807814234375 0.9446907187499999 0.0795469078125 0.9302218812499999 0.07676985 0.9276970421874999 0.0940987734375 0.93147910625 0.11997785624999999 0.9327664984374999 0.1381971703125 0.9332076296875 0.15335787343750001 0.92907849375 0.1676017140625 0.9383734265625 0.17474168437499998 0.9325517671875 0.182868303125 0.9325657109375 0.2093730625 0.9261624703125 0.223537490625 0.9223641812500001 0.249151859375 0.9435009390625 0.2468609125 0.9514202515625 0.2327494265625 0.9489255796875 0.2250896609375
16 1 0.005858496875 0.982724215625 0.0074203671875000005 0.9661797812499999 0.0113862125 0.9429894828125001 0.0211780984375 0.929050003125 0.036593884375 0.9256568453125 0.050106162499999995 0.9215938781249999 0.0666241078125 0.9143664312500001 0.0784879609375 0.946653153125 0.06901372812499999 0.943444559375 0.0628435609375 1 0.059734915624999996 1 0.005858496875
16 1 0.088253340625 0.9890477140625 0.09472665625 0.9865228734375 0.11205558125 0.9800093499999999 0.1224298328125 0.977396284375 0.1367266171875 0.969631365625 0.1561443484375 0.9779035859375 0.15416142500000002 0.9743780875000001 0.16312549062499998 0.9815753671875 0.1762503296875 0.989398340625 0.18485342968750001 0.9977448375 0.15939788593749998 1 0.1516184953125 1 0.088253340625
16 0.9110802578125 0 0.9106194640625 0.001873353125 0.9205400921875 0.0044915859375 0.9163807859374999 0.043724115625 0.9255213234375 0.0455578390625 0.9319245640625 0.0313934109375 0.9481602062500001 0.0168150734375 0.9714166750000001 0.009297293750000001 0.9750083406249999 0.002607334375 0.976801440625 0 0.9486678609375 0 0.94860945 0.006229053125 0.9434468625000001 0 0.9110802578125 0
16 0.80184446875 0.271447490625 0.805097175 0.2791337265625 0.7986498203125001 0.291782084375 0.80067319375 0.3092698359375 0.8203821078125 0.3099580859375 0.8288830015624999 0.289808790625 0.8314298984375 0.2732379015625 0.8162030250000001 0.2704343734375 0.8122584515625 0.2649957703125 0.80465604375 0.2639730234375 0.80184446875 0.271447490625
16 1 0.20161524062499997 0.990751903125 0.2053468484375 0.9615193796874999 0.21568500156249998 0.9538066875 0.21087207812500003 0.9518854890625 0.222921228125 0.9528420328125 0.229770015625 0.9494709328125 0.2440403296875 0.97266123125 0.23424844375 1 0.2197810609375 1 0.20161524062499997
16 0.7857936234375 0.21409211250000001 0.7710821625 0.20297666718750002 0.752263621875 0.2068631 0.7350493796875 0.21383461406249998 0.7443361984375001 0.24672130937499998 0.7372712609375001 0.23814468125000002 0.735305946875 0.24867775937499997 0.728726253125 0.256777909375 0.7422966046875 0.28072700781250004 0.748176321875 0.3006212203125 0.76424945625 0.3064833609375 0.7809703421874999 0.308581796875 0.7856810609375 0.2883001453125 0.8092544343749999 0.2656481328125 0.8026387375 0.246485484375 0.8014836843750001 0.23281437968750002 0.7892889515625 0.23011673593749998 0.7857936234375 0.21409211250000001
16 0.9045206875 0.1303954203125 0.9000827609375 0.13402677031250002 0.8918627687499999 0.1117790375 0.8786592656250001 0.126463259375 0.8664564218749999 0.14951234062500002 0.8865402984375 0.1630871875 0.916743309375 0.186102584375 0.916751421875 0.16035585937500002 0.9154860843750001 0.142894578125 0.9045206875 0.1303954203125
16 0.705375725 0.20901206249999998 0.6967947156250001 0.20038249375 0.686468959375 0.2098663546875 0.6760990890625 0.21783414375 0.6665534234375 0.22810251093749997 0.68286918125 0.24230304062500002 0.69644764375 0.24050541406249998 0.7057866875000001 0.24916145625000002 0.69368018125 0.2494959515625 0.7108642578125 0.26751312656250004 0.7270256171875 0.2764074078125 0.728285121875 0.24161720468749998 0.7328635 0.216787340625 0.7252831484375 0.21652262968749997 0.7209996171874999 0.2254602265625 0.7107179734375 0.23646015625 0.7125509484375 0.22137886718750002 0.7064204953125 0.21889299062499998 0.705375725 0.20901206249999998
3 0.609375 0.749469625 0.606689453125 0.74833984375 0.534423828125 0.7068359375 0.504150390625 0.69169921875 0.479736328125 0.682421875 0.473388671875 0.68193359375 0.468505859375 0.68388671875 0.424560546875 0.72978515625 0.415771484375 0.73955078125 0.413818359375 0.74541015625 0.410888671875 0.76591796875 0.410400390625 0.7927734375 0.423095703125 0.825 0.436279296875 0.869921875 0.466064453125 0.889453125 0.533447265625 0.92705078125 0.539306640625 0.93291015625 0.556884765625 0.93876953125 0.57214211875 0.946875 0.5815815171875001 0.946875 0.589599609375 0.9392578125 0.605712890625 0.9373046875 0.606689453125 0.9314453125 0.599365234375 0.9265625 0.600341796875 0.92119140625 0.609375 0.903838146875 0.609375 0.749469625
3 0 0.8093861718750001 0.046728515625 0.7654296875 0.066259765625 0.7498046875 0.078955078125 0.73515625 0.108251953125 0.70732421875 0.121435546875 0.7107421875 0.131689453125 0.70390625 0.193212890625 0.68681640625 0.192236328125 0.68291015625 0.167333984375 0.66240234375 0.145849609375 0.64921875 0.139501953125 0.647265625 0.125341796875 0.6482421875 0.111181640625 0.639453125 0.100927734375 0.6296875 0.089697265625 0.62431640625 0.075048828125 0.6208984375 0.058447265625 0.6208984375 0.012548828125 0.62822265625 0 0.631201875 0 0.8093861718750001
3 0 0.6336263015625001 0.028564453125 0.627490234375 0.056884765625 0.623095703125 0.068115234375 0.623095703125 0.086669921875 0.627001953125 0.099853515625 0.631884765625 0.124267578125 0.648974609375 0.133544921875 0.647998046875 0.139892578125 0.641162109375 0.143798828125 0.632373046875 0.1453125 0.6162272140624999 0.1453125 0.5953500593750001 0.140380859375 0.575244140625 0.139404296875 0.558154296875 0.132568359375 0.527392578125 0.123291015625 0.502978515625 0.121826171875 0.494189453125 0.091064453125 0.472705078125 0.042724609375 0.451708984375 0 0.441255090625 0 0.6336263015625001
3 0.1703818875 1 0.18486328125 0.97607421875 0.19853515625 0.94921875 0.2068359375 0.923828125 0.21611328125 0.86767578125 0.22001953125 0.798828125 0.21513671875 0.796875 0.20048828125 0.798828125 0.18876953125 0.79443359375 0.1404296875 0.7490234375 0.135546875 0.73046875 0.12529296875 0.7158203125 0.1091796875 0.70654296875 0 0.8073883296875 0 1 0.019476996875 1 0.02568359375 0.99365234375 0.03544921875 0.986328125 0.06181640625 0.98095703125 0.07890625 0.99169921875 0.0876497390625 1 0.1703818875 1
3 0.36748046875 0.6279296875 0.37822265625 0.62109375 0.3865234375 0.62060546875 0.3943359375 0.6259765625 0.4138671875 0.64599609375 0.41826171875 0.65625 0.42265625 0.67724609375 0.4412109375 0.677734375 0.475390625 0.66748046875 0.479296875 0.662109375 0.4783203125 0.64111328125 0.47099609375 0.62158203125 0.43388671875 0.5654296875 0.41240234375 0.552734375 0.408984375 0.548828125 0.4060546875 0.541015625 0.40849609375 0.51708984375 0.38115234375 0.45849609375 0.36064453125 0.4052734375 0.35625 0.4033203125 0.31962890625 0.419921875 0.30205078125 0.4345703125 0.291796875 0.45263671875 0.2771484375 0.49072265625 0.27763671875 0.5107421875 0.29033203125 0.5380859375 0.29912109375 0.578125 0.30791015625 0.60107421875 0.31669921875 0.61572265625 0.326953125 0.6279296875 0.3484375 0.64111328125 0.36015625 0.63818359375 0.36748046875 0.6279296875
3 0.19755859375 0.6767578125 0.205859375 0.642578125 0.23515625 0.5615234375 0.2537109375 0.4951171875 0.23076171875 0.49072265625 0.2126953125 0.48193359375 0.19462890625 0.46826171875 0.178515625 0.44970703125 0.17412109375 0.4482421875 0.1658203125 0.4384765625 0.16337890625 0.43798828125 0.121875 0.49951171875 0.1287109375 0.52099609375 0.12724609375 0.53466796875 0.1296875 0.57470703125 0.127734375 0.60986328125 0.13115234375 0.64697265625 0.1384765625 0.64404296875 0.13994140625 0.64794921875 0.1609375 0.6591796875 0.1765625 0.6708984375 0.186328125 0.68115234375 0.19169921875 0.6826171875 0.19755859375 0.6767578125
3 0.609375 0.359375 0.5453666625 0.359375 0.5173828125 0.38623046875 0.49248046875 0.40625 0.4646484375 0.4248046875 0.444140625 0.443359375 0.432421875 0.46142578125 0.42021484375 0.48681640625 0.40458984375 0.52880859375 0.40556640625 0.54638671875 0.41142578125 0.55322265625 0.4314453125 0.564453125 0.45341796875 0.5986328125 0.459765625 0.60400390625 0.46611328125 0.6044921875 0.47099609375 0.6025390625 0.48125 0.5947265625 0.48662109375 0.599609375 0.49296875 0.59814453125 0.59990234375 0.53662109375 0.609375 0.5300052703125 0.609375 0.359375
3 0.609375 0.5695055515625 0.53837890625 0.5732421875 0.4919921875 0.59814453125 0.48515625 0.59814453125 0.47978515625 0.595703125 0.4724609375 0.6015625 0.463671875 0.6044921875 0.4626953125 0.609375 0.47587890625 0.63232421875 0.483203125 0.658203125 0.49541015625 0.6884765625 0.52958984375 0.70458984375 0.5876953125 0.73876953125 0.609375 0.7497711640625 0.609375 0.5695055515625
3 0.2087890625 0.80322265625 0.2087890625 0.82080078125 0.21416015625 0.841796875 0.21416015625 0.87841796875 0.215625 0.88232421875 0.22099609375 0.8798828125 0.23125 0.86572265625 0.25517578125 0.84130859375 0.2712890625 0.82080078125 0.27373046875 0.8125 0.27373046875 0.791015625 0.276171875 0.77587890625 0.28251953125 0.763671875 0.295703125 0.74609375 0.32255859375 0.71630859375 0.3318359375 0.7021484375 0.342578125 0.677734375 0.342578125 0.662109375 0.33427734375 0.64013671875 0.330859375 0.63720703125 0.3171875 0.6328125 0.30546875 0.623046875 0.29423828125 0.6171875 0.2830078125 0.61474609375 0.2703125 0.62255859375 0.25419921875 0.6396484375 0.22685546875 0.6787109375 0.22197265625 0.69091796875 0.2 0.7177734375 0.174609375 0.740234375 0.16484375 0.74658203125 0.15556640625 0.7568359375 0.15751953125 0.76318359375 0.17705078125 0.783203125 0.1912109375 0.7939453125 0.20244140625 0.79638671875 0.2087890625 0.80322265625
3 0.4392134234375 1 0.44169921875 0.99609375 0.4451171875 0.93359375 0.4373046875 0.873046875 0.42705078125 0.83642578125 0.4109375 0.7919921875 0.412890625 0.75732421875 0.420703125 0.70458984375 0.420703125 0.673828125 0.4177734375 0.654296875 0.4138671875 0.64599609375 0.39384765625 0.625 0.38505859375 0.619140625 0.3806640625 0.619140625 0.3708984375 0.62451171875 0.36455078125 0.630859375 0.3494140625 0.66552734375 0.34599609375 0.677734375 0.3455078125 0.6875 0.3416015625 0.6953125 0.315234375 0.7265625 0.29375 0.748046875 0.278125 0.76953125 0.2732421875 0.78515625 0.27373046875 0.81787109375 0.27958984375 0.84619140625 0.30546875 0.888671875 0.31865234375 0.91845703125 0.3162109375 0.92333984375 0.311328125 0.96630859375 0.33671875 0.9853515625 0.36816980625 1 0.4392134234375 1
3 0.2439453125 0.97900390625 0.29423828125 0.9765625 0.2986328125 0.96728515625 0.311328125 0.9619140625 0.31669921875 0.95556640625 0.3201171875 0.9150390625 0.30302734375 0.88232421875 0.28837890625 0.86083984375 0.27958984375 0.84375 0.2751953125 0.8251953125 0.27373046875 0.77734375 0.272265625 0.77734375 0.21953125 0.83642578125 0.21318359375 0.88427734375 0.20390625 0.93115234375 0.1921875 0.95849609375 0.1794921875 0.9765625 0.17900390625 0.98828125 0.1833984375 0.98828125 0.18828125 0.98388671875 0.1892578125 0.97509765625 0.194140625 0.97265625 0.2126953125 0.9736328125 0.22783203125 0.9775390625 0.2439453125 0.97900390625
3 0.2791015625 0.423828125 0.25859375 0.4833984375 0.2341796875 0.5625 0.19609375 0.6806640625 0.213671875 0.6865234375 0.2341796875 0.666015625 0.276171875 0.619140625 0.29375 0.6123046875 0.3337890625 0.65625 0.340625 0.64453125 0.3474609375 0.6416015625 0.3298828125 0.630859375 0.307421875 0.6083984375 0.29375 0.5439453125 0.2791015625 0.5205078125 0.272265625 0.494140625 0.3025390625 0.4326171875 0.2791015625 0.423828125
15 0.609375 0.6952424640625 0.6126953125 0.69873046875 0.63466796875 0.72412109375 0.71865234375 0.81201171875 0.7435546875 0.83544921875 0.75185546875 0.83984375 0.76201171875 0.840625 0.7651417265625 0.840625 0.82216796875 0.82177734375 0.83046875 0.8212890625 0.83828125 0.8251953125 0.8490234375 0.83447265625 0.8618013828125001 0.840625 0.8728515625 0.840625 0.8763671875 0.8388671875 0.879296875 0.83203125 0.8796875 0.821484375 0.8796875 0.8177315843749999 0.8763671875 0.77978515625 0.86904296875 0.7412109375 0.86416015625 0.7314453125 0.8392578125 0.69921875 0.78896484375 0.650390625 0.7767578125 0.6357421875 0.74208984375 0.60205078125 0.63564453125 0.490234375 0.609375 0.4657161453125 0.609375 0.6952424640625
15 0.609375 0.359375 0.609375 0.4637098078125 0.6654296875 0.51142578125 0.68740234375 0.5275390625 0.71083984375 0.54951171875 0.75966796875 0.58515625 0.777734375 0.59345703125 0.79384765625 0.59150390625 0.81826171875 0.5783203125 0.840234375 0.57978515625 0.84951171875 0.57685546875 0.89296875 0.55 0.94912109375 0.50654296875 0.95986328125 0.49140625 0.96376953125 0.4767578125 0.9623046875 0.45673828125 0.9544921875 0.438671875 0.94716796875 0.42841796875 0.92177734375 0.4025390625 0.8705078125 0.36201171875 0.86954900625 0.359375 0.609375 0.359375
6 1 0.359375 0.8672119140625 0.359375 0.86806640625 0.36142578125 0.87880859375 0.3716796875 0.91103515625 0.3970703125 0.94326171875 0.42587890625 0.95888671875 0.448828125 0.9701171875 0.44833984375 0.98671875 0.44443359375 0.99990234375 0.43955078125 1 0.439489103125 1 0.359375
12 1 0.53985 0.95791015625 0.5337890625 0.9203125 0.5318359375 0.90859375 0.53623046875 0.88564453125 0.5533203125 0.84609375 0.577734375 0.83681640625 0.5806640625 0.82998046875 0.59091796875 0.82314453125 0.61826171875 0.82216796875 0.636328125 0.8236328125 0.64755859375 0.83046875 0.66708984375 0.8490234375 0.691015625 0.88076171875 0.72666015625 0.91396484375 0.75498046875 0.92373046875 0.76767578125 0.933984375 0.7876953125 0.9515625 0.81162109375 0.96962890625 0.8287109375 1 0.852382525 1 0.53985