15 0.609375 0 0.3060495328125 0 0.2983812203125 0.0163989640625 0.2880858546875 0.0552204 0.2963434 0.067157896875 0.29427847812499996 0.0942314609375 0.4178684921875 0.1566719765625 0.4538925015625 0.165625 0.469782809375 0.165625 0.47781969375 0.1639852515625 0.4896835421875 0.15268061093750002 0.49301452343749996 0.1330482765625 0.521504021875 0.120128353125 0.527752996875 0.0862784015625 0.5711891078125 0.06971668125 0.5789794609375 0.0396981515625 0.609375 0.025604250000000002 0.609375 0
15 0.1945367734375 0 0.1908676109375 0.0110854265625 0.176361090625 0.03299788125 0.14074244062500002 0.043226442187500005 0.11646409375 0.07305534687500001 0.148228221875 0.1133641046875 0.21573947499999999 0.1375 0.2194472078125 0.1375 0.24255912031250002 0.12669295625000002 0.25497361406249996 0.1081686953125 0.262488646875 0.081759975 0.2810415609375 0.0548760359375 0.2856114953125 0.018999565625 0.3009710875 0.00994305625 0.30659229374999997 0 0.1945367734375 0
15 0.609375 0.04103090625 0.588717090625 0.0336455109375 0.5772662265624999 0.039535443749999996 0.5714302375 0.0679706828125 0.591413971875 0.0704084390625 0.5992585312500001 0.0877606484375 0.5823575578125 0.0929857375 0.5275811421875 0.08994711250000001 0.525268 0.14431585625 0.5739331015625 0.1793995265625 0.58318138125 0.20238806406249998 0.5844745421875001 0.2335146671875 0.609375 0.24952829062499998 0.609375 0.04103090625
15 0 0.0782357921875 0.002153625 0.07900573281249999 0.039065434375 0.0999037734375 0.0392302 0.1217842375 0.16648581406250001 0.1828125 0.166610040625 0.1828125 0.182749740625 0.13929177343750002 0.180217628125 0.1244093109375 0.1462509171875 0.112979021875 0.116028165625 0.076501684375 0.08638317031250001 0.056490103125 0 0.011177509375 0 0.0782357921875
7 1 0.4796875 1 0.21438535625 0.9971881 0.21500913281249998 0.98947576875 0.2192384 0.9738428703124999 0.2331113078125 0.9599190265624999 0.2418068609375 0.9538105874999999 0.24821199218749998 0.9342184515625 0.26226069218750003 0.910589771875 0.2750310546875 0.8861838703125 0.291844225 0.8313109828125 0.3514292265625 0.8189116359374999 0.3701385703125 0.788077625 0.43400063125 0.7640580953125 0.4796875 1 0.4796875
9 0.609375 0.5677797640625 0.594455575 0.576320384375 0.577753653125 0.5896979250000001 0.5420589031249999 0.6333248140625 0.47717903437500003 0.7193099625 0.4638202484375 0.741280009375 0.45424239218749995 0.7753478984375001 0.4423972140625 0.7963735921875 0.4271218484375 0.8137895468749999 0.40078731875000007 0.8358054640624999 0.377909090625 0.8599362890625001 0.3711557 0.8751566640625 0.3699667203125 0.8860839500000001 0.3772612328125 0.9541453859375 0.3746805171875 0.959041153125 0.364120084375 0.9636585140625 0.3615132515625 0.9700491124999999 0.353359425 0.9797362421875 0.3507003609375 0.9891164984374999 0.3624893828125 1 0.4096487015625 1 0.4149149578125 0.9983369968750001 0.41155441562500006 0.9907410453125 0.417678490625 0.9829774203125 0.43173875625 0.9779835828125 0.47975635 0.9716815765625 0.4938253203125 0.9661894609375 0.501926915625 0.959491990625 0.5095820109375 0.9497874609375 0.5193887312500001 0.9311835484375 0.531468953125 0.896704384375 0.5438041578125 0.87619436875 0.56512525 0.8554992796875001 0.589859121875 0.8394104812500001 0.60460093125 0.823970234375 0.609375 0.8163214921874999 0.609375 0.5677797640625
9 0.39758262499999997 0.4796875 0.396548153125 0.4805808265625 0.3869764765625 0.48573126718750004 0.381368546875 0.4925157359375 0.3783786765625 0.5208305078125 0.3784421390625 0.5457617453125 0.38344069062499997 0.5738566406250001 0.40282413593750005 0.6069406328125 0.4184614703125 0.6259336796875 0.43206905781250005 0.64685023125 0.44087213125 0.6571289671875 0.4454286265625 0.659375 0.4582746203125 0.659375 0.47804819531250003 0.6429700046875 0.5147168203125 0.62929191875 0.5338601671875 0.618991040625 0.5540445093749999 0.6062335765625 0.59375 0.5754221390625001 0.59375 0.5733419296875 0.588249246875 0.5336370406250001 0.5830939984375 0.514511121875 0.5806326328125 0.484011840625 0.5787194890625 0.4796875 0.39758262499999997 0.4796875
0 0.609375 0.8433839359374999 0.5942535624999999 0.8353574859374999 0.5892575328125 0.835681759375 0.587192959375 0.8395983734375001 0.557918265625 0.858520228125 0.5442000359375 0.8725004468750001 0.52829535625 0.897373153125 0.52146361875 0.9170780171875 0.5213591531249999 0.9230573390625001 0.5519236375000001 0.9445654953125 0.5583723375 0.9467848046875 0.560957546875 0.946875 0.574742209375 0.946875 0.5893895046875001 0.9423825734375001 0.6035020046875 0.9343990765625 0.609375 0.928068853125 0.609375 0.8433839359374999
9 0.609375 1 0.609375 0.9552701796874998 0.6016748484375001 0.9503921890625 0.5948579953124999 0.9406813312499999 0.572791896875 0.9468915953125 0.5598248546875 0.9464391890625 0.544477321875 0.9394221875 0.5267667078125 0.9248440296875 0.5223042312499999 0.9231925984375 0.5197931609374999 0.9241021515625001 0.5130049484375 0.9413156328125 0.5068460531250001 0.9510723640624998 0.4971873234375 0.9612055734375 0.482086065625 0.9686559906250001 0.4610348421875 0.9739045046874999 0.4570101609375 0.9757584093750001 0.45393071249999994 0.980636775 0.44870153124999995 1 0.609375 1
11 0.36296946874999997 1 0.3533405046875 0.9918991734375 0.35141521875000004 0.987843359375 0.3540655765625 0.9789613796874999 0.3627181359375 0.9692916484375 0.3694454078125 0.9555661046874999 0.3775208859375 0.9503634625 0.3781850203125 0.94091360625 0.3709626734375 0.8972851296875 0.37083827343750003 0.8758418328124999 0.37865877187499997 0.85667004375 0.38577160625 0.8494394953125 0.38078428125 0.8492654937499999 0.3741962953125 0.8550186109375 0.3586659484375 0.8584654203125 0.33000315625 0.870927078125 0.30692218125 0.8780990953125001 0.27524958437499997 0.8914529078125 0.2691864484375 0.8957285953125 0.252924846875 0.9410306453124999 0.23213112656249998 0.9886674781250001 0.22602670625000001 1 0.36296946874999997 1
11 0.2826409921875 0.8682775062499999 0.30553915468750004 0.8715692984375 0.3275182015625 0.8703418015625001 0.349102978125 0.86311758125 0.39690911875 0.8403550421875 0.422202659375 0.820795709375 0.438466784375 0.8039128312500001 0.44973488125000005 0.7873542265625 0.45962865468749997 0.7637675500000001 0.46345929375 0.744456559375 0.46198668906250007 0.71449035625 0.455396178125 0.691824303125 0.4448506296875 0.6670259406250001 0.42496845624999996 0.6339245453125 0.39859405312499996 0.6010952265625 0.39140905 0.5838928140624999 0.375641134375 0.5723739218749999 0.35874517031250003 0.5682943765624999 0.34625944999999997 0.568855925 0.336679071875 0.5745046421875 0.30965176250000004 0.579046075 0.2940953 0.5839877125 0.2852102203125 0.635530084375 0.27557760781249996 0.6441684609375 0.2820810625 0.6718172828125 0.285145625 0.6963546421875 0.2825985984375 0.7850130953125 0.2898644734375 0.8261501890625 0.28861455 0.8405654124999999 0.2844941109375 0.8479003609374999 0.27970953593750003 0.8646851671875 0.2826409921875 0.8682775062499999
12 0.9128196328125 0.4796875 0.9130410515625 0.48307354843750006 0.9183044875 0.5137871125 0.9269170156250001 0.5806965671875 0.9260525125000001 0.5871594078125 0.920237246875 0.6023662984375 0.91937274375 0.6088291390625 0.9199361093749999 0.6185017578125 0.927154784375 0.6486962046875 0.932652021875 0.6535959171875 0.938443059375 0.6550176359375 0.94000338125 0.6562404 0.9432082515625 0.6643931796875 0.94486235 0.6800095203125001 0.9418041484374999 0.6956806953125 0.9385750500000001 0.7041565234375 0.9381632453125001 0.709869546875 0.9425695187500001 0.7343884875000001 0.9491357078125 0.7576413734375 0.9511173875000001 0.76183744375 0.95401890625 0.7647818890625 0.9598677234374999 0.7671956718749999 0.9711873359375 0.769793978125 0.9943430703124999 0.771875 0.9977424703125 0.771875 1 0.7717502625 1 0.5049759234375 0.992003878125 0.49654940156249994 0.9840747078125001 0.48398428437499996 0.9833764421875 0.4805178328125 0.98371178125 0.4796875 0.9128196328125 0.4796875
12 1 1 1 0.8947088921875 0.9726637796875 0.8946420156249999 0.943161890625 0.8994526125 0.9250687296875 0.9041304562499999 0.909003034375 0.9095292609375001 0.8867489390625 0.919467384375 0.8634714453125 0.9331401781250002 0.8408922140625 0.9502794203124999 0.8294617015625001 0.9628216218750001 0.8108891703125 0.98909705 0.8077445921875 1 1 1
12 0.6874035234375 1 0.6935811468749999 0.9967444999999999 0.6997117625 0.9912131171875 0.711852540625 0.9866045359375001 0.7184647453124999 0.9808193656250002 0.725166065625 0.9723031328125 0.7338275140625 0.9548294703125 0.760418565625 0.9128251531250001 0.7818470625 0.8674063265624999 0.7862415687500001 0.86189514375 0.7874985390625 0.8579095750000001 0.7890625 0.855905084375 0.7890625 0.8520470437500001 0.78656915 0.8504748703124999 0.7778597046875 0.850079846875 0.77202533125 0.8479140796875001 0.766718328125 0.8420194171875 0.762844084375 0.8308962203125001 0.7603952609375 0.82720195625 0.739085234375 0.8192598499999999 0.7265688781249999 0.81742001875 0.7204287078125 0.8142650734375 0.7159957578125 0.8105938968749999 0.708119478125 0.8074591546875001 0.7027089109375 0.8040475375 0.697430796875 0.7986489062500001 0.693233865625 0.790507671875 0.6904383562499999 0.7808610265625 0.6873997234375 0.7627789546875 0.68676413125 0.7518662562499999 0.6873735109375 0.7325008171875 0.6909664203125 0.700443278125 0.6998881156250001 0.6618709515625 0.708202878125 0.6384449078125 0.71593004375 0.621974853125 0.721492403125 0.6152091625 0.7292724578125 0.6081694828125 0.7466673531250001 0.6000251890625 0.7624825875 0.598848425 0.767093771875 0.59705748125 0.768933446875 0.594554234375 0.7685843140624999 0.5928210093749999 0.7654058890625001 0.58938341875 0.7613220734375 0.5874454671875 0.74784254375 0.5861132125 0.7396869109375 0.5867044781249999 0.727225890625 0.5900758671874999 0.7173172546875 0.5946584765624999 0.67738180625 0.6035614218750001 0.609375 0.6302144953125 0.609375 0.910941728125 0.6163862296875 0.9283994218749999 0.6232895546874999 0.9489183609375 0.6365952765625 0.998400328125 0.6375992125 1 0.6664273 1 0.670253209375 0.9967677625 0.6790728765625 1 0.6874035234375 1
12 0.8262894828124999 0.6242771703125001 0.8407395234375 0.6124443828125 0.8429452203124999 0.6077032234375 0.8402966109375001 0.5963175796875 0.8372073046875 0.590148928125 0.8328321375 0.5874698140625 0.8191503749999999 0.5826653375 0.8139420421875 0.5827259421875001 0.810556490625 0.584254440625 0.8002649406250001 0.5950461015624999 0.79785700625 0.596315040625 0.7733756609375 0.5978408265625 0.7529950234375 0.5973334265625 0.7421545515625001 0.5987004859375 0.733589559375 0.6007856203124999 0.726481325 0.6065765625 0.7181450093749999 0.6168491078125 0.7115881421875 0.6278454984375 0.6998420453125 0.656275146875 0.6947708265625 0.6714733765625 0.6871878812500001 0.7159865421875 0.6853962046875 0.736358475 0.6856584328124999 0.7621665546875 0.6874449874999999 0.775795884375 0.6904138390625001 0.7884187203125 0.6955137171875 0.799279471875 0.6992459546875 0.8037033546875 0.7033442171875001 0.8058893234375001 0.730255046875 0.816248096875 0.7483553125 0.8244757359375001 0.758449290625 0.827336490625 0.760635653125 0.8307856250000001 0.7642907703125 0.8424077390625 0.7678472171874999 0.8480745875 0.7745123109375001 0.851719790625 0.784286046875 0.8533433500000001 0.7882543 0.853297175 0.7914062796875 0.8520195812499999 0.798309834375 0.846975571875 0.8024418796875 0.841219259375 0.7877442859375 0.8019290328124999 0.7830586609375001 0.7811361 0.7790906375000001 0.755619325 0.7782865937500001 0.733292125 0.7837167296875001 0.702950496875 0.7855204078125 0.6870457359375 0.7879910140625 0.67833055 0.7921977296875 0.6695951609375 0.8102020031249999 0.6420854265625 0.8262894828124999 0.6242771703125001