13 0.61619494375 0.4390625 0.6390625 0.1935833859375 0.6390625 0.185099628125 0.6345941390625 0.1849303390625 0.626696090625 0.19044635468749999 0.5326375343749999 0.3168746921875 0.4476074703125 0.4390625 0.61619494375 0.4390625
13 0.4511124671875 0.4390625 0.4864913921875 0.390955103125 0.5238593015624999 0.3294573453125 0.6 0.22514567031250002 0.6 0.22195181718749998 0.557564346875 0.194066425 0.5337568375 0.1585157515625 0.48764769374999994 0.20063575312499998 0.41156514218750007 0.2572215875 0.361023884375 0.3145728609375 0.28381280625 0.3832732296875 0.234117946875 0.4315386 0.228000628125 0.4390625 0.4511124671875 0.4390625
13 0 0.2820264953125 0.15817008125 0.31073290625 0.210763403125 0.3122197328125 0.26344005937500004 0.3234375 0.2670970140625 0.3234375 0.2761888703125 0.2891691265625 0.242429603125 0.27958209843750004 0.26313851875 0.23518234218749998 0.28574035625 0.20280901718750002 0.30625 0.1224384515625 0.30625 0.119037415625 0.011639234375 0.0884751203125 0 0.087688728125 0 0.2820264953125
13 0.2988690609375 0.30520056875 0.3022087203125 0.3640625 0.30388515625 0.3640625 0.531043640625 0.15798161093750002 0.5541868187500001 0.1844904359375 0.6036766921875001 0.2192922296875 0.6338321671875 0.18669864687499999 0.6398422140625 0.1849083828125 0.646875 0.1094126875 0.646875 0.10665849375 0.6296460374999999 0.10224931875000001 0.3698419421875 0.093212775 0.247572203125 0.27649227656250003 0.2603364765625 0.2821608953125 0.2791295359375 0.2906741234375 0.2988690609375 0.30520056875
13 0.32950711093749996 0 0.31079215 0.026941745312499998 0.3450156125 0.015372387500000001 0.386710715625 0.036809640625 0.41239307968750005 0.0360607640625 0.46762565624999997 0.025389003124999997 0.52229396875 0.020774507812500002 0.6457486796875 0.090625 0.6481867218749999 0.090625 0.6566288765625 0 0.32950711093749996 0
13 0.1865523953125 0 0.217427896875 0.106620565625 0.308453734375 0.116047946875 0.2923251796875 0.19375 0.29298796562499996 0.19375 0.3648148375 0.0932616515625 0.646579853125 0.1071848234375 0.646875 0.10401647656249999 0.646875 0.091276596875 0.5267677109375 0.020580071875 0.3922719875 0.04111410625 0.346326834375 0.016780373437500003 0.313755165625 0.0267913578125 0.3297031625 0 0.1865523953125 0
0 0.9403021359375 0.4390625 0.9511229999999999 0.42807241406249996 0.9546875 0.41813229218750003 0.9546875 0.41050355625 0.9487155609375 0.3638155703125 0.9246082437500001 0.3414465109375 0.9097769609374999 0.3323404125 0.8563521859375 0.290227190625 0.8483476484375 0.284753221875 0.8439252375 0.285295340625 0.8207252875 0.297077246875 0.8121692015624999 0.306070940625 0.8102486390625 0.3117684609375 0.8212685265624999 0.3575901828125 0.8319357000000001 0.414875875 0.8395451859375 0.4390625 0.9403021359375 0.4390625
1 1 0 0.748271 0 0.7079470171875 0.0376017046875 0.6999310671875 0.047025742187500004 0.6796875 0.0607235109375 0.6796875 0.15653198125 0.705439959375 0.1675095 0.7241009578125001 0.180118565625 0.7490447609374999 0.2008954234375 0.773984759375 0.22663828125 0.846659428125 0.28228148750000004 0.8614381468750001 0.2958630125 0.9012619921875 0.32623655 0.9144728656249999 0.334051621875 0.9543416624999999 0.3698817359375 0.98360903125 0.3875 0.993483209375 0.3875 1 0.38153925 1 0
10 0.6796875 0.3876690625 0.6861291796875 0.386879415625 0.7002214921875 0.39855886875 0.71073168125 0.40422223749999997 0.7293515312500001 0.4064087234375 0.7436502859375 0.40515247812500005 0.7543593125 0.40781215 0.7752935875 0.4032597296875 0.783256975 0.398311115625 0.7974696296875 0.3811757140625 0.8176390046875 0.34891005937499997 0.8182880718749999 0.3354235484375 0.8120128734375 0.31732375468749996 0.8130032421875001 0.3072712796875 0.8238211953124999 0.2960141046875 0.8453125 0.2839403484375 0.8453125 0.2823767484375 0.786773425 0.2335208390625 0.7714020046875 0.22398440000000003 0.7598641046875 0.2129849234375 0.7546653765625 0.20071181249999998 0.7387050609375 0.190254453125 0.7281011625 0.1786439296875 0.7020207187499999 0.166447815625 0.6957790625 0.1687026046875 0.6926845125 0.1675922859375 0.6888547984375 0.16408931875 0.682714459375 0.162359259375 0.6798675046875 0.158735821875 0.6796875 0.158722215625 0.6796875 0.3876690625
5 0.41723905625 1 0.4107673515625 0.99446694375 0.40285480781249994 0.9834234703125 0.3980530296875 0.9711088703125 0.3945858765625 0.9534305249999999 0.3905069609375 0.9452820187500001 0.38699075 0.9265529656249999 0.37551439375 0.918393415625 0.37424036250000003 0.9137387046875001 0.37208475937499996 0.9128349421875 0.345532159375 0.909943575 0.34506611875000004 0.899961853125 0.34276334531249997 0.8959059671875 0.3112257296875 0.888091690625 0.2931974328125 0.8867139546875 0.27652829375 0.8804978296874999 0.25258435156250003 0.8768974249999999 0.24333718124999998 0.8712176968750001 0.1914439671875 0.857444446875 0.1739177828125 0.855504621875 0.1507697453125 0.8576346984375001 0.154368971875 0.9347232734375 0.16144301562500002 0.9391239859375 0.2110955015625 0.9614865781249999 0.24972467968749998 0.974076821875 0.2812132375 0.98084039375 0.3241651640625 0.984168996875 0.37261575156250004 0.9807892562500001 0.37701353593750003 0.9957673609375 0.3800872265625 1 0.41723905625 1
5 0.3985290984375 0.8820164578125 0.40197027187499995 0.8765057671874998 0.394976821875 0.873831215625 0.39794041406249997 0.8694079671875 0.381075046875 0.8589890109375 0.3779758203125 0.8491909718749999 0.37531810625 0.8488493 0.36831311875 0.8572439140625001 0.35268571406250004 0.862023478125 0.3428051609375 0.9106756062500001 0.3725175796875 0.9133465546874999 0.3738406671875 0.9190519734375 0.3874481015625 0.927589934375 0.391098490625 0.937876590625 0.393747096875 0.940625 0.395312678125 0.940625 0.4066523125 0.9315209640625 0.415625 0.8984178796875 0.415625 0.8952553390624999 0.41066627499999997 0.881696875 0.40600012812499997 0.8836035640625 0.40203231875 0.8891509921875 0.3968150078125 0.8905690625 0.399227434375 0.8856571984375 0.3985290984375 0.8820164578125
2 0.2506595125 0.7113898234375 0.24768293125000002 0.7042185515625 0.2517243265625 0.7002471859374999 0.256928646875 0.687234596875 0.255360275 0.6762756421875 0.2576745875 0.669262359375 0.24561099843749998 0.671158003125 0.23859301875 0.6679581000000001 0.23385328749999998 0.6682887265625 0.2143316578125 0.68019178125 0.1956310078125 0.6983623437500001 0.1886996046875 0.70833301875 0.189018475 0.71516261875 0.173709940625 0.7267717828125 0.1609249375 0.747165015625 0.1617704453125 0.7539578765625 0.1588804390625 0.7599571859375001 0.1595542453125 0.7630725734375 0.1756852109375 0.7803945999999999 0.2053860921875 0.7941347171875 0.2141535328125 0.7953125 0.22680516874999998 0.7953125 0.2286562265625 0.7946197328125 0.21254978906250002 0.7778230578125 0.2179503390625 0.7690132984375 0.22376787187499997 0.7691345546875 0.23386054843749998 0.7816071453125 0.23646920468750002 0.7808981078125 0.238379521875 0.776548334375 0.2420659796875 0.776291178125 0.24702646874999998 0.7806887359375001 0.25933534375 0.7840466296875 0.26352390937500003 0.7832273859375001 0.275 0.7677210140625 0.275 0.7642740453125001 0.274704475 0.7624190078125 0.26914376562500003 0.7564821265624999 0.25685941562500003 0.753649584375 0.24711014062499997 0.7485319484375 0.248369728125 0.71892845625 0.2506595125 0.7113898234375
18 0.5272121890625 0.7822318796875 0.5062353640625 0.7696210703125 0.49274478750000006 0.7610118453125001 0.47889282031249997 0.755443715625 0.46642859999999997 0.7571943875 0.4513516609375 0.756450290625 0.4484181859375 0.7566549203124999 0.4391102015625 0.7604060515625 0.43919034999999995 0.7656246140625 0.4361360578125 0.7702455390624999 0.43192577656250003 0.7746206 0.42761671406249996 0.7768802265625 0.4407767359375 0.785594265625 0.44331665 0.79096774375 0.44075886249999996 0.7957172921875 0.4382804828125 0.7986655031250001 0.4413472921875 0.8048185046875 0.444322946875 0.8090188078124999 0.45116088125 0.8213401296875 0.4631915859375 0.8300482265625 0.47134533906250003 0.8360315187499999 0.4782907140625 0.8402270843749999 0.49349268281249997 0.8365458265625 0.5010675250000001 0.8341454109375 0.50698661875 0.8324221015625 0.5101112515625 0.831080928125 0.5139834125 0.8296876046874999 0.518798640625 0.8284157000000001 0.5320146593749999 0.8263705890624999 0.5418146109374999 0.8234405531250001 0.5473076703124999 0.820623753125 0.5517317265624999 0.8190047296875 0.55625 0.8137598 0.55625 0.8077979531249999 0.554572859375 0.8021883921875 0.5510306171875 0.7964037140625 0.55093705 0.7943996796875 0.5432116125 0.7906660671875001 0.5385318984375 0.7874740015625 0.5272121890625 0.7822318796875
18 0.501859753125 0.8596039328125 0.5027825499999999 0.8552705750000001 0.5060005609375 0.8519005296875001 0.49313219531249997 0.8510007250000001 0.484849534375 0.8567461968749999 0.47837168593749996 0.8625904796875 0.46681873124999995 0.8705862312499999 0.462041128125 0.8742897468749999 0.46104042968750003 0.881774109375 0.46221992656250005 0.887758271875 0.4640095578125 0.8923517875 0.4662791515625 0.8975858625 0.4679281390625 0.9039866515625 0.469279646875 0.9088354093749998 0.47052188125 0.916163303125 0.471873384375 0.921012059375 0.47383776875 0.9234375 0.4955001015625 0.9234375 0.504203003125 0.9194309078125 0.513221271875 0.9149822078125001 0.5162615265625 0.9078049531249999 0.5171875 0.90303858125 0.5171875 0.89116554375 0.514756859375 0.8852168984375 0.511162421875 0.880524609375 0.50673354375 0.877238615625 0.502883428125 0.8718901031249999 0.5014900984375 0.8661455359375001 0.501859753125 0.8596039328125
18 0.1955435359375 0.8290499656250001 0.19230243281249998 0.8346376390625 0.18688613125 0.8436406265624999 0.17884390156250002 0.8536529234374999 0.1851448734375 0.8563501671874999 0.20547740781249998 0.8609375 0.2082850375 0.8609375 0.20866518906249998 0.86007104375 0.210299040625 0.85506173125 0.214540953125 0.8459075484374999 0.2163966453125 0.8406496328124999 0.2171875 0.837614825 0.2171875 0.823952034375 0.215853153125 0.8190080828124999 0.212767734375 0.8129292625 0.21036961718749997 0.8065694078125001 0.20626169062500002 0.803592384375 0.2018993796875 0.8001668875 0.200877975 0.8 0.1983972625 0.8 0.200346353125 0.8019069999999999 0.2035668390625 0.8058783828125 0.2037404171875 0.8095960703125 0.2021065640625 0.8146054015624999 0.1998613890625 0.8215222828125001 0.1955435359375 0.8290499656250001
18 0.3515165921875 0.8170527359375 0.3393416984375 0.8205076281250001 0.3306255984375 0.8218262765625 0.320864425 0.8210859328125 0.31468328749999996 0.82080648125 0.3127254234375 0.8195217984375001 0.3095411421875 0.8173751687499999 0.30781975625 0.8160739984375001 0.3093096453125 0.8124169390624999 0.30896295 0.8100723703125 0.307895828125 0.807541184375 0.306119321875 0.8050594640625001 0.3022146375 0.802726215625 0.2983540484375 0.8013373953125 0.2969131984375 0.8009641421874999 0.296110665625 0.8040995109375 0.297359128125 0.8054336718750001 0.299509340625 0.8057574421875 0.30146720312499997 0.8070421171875001 0.302726690625 0.8086123796875 0.30355735 0.8111600609374999 0.304624453125 0.813691265625 0.30525172500000003 0.81696375 0.30533991562499996 0.8188526078125001 0.30285401093750003 0.8164203921875 0.3023480015625 0.8157450562499999 0.30081898281249997 0.8134829609375 0.2990865734375 0.8119456875000001 0.2971176859375 0.8104248921874999 0.29446146406249996 0.8094258046875 0.29325709375 0.8090360734375001 0.291365375 0.8091680328124999 0.28953981406249996 0.8107166250000001 0.2910137140625 0.8117981875 0.29362584062499997 0.8118528484375 0.296034578125 0.8126323281250001 0.2982950453125 0.8153171609375001 0.29929602499999997 0.8164317125 0.2993731890625 0.8180844515625001 0.2964363921875 0.8161574281250001 0.29448957187499997 0.8151088546875 0.29326315625 0.8142469015625 0.29206981249999997 0.8140932718749999 0.291866421875 0.8148180921874999 0.2933733921875 0.8166079625 0.2938793859375 0.8172833015625001 0.2946671953125 0.8206272890624999 0.300154775 0.8246624359375 0.304863109375 0.8340458937499999 0.3096094796875 0.839162915625 0.3170782125 0.8466957078124999 0.3260919515625 0.8517519437499999 0.335611703125 0.857483515625 0.3476223203125 0.8606725796875001 0.3492437296875 0.8609375 0.36401952031249996 0.8609375 0.36969561562500003 0.8558165671874999 0.3740120796875 0.851725465625 0.378003875 0.8457619984375 0.381412478125 0.8374704703125 0.38345743125 0.830458415625 0.384375 0.8260717828124999 0.384375 0.8192350796875001 0.3827849890625 0.8160559484375 0.3817178859375 0.8135247515625 0.3806507453125 0.8109935687500001 0.37941330624999997 0.8098955109375 0.3604912171875 0.816189825 0.3515165921875 0.8170527359375
18 0.5468926890625 1 0.5466591421875 0.9976590734374999 0.5450739296875 0.993590253125 0.5464587 0.9883855109375 0.5503234109374999 0.9864906000000001 0.5595300015625 0.9844552468749999 0.5652971124999999 0.9784804312500001 0.565625 0.9747977156250001 0.565625 0.9667366515625 0.564928646875 0.9606276093750001 0.5632245921875 0.9540130140624999 0.561256284375 0.946720278125 0.5600374078125 0.9405362078125 0.558101553125 0.9339377734374998 0.5531740890625 0.9280124109375001 0.5522793390625 0.9287713890625 0.549794553125 0.9303378484374999 0.5453425171874999 0.9345955968750002 0.540750025 0.9358447265625 0.537396984375 0.9337567359375001 0.5331491953125 0.9324277265625 0.530885365625 0.9337465859375002 0.5275382484375 0.9367663343749999 0.523155928125 0.9375363984374999 0.5224065515625 0.9364277296874999 0.5205630671875 0.93678851875 0.5180674546875 0.9381235453125001 0.5148067796875 0.942994771875 0.5130124546875 0.94938903125 0.5121885015625 0.9566443515625 0.5118064999999999 0.9634044703125 0.5121522781250001 0.9708103796875001 0.514761884375 0.9768974374999999 0.5185196140625 0.9826722203125 0.523269325 0.9897709203125 0.5265094640625 0.9944208703124999 0.531730215625 1 0.5468926890625 1
18 0.438717359375 0.7127809265625 0.4324092765625 0.717849765625 0.42622795 0.725632640625 0.42104515 0.731439853125 0.40606445312500006 0.73765824375 0.391368271875 0.744129075 0.37430179531249996 0.7523989625 0.355629796875 0.7613254015625 0.3458388609375 0.767726340625 0.3408391921875 0.7716148015625001 0.336098634375 0.775212884375 0.3326284359375 0.776816371875 0.33283118125 0.7811587796875 0.33529142031250003 0.79296764375 0.3478327578125 0.7929096640625 0.3510767203125 0.79375 0.3576404796875 0.79375 0.36112752656249997 0.7931750953125001 0.3811388609375 0.7878635093749999 0.42892572500000004 0.7717327265625 0.43582810937499994 0.76771155 0.4363647765625 0.761683865625 0.440846178125 0.7583761296875 0.44997943281249997 0.74957050625 0.459371803125 0.74047453125 0.46560954062500004 0.7280589093750001 0.46875 0.7211734015625 0.46875 0.7117192796875 0.46548729062499994 0.7079184328125001 0.45811037499999996 0.7076161703125 0.45326844531250005 0.7090430546875 0.44856590625 0.713455346875 0.44493101562500004 0.7115306140625 0.438717359375 0.7127809265625
18 0.3839608390625 0.58473358125 0.37923264687499997 0.5914717875 0.365610453125 0.6040944734375 0.3451406796875 0.629943425 0.34211379062499997 0.6328617234375 0.33799237187500003 0.636533165625 0.331629403125 0.640586584375 0.32550215 0.644849134375 0.32625701875 0.65133878125 0.329923290625 0.6524366109375 0.3327517453125 0.654946459375 0.32977734999999997 0.6589890953124999 0.324336203125 0.6634293781249999 0.323655853125 0.6682143765624999 0.3254527734375 0.6728265546875 0.3197985375 0.677542403125 0.3167611671875 0.680235853125 0.3148918015625 0.6837502046875 0.3137400515625 0.6881168671875 0.3113735421875 0.6955010453125 0.308556628125 0.702916628125 0.30724266875 0.7086482078125 0.3057559859375 0.715519809375 0.3052016390625 0.7230031640625001 0.3066063875 0.7337337921875 0.3042084 0.7404433859375 0.29923865156249996 0.7453019890625 0.2940752140625 0.750850890625 0.2905196875 0.756964421875 0.2850738109375 0.7661425765625001 0.28045526875000004 0.773683840625 0.278125 0.7804520296874999 0.278125 0.7808167390625 0.28113692968750004 0.7912597734375 0.28659716875 0.792087796875 0.290316659375 0.7932015781249999 0.29322721875 0.79375 0.30799208125 0.79375 0.3078665734375 0.79106186875 0.30760029375000003 0.785358659375 0.3112771796875 0.7855599203125 0.3129617 0.7872733796875 0.3175476890625 0.7922175109375 0.31842378125000004 0.7864346156249999 0.3200811609375 0.7826570703125 0.32209962187499996 0.7767944890624999 0.3223222375 0.77174379375 0.326785209375 0.7691437578125 0.3307757734375 0.771154103125 0.33282139375 0.7707825375 0.3370345921875 0.76774218125 0.343872309375 0.7620011703125 0.35245261562499997 0.7543076203125001 0.36460329687500004 0.7445340578125 0.376780075 0.7304101140625 0.38409499375 0.71525206875 0.3913199265625 0.7030756671875 0.40313604375 0.6763177312499999 0.409186615625 0.6635366203124999 0.412777246875 0.652071453125 0.41898758750000004 0.642712259375 0.4230729875 0.63693436875 0.42714292499999995 0.6357349765625 0.43129325781250005 0.6411672453125 0.438115528125 0.64000471875 0.4405802796875 0.633882153125 0.4463975859375 0.6259235999999999 0.452496634375 0.61908975625 0.4634032453125 0.6023079578124999 0.46875 0.5866599453125 0.46875 0.5841702843750001 0.46697151562499994 0.5805451421875001 0.460839453125 0.576853221875 0.4542291453125 0.5727369062500001 0.44580172500000004 0.568976215625 0.43635948750000003 0.5671875 0.4356799265625 0.5671875 0.427884875 0.5681661874999999 0.42084476562499995 0.5695727671874999 0.4102236515625 0.5728312390625 0.4018979296875 0.576158459375 0.393832615625 0.580154140625 0.3839608390625 0.58473358125
18 0.286165778125 0.5827753390625 0.28817785156250003 0.579959628125 0.28991038750000003 0.5768958843750001 0.2896987265625 0.57236253125 0.287971796875 0.5698076390625 0.2838038703125 0.5666204265625 0.28025723125 0.565262596875 0.278387740625 0.5653930078125 0.26013535781249997 0.5819157718750001 0.2500681859375 0.59010900625 0.240547621875 0.598531675 0.2312193984375 0.6053356937500001 0.22563019843749998 0.611878875 0.2173204828125 0.61754173125 0.211619209375 0.6216849265625 0.202490215625 0.6327556265625 0.1940503671875 0.6413704265625 0.18605752343749998 0.6480812968749999 0.18135938437500002 0.6546876609375 0.18463625156250002 0.65781171875 0.1904937578125 0.6627538328125 0.1942825640625 0.663559684375 0.20318184218750002 0.6533076265625001 0.20795738749999998 0.646553640625 0.21358393750000002 0.6408104390625 0.2196020828125 0.6377152796875001 0.225353140625 0.63463875 0.23505363906249999 0.6243308 0.24545013125 0.6174522515625 0.2500830953125 0.613383578125 0.25620645 0.6068031171875 0.2781853828125 0.58975288125 0.286165778125 0.5827753390625
18 0.2590666203125 0.643564371875 0.267978146875 0.6494118140625 0.2736813328125 0.6451325375 0.2776995578125 0.6448522421874999 0.2806061765625 0.642349365625 0.281172853125 0.6359845171874999 0.27798524687500004 0.6324691812500001 0.26366358125 0.6248427718749999 0.249535265625 0.6151902703125 0.2459111046875 0.6177431921875 0.24143258125 0.6204994796875 0.23767829687500003 0.6233489890625 0.23699401875 0.625354190625 0.2590666203125 0.643564371875
18 0.281066625 0.6408476234375 0.2801798828125 0.6441114453125 0.28857334375 0.6556811984375 0.2926444828125 0.6594795140625 0.29924245156249996 0.6590192640625 0.3014806734375 0.6569191812499999 0.3011690109375 0.6544137859375001 0.2998689671875 0.65158854375 0.295219721875 0.6437482578125 0.291888628125 0.63912074375 0.2860166859375 0.6342816765625 0.28258200625 0.631605340625 0.27947708437499996 0.631821928125 0.280009940625 0.634895078125 0.28168001875000004 0.6373057234375 0.281066625 0.6408476234375
18 0.34033022968750004 0.600182403125 0.33792238750000003 0.5924098546875001 0.33662106718749996 0.5888706765625 0.29360555 0.5873338515625 0.2943547109375 0.59777975625 0.30606868125000003 0.6012111296875 0.32523009531249997 0.6028238375 0.33503200781250003 0.60350131875 0.3413839421875 0.6032850984375 0.34033022968750004 0.600182403125
18 0.3096037859375 0.6986724609375 0.31163890312500003 0.688088075 0.30919516874999997 0.6882585421874999 0.3066830765625 0.6869649796875 0.3039203546875 0.68030334375 0.2966461078125 0.6820347625000001 0.287985371875 0.6855764875 0.27853454375000003 0.6879493328125 0.27749495468749996 0.6919386234375 0.27541577500000003 0.6999172093749999 0.28059945000000003 0.7059203625 0.286964553125 0.7057211640625 0.297591678125 0.7022870625 0.3096037859375 0.6986724609375
2 0.2208807671875 1 0.22127412343750003 0.9994555734375 0.224531003125 0.9932046703124999 0.22770543281250002 0.985187853125 0.22943201875 0.9765633171874999 0.227802759375 0.9720706296875001 0.22226608125 0.9674961406249999 0.211810284375 0.9639734781249999 0.19859069375 0.9620609312500001 0.19099020312499998 0.9664888046875 0.185865778125 0.9707439421874999 0.17886638125 0.980444953125 0.17902385781250002 0.9914183937499998 0.1842234015625 1 0.2208807671875 1
2 0.183767371875 0.9638036124999999 0.18953329375 0.9580863640625001 0.19472368125 0.9552439609375 0.1675185078125 0.9426139265625 0.1544712140625 0.9367916703125001 0.1542758578125 0.9413406828124999 0.154741225 0.9513079281250001 0.1552957171875 0.95445095625 0.15884199375000002 0.9619989609375 0.16791588125 0.9663267078125 0.1754099796875 0.9672212968749999 0.183767371875 0.9638036124999999
2 0.2815502640625 1 0.2788597828125 0.9971817734374999 0.27473016875 0.99314134375 0.27195711093749997 0.988612775 0.26860396249999996 0.984321415625 0.265895 0.9811656375 0.266112415625 0.9773815984375 0.261754803125 0.9768985671875001 0.24727961406249999 0.9749570500000001 0.238070840625 0.9718611796874999 0.23247982656250002 0.9702836874999999 0.22756045 0.9704300828125 0.22488398906249998 0.9721907921875002 0.22326784375000003 0.9797800406250001 0.22384378124999998 0.9836748703125 0.226383809375 0.9874326906250002 0.2264671265625 0.99765788125 0.2255692984375 1 0.2815502640625 1
2 0.37943870625 1 0.3772118765625 0.9968042624999999 0.374056190625 0.9905869703124999 0.37286004375 0.9854251125000001 0.37154794375 0.9828939828125 0.363865084375 0.9819993796875 0.34891488593750003 0.9839959468749999 0.3391454171875 0.9844389937500001 0.326281825 0.9850978906249999 0.3128978390625 0.9848393984375001 0.30276831249999997 0.98268493125 0.2946427125 0.9825364656249999 0.28407044375 0.9811281421875 0.2782916453125 0.980100715625 0.2791788109375 0.9844165546875001 0.28765315625 1 0.37943870625 1
2 0.1995637546875 0.8192988046874999 0.20253239218750002 0.7980091328125 0.1833029265625 0.78222090625 0.15461203125 0.761822028125 0.1462694265625 0.76985818125 0.150457096875 0.8595500953125 0.1800313140625 0.853602865625 0.1995637546875 0.8192988046874999
7 0.39279255625 0.7425720796874999 0.4134901015625 0.7332223203125 0.43764685312499996 0.7130899640624999 0.45188408124999996 0.7068261781249999 0.46630527187500004 0.7045025453125 0.468541684375 0.7241114703125 0.46581833437500003 0.75065468125 0.4844345859375 0.7533090609374999 0.507736471875 0.7714485328125 0.5295053234375 0.756753396875 0.5475083640625 0.7462739359375 0.6131828500000001 0.71006883125 0.6149575359375 0.6914977703125 0.6104558671875 0.67995283125 0.5939209078125 0.6652943078125 0.615628440625 0.6492857875 0.6187810390624999 0.63193626875 0.601297415625 0.6252498921875 0.6147987875 0.60322549375 0.59700855625 0.5899721953125 0.578789078125 0.5675252093750001 0.5623154390625 0.5541800718750001 0.54614840625 0.547401853125 0.528603459375 0.5394020937499999 0.5132624484375 0.5220249609375001 0.492564903125 0.53137471875 0.469630946875 0.5211155546875 0.44360571093749995 0.5295192906249999 0.4154053859375 0.5196274890625 0.377408178125 0.5262310234375 0.3668754421875 0.5269657484375 0.3479850578125 0.5467307421875 0.327622965625 0.5349745109375 0.29694457343749997 0.556879453125 0.29290462968750003 0.5835145046875 0.3507733625 0.5781601265624999 0.336294478125 0.6358295843749999 0.36516570625 0.6035094062499999 0.38537268125 0.583652571875 0.4124079046875 0.568590071875 0.438617103125 0.5641264890625 0.47257436718749996 0.5841580015625001 0.4330189125 0.64225905 0.42882385312500004 0.637281034375 0.41734245156250005 0.6459879078125 0.39823925781249997 0.6894856593750001 0.40065963125000004 0.7130347374999999 0.3940153515625 0.7121805578125 0.37907474375 0.731670028125 0.39279255625 0.7425720796874999
7 0.6361240671874999 0.8336464140625001 0.6395997171875 0.811899725 0.6348297890625 0.7097369640625001 0.6130602078125 0.7074420625 0.570593809375 0.7314869578125001 0.511624925 0.7698596265625 0.5497159296875 0.793555771875 0.55865794375 0.8153322609375 0.5444820375 0.8229094312499999 0.53049009375 0.8344267546874999 0.5151202375 0.8447225343749999 0.50293545625 0.8666550921875 0.519777021875 0.8878805374999998 0.527341125 0.9084354843749999 0.5638990953125 0.8992970203125001 0.5920669453125 0.880202525 0.61552031875 0.8732958546875 0.6275824546875 0.848736528125 0.6361240671874999 0.8336464140625001
1 0.6796875 0.8752956609375001 0.6807167656249999 0.8770833328125001 0.70341308125 0.8828125 0.7068165734375 0.8828125 0.7179191484375 0.868402778125 0.7228794640625 0.8644345234374999 0.7270957328125001 0.8515376984374999 0.7303199421875 0.8455853171874999 0.7320560515625 0.8450892859374999 0.7325520828125 0.8431051593750001 0.7385044640625 0.8386408734374999 0.7459449421875 0.8354166671875 0.7484375 0.8329241078124999 0.7484375 0.8292638890624999 0.731312003125 0.818303571875 0.7176711296875 0.8049107140625 0.7139508921875 0.802678571875 0.7112227171875001 0.7987103171875 0.7020461296875 0.793005953125 0.6955977171875001 0.787549603125 0.6891493046875 0.7798611109375 0.68369295625 0.769196428125 0.6811361359375 0.7671875 0.6801607953125 0.7671875 0.6796875 0.7728670453125 0.6796875 0.8752956609375001
4 0.6796875 1 0.8105921671875 1 0.8107390875 0.99228670625 0.814211309375 0.9751736109374999 0.82140376875 0.95731646875 0.8345486109374999 0.9352430546875 0.845709325 0.908209325 0.8588541656249999 0.8824156750000001 0.859375 0.8802281703125001 0.859375 0.8765137828124999 0.8531498015625001 0.8705109125 0.840004959375 0.8618303562499999 0.8320684515625001 0.854637896875 0.808754959375 0.8382688484375 0.8005704359375001 0.8310763890625001 0.796354165625 0.8288442453125 0.7910796953125 0.828125 0.7907986109375 0.828125 0.7879216265625 0.8288442453125 0.7837053562499999 0.8335565468749999 0.7730406734375 0.8290922625 0.7541914671875001 0.8315724203125001 0.7368303562499999 0.83975694375 0.7311259921875 0.8434771828125001 0.7283978171875 0.8464533734374999 0.7224454359375 0.86356646875 0.704340278125 0.8861359125 0.7006200390624999 0.8933283734374999 0.6941716265625 0.9156498015625001 0.6844990078125 0.9414434515625001 0.6822668640625 0.9496279765625001 0.6817708328125 0.9560763890625001 0.6796875 0.9625157796875001 0.6796875 1
4 1 1 1 0.8531282781249999 0.9935639875 0.8445064500000001 0.9853794640625001 0.8273933546875 0.9811631937499999 0.8219370046875 0.9677703359375001 0.7966393859374999 0.9640500984375 0.792423115625 0.9615699390625 0.7916790687499999 0.9526413687499999 0.7966393859374999 0.9456969234375 0.80457589375 0.9447048609375 0.8125124015624999 0.9456969234375 0.8251612109375 0.943712796875 0.82664930625 0.94073660625 0.8373139890625 0.940488590625 0.851698909375 0.9384411 0.8673383687499999 0.9417286703125001 0.8707961328125 0.9504092249999999 0.88542906875 0.9533854156249999 0.8995659734375 0.955865575 0.9052703390625 0.9647941484375 0.9201512906249999 0.9704985109375001 0.9246155765624999 0.972234621875 0.9278397828125 0.9779389875 0.947681053125 0.9806671625 0.9734747031250001 0.9769469234375 0.97917906875 0.9709945421875 0.9953001 0.9680571046875001 1 1 1
5 0.6796875 0.7328647578125 0.6923983140625001 0.7472098203125 0.7107514890625 0.7720114078125 0.7194320453125 0.779947915625 0.727864584375 0.7849082328125 0.736545140625 0.7876364078125 0.7529141874999999 0.7903645828125001 0.765066965625 0.7916046609375 0.7787078390625 0.7916046609375 0.81764633125 0.7891245046875 0.8226066484375 0.7896205359375 0.8265749015624999 0.7928447421875 0.8295510921875 0.7975570421875 0.8459201406249999 0.8156622015625 0.8620411718750001 0.8278149796875001 0.8774181562500001 0.8369915656250001 0.8828399984375 0.8421875 0.900196640625 0.8421875 0.9027157750000001 0.8412078359375 0.9051959343749999 0.8384796609375 0.9084201406249999 0.8302951390625001 0.9118923625 0.8124379953125 0.9146205375 0.8035094234375 0.9178447437500001 0.7970610109375 0.92801339375 0.7420014875 0.9421502984375 0.7234002984375 0.946875 0.7144008656249999 0.946875 0.709610603125 0.946614584375 0.70752728125 0.9399181562500001 0.6916542640625 0.9352058546875 0.6904141859375 0.927269346875 0.693142359375 0.9230530765625 0.6921502984375 0.8975074421875 0.6668526781249999 0.8935391875 0.665116565625 0.8888268859374999 0.664620534375 0.8622891875 0.66809275625 0.8320312515625 0.6767733125 0.8228546640625 0.6799975187499999 0.8141741078125 0.6844618046875001 0.8119419656250001 0.6844618046875001 0.8069816484375 0.6819816453125 0.800037203125 0.67578125 0.787884425 0.6671006937499999 0.7725074421875 0.6594122015625 0.7601066484375 0.6484995031249999 0.75514633125 0.6452752984375 0.73952133125 0.6385788671875 0.7318328390625 0.6380828359375 0.7229042671875 0.6400669625 0.70554315625 0.6470114078125 0.7003348218750001 0.6502356140625001 0.6956225203125 0.6554439484375 0.690662203125 0.6663566453125 0.6822296640625 0.7025669625 0.6812376 0.705047121875 0.6796875 0.706597221875 0.6796875 0.7328647578125
7 0.92801659375 1 0.9281622031250001 0.9996775796874999 0.9294022828124999 0.99248511875 0.9368427562499999 0.98330853125 0.9375 0.9736689875 0.9375 0.9718592125000001 0.93485863125 0.9555307546874999 0.9271701390625001 0.9428819453124999 0.9264260921874999 0.93916170625 0.9291542640625 0.9153521828125001 0.9281622031250001 0.8927827374999999 0.9291542640625 0.8806299609374999 0.9274181531250001 0.876165675 0.9184895843750001 0.8679811515625001 0.9177455359375 0.8622767859374999 0.9202256953125 0.8531001984375 0.9199776796875 0.8478918656250001 0.9140252984374999 0.84541170625 0.909312996875 0.841443453125 0.9053447421874999 0.841443453125 0.888231646875 0.84541170625 0.872110615625 0.8506200406249999 0.8688864093750001 0.8526041671875 0.8626860125 0.860292659375 0.86218998125 0.8617807546874999 0.86318204375 0.8650049609374999 0.8609499015625 0.8692212296874999 0.8582217265625 0.8692212296874999 0.858965775 0.8776537703125001 0.8527653781250001 0.8935267859374999 0.8448288703125 0.9091517859374999 0.8359002984374999 0.9317212296874999 0.822259425 0.9532986109374999 0.8168030765625 0.9654513890625 0.8108506953125 0.9882688500000001 0.80985863125 0.9994295640625002 0.8098751656250001 1 0.92801659375 1