18 0.3921396234375 0.22239293125 0.35128539999999997 0.23353499375000003 0.272362465625 0.2363205078125 0.19251102656250002 0.25396210468749997 0.18322597499999999 0.301315865625 0.1835944671875 0.36875 0.4390625 0.36875 0.4390625 0.21911161093749998 0.3921396234375 0.22239293125
18 0.21293813906249998 0.1908237578125 0.2147951484375 0.24746257031250002 0.2194376734375 0.251176590625 0.24729282656249998 0.2493195796875 0.3726410171875 0.22889246718749998 0.4390625 0.22144611250000001 0.4390625 0.1644333234375 0.21572365312500003 0.1880382421875 0.21293813906249998 0.1908237578125
18 0.22484863437499997 0 0.2277942203125 0.0088367578125 0.24265030156249998 0.029263870312500002 0.256577878125 0.058047528125000004 0.27514798125 0.0868311859375 0.2881470515625 0.098901753125 0.32250174062500003 0.118400359375 0.3466428734375 0.1369704625 0.3763550375 0.1499695328125 0.388425603125 0.14718401875 0.4051386953125 0.128613915625 0.41906627187499995 0.12304288593749999 0.41906627187499995 0.09518773281250001 0.4051386953125 0.057119023437500006 0.39585364375 0.018121807812499998 0.3921396234375 0.0144077875 0.357721021875 0 0.22484863437499997 0
18 0.8822265625 0.08974609375 0.8783203125 0.08681640625 0.8392578125 0.07509765625 0.82509765625 0.06875 0.81923828125 0.06826171875 0.80068359375 0.07998046875 0.785546875 0.094140625 0.77626953125 0.1 0.762109375 0.11416015625 0.75283203125 0.12001953125 0.7416015625 0.13271484375 0.7337890625 0.13564453125 0.7240234375 0.13271484375 0.725 0.121484375 0.73134765625 0.11708984375 0.7376953125 0.1087890625 0.74697265625 0.10439453125 0.771875 0.0775390625 0.77919921875 0.07216796875 0.7845703125 0.0619140625 0.77822265625 0.0599609375 0.75576171875 0.0677734375 0.70595703125 0.094140625 0.66201171875 0.1078125 0.641015625 0.1166015625 0.63515625 0.12099609375 0.6341796875 0.12734375 0.6495885968749999 0.36875 0.8770074484375 0.36875 0.88369140625 0.09365234375 0.8822265625 0.08974609375
15 0.7591796875 0.1263671875 0.75576171875 0.12001953125 0.7591796875 0.11513671875 0.86171875 0.0287109375 0.86220703125 0.0248046875 0.85830078125 0.01796875 0.851953125 0.01259765625 0.84755859375 0.012109375 0.77578125 0.0736328125 0.77138671875 0.07509765625 0.7572265625 0.090234375 0.7298828125 0.11416015625 0.71865234375 0.121484375 0.71669921875 0.125390625 0.71865234375 0.129296875 0.72841796875 0.13564453125 0.73671875 0.137109375 0.758203125 0.1322265625 0.7591796875 0.1263671875
5 0.48720703125 0.19033203125 0.49208984375 0.19326171875 0.5033203125 0.21376953125 0.51845703125 0.23330078125 0.52724609375 0.25283203125 0.53408203125 0.254296875 0.63466796875 0.1859375 0.6380859375 0.1810546875 0.63564453125 0.1205078125 0.64052734375 0.1166015625 0.6576171875 0.1107421875 0.6615234375 0.10537109375 0.6537109375 0.08193359375 0.64638671875 0.06923828125 0.63662109375 0.0609375 0.62294921875 0.05849609375 0.57900390625 0.06630859375 0.53310546875 0.07900390625 0.50576171875 0.090234375 0.4896484375 0.0921875 0.47451171875 0.0970703125 0.4408203125 0.11220703125 0.4390625 0.1132158625 0.4390625 0.1972229 0.46279296875 0.1927734375 0.48720703125 0.19033203125
5 0.6029296875 0.303125 0.59609375 0.289453125 0.5990234375 0.27724609375 0.59658203125 0.24404296875 0.59755859375 0.226953125 0.59560546875 0.21767578125 0.59267578125 0.21572265625 0.527734375 0.25966796875 0.5224683453125001 0.36875 0.597123746875 0.36875 0.59755859375 0.32265625 0.6029296875 0.303125
0 0 0.96181640625 0.05634765625 0.96181640625 0.063671875 0.94130859375 0.06171875 0.92470703125 0.05830078125 0.91103515625 0.05390625 0.90224609375 0.03974609375 0.88369140625 0.0255859375 0.871484375 0.001171875 0.8578125 0 0.8574699515624999 0 0.96181640625
0 0 0.5210600750000001 0.00947265625 0.52138671875 0.02412109375 0.5189453125 0.036328125 0.5150390625 0.048046875 0.508203125 0.05830078125 0.49794921875 0.06708984375 0.484765625 0.0763671875 0.46474609375 0.07880859375 0.4544921875 0.0783203125 0.396875 0 0.396875 0 0.5210600750000001
0 0 0.5989397328125 0.0060546875 0.605859375 0.0177734375 0.6048828125 0.02119140625 0.59169921875 0.02802734375 0.5423828125 0.03193359375 0.52919921875 0.03095703125 0.51845703125 0.0109375 0.52041015625 0.0060546875 0.5228515625 0 0.5220442703125 0 0.5989397328125
0 0.2443359375 0.9125 0.21650390625 0.9115234375 0.188671875 0.91396484375 0.18232421875 0.9173828125 0.1681640625 0.9447265625 0.1662109375 0.95205078125 0.1671875 0.96181640625 0.28193359375 0.961328125 0.284375 0.95693359375 0.28388671875 0.95302734375 0.2697265625 0.93349609375 0.25556640625 0.918359375 0.2443359375 0.9125
0 0.39033203125 0.62294921875 0.38349609375 0.6341796875 0.3712890625 0.63564453125 0.36884765625 0.6400390625 0.36689453125 0.6595703125 0.3673828125 0.69521484375 0.36982421875 0.7123046875 0.39423828125 0.730859375 0.41328125 0.72939453125 0.4390625 0.7222824625 0.4390625 0.6207666015625 0.39765625 0.6205078125 0.39033203125 0.62294921875
0 0.4025390625 0.74599609375 0.38984375 0.75185546875 0.3546875 0.78701171875 0.3498046875 0.820703125 0.3458984375 0.87001953125 0.34296875 0.88125 0.317578125 0.88173828125 0.25654296875 0.87587890625 0.2375 0.89638671875 0.2443359375 0.9095703125 0.25703125 0.9203125 0.2970703125 0.96181640625 0.376171875 0.96181640625 0.39228515625 0.9515625 0.41962890625 0.9388671875 0.4390625 0.932351878125 0.4390625 0.7585106390624999 0.41962890625 0.7494140625 0.4025390625 0.74599609375
0 0.3771484375 0.42568359375 0.3732421875 0.40517578125 0.36982421875 0.396875 0.368359375 0.396875 0.3634765625 0.51845703125 0.3634765625 0.5794921875 0.36982421875 0.5755859375 0.3869140625 0.55849609375 0.395703125 0.547265625 0.4064453125 0.52529296875 0.41083984375 0.50673828125 0.41083984375 0.4896484375 0.40791015625 0.476953125 0.3771484375 0.42568359375
0 0.43232421875 0.46181640625 0.42548828125 0.46181640625 0.40400390625 0.46669921875 0.4103515625 0.49404296875 0.40693359375 0.521875 0.3947265625 0.547265625 0.38056640625 0.5638671875 0.3634765625 0.57998046875 0.36640625 0.5833984375 0.38056640625 0.590234375 0.3927734375 0.60048828125 0.40888671875 0.59755859375 0.4390625 0.5886290265625 0.4390625 0.471681025 0.4357421875 0.46572265625 0.43232421875 0.46181640625
9 1 0.8887002531249999 0.9919921875 0.8814453125 0.9705078125 0.86435546875 0.96611328125 0.8580078125 0.95390625 0.84873046875 0.94951171875 0.84287109375 0.93974609375 0.83701171875 0.92509765625 0.8228515625 0.92119140625 0.8150390625 0.912890625 0.8111328125 0.90849609375 0.80234375 0.897265625 0.79599609375 0.8982421875 0.79208984375 0.9021484375 0.78916015625 0.91533203125 0.78720703125 0.92021484375 0.79013671875 0.92412109375 0.79892578125 0.93486328125 0.79892578125 0.9412109375 0.79599609375 0.94951171875 0.78720703125 0.9451171875 0.7701171875 0.93974609375 0.76572265625 0.93681640625 0.75888671875 0.928515625 0.7525390625 0.9265625 0.74716796875 0.91826171875 0.7427734375 0.91240234375 0.73544921875 0.8904296875 0.728125 0.87919921875 0.7203125 0.8484375 0.71494140625 0.819140625 0.7037109375 0.7791015625 0.70029296875 0.764453125 0.69248046875 0.75224609375 0.68955078125 0.74833984375 0.68564453125 0.74150390625 0.67197265625 0.73955078125 0.65927734375 0.733203125 0.65732421875 0.7126953125 0.66123046875 0.70439453125 0.6646484375 0.6970703125 0.6734375 0.68583984375 0.679296875 0.6794921875 0.68662109375 0.66044921875 0.694921875 0.65751953125 0.70615234375 0.6580078125 0.71298828125 0.67119140625 0.759375 0.67900390625 0.79892578125 0.66435546875 0.8482421875 0.66435546875 0.86337890625 0.67216796875 0.88388671875 0.67314453125 0.898046875 0.670703125 0.90634765625 0.66337890625 0.913671875 0.6619140625 0.92001953125 0.65703125 0.925390625 0.658984375 0.93369140625 0.66533203125 0.9361328125 0.66630859375 0.9390625 0.6609375 0.94052734375 0.65947265625 0.94296875 0.65654296875 0.9615234375 0.6638671875 0.97275390625 0.6677734375 0.9869140625 0.66875 0.999609375 0.669196428125 1 0.7352764421875 1 0.7361328125 0.9888671875 0.74296875 0.9859375 0.756640625 0.9869140625 0.77373046875 0.98447265625 0.78154296875 0.98935546875 0.7869140625 0.98349609375 0.78984375 0.976171875 0.799609375 0.9703125 0.80302734375 0.96298828125 0.80986328125 0.9595703125 0.819140625 0.9595703125 0.82890625 0.9615234375 0.830859375 0.9634765625 0.8298828125 0.97177734375 0.82060546875 0.97177734375 0.8142578125 0.97568359375 0.81572265625 0.98642578125 0.82060546875 0.99326171875 0.82890625 0.99521484375 0.83720703125 0.99375 0.83818359375 0.9888671875 0.83232421875 0.98154296875 0.83134765625 0.97373046875 0.83916015625 0.97275390625 0.84697265625 0.9810546875 0.858203125 0.98349609375 0.8611328125 0.9859375 0.8615464156250001 1 1 1 1 0.8887002531249999
9 0.69365234375 0.70859375 0.74345703125 0.718359375 0.76787109375 0.730078125 0.7908203125 0.7447265625 0.809375 0.7486328125 0.834765625 0.75791015625 0.8669921875 0.7828125 0.87138671875 0.78916015625 0.8787109375 0.79404296875 0.89921875 0.81552734375 0.90703125 0.8189453125 0.9158203125 0.827734375 0.9265625 0.83359375 0.93193359375 0.84091796875 0.9421875 0.8482421875 0.94658203125 0.85654296875 0.9548828125 0.85849609375 0.96220703125 0.86435546875 0.96806640625 0.85654296875 0.9705078125 0.839453125 0.975390625 0.76181640625 0.9744140625 0.7359375 0.971484375 0.7291015625 0.96220703125 0.72373046875 0.95390625 0.7232421875 0.9509765625 0.71982421875 0.94755859375 0.7095703125 0.9470703125 0.68271484375 0.9294921875 0.6392578125 0.9197265625 0.608984375 0.91533203125 0.60263671875 0.90361328125 0.60068359375 0.88408203125 0.6060546875 0.80546875 0.636328125 0.7791015625 0.6421875 0.7625 0.64951171875 0.73173828125 0.6578125 0.7068359375 0.6705078125 0.70048828125 0.6783203125 0.6892578125 0.68662109375 0.68291015625 0.69541015625 0.6833984375 0.698828125 0.69365234375 0.70859375