2 0.21807591249999997 0.459375 0.219227284375 0.440291140625 0.217780653125 0.42056414374999995 0.2208445609375 0.376594846875 0.220185634375 0.3588948984375 0.21598354843749998 0.3416796671875 0.216925478125 0.32297795156250003 0.21946977343750002 0.3128809140625 0.2167128140625 0.3057862359375 0.2162126296875 0.2961768515625 0.215574296875 0.2953125 0.202011396875 0.2953125 0.1805189984375 0.3035504640625 0.141415503125 0.3245552265625 0.11233797187500001 0.3451134890625 0.083077746875 0.372243496875 0.0503807 0.4084540796875 0.0366573484375 0.43011405781249995 0.0251799765625 0.459375 0.21807591249999997 0.459375
2 0.35 0.459375 0.35 0.196875 0.34516002968750004 0.196875 0.30284785 0.22219719062499999 0.283158309375 0.23724351875 0.2492540703125 0.2694596484375 0.22145095625 0.3027572703125 0.209375 0.31216667187499997 0.209375 0.40976328281249996 0.21969966875 0.42404290468749994 0.23980083749999997 0.459375 0.35 0.459375
18 0.35 0 0.10580878593750001 0 0.0905833109375 0.027176565625 0.0776836421875 0.0605456859375 0.06257057031249999 0.110374603125 0.064736396875 0.122866659375 0.077252328125 0.135918534375 0.08244824843750001 0.18586644531250002 0.0884726796875 0.1993794640625 0.09551308124999999 0.20790668281250002 0.1067512359375 0.2189543734375 0.12654110000000002 0.23354639375000003 0.1514405609375 0.246670828125 0.181521246875 0.2578125 0.264792078125 0.2578125 0.2810385 0.2539194484375 0.2967317359375 0.2460246046875 0.306480878125 0.2380949328125 0.35 0.2116478765625 0.35 0
18 0 0 0 0.153146084375 0.001065671875 0.153622603125 0.01641549375 0.165625 0.043798376562500005 0.165625 0.049197715625 0.1611627046875 0.0706581734375 0.1260498046875 0.078125 0.0976320546875 0.078125 0.02851354375 0.0735617796875 0.0141284890625 0.062465315625 0.0031799156250000003 0.051563462500000004 0 0 0
18 0 0.44172288281250005 0.005101245312500001 0.44038835781249996 0.0255128765625 0.4297528625 0.03764185625 0.420605246875 0.06473081875 0.3946443109375 0.0869032421875 0.36711807812499997 0.1010857140625 0.3333991375 0.1140625 0.27606974218749997 0.1140625 0.2396409609375 0.1139494328125 0.2392383453125 0.0991174765625 0.22071381875 0.08770805468750001 0.21808612656249998 0.08062670937500001 0.2129230546875 0.0774450484375 0.1995884 0.0665935796875 0.17698999375 0.064263965625 0.1734375 0.0372855765625 0.1734375 0.03111065 0.1762697078125 0.0265417 0.17624290625 0.021545890625 0.18031083125 0.015856434375 0.19103268281250002 0.0092065484375 0.2109676625 0.0021359328125 0.2739210703125 0 0.28215341718750003 0 0.44172288281250005
16 0.8459719031249999 0.23157548593750002 0.8376618796875 0.199457878125 0.8292413671875 0.18416557656250002 0.8292966125 0.175752925 0.8224487140625001 0.1614413734375 0.802351978125 0.145720575 0.7916091328125 0.14380224218749998 0.7878512171875001 0.1398648484375 0.7843056625 0.13988499375000002 0.77609105 0.1567563484375 0.7735807484375 0.17606950937500002 0.7744301874999999 0.1918996734375 0.7839899781249999 0.23786579687499998 0.80024055 0.2857732796875 0.8011452312500001 0.29319078906249996 0.8088734203125 0.305023121875 0.8110034781250001 0.31639241875 0.8212376609375 0.3277156671875 0.8260329828125 0.3415440359375 0.829151665625 0.343010846875 0.83968215 0.3409716359375 0.8424801390625 0.3459041734375 0.8518892749999999 0.35129398749999996 0.8571559390625 0.3578125 0.8581680234375 0.3578125 0.8587393265625 0.35620350156249997 0.8692963562500001 0.3546589828125 0.875 0.3504915734375 0.875 0.3324758796875 0.8624771578124999 0.3314400859375 0.8609375499999998 0.3027479125 0.8547575828125 0.281999603125 0.8462308921874999 0.2647285296875 0.8476198453125001 0.25284439375 0.8459719031249999 0.23157548593750002
16 0.6515625 0.459375 0.6515625 0.384358415625 0.6488620562499999 0.374325471875 0.64013358125 0.363661903125 0.6311354375 0.35759175 0.6238290531249999 0.35457299375 0.615125159375 0.35411339062499997 0.605694675 0.35927027031250003 0.5925553265625 0.37159158593749997 0.5726670031250001 0.4109930234375 0.5694396421875 0.4273383578125 0.5735967437499999 0.4579265125 0.5741018515625 0.459375 0.6515625 0.459375
16 1 0 0.9437086609375 0 0.9493105234375001 0.0103614921875 0.9548153718750001 0.028041289062500002 0.963637234375 0.0411474390625 0.9677264671875001 0.051244715625000006 0.9769232859375 0.0618184546875 0.9880124609374998 0.0703125 1 0.0703125 1 0
16 0.50199885 0.2606245453125 0.49500589687499996 0.27028351875 0.47387426093750007 0.2769886703125 0.4682746625 0.2846146390625 0.454160028125 0.291784615625 0.45047930156250005 0.2978806796875 0.44235680781250003 0.3050153296875 0.4374659140625 0.316686696875 0.43141183125 0.3251831125 0.4324817921875 0.34587303281250004 0.4499933859375 0.35609620625 0.4596723296875 0.359375 0.5344916234375 0.359375 0.5488113796875 0.35450119375 0.5721518765625 0.342214853125 0.5773306390625 0.3361099546875 0.5900257453125001 0.3304669390625 0.5951783390625 0.323855996875 0.6092668031249999 0.31617998125 0.6203125 0.303852071875 0.6203125 0.276249184375 0.6190528437499999 0.2736017328125 0.612720496875 0.2670585046875 0.5816847140625001 0.2561051515625 0.5515931593750001 0.2537515828125 0.5078339734374999 0.2575529609375 0.50199885 0.2606245453125
16 0.4949278421875 0.22332096093749998 0.48475185156249995 0.23787410156250002 0.48179455625 0.2478869984375 0.4845467125 0.2484375 0.5304332578125 0.2484375 0.5515147499999999 0.240981990625 0.5669198421875 0.23139605468750002 0.5952217453124999 0.2022432609375 0.6171875 0.170442421875 0.6171875 0.1602945 0.6157862703125 0.1581423375 0.5990624328124999 0.15625 0.59260480625 0.15625 0.5785730796874999 0.1593596 0.5640575671875 0.1669412140625 0.537849415625 0.1885850625 0.4988788765625 0.2133022515625 0.496498684375 0.21531529531250002 0.4949278421875 0.22332096093749998
16 0.8603850640624999 0.0696386328125 0.8536497593749999 0.0914097296875 0.8501248296874999 0.1240287546875 0.8511199156250001 0.1328195828125 0.8617804140625 0.14517723437500002 0.8721375390624999 0.1518447546875 0.89213025625 0.17139322968749998 0.90224345 0.1765625 0.9220728781249999 0.1765625 0.9306010765625 0.172208109375 0.941378603125 0.1571406453125 0.939526321875 0.142145409375 0.94375 0.12149251718750001 0.94375 0.0329105859375 0.9401345765624999 0.0251999625 0.9348372703125001 0.021875 0.9055225078125 0.021875 0.8923844546874999 0.028060246875 0.8875357234374999 0.0358496109375 0.8790032984374999 0.0436600421875 0.8762043765625 0.05040279843749999 0.866093225 0.0582222578125 0.8603850640624999 0.0696386328125
16 0.6421875 0.078034515625 0.6421875 0.09169276562499999 0.6483259765625 0.10280863437500001 0.6421875 0.12955734375 0.6421875 0.13034217812499999 0.65085756875 0.17077810625 0.6509621796875 0.18253416875 0.6536957875 0.1860963328125 0.6643439234375 0.1921875 0.6729410421875001 0.1921875 0.680451103125 0.1813397328125 0.697188240625 0.140860421875 0.715235546875 0.11570825625 0.726416725 0.1054198 0.7296875 0.0974313703125 0.7296875 0.0845958234375 0.7158935296875001 0.050275965624999995 0.70485231875 0.0339832984375 0.6991948 0.03125 0.6905481453125001 0.03125 0.6841558171875001 0.03768221875 0.6721204359375 0.0316185484375 0.65782976875 0.0409028328125 0.6506967015624999 0.0506565015625 0.6461349109375 0.070618359375 0.6421875 0.078034515625
16 0.7139896796875 0.11520560937499999 0.7024571765625 0.12952065937499999 0.689346146875 0.151214528125 0.6818973609375 0.168453675 0.6804217953125 0.1777971296875 0.6816615203125 0.18270300625 0.7121648671875 0.183508159375 0.7189638734375 0.181994678125 0.750348665625 0.1714946 0.7718073125 0.1590870359375 0.777418075 0.15364999375 0.8060187109375001 0.10877449218749999 0.8197002093750001 0.0792163625 0.8184862265625 0.0748016453125 0.81592746875 0.072851296875 0.7986596765625 0.07147782968750001 0.7835130546875 0.063705009375 0.7800749406249999 0.0637250109375 0.7289345562499999 0.10037939375 0.7139896796875 0.11520560937499999
16 0.8291537218750001 0.459375 0.8381283625 0.440221184375 0.84317074375 0.43331352343749996 0.8445454375000001 0.412670553125 0.8430246562499999 0.3930270453125 0.8253791109375002 0.34694666875 0.8133638031250001 0.32392505312500003 0.7904678609375 0.2901579453125 0.7852731234375 0.2847837703125 0.7798188921875 0.28383288281249996 0.7568867671875 0.2962490203125 0.7570648624999999 0.309022015625 0.7603700953125 0.3252159796875 0.78150315 0.381593553125 0.788089965625 0.40415544062500003 0.8034640765625 0.4350184578125 0.8076486671875 0.4492420703125 0.8124133140625001 0.459375 0.8291537218750001 0.459375
16 0.77027885625 0.2892927828125 0.7801556078125 0.2808830703125 0.7809834812500001 0.27793040156250004 0.7955895546875 0.27538887968750003 0.7916901984375 0.2572331375 0.7878659765625 0.2498857515625 0.7450878281250001 0.2304822734375 0.7326029249999999 0.2266244375 0.7217974234375 0.2266873015625 0.7028460531249999 0.2400628984375 0.6936684734374999 0.24306414531249998 0.6754441046874999 0.242187553125 0.6662943515624999 0.236345078125 0.666347921875 0.2279925140625 0.6295346390625 0.238032865625 0.6166851906249999 0.2459685640625 0.617997959375 0.2710176796875 0.6271477109375001 0.27686015468749997 0.632059303125 0.2768315796875 0.6397140125 0.26352170625000004 0.6444969015625001 0.2610373359375 0.64674050625 0.2850984203125 0.6483426875 0.2875456421875 0.6814799265625 0.3011095046875 0.6983080375 0.303468146875 0.7000924921875 0.30001860156250004 0.7027542109375 0.3039335875 0.7214182578124999 0.303825003125 0.753448653125 0.2962690234375 0.77027885625 0.2892927828125
16 0.4279595875 0.2541413875 0.4289515640625 0.27306943125 0.4362948203125 0.2725661078125 0.4536676625 0.266569328125 0.469309621875 0.2556695296875 0.4776871546875 0.24677723125 0.4827337140625 0.221199809375 0.4731442859375 0.216342509375 0.4725244234375 0.21388957187500002 0.47777273124999997 0.210911184375 0.47849764375000003 0.2059938796875 0.4763270828125 0.2020760359375 0.4708471109375 0.20063398906250002 0.4593424375 0.2061053203125 0.43796518906250004 0.2013166 0.4252446265625 0.20233683125000002 0.42726073124999997 0.240806415625 0.42875351562499997 0.24116621249999998 0.42955355937500006 0.2470572640625 0.4279595875 0.2541413875
16 1 0.1543480671875 0.99476990625 0.14796369843749999 0.98102789375 0.10136930156249999 0.9760390828125001 0.0999244 0.9594683734375 0.10247735 0.955873728125 0.108885278125 0.9507262953125 0.123163184375 0.9485000750000001 0.136932784375 0.9489592281250001 0.16444341093749998 0.9585423921875 0.1973053546875 0.965131296875 0.210532359375 0.9749523906250002 0.219810090625 0.9876689593750001 0.228088359375 0.9893741015625 0.23250021875 0.9871499703125 0.23693493906250002 0.9883639546874999 0.24134965625000002 1 0.242802996875 1 0.1543480671875
16 0.7423627734375 0.3941039890625 0.7289212921875 0.3907430265625 0.73173745625 0.397604965625 0.7353557546875 0.40102307656249997 0.7351734828125001 0.4069198453125 0.74457855 0.4270087921875 0.7616341515625 0.452457628125 0.7853684109375 0.4365976609375 0.7857308656249999 0.43413900781250003 0.7681820187499999 0.4180279109375 0.7539425796875 0.399441015625 0.7423627734375 0.3941039890625
16 0.6965574828125 0.459375 0.700758246875 0.44396823281250003 0.7065770234375 0.43312558437500004 0.709421015625 0.431143803125 0.7200442453125 0.43697770625 0.7219574 0.435983959375 0.7221139328125 0.42959603125 0.7171272078125 0.4188162484375 0.720981346875 0.40798502968749994 0.7270832703125001 0.40254513281250004 0.7274199859375 0.3995953203125 0.7245008609375001 0.39076874375 0.721425203125 0.38833009218750003 0.6912328296875 0.3840839671875 0.6760068968749999 0.3841725484375 0.6468462359375 0.39023790625 0.6510523890625001 0.42362243906249997 0.649139234375 0.4246161875 0.6445045234375 0.4580521578125 0.6494232015625 0.459375 0.6965574828125 0.459375
16 0.8517876187500001 0.27899240000000003 0.859123 0.3064630234375 0.8618278468749999 0.34869985 0.8640756312499999 0.354091171875 0.8719599171875 0.3545366109375 0.8823041765624999 0.336298 0.8908361546875 0.33035265625 0.9416057296875 0.33349645 0.9532391046875001 0.33048091562500004 0.9602976046875 0.32454414374999996 0.95947181875 0.3181619328125 0.9448699250000001 0.30203369062499996 0.9341952156249999 0.2952174703125 0.9292857125000001 0.2859111640625 0.9188962374999999 0.27516281249999996 0.894003653125 0.2689206171875 0.8764012343750001 0.261162084375 0.8670434703125001 0.260725215625 0.8551506 0.268164040625 0.8517876187500001 0.27899240000000003
16 0.5668415984375 0.459375 0.568224590625 0.43687835 0.5748754203124999 0.4044132703125 0.58041105 0.388167871875 0.57718095 0.3827822640625 0.5664269296875 0.3838274484375 0.5558788328125 0.38880190468750003 0.5480202875 0.38884762500000003 0.52186015 0.3865432734375 0.5142353578125001 0.3816745453125 0.5058599125 0.3812319625 0.48199903749999995 0.385301253125 0.456379453125 0.3933112453125 0.4426784796875 0.3943735734375 0.4355041453125 0.3981001296875 0.436756853125 0.42200320781249995 0.4427730859375 0.43367773437499996 0.4528258453125 0.447375896875 0.4580477671875 0.459375 0.5668415984375 0.459375
16 0.6670949609375001 0 0.6654651203124999 0.014278284375 0.6798497250000001 0.038760040625 0.69260409375 0.0321350546875 0.7168118828125 0.0565596609375 0.7304242703125 0.06630664375 0.752308446875 0.0776432 0.7721333765625 0.049687025 0.7556825640625 0.017028807812499998 0.7313761875 0 0.6670949609375001 0
16 1 0.347980828125 0.9819675625000001 0.366167209375 0.9741178250000001 0.40387989218750003 0.9773064171874999 0.4022236453125 0.9847990249999998 0.42019471406250003 1 0.41871733125 1 0.347980828125
15 0 0.8583761125 0.0418992125 0.890625 0.045965584375 0.890625 0.0535140421875 0.885276221875 0.0949383 0.8811668171874999 0.162597921875 0.8866460249999999 0.179167625 0.8715782000000001 0.24130401093749998 0.7866504671875 0.2484375 0.7689589 0.2484375 0.7417863656250001 0.246827246875 0.7345979859374999 0.23025754375 0.7167905578125 0.16812115625 0.6729568890625 0.151551453125 0.6729568890625 0.0825110234375 0.6989831296875 0.045229190625 0.6907643171875 0.002424125 0.6030969781250001 0 0.6026160171875 0 0.8583761125
15 0 1 0.28125 1 0.28125 0.9971645437500001 0.2747224265625 0.9211887078124998 0.2593346296875 0.8999513312499999 0.24674461406249998 0.89428803125 0.1628111765625 0.8957038546875001 0.1362322546875 0.8872089046875 0.1292378015625 0.878713953125 0.1096533328125 0.878713953125 0.056495490625 0.8829614296875 0.01872544375 0.9056146328124999 0 0.9076746468749999 0 1
15 0 0.602121353125 0.0009228109375 0.6048797968749999 0.036977696875 0.680874540625 0.054271362499999996 0.696875 0.0982985 0.696875 0.1409821734375 0.676729371875 0.183970690625 0.6712024828125001 0.2089317640625 0.6532400875000001 0.21031849062500002 0.6380411390624999 0.24082647031249999 0.6394228625 0.30322915625 0.6104066859375 0.3125 0.5993218171875 0.3125 0.5592800734375001 0.2657875453125 0.47499787187500003 0 0.47499787187500003 0 0.602121353125
15 0.35 1 0.35 0.670156059375 0.32240111875 0.6648987249999999 0.21757264531249998 0.7062815578125 0.245159084375 0.7338701140625 0.25067637187499997 0.765596953125 0.23826247500000003 0.7918060828125 0.181710271875 0.8676746109375 0.181710271875 0.87457175 0.20791738906249999 0.8773306046875 0.2203312890625 0.8938837375 0.2437797625 0.898022021875 0.265848915625 0.91457515625 0.27274552500000004 0.9435431390625 0.2771444234375 1 0.35 1
15 0.35 0.5228352578125 0.3095240125 0.475 0.26047769062500004 0.475 0.31361120625 0.5717302453124999 0.310886409375 0.5948910078124999 0.299987228125 0.6071525890625 0.2441289171875 0.6330381468749999 0.2577528953125 0.6534741140625 0.2768264640625 0.6575613078125 0.35 0.612844146875 0.35 0.5228352578125
6 0.60340298125 0.459375 0.5778008984375 0.4660851609375 0.54456015 0.4860956234375 0.5067121578125 0.518773275 0.4744390921875 0.53316655 0.4734375 0.536043703125 0.4734375 0.55365868125 0.48344478281250003 0.5975279734375001 0.49136044375 0.6125 0.578634078125 0.6125 0.635533484375 0.605553596875 0.7739247484375 0.542265553125 0.790625 0.5202988015625001 0.790625 0.459375 0.60340298125 0.459375
6 0.5505473078125 0.459375 0.52669321875 0.4704583109375 0.51875 0.4797624015625 0.51875 0.4953125 0.53825604375 0.4953125 0.56875 0.4699087390625 0.56875 0.4642068015625 0.56184273125 0.459375 0.5505473078125 0.459375
6 0.6515923671875 0.66967294375 0.70795804375 0.6842488624999999 0.718352875 0.6938215624999999 0.7207792390625001 0.7076417484374999 0.743552421875 0.721875 0.756910259375 0.721875 0.7822480296875 0.7166187515625 0.7965953875 0.705372621875 0.796875 0.7047081109375 0.796875 0.64126498125 0.7928504281250001 0.6375587140625 0.7706597921875 0.636432684375 0.739600490625 0.5910949343749999 0.7175055078125 0.578125 0.7047425374999999 0.578125 0.6820636359375 0.5793023749999999 0.6130241812499999 0.598110646875 0.602294959375 0.602390334375 0.6014375765625 0.6093245765625 0.62178825 0.6409387390625 0.6515923671875 0.66967294375
6 1 0.53469555625 0.9487548484375001 0.5491548828124999 0.825768590625 0.6424577484375 0.815625 0.666659996875 0.815625 0.694314634375 0.8194049718749999 0.7232601203125 0.8628717281250001 0.7311022953125 0.9197682890625 0.753125 0.93802284375 0.753125 0.959813203125 0.73275085625 0.9823628531249999 0.719960071875 1 0.71378075 1 0.53469555625
6 1 0.459375 0.886871003125 0.459375 0.867995546875 0.47480653593750005 0.8136817015624999 0.50108688125 0.7699539953125 0.5372138296875 0.7400920328125 0.5518103437499999 0.7375 0.5580321640625 0.7375 0.5771131703125001 0.7380051625 0.5803243828125 0.756877521875 0.6256851859375 0.7845460921875 0.6381794953125001 0.8001668375000002 0.6515625 0.8212738046875 0.6515625 0.9661033390625 0.5448744265625 1 0.5084261125 1 0.459375