0 0.032037275 0.47030368281249996 0.0816104703125 0.488604534375 0.1101453796875 0.49600700781249996 0.125850015625 0.4984375 0.1814727 0.4984375 0.1904436828125 0.495172309375 0.197536934375 0.4794759796875 0.230000590625 0.335607434375 0.23125 0.32822119375000003 0.23125 0.246434884375 0.2224130890625 0.23463832187500003 0.20324683281249997 0.221942440625 0.17575446249999999 0.2110213859375 0.175361434375 0.2109375 0.07633977812500001 0.2109375 0.0756422234375 0.21118511093749998 0.0695744703125 0.21597466718749997 0.0640407671875 0.2245460734375 0.0140625 0.41534175781249993 0.0140625 0.456247728125 0.032037275 0.47030368281249996
0 0 0.61875 0.0537604640625 0.61875 0.06552878437500001 0.5831382484375001 0.0674354015625 0.5658110015625 0.0740335296875 0.551882915625 0.0742217390625 0.5394537671874999 0.0792596640625 0.5366815390624999 0.0791014625 0.5304237765625001 0.08564503749999999 0.5242747078125001 0.0875 0.5203019765625 0.0875 0.4864319484375 0.075383725 0.47942272812500003 0.0468964140625 0.46883510937499995 0.0201984265625 0.4528423109375 0 0.446285559375 0 0.61875
0 0 0.2612932625 0.038870992187499995 0.271875 0.06332109062499999 0.271875 0.06690661875000001 0.2654850234375 0.0718649109375 0.248388875 0.0789091921875 0.2383127578125 0.0878205984375 0.23316881875 0.10936145156249999 0.22556573124999998 0.1398380265625 0.22358805468749998 0.1747594921875 0.2300580765625 0.20691674375 0.24528385937500002 0.22154571562499997 0.243165815625 0.22653642812500002 0.24042880156250002 0.226528325 0.23683901875000002 0.2168035984375 0.2295411234375 0.2172872703125 0.22244683437499999 0.2320378484375 0.179339246875 0.2359375 0.18024170625 0.2359375 0.16612218125 0.23557485156250002 0.16507640625 0.23458050312499998 0.13568694375 0.2307597890625 0.11914366406250002 0.2228616640625 0.09882903125 0.21656585625 0.0926287171875 0.206419609375 0.0883346859375 0.1402244625 0.078580071875 0.014886553124999998 0.0525845078125 0.0018274796875 0.054457735937499994 0 0.05578912968750001 0 0.2612932625
0 0 0.40625 0.00021706875 0.40625 0.0157871375 0.4029169203125 0.033735387500000005 0.39747452499999997 0.0484375 0.321847578125 0.0484375 0.290771959375 0.0360872984375 0.2727941828125 0.008993453125 0.2581113734375 0 0.2584385359375 0 0.40625
0 0.3890625 0.1527904296875 0.366332615625 0.1505596140625 0.33779109375 0.14739571875 0.3164398703125 0.14375 0.3141750125 0.14375 0.30641405 0.152295509375 0.225407375 0.4769585015625 0.23610594687500003 0.5078479734375 0.2930081328125 0.53978843125 0.330864896875 0.5616386 0.36369962031249997 0.57066426875 0.38506050625 0.575 0.3890625 0.575 0.3890625 0.1527904296875
0 0.3282353515625 0.61875 0.346875 0.5804916359375001 0.346875 0.5545943734375001 0.3120683265625 0.5391784171875 0.2753236203125 0.5223608 0.2635456234375 0.515625 0.2618690984375 0.515625 0.22374866875000002 0.61875 0.3282353515625 0.61875
0 0.2237680703125 0.61875 0.2578125 0.530278921875 0.2578125 0.51554130625 0.2343088734375 0.49700849687500004 0.228511628125 0.477085425 0.2546553671875 0.3765444828125 0.2228560484375 0.35625 0.22135411875000002 0.35625 0.194731125 0.48509470625000006 0.1842146140625 0.4987929015625 0.163127940625 0.502081853125 0.108705865625 0.4979642390625 0.0916842203125 0.49678255312499997 0.0640625 0.5750628953125 0.0640625 0.5765599921875 0.1500097046875 0.61875 0.2237680703125 0.61875
0 0.25648335 0.3390625 0.2648124203125 0.3390625 0.3015625 0.19127977499999999 0.3015625 0.17745826874999998 0.22044400312499998 0.229204928125 0.2140625 0.2403470875 0.2140625 0.2517619390625 0.23156727500000002 0.2749256328125 0.23010766875000002 0.297501659375 0.25648335 0.3390625
6 0.7875 0.180741190625 0.791256075 0.1987849109375 0.801418475 0.2158080125 0.8137253578125 0.245407678125 0.8244797500000001 0.2628988046875 0.8439923125 0.2796875 0.9001864953125001 0.2796875 0.900556965625 0.27952035 0.91309833125 0.2653077046875 0.9183122734375001 0.2561831953125 0.940625 0.2009461609375 0.940625 0.127695153125 0.9376950296875 0.12106335312500001 0.9156252500000001 0.09415326406249999 0.9051828453125002 0.0542003046875 0.8981829125 0.0410967125 0.8919929765625 0.0343106140625 0.8897720296875 0.0328125 0.8371743031250001 0.0328125 0.82749565 0.045767789062499994 0.816906275 0.09180164843750001 0.7999974562500001 0.11344256562499999 0.7892630765625 0.1375994828125 0.7875 0.1547806015625 0.7875 0.180741190625
6 0.759792265625 0.3608081890625 0.753109740625 0.368753834375 0.7512297515624999 0.37410759531250004 0.7458301625 0.40403291875 0.7521357421875 0.44911987968749995 0.736755078125 0.48529972031249996 0.7341679875 0.5051373421875 0.7296875 0.5198047390625 0.7296875 0.5387409640625 0.7299914796875 0.5405858703125 0.7368139859375 0.55371804375 0.7438672046875 0.56065089375 0.7445342453125 0.5609375 0.789153753125 0.5609375 0.7963437578125 0.5573884234375 0.8209033078125 0.5207024609375 0.8435230125000001 0.4729137921875 0.8571989015625 0.45544452343749997 0.8611191250000001 0.4539796921875 0.864041675 0.45674157187500003 0.8680922203125 0.45629119375 0.874022753125 0.4504870546875 0.8921753796874998 0.4278897671875 0.89650683125 0.41763317187500004 0.9 0.3972127796875 0.9 0.3436194890625 0.8980875390625 0.32999705 0.8981227718749999 0.3222760390625 0.9 0.3183100171875 0.9 0.311781540625 0.89830859375 0.3037343625 0.88413699375 0.2893614375 0.872592071875 0.28344248906249997 0.860315459375 0.2796875 0.83800325625 0.2796875 0.8225819484375 0.285916246875 0.8085652937500001 0.2967352578125 0.8011959328125 0.307329634375 0.79555596875 0.323390921875 0.7838401921875 0.34012777031249997 0.759792265625 0.3608081890625
6 0.9151106921875 0.61875 0.9210617687500001 0.6081143046874999 0.9311736640625 0.5763856671875 0.9388911609375 0.5377856609375 0.9545524359375002 0.5059459656249999 0.959529471875 0.48550091562500003 0.96875 0.464068615625 0.96875 0.4145266171875 0.9685608562500001 0.4136070625 0.9609084687500001 0.40120468125000003 0.94178701875 0.39008575625 0.9265090421875 0.3859375 0.9120745703124999 0.3859375 0.9033758437500001 0.39030458125 0.8991593828125 0.3968958375 0.8944243046875 0.4152740078125 0.8919405453125 0.43544004062499997 0.8872549031249999 0.450243021875 0.87040901875 0.46487694843750005 0.8343228484375 0.4872734328125 0.8267588890625 0.4993388046875 0.8199008421875 0.5169346453125 0.8043237015625 0.5375460015625 0.7962758234375 0.5537451359375 0.7889485984375 0.5795526953125 0.7894567671875 0.599383915625 0.7802684921875 0.61061115625 0.7767503671875 0.61875 0.9151106921875 0.61875
6 1 0.2566394578125 0.9948414859374999 0.2542245109375 0.9849405749999999 0.25178708906249997 0.9670794796875001 0.2502346203125 0.954641690625 0.25161735625000003 0.9405339875 0.255712975 0.9235839734375 0.26517905 0.913968578125 0.272818825 0.9057963984375 0.2838362828125 0.8956782796875 0.3072008 0.89332826875 0.3281853796875 0.8951850499999999 0.34263691875 0.904775315625 0.3622940703125 0.9120900187500001 0.3720952609375 0.925438890625 0.3817310703125 0.9459943265625 0.38854392031249996 0.9520612703125 0.3984375 0.993396665625 0.3984375 0.9961737609375 0.39812876406250003 1 0.395885190625 1 0.2566394578125
6 1 0.61875 1 0.4669433328125 0.986492840625 0.4692171328125 0.97477105625 0.47409100625 0.9537138328125 0.494318059375 0.9353994875 0.535727628125 0.93125 0.5581484203125 0.93125 0.5676051625 0.9319469671875 0.580613290625 0.9431656640625 0.6116033843750001 0.9475983703124999 0.61875 1 0.61875
18 0.3890625 0.61875 0.3686368375 0.61875 0.3633678734375 0.6255597390625 0.33224329375 0.657410765625 0.3001992859375 0.6960696796875 0.2916102453125 0.7097957421875 0.290625 0.7132173625 0.290625 0.731351534375 0.298194440625 0.740625 0.34779018125 0.740625 0.3667971390625 0.7322828953125 0.3890625 0.7139533171875 0.3890625 0.61875
18 0 1 0.0978341515625 1 0.0977160953125 0.999810984375 0.0780140890625 0.978397875 0.0706840859375 0.9664470812499999 0.051631628124999995 0.9530573 0.0441332328125 0.9315228828125001 0.034896328125 0.926822053125 0.02371706875 0.927353584375 0.0009128437499999999 0.9319945437499999 0 0.9324116046875 0 1
18 0.163398896875 1 0.16072968906250001 0.9969984953125 0.1464267625 0.964474996875 0.132239053125 0.938508715625 0.11559238125 0.9173174796874999 0.1008526125 0.8888762781249999 0.0668742671875 0.8364528765625 0.054956831250000004 0.8239170687499999 0.0361816890625 0.7973657734375 0.024807448437499997 0.786800484375 0.0062804609375 0.7743724171874999 0 0.772010871875 0 0.8703183624999999 0.0029401031250000003 0.873705896875 0.015498225 0.893760634375 0.0665246328125 0.9612753703125 0.07855728437500001 0.9803683921874999 0.0963935390625 1 0.163398896875 1
18 0.0455167015625 0.61875 0.0444628359375 0.631895103125 0.04786496875 0.738686859375 0.0536425765625 0.7780636640624999 0.055768479687500004 0.8122216703125 0.05903651875 0.8245491671874999 0.083538665625 0.8586529140625 0.0904318234375 0.8746860062499999 0.10385476874999999 0.886071746875 0.10741785 0.8862465328125 0.11287897031250001 0.8786669515625001 0.1167016375 0.864671421875 0.1200279953125 0.8224294328124999 0.12327201562500001 0.8044457812499999 0.1287231203125 0.7094635578124999 0.126233846875 0.654625109375 0.13003879062499998 0.6396207765625 0.130917734375 0.61875 0.0455167015625 0.61875
18 0.184054509375 0.848320715625 0.1825604296875 0.8211772343749999 0.18411282499999998 0.7937512265625 0.1962532453125 0.703200871875 0.2001999921875 0.6962669578125 0.20473424843750002 0.6938255625 0.21518419375 0.6807310921874999 0.2317004953125 0.6655583640625 0.2315498296875 0.656983546875 0.2264457890625 0.655941221875 0.2199248640625 0.6610929734375001 0.205752309375 0.6649334375 0.1837483 0.6861725421875 0.1660038015625 0.689333821875 0.141469928125 0.71131276875 0.1270972546875 0.7616523046875 0.12019895625000002 0.80321510625 0.115411403125 0.8491291656250001 0.11777659843749999 0.8969059984375001 0.1221133046875 0.912165728125 0.134261171875 0.9378159625 0.1587721796875 0.9724241093749999 0.1680888484375 0.9816645484375 0.18297299218750002 0.98937821875 0.19725189999999998 0.991590565625 0.20938460937499997 0.9874340515625001 0.21317182968749998 0.9714209171875 0.2133339265625 0.9517021875000001 0.2082856328125 0.924888321875 0.191783334375 0.88296955625 0.184054509375 0.848320715625
18 0.27809595468750004 1 0.2776617734375 0.99474310625 0.27610450468750003 0.8771705765625001 0.2686732890625 0.801571075 0.26336540468749997 0.7889275265625 0.2557074828125 0.7583138921875 0.25263442187499996 0.7570832171874999 0.2494461453125 0.749295328125 0.2444510265625 0.7255078687500001 0.24234914531250001 0.7216610125 0.239311534375 0.722447940625 0.237209653125 0.7186010828125 0.229970846875 0.68289635 0.22782465 0.6765274890625 0.22577594374999999 0.6757070374999999 0.224297021875 0.6783703078125 0.22501747187499999 0.69042884375 0.233174278125 0.7204909875000001 0.2332983578125 0.7275526046875 0.228932490625 0.73957761875 0.2219569984375 0.7478028640625001 0.2211808015625 0.7615158671875 0.2164755828125 0.7831715890625001 0.21581203124999998 0.8322397531250001 0.2185457375 0.8431011375 0.21863179531250002 0.8769430937500001 0.2179150671875 0.9229848515625001 0.21300086562499998 0.9906352437500001 0.21298060937500002 1 0.27809595468750004 1
18 0.3890625 0.7781536578125 0.38223098125 0.780935375 0.36415599374999996 0.7942317609375 0.347834671875 0.8205013109374999 0.34593663124999996 0.8282556781249999 0.3476725734375 0.8402200390625 0.3596520484375 0.8562866546875 0.370919934375 0.86079913125 0.3805050546875 0.8563736546874999 0.3890625 0.85652431875 0.3890625 0.7781536578125
18 0.2913863171875 0.820684053125 0.3083014421875 0.8282093703125 0.31749403125 0.830388196875 0.3296887828125 0.8297624906250001 0.3448059265625 0.8217926406250001 0.35676138125 0.8075481046874999 0.363131640625 0.793821534375 0.36290120937500003 0.7807071078125001 0.3548507546875 0.7566977749999999 0.3475827921875 0.7482777875 0.33322412031250004 0.7415258312499999 0.3118633671875 0.7414859171875 0.3012627546875 0.74600556875 0.2918548875 0.7605190671875001 0.285608709375 0.7813072484375 0.2820696453125 0.8114436140624999 0.2913863171875 0.820684053125
18 0.3890625 0.8575699109375 0.3820282921875 0.8562323921875 0.3508316921875 0.8752926703125 0.285389446875 0.94249370625 0.28046265937500003 0.9515394031250001 0.27970418750000003 0.9662612078125001 0.28182379687500003 0.9711168671875001 0.29270801562500004 0.982738046875 0.2998873515625 0.986114028125 0.316634084375 0.9840557265625 0.3266383234375 0.97453915 0.3390128984375 0.9552035171875 0.35745382812500004 0.9337896265625 0.381178621875 0.8947081328125 0.3890625 0.8777200328125 0.3890625 0.8575699109375
18 0.27904719375 0.8420372921875 0.2741913078125 0.8551181953124999 0.27623744375000003 0.8847365921874999 0.2789800140625 0.8961023765625 0.29141405625 0.9090954984374999 0.3016753171875 0.9142065515625 0.3118833984375 0.9162912015625 0.356372575 0.8722527 0.3603636359375 0.8678407890625 0.3608004796875 0.86375849375 0.3554571453125 0.849097340625 0.3420076109375 0.836198396875 0.3266600359375 0.8310538171875 0.3027162421875 0.8287273374999999 0.2925967875 0.8316866984375 0.29118876718750003 0.8383851765625 0.285086959375 0.8384458296874999 0.27904719375 0.8420372921875
9 0.440327546875 0.87022730625 0.450007925 0.8831317609375 0.454664734375 0.8922874390625001 0.46251925937500005 0.8854242703124999 0.46612734843750003 0.89447901875 0.4685672546875 0.8984375 0.4778962953125 0.8984375 0.48305363437499993 0.89393109375 0.50076498125 0.866247740625 0.522135959375 0.83129750625 0.523991546875 0.8195032546875 0.5226276140625 0.8084875968749999 0.52187229375 0.8040611468750001 0.528125 0.797007671875 0.528125 0.7845087953125 0.521170803125 0.78125 0.5088576093749999 0.78125 0.50746175625 0.783082396875 0.49819175 0.7952515421874999 0.49399685312499997 0.79484783125 0.484118228125 0.8004277671875 0.4454760125 0.8565730765625 0.440327546875 0.87022730625
9 0.3890625 0.61875 0.3890625 0.7359375 0.43353652968749995 0.7359375 0.4465908265625 0.7123872203125 0.4484375 0.649586015625 0.4484375 0.61875 0.3890625 0.61875
9 0.49276854375 0.61875 0.49240109218750006 0.6197527890625001 0.517304646875 0.6704141609375001 0.52718988125 0.6797418656249999 0.535566678125 0.6805216484375001 0.5566551125 0.680382865625 0.5675434140625 0.660377684375 0.5692494984375001 0.6510780625 0.5638836578124999 0.61875 0.49276854375 0.61875
9 0.610173096875 0.61875 0.6152778515625 0.6259365156250001 0.6234057984375 0.6603231421875 0.6323903703125 0.6674651296875 0.6502642859375 0.6680780484375 0.657132646875 0.6603099109375 0.697874296875 0.6504402984375 0.70286094375 0.6845345078125 0.709531659375 0.6946139171875 0.7105715828125 0.73990104375 0.7158290953125 0.7551035859375 0.7394950796875 0.7783253734375 0.763285490625 0.7847437375 0.8108955015625 0.7671059921875 0.8297212796875 0.754145325 0.8479392796875 0.7348224578125 0.854419525 0.717559753125 0.8541778484375001 0.705976940625 0.8205093796875002 0.6450412156249999 0.7905816890625 0.61875 0.610173096875 0.61875
9 0.5593116218749999 0.61875 0.569176278125 0.65212218125 0.5680047515625001 0.6688281328125 0.5800062 0.6930659609375 0.5965401328125 0.69775789375 0.6137330484375 0.693052728125 0.6241088109375 0.6803564015625 0.6252803359375 0.6636504546875 0.6163752578125 0.61875 0.5593116218749999 0.61875
9 0.6093398296875 0.7557000375 0.65664978125 0.7874284328125001 0.67320573125 0.8068355421875 0.7013309796874999 0.8115555562499999 0.7058854796875 0.8067248375 0.7071302265625 0.7889747687499999 0.7115382859375 0.78623229375 0.7100298484375 0.7776843734375001 0.6953484390625 0.761604575 0.669903153125 0.7487265328125 0.65371330625 0.7240988140625 0.6228568890625 0.7432961296875 0.603935875 0.7425857359375 0.6093398296875 0.7557000375
9 0.5846707734375001 0.7618111328125 0.5818735609375001 0.7415829265625 0.5629305328124999 0.7261573578125 0.5470775984375 0.7267835078125 0.523433628125 0.7182768984375001 0.507383046875 0.736750590625 0.486536290625 0.7484721875 0.4899924859375 0.759303296875 0.49792996093749997 0.7663478109375 0.551207615625 0.788122353125 0.5762647859375 0.791505828125 0.5846707734375001 0.7618111328125
9 0.8163506593750001 0.7644609890625 0.7947496843749999 0.771908628125 0.8030020562499999 0.7894918328125 0.8386254578125001 0.807521090625 0.9007043937500001 0.763905853125 0.92698378125 0.749860521875 0.9309038859375001 0.6939598499999999 0.9190760125 0.697305084375 0.9067524921875 0.7077182234375 0.8832037578125 0.7128826703125 0.85522495 0.7060744140625 0.8492792625 0.7307434421875 0.8400238203124999 0.742493121875 0.8163506593750001 0.7644609890625
9 0.693144653125 0.838117884375 0.6755636203125001 0.8333284781250001 0.6437845296875 0.8356248984375 0.6508361859375 0.90038853125 0.6740116437499999 0.9456343484375 0.686137515625 0.9530687546875001 0.7006284546874999 0.9418064421875 0.7110262328125 0.9438252921875 0.7202084515625 0.9331197359375001 0.7385216890625 0.927467925 0.7423511609375 0.8878887687500001 0.73239270625 0.8796051859375 0.72479931875 0.8526248859375001 0.7153534078125 0.83703245 0.693144653125 0.838117884375
9 0.6252296187499999 0.8296939 0.65021356875 0.83412149375 0.6706210046875001 0.8286646265625001 0.7048824124999999 0.836057721875 0.7143575125 0.8211756781249999 0.7045454984375 0.8108038515625001 0.6752999296875 0.8070304890625 0.653654925 0.7850477687499999 0.6353196750000001 0.775984403125 0.6214657031249999 0.7631344421875 0.61308890625 0.7623546593749999 0.5815222984374999 0.8067083687500001 0.6252296187499999 0.8296939
9 0.3890625 0.789907140625 0.43275375625 0.8391009875 0.44712026875 0.8446420953124999 0.49079073281249996 0.7930076125000001 0.49144971562500006 0.78361051875 0.45969981562499995 0.7554324593749999 0.436421946875 0.7417052421875 0.42999291093750003 0.7432086484375 0.42163812656250005 0.757144040625 0.4116284671875 0.7646197609375001 0.3890625 0.7664107031249999 0.3890625 0.789907140625
9 0.6513846062499999 0.6671313999999999 0.64729144375 0.6804125640625001 0.64799445625 0.700445825 0.65466516875 0.7105252296875 0.669178125 0.7139780953125 0.6934810765625 0.7130876078125 0.70811845625 0.6997370515625 0.6997488359374999 0.6537676109375 0.667896525 0.657108153125 0.6513846062499999 0.6671313999999999
9 0.7080672531250001 0.7154963515625 0.696768815625 0.711291784375 0.6563932671874999 0.715940784375 0.6575356046875 0.7297093140625 0.6749189890625 0.7523462640625 0.70379845625 0.7613402359375 0.7135152343750001 0.75804100625 0.7080672531250001 0.7154963515625
9 0.7132663828125001 0.79164785 0.7068373453125 0.7931512546875 0.70461871875 0.80975973125 0.7193733515625 0.824795409375 0.72584641875 0.852722359375 0.7361709734375 0.8557853328125 0.7490290515625 0.8527785203124999 0.7477914796875 0.8253389343749999 0.763234284375 0.8005030375000001 0.753715153125 0.7859547250000001 0.71546299375 0.760324196875 0.7046991171875 0.7635259546875 0.7110037281249999 0.77882596875 0.7179673234375 0.7847288875 0.7132663828125001 0.79164785
9 0.445927203125 0.61875 0.44498872812499995 0.61954299375 0.4452452421875 0.6910306390625001 0.4402002140625 0.7178853859375 0.45773004375 0.7384340921875 0.48668273125 0.74638394375 0.508356928125 0.7378921843749999 0.5188791265624999 0.7231076140624999 0.5229502765625 0.6951112734375 0.5206144015625 0.683333515625 0.4935434265625 0.63352131875 0.4781298140625 0.6278827359375 0.46703674375000004 0.61875 0.445927203125 0.61875
9 0.5535138125 0.6800904453125 0.5292108609375 0.6809809328124999 0.5222692796875 0.689793190625 0.5188059078125 0.7241517375 0.5499260171875 0.7312524125 0.5704798921875 0.7237073031250001 0.5772750328125 0.7169832875 0.5793252015625 0.6877478781249999 0.5677850921875 0.6719604968749999 0.5535138125 0.6800904453125
9 0.3890625 0.766681746875 0.39660297187500004 0.768475746875 0.41267556718750004 0.764717234375 0.42387876718750006 0.75525074375 0.42991969062499996 0.74425276875 0.428997015625 0.7273518765625 0.40544828125 0.7325163234375001 0.3890625 0.731411928125 0.3890625 0.766681746875