16 0.39072908906250003 0.509375 0.4002808421875 0.49163603125 0.4015625 0.4762561265625 0.4015625 0.47177652343750004 0.3904769203125 0.4638582515625 0.3055096 0.4605902796875 0.2319801890625 0.473662175 0.2125 0.485025615625 0.2125 0.48714255624999997 0.213889528125 0.509375 0.39072908906250003 0.509375
16 0.079773284375 0.509375 0.08122446718750001 0.5021190765625 0.0534466890625 0.4400275734375 0.074688521875 0.394275940625 0.10625 0.3564021640625 0.10625 0.3531033 0.1008323109375 0.3436223453125 0.08122446718750001 0.3338184234375 0.05671466562500001 0.33055045 0 0.38435666875 0 0.4590767984375 0.01096303125 0.4612694046875 0.0273029 0.47597528593750005 0.038740809375000004 0.5037530640625 0.0738779046875 0.509375 0.079773284375 0.509375
16 0.109681371875 0.3466299015625 0.129289215625 0.380943628125 0.22569444375 0.415257353125 0.25122920312499997 0.4328125 0.2556066171875 0.4328125 0.265625 0.4316993453125 0.265625 0.4295292078125 0.2600081703125 0.4168913390625 0.2616421578125 0.4005514703125 0.24203431250000002 0.36950571875 0.148897059375 0.32375408437500003 0.134191178125 0.32375408437500003 0.109681371875 0.3466299015625
16 0.44736519374999995 0.509375 0.4719669125 0.5049019609375 0.49647671562499995 0.4754901953125 0.4984375 0.4578431421875 0.4984375 0.44346405000000005 0.4948427296875 0.436274509375 0.44909109531249997 0.38725490156250003 0.40497344843749994 0.4689542484375 0.40170547343749996 0.49346405156250006 0.393138040625 0.509375 0.44736519374999995 0.509375
16 0.254365809375 0.3475183828125 0.2445618890625 0.37366217343749997 0.25599979687499996 0.4063419125 0.29684947031250003 0.4063419125 0.3164573140625 0.42268178125 0.3261346 0.446875 0.38757805625 0.446875 0.4171875 0.43596625624999996 0.4171875 0.43229165781249995 0.4144965296875 0.41614583281249995 0.3867187515625 0.38673406875 0.35077103906249996 0.3295445265625 0.33769914375 0.31483864375000004 0.32135927343750004 0.3099366828125 0.254365809375 0.3475183828125
16 0.31014603749999997 0.3106975078125 0.32975388125 0.31559946875 0.376505534375 0.3671875 0.3818614640625 0.3671875 0.4212571484375 0.36135110312499996 0.4328125 0.33968481875 0.4328125 0.29286150312500003 0.43269505781250006 0.289455678125 0.4147212015625 0.2649458734375 0.4147212015625 0.24697201875000002 0.40164930468750004 0.24697201875000002 0.3493617234375 0.2780177703125 0.31014603749999997 0.3106975078125
16 0.22394497812499997 0.3609375 0.22856413281250001 0.3609375 0.2395935453125 0.35971200937500003 0.30625 0.2979328578125 0.30625 0.2974110125 0.2461294921875 0.2600388078125 0.144822303125 0.21755514687500002 0.1382863546875 0.305790440625 0.148090278125 0.32539828437499996 0.1758680546875 0.3401041671875 0.22394497812499997 0.3609375
0 0.073810253125 0.2908292484375 0.1009752875 0.2921875 0.139442546875 0.2921875 0.1453125 0.251097834375 0.1453125 0.24830324531249998 0.039496528125 0.23690767968749998 0.026424632812499998 0.24180964062500002 0.019888684375 0.25651552187500004 0.019888684375 0.2728553921875 0.029692606249999996 0.2810253265625 0.073810253125 0.2908292484375
16 0 0.34792780625 0.0285845640625 0.353125 0.03666564375 0.353125 0.0583690765625 0.32987132343750003 0.1015625 0.32987132343750003 0.1015625 0.3280228765625 0.09921875 0.323335375 0.038761234374999995 0.29719158437500004 0.0322252859375 0.2824857015625 0.002813521875 0.254707925 0 0.253254271875 0 0.34792780625
10 0 0.2515625 0.00317138125 0.2515625 0.00476409375 0.23244995937500001 0.019469975 0.2014042078125 0.0375 0.1848766859375 0.0375 0.1629187140625 0.03744383125 0.162188521875 0.0178359875 0.1572865609375 0 0.1686367359375 0 0.2515625
16 0.24289215625 0.1811580890625 0.23635620781250002 0.21056985312499998 0.24125816875 0.2220077625 0.2951797375 0.2514195265625 0.3000816984375 0.282465278125 0.33029003281249997 0.2875 0.3424249359375 0.2875 0.3801470578125 0.2693933828125 0.40629084843749996 0.246517565625 0.41119280937499997 0.208935865625 0.4234375 0.18903824375 0.4234375 0.168375971875 0.41119280937499997 0.14847834843750002 0.3834150328125 0.13213848125 0.3294934640625 0.1256025328125 0.2951797375 0.1337724671875 0.2625 0.153380309375 0.24289215625 0.1811580890625
13 0.5796875 0.3114474828125 0.6 0.30185546875 0.6185546875 0.28916015625 0.64150390625 0.276953125 0.6576171875 0.25546875 0.68447265625 0.2056640625 0.69814453125 0.19248046875 0.703125 0.18251953125 0.703125 0.16337890625 0.70302734375 0.1587890625 0.69912109375 0.15244140625 0.68935546875 0.14560546875 0.62978515625 0.120703125 0.5796875 0.10372086875 0.5796875 0.3114474828125
13 0.8066967343750001 0.509375 0.909375 0.456884765625 0.92548828125 0.437353515625 0.9328125 0.433935546875 0.9396484375 0.427587890625 0.9494140625 0.411962890625 0.95625 0.391455078125 0.96064453125 0.369482421875 0.9748046875 0.348974609375 0.9728515625 0.340673828125 0.95771484375 0.337744140625 0.92353515625 0.338720703125 0.899609375 0.337255859375 0.88935546875 0.342626953125 0.8732421875 0.361669921875 0.864453125 0.366552734375 0.83564453125 0.371435546875 0.81025390625 0.373388671875 0.7853515625 0.385107421875 0.7189453125 0.389990234375 0.69990234375 0.394873046875 0.62177734375 0.432958984375 0.61201171875 0.441259765625 0.6115234375 0.449072265625 0.614453125 0.453955078125 0.6330078125 0.460791015625 0.6525390625 0.485693359375 0.659375 0.497900390625 0.6681640625 0.504736328125 0.6996407640625 0.509375 0.8066967343750001 0.509375
13 1 0.509375 1 0.34541015625 0.982421875 0.34716796875 0.96044921875 0.3623046875 0.95703125 0.369140625 0.95361328125 0.3876953125 0.94775390625 0.3974609375 0.9423828125 0.4169921875 0.93603515625 0.43115234375 0.916015625 0.44189453125 0.9140625 0.44873046875 0.904296875 0.45654296875 0.9052734375 0.4833984375 0.9091796875 0.501953125 0.9182150140625 0.509375 1 0.509375
13 0.5796875 0.5012451171875 0.5990234375 0.498828125 0.6166015625 0.4939453125 0.63857421875 0.483203125 0.64541015625 0.47685546875 0.64296875 0.47001953125 0.63369140625 0.455859375 0.61318359375 0.451953125 0.6126953125 0.43583984375 0.621484375 0.4294921875 0.65615234375 0.41484375 0.7109375 0.38793174375 0.7109375 0.386293365625 0.6830078125 0.34794921875 0.65908203125 0.340625 0.64345703125 0.32548828125 0.6224609375 0.31181640625 0.61171875 0.307421875 0.60439453125 0.2986328125 0.59951171875 0.2986328125 0.5796875 0.308319646875 0.5796875 0.5012451171875
13 1 0.224609375 0.9904296875 0.224609375 0.9689453125 0.22021484375 0.96357421875 0.2177734375 0.96796875 0.21435546875 0.96748046875 0.2119140625 0.95283203125 0.20947265625 0.9435546875 0.2041015625 0.92646484375 0.20068359375 0.923046875 0.205078125 0.923046875 0.232421875 0.92939453125 0.275390625 0.9181640625 0.2978515625 0.89716796875 0.32958984375 0.89619140625 0.333984375 0.89814453125 0.337890625 0.9015625 0.33935546875 0.96162109375 0.33935546875 0.97919921875 0.34375 0.9837768562499999 0.34375 1 0.340731740625 1 0.224609375
13 0.87607421875 0.16640625 0.853125 0.16103515625 0.8462890625 0.1537109375 0.83603515625 0.1478515625 0.83115234375 0.1419921875 0.8111328125 0.12978515625 0.80087890625 0.1185546875 0.7984375 0.12001953125 0.79697265625 0.12490234375 0.7955078125 0.16298828125 0.792578125 0.17373046875 0.761328125 0.240625 0.75498046875 0.26552734375 0.74228515625 0.29189453125 0.73203125 0.305078125 0.71982421875 0.31630859375 0.70126953125 0.34072265625 0.684375 0.34776204375 0.684375 0.3509521484375 0.68564453125 0.35634765625 0.70029296875 0.37783203125 0.70908203125 0.3880859375 0.7150065109375 0.390625 0.7430308953125 0.390625 0.78525390625 0.38662109375 0.792578125 0.38466796875 0.81259765625 0.37392578125 0.8501953125 0.371484375 0.86923828125 0.3666015625 0.88046875 0.35634765625 0.91953125 0.29873046875 0.928125 0.281995271875 0.928125 0.2728290265625 0.9224609375 0.20791015625 0.915625 0.19033203125 0.9087890625 0.1869140625 0.9009765625 0.178125 0.8912109375 0.1732421875 0.87607421875 0.16640625
13 0.5796875 0.10198043593749999 0.587841796875 0.1048828125 0.594189453125 0.10927734375 0.635693359375 0.1234375 0.651806640625 0.1322265625 0.687939453125 0.14150390625 0.697705078125 0.146875 0.702099609375 0.1517578125 0.704052734375 0.16689453125 0.701611328125 0.18447265625 0.697705078125 0.18984375 0.685009765625 0.19716796875 0.648876953125 0.26650390625 0.638134765625 0.27822265625 0.605908203125 0.2962890625 0.607373046875 0.30068359375 0.616162109375 0.3099609375 0.650830078125 0.33193359375 0.664990234375 0.3431640625 0.676865234375 0.346875 0.689697265625 0.346875 0.695751953125 0.34609375 0.708447265625 0.336328125 0.717236328125 0.32119140625 0.734326171875 0.3060546875 0.795849609375 0.1703125 0.7984375 0.1629185265625 0.7984375 0.1440673828125 0.790966796875 0.11708984375 0.781201171875 0.10341796875 0.767529296875 0.09560546875 0.670361328125 0.0599609375 0.649853515625 0.055078125 0.5796875 0.055078125 0.5796875 0.10198043593749999
16 0.31722530312499997 0.509375 0.311164315625 0.5159022171875 0.288986896875 0.568321571875 0.2809223796875 0.5975554421875 0.24765625 0.67316028125 0.235559475 0.715498990625 0.20934979999999997 0.7759828625 0.186164315625 0.8163054421875 0.184375 0.84225053125 0.184375 0.8459929390625 0.204309475 0.8858618953124999 0.20531754218749998 0.9050151203125001 0.21401445937500002 0.9359375 0.215482953125 0.9359375 0.2234627015625 0.926184475 0.23253528281250002 0.902998990625 0.24059979999999997 0.894934475 0.2950352828125 0.89191028125 0.3091481875 0.8808215718750001 0.3575352828125 0.8072328625 0.382736896875 0.7578377 0.404914315625 0.6610635078125 0.4203125 0.5590505296874999 0.4203125 0.5498235874999999 0.41357106874999994 0.509375 0.31722530312499997 0.509375
16 0.0986431765625 0.509375 0.0980846765625 0.5440020171875 0.093044353125 0.58230846875 0.07590725781249999 0.64480846875 0.0496975796875 0.6851310484375001 0.041633065625 0.712348790625 0.040625 0.768800403125 0.0295362890625 0.8020665328125001 0.044657257812500004 0.8222278234375 0.0965977796875 0.8453125 0.1301411421875 0.8453125 0.15554435312499998 0.8444052421875 0.18679435312499998 0.8383568546875001 0.1918346765625 0.8161794359375 0.23518145000000001 0.7183971781249999 0.2513104828125 0.6639616937499999 0.2755040328125 0.6206149203125 0.29768145 0.5581149203125 0.3168346765625 0.5208165328125001 0.3279233875 0.5107358875 0.331779234375 0.509375 0.0986431765625 0.509375
18 1 0.9497981984375 0.9916047031249999 0.933007603125 0.9637376078125 0.9051405078125001 0.8994289265625 0.8204674093750001 0.8876390015625001 0.8151083531250001 0.8458383578124999 0.8290419015625 0.7922477906250001 0.8322573343749999 0.767596128125 0.838688203125 0.7461599015625 0.850478128125 0.701143825 0.8654834875 0.6936411453125 0.8794170343750001 0.69471295625 0.9362230374999999 0.7038239515625 1 0.9963929359375001 1 1 0.9788084953125 1 0.9497981984375
18 0.5796875 1 0.7090632609374999 1 0.6962143281250001 0.913409365625 0.6994297640625 0.8523161187499999 0.6908552734375 0.784792003125 0.6994297640625 0.7054779609375 0.6897834609375 0.6936880359375 0.6640599875000001 0.6936880359375 0.6447673843749999 0.6861853578125 0.5796875 0.6831107171874999 0.5796875 1
18 0.68837838125 0.79918190625 0.693737440625 0.8045409625 0.700003721875 0.8609375 0.705811265625 0.8609375 0.7859132171875001 0.8399107375 0.7998467625 0.8302644359375 0.845934653125 0.8270490015625 0.8909507296875001 0.814187265625 0.8984534078124999 0.8184745109375001 0.9123869578124999 0.8399107375 0.9198896375000001 0.843126171875 0.9166742031249999 0.8013255296875 0.9203125 0.79768723125 0.9203125 0.7775590703124999 0.9070279015625001 0.701647071875 0.7098146109375 0.7005752609375 0.705527365625 0.7252269218749999 0.6980246859375 0.738088659375 0.68837838125 0.790607415625 0.68837838125 0.79918190625
18 1 0.617074946875 0.910420015625 0.6139645296875 0.898630090625 0.6171799640625 0.89648646875 0.621467209375 0.8879119781250001 0.6932785703125 0.9072045828124999 0.7114993640625 0.9179226953124999 0.7554436296875 0.9211381296875001 0.8465475953125001 0.93200375625 0.8515625 0.93565759375 0.8515625 0.9479334140625 0.8218959343750001 0.9511488484375 0.7758080453125 0.9618669609375001 0.7404382703125 0.9758005093750001 0.712571175 0.9929494906249999 0.70721211875 1 0.70870768125 1 0.617074946875
18 0.662441384375 0.6669019625 0.6645850078125 0.6797637 0.6731594984375 0.693697246875 0.7138883296875 0.7022717375 0.7974896171875001 0.7097744171875 0.8242405125 0.7109375 0.8546372640625 0.7109375 0.8796875 0.7078062203125001 0.8796875 0.69570186875 0.8768036578124999 0.671189209375 0.869300978125 0.64975298125 0.86608554375 0.60902415 0.697811159375 0.6004496593749999 0.6817339890625 0.622957696875 0.662441384375 0.6669019625
18 0.5796875 0.6844376750000001 0.6007452437499999 0.6860329578125001 0.6480559734375 0.696875 0.6645146703125 0.696875 0.6796875 0.6957078593749999 0.6796875 0.695068471875 0.6650539249999999 0.6710276000000001 0.673628415625 0.6453041265625 0.651120378125 0.5895699359375 0.6417694921875 0.584375 0.609334821875 0.584375 0.5796875 0.585895375 0.5796875 0.6844376750000001