0 0.0154297796875 0 0 0.013699371875 0 0.25653465625 0.028404840625 0.2703125 0.05697603125 0.2703125 0.0680731875 0.2661068375 0.0802363921875 0.2557129734375 0.1132724171875 0.22453047656249997 0.197314665625 0.16948216562500001 0.258149803125 0.1228193125 0.29244237968750003 0.09634005 0.312794678125 0.0802082640625 0.3162485546875 0.0719233515625 0.3211605796875 0.0643602859375 0.3293231734375 0.0690720046875 0.3329747375 0.06378413125 0.32860849375 0.044397479687500005 0.3127474 0.0173712890625 0.2999575421875 0 0.0154297796875 0
6 0.559375 0.058237034374999996 0.5563688359375 0.061006479687500004 0.5138035265625 0.0697655203125 0.452333678125 0.077899565625 0.392066340625 0.0906457125 0.3493717828125 0.10612423281250001 0.26207148281250003 0.1478693390625 0.1960286015625 0.18083509375 0.144701303125 0.1969087890625 0.10860179375000001 0.22339131874999998 0.0886872359375 0.25586618906249997 0.08838691875 0.31142176250000003 0.106768553125 0.3551916484375 0.1341495609375 0.40093194062500004 0.140925115625 0.409375 0.343679325 0.409375 0.40403076406249994 0.3590766359375 0.46232467499999996 0.3099013109375 0.49799876562499995 0.28161983749999997 0.514653221875 0.25894999687500003 0.5566678421875 0.2065530828125 0.559375 0.202369659375 0.559375 0.058237034374999996
0 0.559375 0.409375 0.559375 0.283604725 0.5320694296874999 0.2820854921875 0.5082294843749999 0.2884768390625 0.49005420156249996 0.2967564265625 0.480749246875 0.2958448609375 0.4570234109375 0.31472004062500003 0.41456814218750004 0.351953865625 0.3643729171875 0.39146886875 0.34303687968749996 0.409375 0.559375 0.409375
0 0.30207228124999996 0 0.323699278125 0.033846629687500004 0.3340727125 0.059554209375 0.3313585578125 0.0674269546875 0.3228771203125 0.066936771875 0.3177547421875 0.06881690781250001 0.31645433437500003 0.07908434375 0.28742209218750003 0.09991430625 0.26628802500000004 0.12079501875000001 0.2839067234375 0.1328125 0.288513515625 0.1328125 0.29942846875 0.1292327234375 0.3246168453125 0.11593259687499999 0.339808075 0.108516215625 0.3813425625 0.0936612 0.4125659125 0.086793578125 0.43490740624999996 0.0818326640625 0.467227775 0.076138384375 0.505950421875 0.06924631406250001 0.5169059625 0.05924558437500001 0.528125 0.0443991328125 0.528125 0.028453475 0.521810609375 0.023624700000000002 0.505171015625 0.022865803125 0.49112453125 0.036415668750000005 0.488616503125 0.024889434375 0.48261024218750004 0 0.30207228124999996 0
6 0 0.409375 0 0.559803540625 0.11229950156249999 0.4290076515625 0.12351815937499999 0.409375 0 0.409375
6 0 1 0.111276440625 1 0.0426576328125 0.7605641593750001 0.02643344375 0.753189528125 0 0.7629954828125 0 1
6 0.22184471249999999 1 0.23290007343750002 0.96130623125 0.23879977812500003 0.8669109515625 0.2505991890625 0.8344625734375001 0.2476493359375 0.77694045 0.2255254421875 0.722368178125 0.22700036875000001 0.5173534296875 0.23290007343750002 0.47605549375 0.2107761796875 0.4583563796875 0.16062868749999998 0.45540652656249997 0.1444044984375 0.46130623125000003 0.1399797203125 0.4686808625 0.13850479375 0.5158785031249999 0.0957319328125 0.7120436953125 0.0662334078125 0.75481655625 0.054433996875 0.8064389750000001 0.1072233671875 1 0.22184471249999999 1
6 0.559375 0.5680171453125 0.55738385 0.5660259953125 0.45708886406250004 0.5188283546875 0.40251659218749997 0.5099787984375 0.3907171828125 0.5173534296875 0.36711836249999996 0.5571764375 0.3346699859375 0.6530466453124999 0.234375 0.8669109515625 0.22700036875000001 0.9052590343750001 0.23290007343750002 0.9406572640625 0.2255254421875 0.979005346875 0.2284752953125 0.9967044609375 0.31402101718750003 0.9554065265624999 0.40841629843750005 0.9465569687500001 0.421690634375 0.9406572640625 0.4526640859375 0.8831351406250001 0.46446349531250003 0.8374124265624999 0.5146109875 0.7135186203125 0.559375 0.6431751718750001 0.559375 0.5680171453125
6 0.559375 1 0.559375 0.9241120609374999 0.31844579687499996 0.9524566734375 0.23879977812500003 0.993754609375 0.2169409125 1 0.559375 1
6 0.559375 0.6393445796874999 0.5337850296875 0.6751705390625 0.4969118734375 0.7577664078125 0.49101216875000003 0.8005392703125 0.47331305312499994 0.840362278125 0.4718381265625 0.8580613937500001 0.4718381265625 0.8993593296875 0.4895372421875 0.9318077062499999 0.559375 0.9252347406249999 0.559375 0.6393445796874999
6 0.559375 0.409375 0.37777679062499997 0.409375 0.4128410765625 0.456881453125 0.46446349531250003 0.48490505156249997 0.559375 0.5213245828125 0.559375 0.409375
6 0.44528945468750003 0.486379978125 0.43496497031250003 0.47163071562500003 0.3464693953125 0.42443307499999994 0.3095962390625 0.420008296875 0.288947271875 0.4303327796875 0.25649889375 0.46278115781249995 0.22700036875000001 0.5158785031249999 0.2255254421875 0.7267929578125 0.24617440937500001 0.7754655234375 0.2476493359375 0.8197133109374999 0.25207411562500004 0.825613015625 0.268298303125 0.8005392703125 0.3435195421875 0.6338726031249999 0.37006821562500003 0.5527516593749999 0.3966168875 0.51292865 0.44528945468750003 0.5114537234375 0.44528945468750003 0.486379978125
6 0 0.7344224468749999 0.0013366515625 0.7326926625000001 0.0529590703125 0.707618915625 0.08983222656249999 0.6825451703125001 0.1075313421875 0.6618962015625 0.1399797203125 0.5173534296875 0.14145464531250002 0.4701557890625 0.1488292765625 0.46130623125000003 0.18275258125 0.45540652656249997 0.165053465625 0.43918233749999996 0.12375553125000001 0.4332826328125 0.0957319328125 0.4450820421875 0.07950774375 0.46130623125000003 0 0.5542519046875001 0 0.7344224468749999
7 1 0.549873021875 0.9724848890625001 0.5614583328125 0.9500323828124999 0.5580041015624999 0.927579878125 0.5787294890625 0.9379425734375 0.602909109375 0.9016731421875 0.6167260359375 0.8671308281249999 0.6184531515625 0.6564227109375 0.666812390625 0.5959736609374999 0.652995465625 0.55970423125 0.652995465625 0.559375 0.6532947671875 0.559375 0.805076 0.56333725 0.80625 0.5658489828125 0.80625 0.6011550078125 0.78943760625 0.6080634703125 0.7790749124999999 0.6616040578125 0.7566224078125 0.785956390625 0.7117174000000001 0.844678325 0.6979004734375 0.8515867874999999 0.6927191265625 0.8498596718750001 0.6823564328125 0.9310341093750001 0.6892648953125 1 0.660778984375 1 0.549873021875
7 0.9577548390625001 1 0.9308222687499998 0.97623596875 0.9135511125000001 0.9486021156250001 0.8997341859375 0.9192411500000001 0.8962799546875001 0.8846988343749999 0.87037321875 0.8795174875 0.854829178125 0.888153065625 0.8151055156249999 0.9330580749999999 0.737385309375 0.9451478859375001 0.6544837546875 0.9399665374999999 0.559375 0.9028146796875 0.559375 0.97283080625 0.6651407890625001 1 0.9577548390625001 1
7 0.559375 0.91128753125 0.637869475 0.9390625 0.646211140625 0.9390625 0.6569786265625 0.9379857515625 0.659375 0.9212111437499999 0.659375 0.912087109375 0.646615934375 0.8913536265625 0.567168609375 0.858538428125 0.559375 0.8461985468750001 0.559375 0.91128753125
7 0.559375 0.84776824375 0.5757353734375 0.8641286171874999 0.598187878125 0.8710370781249999 0.65345558125 0.8572201546875 0.724267325 0.8572201546875 0.831665865625 0.896875 0.84281560625 0.896875 0.84861965625 0.8952167 0.8607094671875 0.8727641953124999 0.8859375 0.8038075734374999 0.8859375 0.7999163421875 0.8848890875000001 0.7967711046874999 0.8658908140625 0.8036795671875 0.8348027312500002 0.7967711046874999 0.8054417640625001 0.8088609140624999 0.7605367546874999 0.8088609140624999 0.6879978953125 0.8002253359375 0.6810894328125 0.7933168734375 0.6206403828125 0.7933168734375 0.559375 0.8137386671875 0.559375 0.84776824375
7 1 0.7768469359375001 0.9949481859375 0.7657329453124999 0.9759499140625 0.753643134375 0.95867875625 0.753643134375 0.9172279796874999 0.7743685234375001 0.8775043171875 0.8210006484375001 0.8705958546874999 0.8520887312500001 0.9016839375 0.8952666234375 1 0.9852508156249999 1 0.7768469359375001
7 1 0.7351773890625 0.9724956828125 0.7260092828125 0.9638601031250001 0.7156465890625 0.9275906734374999 0.7104652421875001 0.882685665625 0.6949212 0.8740500859375 0.6845585062499999 0.8515975828125001 0.682831390625 0.8515975828125001 0.6931940843750001 0.8256908468749999 0.7018296625 0.8205094984375 0.7156465890625 0.8205094984375 0.75882448125 0.849870465625 0.7899125640625 0.8982297062499999 0.7899125640625 0.9224093265625001 0.7657329453124999 0.9621329875000001 0.7484617874999999 0.9828583765625 0.75537025 0.9984024171874999 0.7709142921875 1 0.77384319375 1 0.7351773890625
7 0.6598877375 0.7691871765625 0.6927029359375 0.7899125640625 0.6909758203124999 0.800275259375 0.7721502593749999 0.8123650687499999 0.7946027640625 0.8089108375 0.7997841109375 0.7985481437499999 0.779058721875 0.7795498703125 0.7583333328124999 0.741553325 0.7583333328124999 0.7294635140625 0.7410621765625 0.7260092828125 0.6996113984375001 0.741553325 0.6598877375 0.7691871765625
7 0.65643350625 0.9159920125 0.6529792750000001 0.9401716328124999 0.658160621875 0.9436258640624999 0.6892487046875 0.9488072109375001 0.7963298796875 0.9453529796875 0.83087219375 0.9298089375 0.84814335 0.8987208546875 0.8446891187500001 0.8866310453124999 0.785967184375 0.86590565625 0.6806131265625 0.8520887312500001 0.64952504375 0.8883581609375 0.65643350625 0.9159920125