17 0 0.47822991718749996 0.052343704687500006 0.44254289062499996 0.1229484171875 0.401427221875 0.1385223609375 0.388382428125 0.1390625 0.3859015125 0.1390625 0.34742503281250003 0.138017278125 0.321004275 0.1297055 0.291920034375 0.076785028125 0.2186671015625 0.035288284375 0.15386871875000002 0.025247015625 0.1322408125 0.00729463125 0.113806309375 0 0.1196640765625 0 0.47822991718749996
17 0 0 0 0.10016101875000001 0.1614188734375 0.3473373140625 0.1707660734375 0.35753116875 0.22490687656250002 0.3640625 0.2366915890625 0.3640625 0.29823830625 0.334009534375 0.303125 0.320488259375 0.303125 0.3183938953125 0.262423771875 0.24213738437500001 0.24738868281249998 0.2229758328125 0.14841775468750001 0.056125484375 0.11846128281249999 0 0 0
17 0.1207872265625 0 0.126411178125 0.009088556250000001 0.1679107578125 0.091907671875 0.2126718296875 0.16169603125 0.227362721875 0.1931612875 0.2601047453125 0.24212008906250002 0.3020109515625 0.315625 0.306902896875 0.315625 0.313123965625 0.31443206875 0.3333954859375 0.3017437796875 0.3388830421875 0.2945726546875 0.3377939875 0.28690241875 0.3179597375 0.25030458437499997 0.314495078125 0.22917578437500002 0.2877879734375 0.194901703125 0.260186471875 0.13305474687500002 0.2550431125 0.12792216875 0.24104912343749998 0.12591169687499998 0.23283892968750003 0.1139072328125 0.208767240625 0 0.1207872265625 0
17 0.7209375 0.5296875 0.7203125 0.5203125 0.74375 0.4828125 0.7453125 0.4703125 0.7453125 0.0796875 0.7265625 0.0671875 0.61875 0.0640625 0.525 0.0703125 0.4109375 0.065625 0.396875 0.0765625 0.384375 0.0984375 0.384375 0.3234375 0.4570989890625 0.5296875 0.7209375 0.5296875
17 1 0.5296875 1 0.0609375 0.9875 0.0609375 0.925 0.06875 0.7515625 0.0671875 0.74375 0.071875 0.7484375 0.234375 0.74375 0.4578125 0.75 0.4671875 0.76875 0.4734375 0.7546875 0.478125 0.7390625 0.496875 0.731490384375 0.5296875 1 0.5296875
17 0.4458333328125 0 0.4390625 0.0109375 0.446875 0.0640625 0.4578125 0.06875 0.5828125 0.06875 0.659375 0.0609375 0.740625 0.071875 0.736017628125 0 0.4458333328125 0
17 1 0 0.747571790625 0 0.7484375 0.0640625 0.9203125 0.0671875 1 0.061328125 1 0
0 0.35 0.6934145078125 0.3498563125 0.6932774937499999 0.33376371875 0.6873149375 0.3255336859375 0.6806534640625 0.3199076140625 0.6834849937499999 0.29933570781249996 0.719732775 0.28539724375 0.7490408484375 0.2730363609375 0.779098309375 0.2662191859375 0.8013926343750001 0.25437782656249996 0.8274159593749999 0.24227037187499997 0.8638622968749999 0.24427244374999998 0.8724578281250001 0.25158380468749997 0.879753140625 0.286265246875 0.8917938046874999 0.3080979546875 0.8958963453125 0.321326828125 0.8943829671875001 0.32752944687499996 0.888003059375 0.3307479640625 0.8815816468750001 0.35 0.8266373843749999 0.35 0.6934145078125
5 0.292985278125 0.5296875 0.2920179890625 0.5304952843749999 0.2742781234375 0.54010946875 0.258236215625 0.5430386109375 0.24210560781249998 0.549442090625 0.2319115203125 0.5598886734375 0.2343697609375 0.5723702562499999 0.2418458515625 0.5895287828125 0.2527368640625 0.606169015625 0.277021478125 0.6311590828125 0.28970548281249997 0.6292339921875 0.2982016125 0.625472453125 0.304030425 0.6201380999999999 0.3051264953125 0.6125555859375 0.3116775734375 0.600684271875 0.30809791875000003 0.5913393546875 0.31375566875 0.58454773125 0.3133628578125 0.5727414921875 0.317531725 0.5617261453125 0.31776614375 0.5552632281250001 0.3217576140625 0.551196553125 0.32719361406249997 0.5340559625 0.331564628125 0.5296875 0.292985278125 0.5296875
5 0.31707556875 0.6720489656249999 0.312830671875 0.6697267609375 0.2979355203125 0.6739650906250001 0.2909599515625 0.6779902578125 0.28444055 0.6859014796875 0.284522915625 0.690833084375 0.2807595296875 0.696842784375 0.27458859062499996 0.6992625984374999 0.26801216875 0.7066880624999999 0.26283593125000004 0.7218115875000001 0.26391933125 0.731040959375 0.2689371796875 0.7357179015625 0.288508053125 0.7332419796874999 0.294020084375 0.7294389375 0.3170945796875 0.684900759375 0.31707556875 0.6720489656249999
5 0.25996587031249996 0.6846719703125 0.26398268125 0.6850511484374999 0.2701472875 0.6910372765625 0.282197725 0.6921748078125 0.2826032078125 0.687169159375 0.2895534328125 0.678698140625 0.29652900312499997 0.674672971875 0.2903770671875 0.6518749578125 0.28722190468750003 0.650376184375 0.281234696875 0.6374413796875 0.2730933625 0.6273055703125 0.26118864531249997 0.6231794578125001 0.254529859375 0.6256733156250001 0.2366442734375 0.6382760828125 0.2365238953125 0.6457105125 0.24019224687500002 0.6515810953125 0.2425364453125 0.6630911656249999 0.249448659375 0.6669861828125 0.24717415625 0.67721960625 0.253021978125 0.684737046875 0.2550874046875 0.685412390625 0.25637988125 0.683732996875 0.2569627625 0.6717786734375 0.258800103125 0.6705109921875 0.26198061093749997 0.676455615625 0.25996587031249996 0.6846719703125
5 0.2288640703125 0.6058369796874999 0.226507203125 0.611138796875 0.2334954453125 0.6283713640624999 0.24235904375 0.631970215625 0.2467496609375 0.6313038375 0.25544853125 0.625039475 0.263083009375 0.622397534375 0.264578228125 0.618215315625 0.2617968671875 0.6156709859375 0.25947801406250004 0.608606765625 0.2509311984375 0.6034766031250001 0.251995590625 0.59985418125 0.24588800625 0.594353809375 0.2288640703125 0.6058369796874999
17 0.720795534375 1 0.721219571875 0.9965534015624999 0.7211766546874999 0.9499182328125 0.7384442859375 0.789953165625 0.74375 0.6602172015625 0.74375 0.6366302484374999 0.738924503125 0.5636302718749999 0.7334486281249999 0.5544733640625 0.72190275 0.55068716875 0.5558787640625 0.533295084375 0.5458017046875 0.5412777640625 0.5328695328124999 0.5713893546875 0.480906509375 0.7452504390625 0.46740166875 0.813207234375 0.4201371984375 0.943705621875 0.41490227968750004 0.9763413406249999 0.41811288125 1 0.720795534375 1
17 1 1 1 0.9433172421875 0.9692896296875 0.8010507718750001 0.947757440625 0.6838167984375 0.9432140140625 0.6757017890625 0.9132782390624999 0.6685841828125 0.8549943296875 0.6632123265625001 0.8240864953125 0.6560213312500001 0.788041109375 0.65524295 0.7610825765625 0.6706945890625 0.7525139390625 0.6894776375 0.7452160796875 0.724872103125 0.7216441031249999 0.9436226093750001 0.7202974203125001 0.976551884375 0.7236148921875 1 1 1
17 0.35 1 0.42416986874999996 1 0.4221784390625 0.9518272859374999 0.4580373171875 0.8379547640624999 0.46440272968750007 0.8015184015625 0.4739830312500001 0.7818402343749999 0.5125 0.653978215625 0.5125 0.6377360640624999 0.4987894828125 0.6282733281249999 0.46950889843750004 0.6289771765625 0.4594318390625 0.636959859375 0.439753015625 0.641303125 0.396744784375 0.6438850515625 0.38730145625 0.6363716015625 0.37454587031250003 0.6383230671875 0.35 0.6966380515624999 0.35 1