10 0.27181952656249997 0.454733728125 0.3125 0.44289940781250003 0.3346893484375 0.44142011875 0.3768491125 0.42810650937499994 0.39829881718750004 0.42588757343749994 0.41383136093750006 0.4125739640625 0.4323224859375 0.4066568046875 0.43380177499999995 0.39038461562500004 0.427884615625 0.379289940625 0.40421597656249997 0.38002958593749997 0.39238165625 0.3741124265625 0.3812869828125 0.37337278125 0.35170118281249996 0.37781065156250004 0.29844674531250004 0.39112426093749997 0.268860946875 0.39260354999999997 0.254068046875 0.396301775 0.2451923078125 0.4029585796875 0.242233728125 0.409615384375 0.242233728125 0.424408284375 0.245931953125 0.43550295781250004 0.2444526625 0.4495562125 0.26072485156249997 0.454733728125 0.27181952656249997 0.454733728125
10 0.4914940828125 0.45103550312499996 0.47152366875 0.436242603125 0.439718934375 0.41775147968750004 0.41531065156249997 0.41183431875 0.4027366859375 0.42292899375 0.39238165625 0.447337278125 0.3835059171875 0.458431953125 0.3775887578125 0.4791420125 0.3426450921875 0.55 0.448281065625 0.55 0.492233728125 0.458431953125 0.4914940828125 0.45103550312499996
10 0.198594675 0.4495562125 0.204511834375 0.44363905312499996 0.20894970468750002 0.43032544375 0.2170857984375 0.42810650937499994 0.2185650890625 0.42292899375 0.21412721875 0.41627218906249996 0.215606509375 0.4044378703125 0.20894970468750002 0.394082840625 0.19341715937499998 0.3918639046875 0.183801775 0.39482248593749997 0.1653106515625 0.3852071 0.1416420125 0.3837278109375 0.1320266265625 0.386686390625 0.10761834374999998 0.40517751406249997 0.0824704140625 0.40591715937500006 0.0625 0.4125739640625 0.06471893437500001 0.439940828125 0.0625 0.44142011875 0.0625 0.48357988125 0.06841715937500001 0.48875739687499997 0.07581360937500001 0.492455621875 0.0876479296875 0.493195265625 0.0935650890625 0.4865384609375 0.095044378125 0.4747041421875 0.1105769234375 0.465828403125 0.15347633125 0.4680473375 0.1712278109375 0.4636094671875 0.18676035468750002 0.4517751484375 0.198594675 0.4495562125
10 0.22078402343749998 0.2284023671875 0.2400147921875 0.2491124265625 0.2488905328125 0.26538461562500004 0.26368343125 0.26982248593749997 0.2740384609375 0.2683431953125 0.3021449703125 0.25281065156250004 0.3213757390625 0.2365384609375 0.35392011874999996 0.2232248515625 0.36797337343750003 0.2106508875 0.379068046875 0.178106509375 0.3775887578125 0.13816568125 0.3916420125 0.121153846875 0.3990384609375 0.11967455625000001 0.40865384687499995 0.1078402359375 0.40421597656249997 0.09452662656250001 0.3990384609375 0.08934911250000001 0.3931213015625 0.0886094671875 0.3805473375 0.0937869828125 0.374630178125 0.10414201249999999 0.356139053125 0.1115384609375 0.32581360937500004 0.106360946875 0.29918639062499996 0.1078402359375 0.26738165625 0.1322485203125 0.2525887578125 0.15 0.2407544375 0.1566568046875 0.22078402343749998 0.189940828125 0.2185650890625 0.2195266265625 0.22078402343749998 0.2284023671875
10 0.4375 0.1285502953125 0.427884615625 0.13668639062500001 0.4271449703125 0.17366863906250002 0.43158284062499996 0.178106509375 0.438979290625 0.1795857984375 0.5166420125 0.17366863906250002 0.5277366859375 0.17366863906250002 0.533653846875 0.17662721875 0.5358727812499999 0.17292899374999998 0.5351331359375 0.1226331359375 0.4375 0.1285502953125
10 0.3687130171875 0.2831360953125 0.38424556249999997 0.2742603546875 0.4212278109375 0.24023668593749997 0.427884615625 0.2284023671875 0.44119822500000005 0.21730769218749998 0.4426775140625 0.2032544375 0.4367603546875 0.19142011875 0.42492603593749995 0.18402366875 0.41383136093750006 0.18402366875 0.36575443750000003 0.21286982187499998 0.34282544375 0.2306213015625 0.333210059375 0.25133136093749997 0.330991125 0.271301775 0.3213757390625 0.2816568046875 0.322115384375 0.28683431875 0.32803254375 0.29349112499999996 0.33542899375 0.29792899375 0.33912721874999996 0.2971893484375 0.3472633140625 0.2875739640625 0.3687130171875 0.2831360953125
10 0.3605769234375 0.35488165625 0.363535503125 0.337130178125 0.3738905328125 0.32381656875 0.3731508875 0.31789940781250003 0.3650147921875 0.3097633140625 0.352440828125 0.306804734375 0.34060650937500003 0.31789940781250003 0.3176775140625 0.326035503125 0.288091715625 0.3593195265625 0.27477810625 0.379289940625 0.26072485156249997 0.3918639046875 0.272559171875 0.38816568125 0.288091715625 0.3918639046875 0.3021449703125 0.39112426093749997 0.34060650937500003 0.38002958593749997 0.3420857984375 0.3748520703125 0.3605769234375 0.35488165625
10 0.4988905328125 0.4502958578125 0.5358727812499999 0.465828403125 0.5358727812499999 0.3896449703125 0.5240384609375 0.386686390625 0.47744082812500005 0.38816568125 0.4626479296875 0.38002958593749997 0.4552514796875 0.379289940625 0.4441568046875 0.39038461562500004 0.4419378703125 0.3970414203125 0.44341715937500004 0.40813609531250006 0.45673076874999996 0.4140532546875 0.45968934843750003 0.41923076875 0.4988905328125 0.4502958578125
10 0.2888313609375 0.2890532546875 0.28661242656249997 0.2801775140625 0.27847633125 0.26982248593749997 0.242233728125 0.2646449703125 0.23483727812500002 0.26982248593749997 0.22892011874999998 0.2971893484375 0.22004437812500002 0.30532544375000004 0.22226331406250002 0.31863905312499996 0.22078402343749998 0.337130178125 0.223742603125 0.3571005921875 0.2488905328125 0.3992603546875 0.2681213015625 0.3837278109375 0.26738165625 0.3667159765625 0.28661242656249997 0.307544378125 0.2888313609375 0.2890532546875
10 0.185281065625 0.2380177515625 0.17936390468750002 0.25207100625 0.17936390468750002 0.2949704140625 0.1904585796875 0.3008875734375 0.20525147968750002 0.314940828125 0.22300295781249999 0.3393491125 0.2318786984375 0.28683431875 0.231139053125 0.25576923125 0.2281804734375 0.24467455624999998 0.22448224843750003 0.2394970421875 0.2185650890625 0.2380177515625 0.185281065625 0.2380177515625
10 0.19563609531249998 0.522781065625 0.198594675 0.5161242609375 0.20821005937499998 0.511686390625 0.1963757390625 0.49911242656250004 0.1675295859375 0.49467455625 0.154955621875 0.48801775156250005 0.151257396875 0.47988165625 0.1379437875 0.4791420125 0.1164940828125 0.50207100625 0.0972633140625 0.5486686390625 0.096392809375 0.55 0.1766758234375 0.55 0.18823964531249998 0.5286982250000001 0.19563609531249998 0.522781065625
10 0.4116124265625 0.3142011828125 0.4005177515625 0.3252958578125 0.3768491125 0.334171596875 0.3472633140625 0.3741124265625 0.3687130171875 0.37559171562500004 0.38868343125 0.37337278125 0.405695265625 0.38002958593749997 0.4212278109375 0.37781065156250004 0.42492603593749995 0.3430473375 0.4330621296875 0.3275147921875 0.42418639062499996 0.31642011875 0.4116124265625 0.3142011828125
13 0.670068359375 0 0.67138671875 0.00439453125 0.6728515625 0.03125 0.67626953125 0.0361328125 0.68359375 0.04150390625 0.705078125 0.041015625 0.73291015625 0.04541015625 0.75146484375 0.0458984375 0.78515625 0.060546875 0.78759765625 0.060546875 0.7900390625 0.05712890625 0.80029296875 0.05517578125 0.80419921875 0.048828125 0.80517578125 0.03662109375 0.78759765625 0.009765625 0.7792382812499999 0 0.670068359375 0
19 0 0.646520390625 0.00360495625 0.6696951109375 0.033374915625 0.6967587109375 0.0644980546875 0.6994650703125 0.090208475 0.6940523515625 0.119978434375 0.679167371875 0.13215705312499998 0.6534569515624999 0.13351023281250002 0.6223338125 0.12945069375 0.6047424734375 0.113212534375 0.5803852328125 0.0753234953125 0.5614407140625 0.052319434374999994 0.5573811734375 0.0117240359375 0.56955979375 0.0022517765624999997 0.5803852328125 0 0.5882664515625 0 0.646520390625
19 0.2174073921875 0.6642823921875001 0.2634155109375 0.7265286703125 0.2728877703125 0.7292350296875 0.28777275 0.7170564109375 0.33378086875 0.6142147328124999 0.382392021875 0.55 0.2470545875 0.55 0.244470990625 0.5519684546875 0.2174073921875 0.6642823921875001
19 0.16057383281249998 0.791481309375 0.1889906125 0.771183609375 0.19575651249999998 0.7468263703125 0.184931071875 0.7360009296875 0.1835778921875 0.71570323125 0.20928831250000002 0.67510783125 0.20928831250000002 0.6696951109375 0.191696971875 0.6696951109375 0.11727207343749999 0.68187373125 0.0847957546875 0.6967587109375 0.0442003546875 0.704877790625 0.0414939953125 0.7197627703125 0.026609015625 0.744120009375 0.026609015625 0.7671240703125 0.0374344546875 0.7901281296875 0.06991077500000001 0.8090726484375 0.113212534375 0.80771946875 0.1470420328125 0.791481309375 0.16057383281249998 0.791481309375
19 0 0.8131321890625 0.053672615624999996 0.8131321890625 0.052319434374999994 0.8036599296875 0.038787635937499995 0.78877495 0.029315374999999998 0.75494545 0.053672615624999996 0.7035246109375 0.019843115624999998 0.691345990625 0.010370856250000001 0.7062309703125 0 0.712941525 0 0.8131321890625
19 0.34731266875 0.805013109375 0.37302308906250004 0.805013109375 0.39602714843750003 0.7833622296875 0.410912128125 0.7765963296875 0.424443928125 0.7129968703125 0.410912128125 0.6737546515624999 0.41226530781250004 0.6534569515624999 0.42038438749999996 0.6426315125000001 0.41361848749999996 0.6155679125 0.41903120781250003 0.5641470734375 0.41361848749999996 0.553321634375 0.4000866875 0.5519684546875 0.3757294484375 0.5682066140625001 0.33513405 0.6142147328124999 0.30671727031249996 0.6642823921875001 0.2958918296875 0.70217143125 0.271534590625 0.7332945703125 0.2728877703125 0.7562986296875 0.2864195703125 0.77524315 0.2823600296875 0.79418766875 0.2891259296875 0.8063662890625001 0.3364872296875 0.8117790093749999 0.34731266875 0.805013109375
19 0.4650393265625 0.5709129734375 0.4677456875 0.6020361125 0.49345610625 0.631806071875 0.5286387859375 0.6480442328125 0.5611151046875 0.6169210921875 0.573293725 0.5912106734375 0.559761925 0.57632569375 0.51132265 0.55 0.49486724375 0.55 0.489396565625 0.565500253125 0.4650393265625 0.5709129734375
19 0.6314804640625 0.5912106734375 0.628774103125 0.6345124328125 0.63283364375 0.6493974125 0.6517781625 0.6629292125 0.66875 0.662323075 0.66875 0.5620068781249999 0.6450122625 0.56955979375 0.6314804640625 0.5912106734375
19 0.4082057671875 0.6074488328125 0.40549940781249993 0.652103771875 0.410912128125 0.6832269109375 0.4217375671875 0.70217143125 0.4420352671875 0.704877790625 0.45962660624999996 0.6967587109375 0.4745115859375 0.6967587109375 0.47992430625000004 0.6737546515624999 0.4785711265625 0.638571971875 0.4650393265625 0.5776788734375 0.45054086875 0.55 0.4212073046875 0.55 0.423090746875 0.5682066140625001 0.4082057671875 0.6074488328125
13 0.8125 1 0.7984375 0.94375 0.7765625 0.921875 0.734375 0.9078125 0.715625 0.8953125 0.690625 0.8953125 0.68125 0.9078125 0.66875 0.9041360296875001 0.66875 1 0.8125 1
13 0.934375 1 0.934375 0.9625 0.9046875 0.95 0.8484375 0.8890625 0.83125 0.890625 0.81875 0.903125 0.8046875 0.903125 0.784375 0.878125 0.7625 0.875 0.7453125 0.88125 0.7484375 0.903125 0.7796875 0.925 0.7984375 0.946875 0.8060267859374999 1 0.934375 1
11 0.775 0.88125 0.7984375 0.9078125 0.8078125 0.9078125 0.8890625 0.8765625 0.9015625 0.865625 0.928125 0.7546875 0.928125 0.73125 0.8640625 0.628125 0.8484375 0.615625 0.8328125 0.6140625 0.8203125 0.6203125 0.803125 0.6484375 0.7875 0.65625 0.734375 0.70625 0.721875 0.734375 0.6953125 0.7703125 0.678125 0.809375 0.6765625 0.8546875 0.6921875 0.8859375 0.7234375 0.8796875 0.775 0.88125
11 0.696875 0.76875 0.7265625 0.7328125 0.734375 0.7125 0.7640625 0.6890625 0.771875 0.6765625 0.7703125 0.6671875 0.734375 0.6296875 0.7109375 0.615625 0.6875 0.6125 0.66875 0.5944444437499999 0.66875 0.850347221875 0.6703125 0.853125 0.696875 0.76875