9 0 0 0 0.1304513890625 0.021354167187500002 0.1276041671875 0.0557291671875 0.1171875 0.0927083328125 0.1015625 0.1604166671875 0.0817708328125 0.1828125 0.0791666671875 0.1875 0.0744791671875 0.190625 0.05208333281250001 0.19479166718750002 0.05 0.2052083328125 0.05 0.2125 0.046875 0.21770833281250002 0.0151041671875 0.2166666671875 0.00625 0.2066666671875 0 0 0
11 0 0.2061367765625 0.0223958328125 0.21197916718749998 0.05208333281250001 0.21510416718749997 0.0848958328125 0.2130208328125 0.109375 0.2052083328125 0.109375 0.20208333281250002 0.115625 0.1953125 0.1364583328125 0.1963541671875 0.1442708328125 0.19479166718750002 0.1604166671875 0.18697916718750002 0.1708333328125 0.178125 0.1760416671875 0.1520833328125 0.1932291671875 0.1526041671875 0.20052083281250002 0.1505208328125 0.2182291671875 0.1296875 0.22135416718749998 0.1208333328125 0.2208333328125 0.11041666718750001 0.21875 0.10364583281249999 0.2130208328125 0.1010416671875 0.2130208328125 0.0973958328125 0.21614583281250002 0.078125 0.2208333328125 0.0666666671875 0.228125 0.0578125 0.22760416718749998 0.053125 0.22239583281250003 0.0447916671875 0.196875 0.05 0.1911458328125 0.058854167187499994 0.1875 0.07552083281250001 0.1854166671875 0.07760416718749999 0.1598958328125 0.0802083328125 0.11822916718750001 0.09427083281250001 0.09427083281250001 0.1 0.065625 0.1130208328125 0.0328125 0.12395833281249999 0.0005208328124999999 0.1291666671875 0 0.1292990828125 0 0.2061367765625
0 0.4599523875 0 0.459375 0.00277145625 0.459375 0.02429076875 0.471935584375 0.0519240546875 0.5188399 0.0566144859375 0.5219668546875 0.061304917187499995 0.5454190125 0.026908418750000003 0.5556698390625 0 0.4599523875 0
9 0.5596853296875001 0 0.5422920578125 0.020654510937500002 0.5221201359375 0.066761759375 0.529784240625 0.105082278125 0.5579268296875 0.1175900953125 0.5516729203125 0.08944750625 0.5719981234375 0.11133618593750001 0.626719825 0.1300979125 0.651735459375 0.13478834374999998 0.6626798 0.1175900953125 0.673624140625 0.11133618593750001 0.70333020625 0.09882836874999999 0.7517979984375 0.0941379375 0.764305815625 0.0722492578125 0.790884928125 0.059741440624999996 0.8346622890625 0.0394162359375 0.8190275171874999 0.00814669375 0.8193084374999999 0 0.5596853296875001 0
1 0 0.8753125 0.00625 0.8453125 0.0234375 0.815625 0.025 0.7484375 0.0390625 0.725 0.046875 0.69375 0.046875 0.61875 0.0359375 0.6078125 0 0.6035 0 0.8753125
16 0 0.8767857140625 0.009375 0.896875 0.0515625 0.93125 0.05 0.95 0.059375 0.959375 0.0703125 0.965625 0.084375 0.9578125 0.1 0.9875 0.128125 0.9921875 0.1546875 0.975 0.1953125 0.9125 0.2265625 0.915625 0.2359375 0.8609375 0.2109375 0.83125 0.10625 0.7625 0.0890625 0.759375 0.0609375 0.775 0.0453125 0.771875 0.0359375 0.778125 0.0140625 0.778125 0.015625 0.815625 0 0.846875 0 0.8767857140625
3 0.1109375 0.48125 0.0921875 0.496875 0.0921875 0.5203125 0.11875 0.534375 0.1328125 0.55625 0.1515625 0.5515625 0.2453125 0.4984375 0.26875 0.4921875 0.3171875 0.440625 0.3203125 0.4109375 0.328125 0.4046875 0.3078125 0.3953125 0.3078125 0.3890625 0.1912946421875 0.3890625 0.153125 0.4265625 0.1109375 0.48125
1 0.4109375 0.6859375 0.415625 0.6734375 0.403125 0.671875 0.3796875 0.6890625 0.35 0.684375 0.3421875 0.6921875 0.3453125 0.7046875 0.3921875 0.734375 0.3703125 0.7765625 0.4171875 0.8 0.4375 0.803125 0.459375 0.8184374999999999 0.459375 0.71131944375 0.415625 0.709375 0.4109375 0.6859375
9 1 0.613769246875 0.8569484375 0.5846927765625 0.71036645625 0.5702559203125 0.6846300375000001 0.9064121249999999 0.6829152656249999 0.909504690625 0.677161825 1 1 1 1 0.613769246875
9 1 0.7285436921875 0.8920305328125 0.6204425765625 0.890897646875 0.620227109375 0.7457196078125 0.7461596562499999 0.975023128125 1 0.9875603609375 1 1 0.9881553828125 1 0.7285436921875
15 1 0.773571515625 0.9559485499999999 0.7446851359375 0.7500618375 0.6076910453125 0.7414035015625 0.6022715203125 0.734850953125 0.6047402859375001 0.728862740625 0.6110238328125 0.7247736328125 0.618820578125 0.7257538484375 0.624307178125 0.7698644828125001 0.6532923265624999 0.8627087171875001 0.715592290625 0.983876584375 0.79760808125 1 0.8084661328125 1 0.773571515625
9 0.6715370468749999 0.610962090625 0.667020990625 0.6523918656250001 0.6131497765625 0.8511496031249999 0.8072703953125 0.8755729875 0.85018235625 0.6365113515624999 0.8584181531249999 0.5477145484375 0.7496269421874999 0.5403742203124999 0.7418024734374999 0.54577898125 0.708542084375 0.5373106140624999 0.6768921125 0.5341159296875 0.6766034515625 0.5331420062500001 0.6715370468749999 0.610962090625
15 1 0.5858413328125 0.9932953609374999 0.5662141984375 0.9784883875 0.5285147421875 0.9681981125 0.529813028125 0.96055615625 0.5370191828124999 0.9585674671875 0.5377854937500001 0.96754435 0.5678018421875 1 0.6770456593749999 1 0.5858413328125
15 1 0.7258521124999999 0.9905422109375 0.70211203125 0.9531003640625 0.6068680109375 0.9268937125000001 0.5387158296875 0.9173957453125 0.5172889421875 0.9141485078124999 0.516474459375 0.9087020828125001 0.516474459375 0.9059117390625 0.5176183796875 0.9022300703124999 0.520347828125 0.9002821078125001 0.5225110328125 0.8986599203125 0.5244128984375 0.8971008328125001 0.5273000125 0.8967490015624999 0.52915965 0.9005270671875 0.53922464375 0.917171478125 0.5808190953125 0.9947926328125 0.78757816875 1 0.8009851546875 1 0.7258521124999999
15 1 0.9589962875 0.9126427125 0.8021168 0.8804082421875 0.743517003125 0.86702201875 0.7483152453125 0.8565378875 0.7538641765625 0.862468540625 0.7651610640625 0.9115960734374999 0.8528137843750001 0.9868447609375 0.9910382906249999 0.9916672656250001 1 1 1 1 0.9589962875
15 0.8719238218750001 1 0.8809764124999999 0.867098584375 0.8889881671875 0.7496208328125 0.8946215125 0.682766053125 0.8993725156249999 0.6371359859375 0.8880423375 0.631581203125 0.8750753328125 0.6314588156250001 0.8663517796875 0.63389860625 0.865174715625 0.6761742703125 0.856455784375 0.809202271875 0.8458842859375 0.9446353999999999 0.8425075468750001 0.9886929828125 0.8487728921875 1 0.8719238218750001 1
15 1 0.8808654015625 0.8287010390624999 0.760506146875 0.7573250609375 0.7077269671875001 0.707068596875 0.6733145671874999 0.7026459859374999 0.6695215 0.7011277890625001 0.6685131453125 0.6950037078125 0.6706105671875 0.688833721875 0.6763274328125 0.6857654609375 0.684018015625 0.6866867875 0.69335589375 0.7328186171875 0.7244360734375 0.8513381296875 0.8101167421875 1 0.9188443015625 1 0.8808654015625
15 0.8476287375 1 0.7265838953125 0.79952025 0.7121389687499999 0.7756439015625001 0.7023942640625 0.7759294531250001 0.6946895015625 0.781871821875 0.6909663765625 0.787445446875 0.7002607609375 0.8040769953125 0.7796689015625 0.9411416828125001 0.8144318515625001 1 0.8476287375 1
15 0.814269709375 1 0.780895903125 0.9432197468749999 0.669471528125 0.775118271875 0.6559029859375001 0.7517504734375 0.6453320921875 0.751855578125 0.6387672578125 0.7577918718750001 0.63267536875 0.76330213125 0.6326548375 0.7648656265625 0.6332563140625 0.7681583890625 0.6689513734375 0.8236421593750001 0.7630596265625 0.9733002171875 0.77994331875 1 0.814269709375 1
15 0.7796406578124999 1 0.7634124109375 0.97461949375 0.70915103125 0.88927336875 0.6626234625 0.816005328125 0.63598560625 0.7742157453125 0.6260387921875 0.7756609437499999 0.6169804359375 0.77978036875 0.6109791765625 0.7877467453125 0.6109791765625 0.7929572265625 0.627340565625 0.8163866484375 0.687614646875 0.9108816296875 0.7429354484374999 1 0.7796406578124999 1