18 0 0.2837545265625 0.0165754609375 0.2925265171875 0.11911529843749999 0.312699284375 0.163330059375 0.3307039734375 0.1870400109375 0.3505880953125 0.1905971671875 0.3671875 0.20510321875 0.3671875 0.21606556718749997 0.3574616078125 0.2234375 0.3411875984375 0.2234375 0.247559596875 0.2055167140625 0.22277189531250002 0.1955303796875 0.197347703125 0.1405754171875 0.1828125 0.103965575 0.1828125 0.078042584375 0.19817848437500002 0.0604046984375 0.2179742515625 0.014981364062499999 0.24500295 0 0.261817184375 0 0.2837545265625
18 0 0.5296875 0.1343835796875 0.5296875 0.128719846875 0.5109301234375 0.09521811718749999 0.48930640312499996 0.0695637828125 0.4850272984375 0.052828690624999994 0.446875 0.0476352734375 0.446875 0.0067360375 0.46048566874999997 0 0.46516361093749997 0 0.5296875
18 0.28125 0.5296875 0.28125 0.49782698593749997 0.275902140625 0.48029393750000005 0.26033946406249997 0.46154491249999996 0.2578581921875 0.4453125 0.23818255625 0.4453125 0.23242107500000003 0.46108530156249994 0.21824844843750002 0.47302593281250005 0.1941220328125 0.47245482968749997 0.159267734375 0.45043168125 0.13800105625 0.45361781562500003 0.1275573734375 0.4500835515625 0.094093125 0.4587500609375 0.0716254828125 0.47733676562499994 0.069539840625 0.4825198390625 0.082622090625 0.48725696406249996 0.0875199109375 0.4999173484375 0.103572484375 0.5096889 0.11838959843750001 0.5296875 0.28125 0.5296875
18 0 0.265233471875 0.0170562421875 0.246760690625 0.056996690625 0.2219972078125 0.0671875 0.21046964531249998 0.0671875 0.1484865890625 0.0625865703125 0.129926746875 0.037977429687499994 0.1033211671875 0 0.10989338125 0 0.265233471875
18 0.20320655625 0.065708615625 0.1964678828125 0.0760213203125 0.1921875 0.10692886093750001 0.1921875 0.12701008125 0.2053511515625 0.1478566703125 0.23503889843749998 0.152058625 0.302791346875 0.2015625 0.3139091265625 0.2015625 0.3151387578125 0.1497460484375 0.321098784375 0.13060244375000002 0.352884440625 0.12968475625 0.36006805937499997 0.12441827968750001 0.36625055781250004 0.10779779062499999 0.3703125 0.10649644062500001 0.3703125 0.08454570624999999 0.35832056875 0.0612302921875 0.341728628125 0.0465320953125 0.2825122046875 0.025475903124999998 0.24055513906249998 0.026687253124999998 0.2013155546875 0.044262140625 0.20320655625 0.065708615625
18 0.55 0.5296875 0.55 0.3092711203125 0.545438871875 0.3046875 0.54334846875 0.3046875 0.535167259375 0.30810669218750003 0.530564490625 0.3270163203125 0.5257902859375 0.3296587 0.505929071875 0.331488490625 0.4863332171875 0.3220451609375 0.46658120312499995 0.32512348125 0.4600750890625 0.33657824375 0.4580778234375 0.356663746875 0.43784204843749996 0.368518125 0.42883963593749996 0.38004554687500003 0.42804355781250003 0.41386490625 0.48935910624999995 0.399563153125 0.4846471390625 0.41722424843750006 0.40150366249999997 0.5110190984375 0.39624570000000003 0.5224375343750001 0.40003320468750003 0.5296875 0.55 0.5296875
18 0.3900402046875 0.19766984375000002 0.3896629203125 0.207870103125 0.35414583906249997 0.23438729375 0.351364084375 0.2459318921875 0.3737269671875 0.256737190625 0.3976143703125 0.25603485 0.4309166828125 0.2625 0.4600634390625 0.2625 0.46239315000000003 0.261772096875 0.4816787484375 0.2625 0.50207743125 0.2625 0.5173813671875 0.25633439375 0.5301109828125 0.2432236578125 0.534375 0.218989934375 0.534375 0.116504021875 0.5234179046875 0.09313025 0.4898499328125 0.0839280546875 0.4751836734375 0.075 0.3995256859375 0.075 0.39364035625 0.0791149390625 0.38867411875 0.09454470468750001 0.3628222203125 0.1016730328125 0.3412446796875 0.1290540171875 0.374718046875 0.166279203125 0.3900402046875 0.19766984375000002
5 0.2859310640625 0 0.29598173125 0.009603871875 0.3780232 0.0686369203125 0.39992987812499997 0.0780246625 0.4607923515625 0.07874293125000001 0.48877910468749997 0.0866978921875 0.49914414531249995 0.0875 0.55 0.0875 0.55 0.01946296875 0.5048564734375 0 0.2859310640625 0
5 0.12650196875 0.1264078796875 0.08996249843750001 0.14690909531250002 0.0765625 0.16223333281250002 0.0765625 0.17474040156249998 0.081173625 0.1782453734375 0.132185115625 0.192278725 0.28947895625000003 0.2203125 0.33125 0.2203125 0.33125 0.218869540625 0.27682969062499996 0.18153653281249998 0.24092764687499998 0.150224015625 0.21362278437499999 0.1445552953125 0.19423091406249998 0.1269992421875 0.12650196875 0.1264078796875
18 0 0.4145367109375 0.005230859375 0.4185598828125 0.0172441234375 0.4359375 0.05968306875 0.4359375 0.08736749375 0.42148246250000004 0.10294646562500001 0.4051031015625 0.10533324375 0.3837981015625 0.11270513906249999 0.37084252968750003 0.1140625 0.367995375 0.1140625 0.33663969531250004 0.1090860234375 0.329538146875 0.084928784375 0.34510494999999997 0.05814628125 0.367118728125 0.052458690625000005 0.3386158328125 0.05816022656249999 0.3065967 0.029852317187499998 0.296875 0.029649976562500003 0.296875 0.028739476562499998 0.31063681718749997 0.020028503125 0.3204459421875 0.0054573234375 0.32405463125 0.0051919140625 0.345298 0 0.353853346875 0 0.4145367109375
7 0.404561103125 0.27423246093750003 0.3833272203125 0.2676086390625 0.35121232343750003 0.2664754484375 0.345752434375 0.2749121046875 0.3327597515625 0.2680480453125 0.3218787328125 0.2735386734375 0.3023960140625 0.2751413 0.2985070328125 0.289740290625 0.288656165625 0.2952008875 0.2847671859375 0.309799875 0.2873294875 0.32731486875 0.2866210828125 0.3428558265625 0.287213209375 0.3614629359375 0.29433413124999996 0.360220665625 0.298596225 0.37354735781250004 0.2898394828125 0.4151901140625 0.29849255625 0.431492865625 0.292852415625 0.437865403125 0.296632615625 0.4515625 0.31795600468749996 0.4515625 0.33674959531250004 0.44382856875 0.335577953125 0.4304117890625 0.3483390171875 0.42279697968749996 0.3653108046875 0.4160941125 0.376384684375 0.43646504531249997 0.39232632343749996 0.42979220625 0.40279546718750003 0.40775858749999994 0.4094657578125 0.40135601875000004 0.426527671875 0.39568521093750003 0.42750645625 0.3832404328125 0.4377565875 0.3705253828125 0.4577287 0.36270036562499997 0.45973763281249996 0.35022555781250003 0.46496589843749997 0.3273100296875 0.49026901250000005 0.32139898125 0.490625 0.320340309375 0.490625 0.31198183125 0.46557156875 0.28693956875 0.454098425 0.2738230890625 0.41665252500000005 0.27077592500000003 0.418764190625 0.2831306140625 0.41182352031249997 0.286437003125 0.404561103125 0.27423246093750003
18 0.2714278203125 0.40778212031249994 0.26058491875 0.4395253453125 0.2561431578125 0.46060641562500004 0.26473864687500004 0.47502263593749994 0.276599559375 0.4796875 0.2827010390625 0.4796875 0.2932562125 0.44171760468750004 0.296875 0.420137625 0.296875 0.383869084375 0.2906184453125 0.35170141250000003 0.26219661250000004 0.328125 0.2434930046875 0.328125 0.23208203749999998 0.3293098109375 0.226085946875 0.3326270359375 0.230226884375 0.3440300765625 0.2625845640625 0.354612196875 0.2760917609375 0.3772662578125 0.2714278203125 0.40778212031249994
7 0.24313868749999998 0.3737429375 0.2279972109375 0.39754534218750004 0.206777690625 0.4257707453125 0.16116600781249998 0.4100826046875 0.11185648906250001 0.3891894171875 0.0986651171875 0.3863808390625 0.0963385484375 0.40875379375 0.08329493437499999 0.41974963125000003 0.069874859375 0.42650744218750003 0.053125 0.4374605671875 0.053125 0.4431434625 0.0616989484375 0.44373700625 0.084114671875 0.4654009078125 0.124469021875 0.44618698281249997 0.1472480421875 0.44765859687500004 0.17359030625 0.4649611546875 0.1955388265625 0.471875 0.22918814843750002 0.471875 0.237436128125 0.46738030156250004 0.2406097453125 0.45454290625000004 0.2599196375 0.4412430828125 0.26492193125 0.4368509140625 0.2734375 0.41974700781249996 0.2734375 0.3699617109375 0.26763910625 0.3581699578125 0.24527702499999998 0.34925096718750004 0.234048928125 0.3442617203125 0.2245958671875 0.3349727890625 0.2187596953125 0.354259709375 0.24313868749999998 0.3737429375
18 0.0866082671875 0 0.08669869062499999 0.02202458125 0.084721265625 0.047363128125 0.09567352812499999 0.05336147812499999 0.10187798749999999 0.064766071875 0.097676428125 0.0764763859375 0.12120695468750001 0.0831585515625 0.1103976203125 0.0908495796875 0.12067344531249999 0.1010812140625 0.1382334859375 0.11109884218749999 0.1553008546875 0.121875 0.16949008125 0.121875 0.17361395 0.110059409375 0.18374684531250002 0.10660166093750001 0.18134063125 0.0908720703125 0.195141578125 0.09362667031250001 0.1990700140625 0.0787643265625 0.20241305468749998 0.0691859421875 0.1904201921875 0.063218165625 0.212897378125 0.0457041796875 0.2128454890625 0.0330654765625 0.2026215515625 0.0354725484375 0.198225175 0.020854778125 0.2154083140625 0.0024429703125 0.21591804531249997 0 0.0866082671875 0
18 0.21837040624999998 0.24317153593750002 0.23498230156250002 0.272540609375 0.22643411093750002 0.2855781625 0.2247671703125 0.315473175 0.22831066406249997 0.3296875 0.2614342 0.3296875 0.27586719843749996 0.32039866250000004 0.28769468125 0.320058346875 0.2891330265625 0.29976360468749996 0.2953125 0.2922541296875 0.2953125 0.2827334640625 0.27144590625 0.2704254671875 0.25249541875000003 0.23899175156250002 0.23345086093749998 0.2064947734375 0.2 0.2074572640625 0.2 0.20925069375 0.21837040624999998 0.24317153593750002
7 1 0 0.9746974703125 0 0.9272489734375 0.0476204671875 0.8875727156250001 0.09589343593750001 0.850457746875 0.098927628125 0.853355140625 0.12332548437499999 0.8495098578124999 0.15069139375 0.7719791593750001 0.189254040625 0.75573086875 0.1518282515625 0.7450420859375 0.13786188125 0.7367263375 0.1520250765625 0.756181265625 0.1936407796875 0.7770143109375001 0.216445171875 0.7228577828125 0.22371336875 0.671875 0.2540750328125 0.671875 0.25523859375 0.6737767359375 0.2758928328125 0.7281282140625 0.27624079687499997 0.7520872359374999 0.26779483437499996 0.80286234375 0.2575806296875 0.8120520171875001 0.2371979078125 0.830827965625 0.2926492953125 0.848680003125 0.303125 0.8580511281250001 0.303125 0.8824568359375 0.2673554984375 0.912634178125 0.259673196875 0.9424821124999999 0.263338771875 0.95987324375 0.256616959375 0.961251365625 0.2378056515625 0.9770089296875 0.2156987796875 0.9849146109374999 0.1774431890625 0.9868372531249999 0.163760234375 1 0.15874856406249999 1 0
7 0.7700450546875001 0 0.7655054359375 0.008943009375 0.7666530406250001 0.0456536796875 0.7567607187500001 0.06209541875 0.7596331109375 0.07757996406249999 0.7473381671875 0.129036103125 0.734439225 0.1488923515625 0.72060743125 0.14845769375 0.72955345625 0.1836023359375 0.7361353890625 0.1921875 0.7608792453125 0.1921875 0.7806324375 0.1886032578125 0.8242015890625 0.1662018140625 0.850059865625 0.152978434375 0.84435534375 0.13966875781250002 0.84980485 0.11889925625 0.8501135703125 0.09876056093749999 0.8772335531250001 0.0945190953125 0.8872802343749999 0.068008009375 0.9071655312499999 0.079273059375 0.90993726875 0.0506090765625 0.915625 0.042287595312499995 0.915625 0.026022851562499998 0.91038021875 0.0115713296875 0.9099726468749999 0 0.7700450546875001 0
7 0.6115683515625 0 0.5977769640624999 0.09861446093750001 0.6050487921875 0.0829271234375 0.612381325 0.09403779375 0.5971158828124999 0.12149619375000001 0.59202964375 0.1578650375 0.590451153125 0.16915192031249998 0.6040234234375 0.18103250937499998 0.6099528546874999 0.202175965625 0.596731359375 0.1877871765625 0.5870985546874999 0.1840471125 0.5866330953125 0.2146074140625 0.5975340828125 0.2274341359375 0.58294995625 0.2409434734375 0.5901071 0.25330824375 0.5756781265625001 0.25663081249999997 0.5720444390624999 0.2984375 0.59174653125 0.2984375 0.5953754499999999 0.2973334328125 0.6165500890625 0.2820858171875 0.6726267921875 0.2532844109375 0.72176220625 0.228729478125 0.7739601453125 0.218585559375 0.757676125 0.1897857578125 0.7379045875 0.1950005875 0.72536440625 0.1666627390625 0.726396496875 0.15020548125 0.740474696875 0.149391109375 0.7502221859375 0.12507906562499999 0.7618584703125 0.06910660625000001 0.7685839015625 0.048248892187499996 0.765811446875 0.004531671875 0.7687992875 0 0.6115683515625 0
7 1 0.5296875 1 0.216141053125 0.98073645625 0.1643954171875 0.9548667046875 0.2420891953125 0.9465103140625001 0.2572375171875 0.93585806875 0.262151240625 0.90124159375 0.2603925875 0.9047614609375 0.270777353125 0.8943010890625 0.283179315625 0.8894447218749999 0.30000115156249996 0.900156503125 0.3212211828125 0.9174845875 0.330811759375 0.9154401437499999 0.354199153125 0.9190393984374999 0.3994289234375 0.9722873609375 0.44577332500000005 0.9759990984375001 0.463646328125 0.9637589453125 0.4621446578125 0.9426066375 0.46203784375 0.9288182671874999 0.4715432828125 0.9334099734375 0.4920124765625 0.9374856078124999 0.5161507078125 0.9523656593750001 0.5254409515625 0.9546548671874999 0.5296875 1 0.5296875
7 0.8025877171874999 0.5296875 0.784862346875 0.5037426640625 0.8083651328125001 0.4823654828125 0.791762134375 0.45480294375 0.82411758125 0.4523805703125 0.8123934140625 0.4356273375 0.8010230843749999 0.41636437343750005 0.8179186843749999 0.41460279375000003 0.854268375 0.4292640515625 0.8674691140625 0.462792759375 0.8828125 0.44504334375 0.8828125 0.42715241875 0.8213753921875 0.353752978125 0.779064953125 0.32687347031249997 0.7907278890624999 0.3168123125 0.7730837968750001 0.305717090625 0.8192456015625 0.2871133140625 0.8226070359375001 0.26327088593750003 0.7963484296875001 0.25878038281250004 0.721410353125 0.2725854984375 0.6716081421875 0.27159591562499996 0.661496646875 0.25248703125 0.6201932625 0.272961984375 0.5902193875 0.2948236390625 0.5706292000000001 0.297531928125 0.552501959375 0.3897756015625 0.55 0.4145725546875 0.55 0.488773746875 0.618777853125 0.5191568906249999 0.6869318265625 0.5262222375000001 0.70856926875 0.5296875 0.8025877171874999 0.5296875
7 0.9453125 0.5296875 0.9453125 0.50542869375 0.94087211875 0.49241322343749994 0.93384996875 0.4772556296875 0.9367660093750001 0.46590967968749997 0.9236890765625001 0.4565148546875 0.8868523453125 0.42992233593750007 0.8660294671875001 0.41048231093750004 0.81327633125 0.33904473749999997 0.7800325078125001 0.325 0.7783448421875001 0.325 0.775193840625 0.3305025234375 0.77873623125 0.35173674374999997 0.760008159375 0.3637557234375 0.7915138953125 0.390998615625 0.7987378734374999 0.4139817265625 0.8179322171875001 0.4449246359375 0.7927665906250001 0.456158959375 0.8049596625 0.48104789375 0.7847840093749999 0.5032916546874999 0.810155953125 0.5296875 0.8509001609375 0.5296875 0.8668437000000001 0.52499503125 0.8709633796875 0.5296875 0.9453125 0.5296875
7 0.8929289812500001 0.30792428906249997 0.8918265984375001 0.2888043234375 0.906966065625 0.2704261 0.904474003125 0.2612590359375 0.8843504140625 0.2613031375 0.849668609375 0.3025777640625 0.8335804296875 0.291730365625 0.8322308312500001 0.319406359375 0.7987048734375 0.325387559375 0.8335670453125001 0.3638668515625 0.8698188984375002 0.39239324375 0.8787983515625001 0.382112775 0.9126717281250001 0.3736433546875 0.9112820484374999 0.38359625625 0.88393614375 0.3903412421875 0.8682755499999999 0.4124518046875 0.9115666656249999 0.45 0.9367247421875 0.45 0.9578125 0.4442016609375 0.9578125 0.43832898125 0.9413738875 0.420220403125 0.9224462265625 0.40269416874999997 0.9234283640625 0.3686448515625 0.9164532671875 0.3285497796875 0.9058503 0.323442621875 0.8929289812500001 0.30792428906249997
15 0.4121442578125 1 0.4122987328125 0.9975575109375001 0.41875 0.9385933265624999 0.41875 0.9148030859375 0.4162464625 0.9134164984375 0.409598871875 0.9150302109374999 0.37726740937500003 0.9317647109374999 0.3686949296875 0.9318710296875 0.28920924531250003 0.881559421875 0.23119672656249998 0.8494842968749999 0.211447009375 0.8416900921874999 0.181401365625 0.8235599296875 0.17650800312499998 0.8166023140625001 0.17315902968750002 0.8063078015624999 0.1662960265625 0.745525078125 0.1669898890625 0.725610009375 0.1613327375 0.6751483781250001 0.1521335625 0.6270275765625 0.1480823375 0.632947678125 0.14435565 0.65162430625 0.1279185203125 0.7032531984375 0.1211254453125 0.705889559375 0.0820792546875 0.69463411875 0.070692178125 0.691968025 0.0672956421875 0.69328620625 0.022239735937499998 0.7693874890625001 0 0.8032608734375 0 0.8623287328125 0.12794643125 0.9436616859375 0.2197194 1 0.4121442578125 1
15 0.3641959140625 0.6127948578125 0.35972000625 0.60821924375 0.3501402734375 0.6034629296875 0.30470228593750004 0.60195235625 0.2653690296875 0.604387953125 0.28897188125 0.7046875 0.293290528125 0.7046875 0.384106703125 0.703216896875 0.3951515734375 0.6977184171874999 0.3953125 0.6965920609375 0.3953125 0.685063215625 0.39212470625 0.675820009375 0.394512934375 0.6662850046875001 0.386599596875 0.6462749234375 0.3800521078125 0.6346566953125 0.3700376671875 0.6257623234375 0.3641959140625 0.6127948578125
15 0 0.6534089703125 0.00790458125 0.6558727265625001 0.015092328125000002 0.653391934375 0.017477240625 0.6476985140625 0.018318978125 0.634346765625 0.024640235937499998 0.6342681156250001 0.028067685937499996 0.6397633578125 0.02542144375 0.658423721875 0.0275367828125 0.6620473765625 0.084105875 0.68125 0.1178737875 0.68125 0.1259426171875 0.672653940625 0.14115710625 0.62098745625 0.1453125 0.6103059640625 0.1453125 0.5770584171875 0.13495139843749998 0.575754678125 0.0792924359375 0.5751885828125001 0.052615524999999996 0.5704860546875 0.039758453124999996 0.572156359375 0 0.5684852359375 0 0.6534089703125
15 0.23988336562499998 1 0.2280614125 0.9921378484375001 0.09841775781249999 0.91282814375 0.033526678125 0.8755386296874998 0 0.8524196671875 0 0.9364453890625001 0.0269239203125 0.9592076593750001 0.056404445312499996 0.9872190171875002 0.07286639375000001 1 0.23988336562499998 1
17 0.5778470453125 0.5296875 0.5765139046875001 0.7571083734374999 0.5734375 0.78920254375 0.5734375 0.7912485296874999 0.5752623703124999 0.798904253125 0.585273325 0.8081744656250001 0.6183995906249999 0.8233939124999999 0.7093781124999999 0.83125 0.775 0.83125 0.775 0.590098196875 0.7728633828125 0.5724083890625 0.7716840312500001 0.5296875 0.5778470453125 0.5296875
17 0.55 0.97208783125 0.5961475171874999 0.98125 0.6146035453125 0.98125 0.634375 0.9747159156249999 0.634375 0.8217120484375 0.6117068921875 0.8150945078125 0.60162509375 0.8078148828125 0.59552539375 0.8120384703125 0.55 0.8046462406250001 0.55 0.97208783125
17 0.821875 1 0.821875 0.869458425 0.80730379375 0.8627892046875001 0.80666130625 0.7962580296875 0.8017597921874999 0.7506532046875 0.78421343125 0.7453536890625 0.775923790625 0.7483880984375 0.7765121765625 0.824113078125 0.7692196703125 0.833408159375 0.6855064578125 0.8268455796874999 0.6792772046875 0.8311644578124999 0.63589484375 0.8235998312499999 0.63125 0.8262779734375 0.63125 0.997528421875 0.6348086515625 1 0.821875 1
17 0.778283865625 0.5296875 0.770025234375 0.68804360625 0.7726866250000001 0.7373269046875001 0.7844352546875 0.74568423125 0.9376512531250001 0.7546875 1 0.7546875 1 0.53491246875 0.9986186265625001 0.5296875 0.778283865625 0.5296875
17 0.8312626921875002 0.8742788781249999 0.8793731749999999 0.8796875 0.94375 0.8796875 0.94375 0.7669272218750001 0.9425366499999999 0.7519901156250001 0.8018534453124999 0.7438093390625 0.8051875718750001 0.8637217375 0.826269596875 0.8685202625 0.8312626921875002 0.8742788781249999
17 1 0.7535844265625 0.9574871234375 0.7546773375 0.940625 0.7599192406249999 0.940625 0.8631478749999999 0.9410781640625 0.8873082015625 0.9451999140625 0.8950303250000001 0.946391221875 0.8953125 1 0.8953125 1 0.7535844265625