2 0.7185546875 0.33681640625 0.7341796875 0.33095703125 0.7458984375 0.3216796875 0.75419921875 0.31044921875 0.76591796875 0.2796875 0.76787109375 0.25087890625 0.7625 0.22255859375 0.752734375 0.20546875 0.744921875 0.19814453125 0.7322265625 0.19130859375 0.709765625 0.18837890625 0.70244140625 0.19130859375 0.6921875 0.19912109375 0.66240234375 0.20791015625 0.65361328125 0.2142578125 0.6404296875 0.2416015625 0.6384765625 0.27822265625 0.65947265625 0.31044921875 0.6677734375 0.3197265625 0.6921875 0.33388671875 0.70634765625 0.33681640625 0.7185546875 0.33681640625
2 0.65947265625 0.3294921875 0.65947265625 0.316796875 0.655078125 0.30068359375 0.643359375 0.28310546875 0.62626953125 0.2708984375 0.60771484375 0.26162109375 0.5916015625 0.26259765625 0.5876953125 0.26455078125 0.57109375 0.24501953125 0.55791015625 0.238671875 0.5466796875 0.238671875 0.528125 0.242578125 0.496875 0.25478515625 0.47880859375 0.2806640625 0.4734375 0.29287109375 0.47099609375 0.3041015625 0.471484375 0.3197265625 0.47783203125 0.33876953125 0.48596443906250003 0.35 0.6519921875 0.35 0.6560546875 0.34365234375 0.65947265625 0.3294921875
13 0.6923712484375 0 0.68095703125 0.01845703125 0.66240234375 0.05849609375 0.65263671875 0.0716796875 0.63310546875 0.090234375 0.6150390625 0.11171875 0.61015625 0.12587890625 0.6091796875 0.13515625 0.61796875 0.16103515625 0.6404296875 0.19619140625 0.655078125 0.2103515625 0.65849609375 0.21083984375 0.68779296875 0.20302734375 0.705859375 0.191796875 0.72294921875 0.191796875 0.73955078125 0.19814453125 0.75224609375 0.20888671875 0.764453125 0.23720703125 0.776171875 0.2357421875 0.78642578125 0.23037109375 0.79375 0.21865234375 0.799609375 0.1966796875 0.81669921875 0.16396484375 0.8494140625 0.11220703125 0.85283203125 0.10341796875 0.8796875 0.06533203125 0.89091796875 0.04287109375 0.903125 0.02724609375 0.9196795890624999 0 0.6923712484375 0
13 0.29375 0 0.29375 0.266015625 0.3005859375 0.2875 0.3005859375 0.30654296875 0.30498046875 0.3109375 0.31083984375 0.31142578125 0.3357421875 0.3060546875 0.36552734375 0.30263671875 0.4197265625 0.2826171875 0.47294921875 0.25771484375 0.49052734375 0.2533203125 0.50126953125 0.24501953125 0.5037109375 0.2396484375 0.52421875 0.2298828125 0.533984375 0.22060546875 0.5369140625 0.2142578125 0.53203125 0.2103515625 0.52373046875 0.2083984375 0.5193359375 0.203515625 0.51298828125 0.1869140625 0.471484375 0.1009765625 0.43046875 0.0248046875 0.4197008234375 0 0.29375 0
15 0.64140625 0.25283203125 0.635546875 0.25283203125 0.61064453125 0.26162109375 0.635546875 0.277734375 0.6404296875 0.27822265625 0.64482421875 0.25576171875 0.64140625 0.25283203125
15 0.75859375 0.211328125 0.76103515625 0.2240234375 0.76640625 0.23671875 0.7830078125 0.2337890625 0.79228515625 0.2279296875 0.799609375 0.20595703125 0.799609375 0.2005859375 0.79521484375 0.20009765625 0.7634765625 0.20791015625 0.75859375 0.211328125
15 0.47880859375 0.3314453125 0.4744140625 0.312890625 0.46904296875 0.305078125 0.46318359375 0.31142578125 0.44365234375 0.31728515625 0.42607421875 0.33046875 0.42216796875 0.33095703125 0.416796875 0.32705078125 0.4080078125 0.3275390625 0.39775390625 0.336328125 0.36455078125 0.3421875 0.3470875453125 0.35 0.44230677500000004 0.35 0.47734375 0.33779296875 0.47880859375 0.3314453125
18 0.064017765625 1 0.1175218875 0.6666281609375 0.0834751953125 0.5965892515625 0.06791099218749999 0.5839433359374999 0.0640199421875 0.5596242703125001 0.0455374515625 0.54989664375 0.0241366734375 0.54697835625 0.0027358953124999997 0.54989664375 0 0.55163766875 0 1 0.064017765625 1
18 0 0.4616609921875 0.0085724703125 0.46137524374999994 0.0221911484375 0.4749939203125 0.0241366734375 0.4983402234375 0.062074415625000004 0.54795111875 0.06693822968749999 0.565460846875 0.06693822968749999 0.5868616249999999 0.07861138125 0.5926982 0.08931177031250001 0.613126215625 0.095148346875 0.616044503125 0.1058487359375 0.44678380312500005 0.0844479578125 0.4292740765625 0.061101653125 0.4176009234375 0.0416464 0.39620014531250003 0.016354571875 0.3903635703125 0 0.395133653125 0 0.4616609921875
19 0.4667338703125 0.6534778218749999 0.4538306453125 0.650252015625 0.39415322656249996 0.6728326609375 0.32641129062499996 0.7405745968749999 0.292540321875 0.8131552421875 0.3086693546875 0.837348790625 0.323185484375 0.837348790625 0.3554435484375 0.8212197578125 0.42802419374999995 0.7696068546875 0.45705645156249997 0.73896169375 0.46834677343750003 0.7147681453125 0.47157258124999996 0.6744455640625 0.4667338703125 0.6534778218749999
19 0.8006048390625 0.7421875 0.8215725812500001 0.7179939515625 0.8618951609375 0.703477821875 0.8651209671875 0.6550907265625 0.83125 0.634122984375 0.77802419375 0.6131552421875 0.68447580625 0.6147681453125 0.6554435484375001 0.587348790625 0.6473790328125 0.587348790625 0.5973790328125 0.6212197578125 0.569959678125 0.7067036296875 0.5570564515624999 0.7260584671875 0.5538306453125 0.7567036296875 0.5651209671874999 0.8147681453125 0.6651209671875 0.8292842734375 0.726411290625 0.797026209375 0.7506048390625 0.7986391125 0.78447580625 0.7647681453125 0.789314515625 0.734122984375 0.8006048390625 0.7421875
19 1 0.6815731734375 0.9780241937499999 0.6647681453125001 0.9554435484375 0.6615423390624999 0.9489919359375 0.6663810484375 0.9441532265625 0.6921875 0.9441532265625 0.7792842734375001 0.9135080640625001 0.780897178125 0.9006048390625001 0.7986391125 0.9441532265625 0.84541330625 0.9151209671875 0.8744455640625001 0.9102822578125 0.9212197578125 0.926411290625 0.9986391125 0.9270492062500001 1 0.9785465546875001 1 0.98125 0.997026209375 0.9941532265624999 0.9131552421875 1 0.9043850812500001 1 0.6815731734375
19 0.3444052421875 1 0.3554435484375 0.98896169375 0.3651209671875 0.9421875 0.3506048390625 0.9067036296875 0.34092741875 0.8567036296874999 0.3054435484375 0.8486391125000001 0.2890625 0.866840278125 0.2890625 1 0.3444052421875 1
19 0.4309349796875 1 0.42802419374999995 0.9728326609375 0.41834677343750004 0.9470262093749999 0.3877016125 0.897026209375 0.3683467734375 0.88896169375 0.3522177421875 0.903477821875 0.3635080640625 0.9357358874999999 0.3538306453125 0.9921875 0.361998259375 1 0.4309349796875 1
19 0.442540321875 0.6131552421875 0.4602822578125 0.5986391125 0.45705645156249997 0.5679939515625 0.47157258124999996 0.5389616937499999 0.47641129062500004 0.5373487906250001 0.4941532265625 0.5550907265625 0.5135080640624999 0.547026209375 0.5151209671875 0.5341229843749999 0.4973790328125 0.5244455640625 0.479637096875 0.53251008125 0.4506048390625 0.530897178125 0.4102822578125 0.55186491875 0.33931451562500003 0.6115423390625 0.3151209671875 0.6696068546875 0.3167338703125 0.693800403125 0.3247983875 0.7050907265624999 0.3586693546875 0.7067036296875 0.41350806406249996 0.6518649187500001 0.4377016125 0.6357358875 0.442540321875 0.6131552421875
19 0.34415322656249997 0.543800403125 0.3183467734375 0.5921875 0.33125 0.6147681453125 0.3506048390625 0.6083165328125 0.3989919359375 0.5647681453125 0.4586693546875 0.5260584671874999 0.442540321875 0.5050907265625 0.42157258124999997 0.50186491875 0.36995967812499997 0.5244455640625 0.34415322656249997 0.543800403125
19 0.5844758062500001 0.5421875 0.5022177421875 0.5744455640624999 0.48125 0.59541330625 0.48125 0.6163810484375001 0.5183467734375 0.63251008125 0.5538306453125 0.634122984375 0.57157258125 0.6244455640625 0.586088709375 0.6276713703125 0.6118951609375001 0.5986391125 0.6167338703125 0.5728326609375001 0.6070564515625 0.5454133062500001 0.5844758062500001 0.5421875
19 0.7280241937499999 0.5228326609375 0.732862903125 0.490574596875 0.7183467734375 0.484122984375 0.689314515625 0.4921875 0.6877016125 0.5050907265625 0.676411290625 0.5196068546875 0.679637096875 0.5534778218749999 0.7054435484375 0.59541330625 0.7086693546875 0.6131552421875 0.78125 0.6147681453125 0.8102822578125 0.6276713703125 0.8264112906250001 0.6276713703125 0.786088709375 0.5679939515625 0.7280241937499999 0.5228326609375
19 0.5183467734375 0.9454133062500001 0.4941532265625 0.9067036296875 0.5006048390625 0.8808971781249999 0.482862903125 0.8663810484375001 0.47157258124999996 0.8228326609375 0.4602822578125 0.837348790625 0.386088709375 0.8438004031249999 0.37802419375 0.8615423390625001 0.3957661296875 0.8905745968750001 0.4086693546875 0.89541330625 0.4086693546875 0.9067036296875 0.439314515625 0.9244455640625 0.47318548437499997 0.9744455640625 0.4989919359375 0.9825100812500001 0.5135080640624999 0.9776713703125001 0.5183467734375 0.9454133062500001
19 0.5780241937499999 0.6760584671875 0.5925403218749999 0.6163810484375001 0.59092741875 0.6099294359375 0.582862903125 0.6099294359375 0.5538306453125 0.63251008125 0.479637096875 0.6212197578125 0.4586693546875 0.6357358875 0.46834677343750003 0.6647681453125001 0.46350806406249995 0.7567036296875 0.48447580625000003 0.780897178125 0.489314515625 0.7728326609375 0.5135080640624999 0.7663810484375 0.5473790328125 0.7438004031250001 0.5506048390625 0.7244455640624999 0.5780241937499999 0.6760584671875
19 0.49254032187499996 0.7647681453125 0.4602822578125 0.7357358875 0.4086693546875 0.780897178125 0.32641129062499996 0.834122984375 0.32157258125 0.84541330625 0.33770161249999997 0.850252015625 0.3586693546875 0.8421875 0.37802419375 0.8438004031249999 0.43286290312500003 0.8615423390625001 0.46350806406249995 0.8583165328125 0.47479838750000003 0.8631552421875 0.4877016125 0.8179939515625 0.49254032187499996 0.7647681453125
19 0.6489919359375 0.9567036296874999 0.6618951609375 0.9421875 0.6506048390625 0.8421875 0.63447580625 0.8212197578125 0.586088709375 0.8179939515625 0.526411290625 0.8292842734375 0.526411290625 0.84541330625 0.54092741875 0.8550907265625 0.54092741875 0.8696068546875001 0.526411290625 0.8905745968750001 0.5102822578125 0.897026209375 0.5086693546875 0.9260584671875 0.523185484375 0.937348790625 0.6070564515625 0.9502520156250001 0.626411290625 0.9583165328125001 0.6489919359375 0.9567036296874999
19 0.876411290625 0.8712197578125 0.8909274187499999 0.8744455640625001 0.9054435484375001 0.8567036296874999 0.9054435484375001 0.8260584671875 0.9006048390625001 0.8244455640625 0.8925403218750001 0.83896169375 0.8554435484375 0.83251008125 0.8151209671874999 0.8357358874999999 0.8006048390625 0.8260584671875 0.7247983875 0.8357358874999999 0.7086693546875 0.84541330625 0.6989919359375001 0.8615423390625001 0.6957661296875 0.8857358874999999 0.79092741875 0.88896169375 0.8570564515625 0.884122984375 0.876411290625 0.8712197578125
19 0.732862903125 0.8905745968750001 0.7038306453125001 0.9550907265624999 0.7054435484375 0.987348790625 0.7651209671875 0.9921875 0.77802419375 0.987348790625 0.792540321875 0.9760584671875 0.8102822578125 0.937348790625 0.8441532265625 0.89541330625 0.842540321875 0.8825100812500001 0.77802419375 0.8792842734375 0.732862903125 0.8905745968750001
19 0.8602822578125 0.8583165328125 0.83125 0.9212197578125 0.8296370968750001 0.9663810484375001 0.839314515625 0.9744455640625 0.8667338703125 0.9760584671875 0.886088709375 0.93251008125 0.9022177421875 0.9260584671875 0.9022177421875 0.8567036296874999 0.8909274187499999 0.8486391125000001 0.8747983874999999 0.8486391125000001 0.8602822578125 0.8583165328125
19 0.8683467734375 0.7663810484375 0.87802419375 0.737348790625 0.8651209671875 0.7276713703125 0.842540321875 0.75186491875 0.8038306453124999 0.7550907265625 0.7796370968749999 0.7679939515624999 0.7457661296875 0.80186491875 0.729637096875 0.837348790625 0.7377016125 0.8421875 0.78125 0.83896169375 0.8038306453124999 0.8518649187499999 0.8054435484375 0.8292842734375 0.7973790328125 0.8083165328125 0.8683467734375 0.7663810484375