6 0.5 0.3296875 0.5 0 0.4073211859375 0 0.3843679578125 0.075841134375 0.375304953125 0.1258152171875 0.33038274218749997 0.263216184375 0.32472886875 0.3296875 0.5 0.3296875
6 0.332641375 0.3296875 0.340625 0.2549114828125 0.340625 0.2163481953125 0.24821116562499998 0.1970537640625 0.2319847578125 0.206975634375 0.20523694531249997 0.3296875 0.332641375 0.3296875
6 0.029508190625000003 0 0.043813003125 0.1987806234375 0.0248397453125 0.257304915625 0.0255897765625 0.3158567046875 0.0319059203125 0.3296875 0.2089617796875 0.3296875 0.221875 0.265767696875 0.221875 0.2517936890625 0.2081864171875 0.2070304546875 0.1753471296875 0.16837096875 0.125793653125 0 0.029508190625000003 0
6 0 0 0 0.274184940625 0.0063415015625 0.2856289171875 0.0201612765625 0.303125 0.028287887499999997 0.303125 0.0288986453125 0.302133940625 0.0274957875 0.25633374375 0.04375 0.2083409 0.04375 0.1774162078125 0.0311117578125 0 0 0
6 0.12201445625 0 0.158834165625 0.12126497656249999 0.178764815625 0.1397738828125 0.219082128125 0.15983161562499998 0.274852959375 0.17757132343749998 0.3033026125 0.20708723906249998 0.332368946875 0.2171875 0.35141917500000003 0.2171875 0.378125 0.1291130234375 0.378125 0.090011503125 0.363771759375 0.0813107328125 0.3323903265625 0.0307360828125 0.2926671953125 0.019802865625 0.27138945468750003 0 0.12201445625 0
4 0.5 0.2686003984375 0.5264396015624999 0.25030553125 0.5596460125 0.23242922031250002 0.5728727390625 0.234505534375 0.642776040625 0.2569801375 0.660817990625 0.265325165625 0.668277165625 0.26589076718750004 0.6719400906249999 0.26080160937499997 0.674517375 0.2497265390625 0.6859375 0.1640626671875 0.6859375 0.12928592187500001 0.6821214624999999 0.10754350625 0.6859375 0.08156084999999999 0.6859375 0.060734115624999994 0.68467169375 0.05997144375 0.6497470937500001 0.08523113437499999 0.618558603125 0.09843024375000001 0.591172878125 0.10494072968749998 0.5855451687500001 0.10183055 0.5802437546875 0.0949882796875 0.577046965625 0.094745878125 0.5591583796874999 0.103049878125 0.5391185546874999 0.10528716406250001 0.5 0.127142746875 0.5 0.2686003984375
4 0.5 0.4964169046875 0.49723624843750003 0.494927959375 0.45050353281250005 0.4657704296875 0.404204825 0.4472061375 0.356303453125 0.422215034375 0.302016284375 0.4048145015625 0.29302191875 0.4141171484375 0.26715322812500003 0.4365345125 0.23125 0.5069460921875 0.23125 0.507161234375 0.240111565625 0.528395084375 0.281518640625 0.5583284531249999 0.3299625203125 0.5965611015625 0.39359441875 0.645901734375 0.44863873437499996 0.6859375 0.455440803125 0.6859375 0.46467227187500004 0.6808370625 0.49768627031249996 0.6693672890625 0.5 0.669791503125 0.5 0.4964169046875
4 0.052927990625 0.5053017546875 0.09012873906249999 0.5179495468749999 0.1308921984375 0.5314694687499999 0.14752278125 0.5359375 0.16107204375 0.5359375 0.1679084453125 0.5226881375 0.188601459375 0.4774945328125 0.1921875 0.4685663046875 0.1921875 0.42413366875 0.16485402968750001 0.4151568296875 0.12403343281250001 0.4002608828125 0.1002092421875 0.390625 0.08994601875 0.390625 0.08173799375 0.400803521875 0.071177225 0.41824024218750006 0.0526446953125 0.46450753437500003 0.0379188953125 0.5005379953125 0.0422398578125 0.50268536875 0.052927990625 0.5053017546875
1 0.0512385 0.462029978125 0.0359375 0.49949060625 0.0359375 0.5034344828125 0.0607256265625 0.5100667515625 0.0932695671875 0.5209107203125 0.126464734375 0.5309832359375 0.1458154484375 0.5359375 0.15802509843749998 0.5359375 0.1711479703125 0.5048656421875 0.1854069140625 0.46962706093750006 0.196875 0.43868949375 0.196875 0.432279996875 0.172525353125 0.42208310468750004 0.1496518078125 0.41389658125000006 0.11911686562499998 0.4020840296875 0.0899950234375 0.39142013124999997 0.073465440625 0.40465047031249995 0.0512385 0.462029978125
10 0.2434696078125 0.51605975625 0.23378299062500002 0.5114290734375 0.2502017109375 0.46548082031250004 0.234461821875 0.4456385359375 0.22564175937500003 0.44557471406250004 0.212748784375 0.445430175 0.20289733124999998 0.4368013796875 0.2000355328125 0.43319369375 0.1914203703125 0.45455074218749997 0.191887415625 0.465878728125 0.1879369859375 0.4852198296875 0.199027025 0.49098800468750003 0.1814269640625 0.50828311875 0.1641714640625 0.5174844015625 0.16126730625000002 0.5293004156250001 0.169977478125 0.5266988343750001 0.17918216250000002 0.5360915859375 0.1950891859375 0.527085515625 0.2057797171875 0.539614815625 0.2350318734375 0.5581713265625 0.2562629828125 0.5631417578125 0.26867424375 0.5640625 0.284375 0.5640625 0.284375 0.5640618500000001 0.27022970625 0.5564275640625 0.2488337578125 0.54745901875 0.23525395468750002 0.530655678125 0.24399159843749998 0.5287204437499999 0.2434696078125 0.51605975625
8 0.17185588125 0.5309628484375001 0.16452486718749998 0.5368903875 0.1735030640625 0.537644665625 0.1750944890625 0.542949790625 0.16674473125 0.5407179890625 0.16434248906249999 0.5493814703125001 0.17334856406250002 0.5508240953125 0.17328702812500002 0.5640625 0.17494605000000002 0.5640625 0.1798408828125 0.5581768125 0.1841969734375 0.5637669734375 0.1856608671875 0.5640625 0.2187637609375 0.5640625 0.2203125 0.56334585625 0.2203125 0.5540674421875 0.21787711718749997 0.545646965625 0.2038307546875 0.5387150109375 0.1972269203125 0.5286089046875 0.19314961875 0.5299022203125 0.1809734703125 0.5351588609375 0.17185588125 0.5309628484375001
0 0.1943747421875 0.41367115625000006 0.20135680156250002 0.436050146875 0.2105075625 0.4450175609375 0.2295236109375 0.4470024 0.24066386718750002 0.45498415156250005 0.24826886093749997 0.4640625 0.2509421703125 0.4640625 0.259968696875 0.44728210312499994 0.264881371875 0.43483883125 0.2706307015625 0.42640379531250006 0.2775454234375 0.43019406875 0.2885087609375 0.41684808125000006 0.3 0.4010203609375 0.3 0.3985534296875 0.273705690625 0.401835521875 0.2345481484375 0.4035445015625 0.206792246875 0.40286358906249997 0.1925370578125 0.40154615156249995 0.1804905140625 0.4047211 0.1781722921875 0.39748968749999997 0.16154409218750002 0.387571325 0.15231829375 0.3828125 0.1420768484375 0.3828125 0.1410738734375 0.38304806718749995 0.1452297796875 0.40240448593749994 0.148357265625 0.4129593765625 0.16054078125 0.413208209375 0.18257474375 0.423008909375 0.1943747421875 0.41367115625000006
11 0.9228691046874999 1 0.9231595406250002 0.994676165625 0.9325203109375 0.96008221875 0.932261378125 0.95120493125 0.9083347187499999 0.926587675 0.8942041890624999 0.9161613453124999 0.8657992796875 0.8903768640624999 0.7959105375 0.8136463812500001 0.790865975 0.8099931484375 0.7814150875 0.8076386015625001 0.7681385734375 0.80956193125 0.7457276484375 0.8199807296875001 0.73024956875 0.8310728843749999 0.7324150953125 0.9053158203125001 0.8039797906249999 0.954857346875 0.8578281484375001 1 0.9228691046874999 1
12 0.8140359703125 0.79446793125 0.8735178640625 0.7675736578125 0.9004629734375001 0.765062334375 0.9277673562500001 0.7394407609375 0.9372881203125001 0.727491246875 0.9421875 0.7160363562500001 0.9421875 0.618457165625 0.9412864453124999 0.6161397875000001 0.923837396875 0.5882008187500001 0.9056052421875 0.5689663015624999 0.87960016875 0.55044630625 0.8453776484375 0.535192340625 0.83616798125 0.5328125 0.7298381140625001 0.5328125 0.721875 0.535565371875 0.721875 0.575993590625 0.7281613 0.789664178125 0.7474543609375 0.796875 0.8073401265625 0.796875 0.8140359703125 0.79446793125
12 1 0.4258614109375 0.9415153093749999 0.45908856406250004 0.8296875 0.5279510359375 0.8296875 0.5314231765625 0.857745046875 0.5524648828125001 0.8949080296874999 0.5723435859375 0.9329915 0.6239709140625 0.941250253125 0.6793856109374999 0.9293836265625 0.72897031875 0.9005762859375 0.767848275 0.9141385468750001 0.7767478734375 0.9321144562499999 0.765799971875 0.976897740625 0.815625 0.9817868749999998 0.815625 0.9803995484375001 0.7677745 0.9656439406249999 0.66035515625 0.9674721015625 0.6086909421875 0.9902007890625001 0.5895924 1 0.589027353125 1 0.4258614109375