12 0.4296875 0.12746046718749998 0.42382294218750005 0.12376520312499999 0.3932842671875 0.11191491093749999 0.36157727031250003 0.10507384687500002 0.35771066875 0.10669952499999999 0.35772321093750004 0.114648509375 0.36912519062500004 0.16095279843750002 0.37462284375 0.1925583125 0.377002246875 0.2684914953125 0.3760878109375 0.277466559375 0.3720433390625 0.28406684531250004 0.3700307 0.2836403609375 0.36530724062500003 0.27188134062499997 0.3532196234375 0.22261998749999998 0.3473278421875 0.215870196875 0.3420139515625 0.20264129999999997 0.3178446078125 0.1274698125 0.3098324375 0.11085736406249999 0.2957565078125 0.11582095781249999 0.269934640625 0.1311319234375 0.2590522125 0.1394617546875 0.23154760468750002 0.1672525171875 0.21352830156249997 0.2036548078125 0.208696334375 0.22121307968749998 0.2046875 0.24745262812500002 0.2046875 0.2507624171875 0.2078696921875 0.2858310359375 0.2179195859375 0.3187679375 0.226890471875 0.334850034375 0.249467146875 0.36188381718749996 0.27147258281250003 0.3799944671875 0.3042777828125 0.39623708281250003 0.33321563906249996 0.403125 0.36878281875 0.403125 0.378110715625 0.40210241875 0.41894803437499994 0.3887507640625 0.4296875 0.3830831703125 0.4296875 0.12746046718749998
14 0.303563621875 0.045820803125 0.29812868125 0.05396021250000001 0.2960333765625 0.059995521875 0.297690275 0.070371221875 0.303499390625 0.083582809375 0.322576990625 0.1489955046875 0.3362838796875 0.1847856046875 0.36180530625 0.2733244765625 0.3687970859375 0.2859375 0.3723671046875 0.2859375 0.3775064 0.27824085468750004 0.378125 0.27441620312500004 0.378125 0.21327755 0.37365461875 0.1715551265625 0.3618400796875 0.1188063546875 0.3414229375 0.0479752546875 0.331569346875 0.041363954687499996 0.3116968421875 0.041064946875 0.303563621875 0.045820803125
10 0.4296875 0.559375 0.4296875 0.3807547328125 0.402082421875 0.3934325953125 0.385962115625 0.3974739734375 0.3789462875 0.40417812656249996 0.3863096875 0.480433925 0.40073394999999995 0.5196768203125 0.416840953125 0.546439921875 0.42680279375 0.559375 0.4296875 0.559375
17 0.6853349109375 0.559375 0.6741765265625 0.39082401875 0.6406581671875 0.15057203125000002 0.6347852984375 0.13253095312500002 0.6260386703125 0.12997288906249999 0.4547766796875 0.1291755671875 0.48222526875 0.5424096078125 0.49047950937499996 0.5534655109375 0.5008754671875 0.559375 0.6853349109375 0.559375
14 0.505003053125 0.559375 0.4296875 0.5135918703125 0.4296875 0.5421169406249999 0.462024975 0.559375 0.505003053125 0.559375
17 0.8849456140624999 0.559375 0.8463731296875 0.33747758125 0.8220222328125001 0.331316046875 0.6704021015625 0.32698126875 0.666364509375 0.33412219374999996 0.686270209375 0.559375 0.8849456140624999 0.559375
17 1 0.559375 1 0.17918299843750002 0.8787594656250001 0.187577009375 0.863826640625 0.20081345781249998 0.8684999000000001 0.33052756250000004 0.906705840625 0.559375 1 0.559375
9 0.4296875 0.6897416046875 0.3946950640625 0.712250584375 0.3620323828125 0.72447925625 0.3224324203125 0.7334904921875001 0.2127404109375 0.8004651421875 0.17025450625 0.8193415312500001 0.10665916093750001 0.8552994343750001 0.066641446875 0.8841655078125001 0.047262021875 0.91274758125 0.0459191828125 0.9234126484375 0.0716006546875 0.9492226718750001 0.0727660609375 0.9721704203125 0.08370128437499999 0.985413121875 0.0983941296875 0.9949231171874999 0.099554759375 1 0.1896716671875 1 0.248407053125 0.9602111546875001 0.30719953125 0.9119171999999999 0.3971916921875 0.8551806546874999 0.4296875 0.8371237359375 0.4296875 0.6897416046875
9 0.369890828125 1 0.3697175703125 0.9986931609374998 0.3900888375 0.9831225218749999 0.391391621875 0.9701644593750001 0.3889100828125 0.9594104421874998 0.3921875 0.9483908781249999 0.3921875 0.946587809375 0.3845917203125 0.9310412093749999 0.3667058640625 0.9138167359375 0.3450890859375 0.9018536375 0.3305163984375 0.89922263125 0.28966705312499996 0.9242492562500001 0.26031754375 0.95107139375 0.2240975046875 0.9784977546875 0.241849853125 0.9880789078125 0.2531415015625 1 0.369890828125 1
9 0.4296875 0.5815543078125 0.402142409375 0.571417609375 0.35238545 0.5679682609375 0.30131235312500004 0.5767126453125 0.2822972734375 0.5823825515625 0.2618592515625 0.5941315312500001 0.158356871875 0.6215210328125 0.0836126875 0.6320069203124999 0.0188786390625 0.6465457390625 0 0.6527788296875 0 0.8152158359375001 0.0047787796875 0.815625 0.01035040625 0.815625 0.03401380625 0.8126904078124999 0.0734802609375 0.7960358546874999 0.1199240484375 0.7848917359375001 0.160920253125 0.7682727625 0.2210783984375 0.7543915343750001 0.25293614999999997 0.7398520796875 0.33460426718749997 0.7318192953125 0.37342600312499996 0.722025940625 0.4068001546875 0.7067577296875001 0.4296875 0.6899162750000001 0.4296875 0.5815543078125
9 0.0804556375 0.559375 0.05791065937499999 0.5694707984375 0.038975684375 0.57972669375 0.032976840624999997 0.5864633593749999 0.0207655328125 0.587707384375 0 0.5963352609375 0 0.652743628125 0.08193835000000001 0.6319153859375 0.11705586718750001 0.628912065625 0.11927038906250001 0.62437944375 0.1028742296875 0.6048975546875 0.1073032703125 0.5958323140624999 0.11862954375000001 0.5876915109375 0.13466522812499998 0.5865364390625001 0.1423540359375 0.5890073328125001 0.1563354078125 0.601556865625 0.1642511828125 0.6170214046875 0.1726781640625 0.617981428125 0.2480403625 0.5991056765625 0.2836957890625 0.5831265046875 0.3171633984375 0.5732086187500001 0.3295924984375 0.559375 0.0804556375 0.559375
15 1 0.659418109375 0.9837118515625001 0.6286794796875 0.9576937265625001 0.6024608640625 0.9348229078125 0.5993434234375 0.7826403234375 0.6709081218749999 0.7791332125 0.6922385578125001 0.762946728125 0.7146477453125 0.7436727750000001 0.7614675265624999 0.72278009375 0.8434784531249999 0.7077326625 0.8624801281250001 0.7073429390625 0.8831558578125 0.7125884499999999 0.921657821875 0.7360586140625001 0.988015171875 0.7426786812499999 1 0.884701159375 1 0.9123408234374999 0.9874280609374999 1 0.9413521406250001 1 0.659418109375
15 0.4296875 0.559375 0.4296875 1 0.687159146875 1 0.7112459515625 0.9203236453125001 0.715532509375 0.8576417515625 0.7366948453125 0.8246826765625 0.7399921359375 0.8018121624999999 0.7725150875000001 0.7110220921875 0.7857940046875 0.6908076890625 0.7945767406249999 0.6493595421875 0.821875 0.5806273187500001 0.821875 0.5784887140625 0.820128165625 0.559375 0.4296875 0.559375