17 0 0.4 0.390625 0.4 0.390625 0.36809093125 0.3814089296875 0.33406959999999997 0.37680752968750003 0.2720492015625 0.3710557796875 0.2526244328125 0.36645438124999996 0.17334639062499999 0.3480487796875 0.1668717890625 0.127181590625 0.16050814687499998 0.03860464375 0.164871103125 0.01904869375 0.1607243 0.0006430953124999999 0.14044358125 0 0.140163759375 0 0.4
17 0.61875 0.4 0.61875 0 0.5576579921875 0 0.5215385203125 0.0115226921875 0.47090591562500006 0.016157565625000002 0.4156703453125 0.0358727421875 0.36618848125 0.0462396796875 0.356982553125 0.05797189375 0.353125 0.1140465296875 0.353125 0.164873715625 0.3569825515625 0.1731493890625 0.3592840328125 0.24680937187500002 0.3847072828125 0.4 0.61875 0.4
17 0.61875 0 0.265625 0 0.265625 0.1410066484375 0.2677651171875 0.165625 0.344914071875 0.165625 0.35580080625 0.07371091874999999 0.36494181875 0.05975443125 0.49520124687499995 0.028083853125000002 0.6151770390625 0.004670071875 0.61875 0.0035398984375 0.61875 0
17 0 0 0 0.1362219328125 0.0123367359375 0.14247664531249998 0.0316050296875 0.1656901109375 0.2328125 0.164349971875 0.2328125 0.130227928125 0.2177516296875 0 0 0
17 1 0 0.9137030640624999 0 0.9046875 0.1672965609375 0.9046875 0.2336316765625 0.9118241640625 0.239637759375 0.9675066859375001 0.2444136453125 0.9988083734375 0.2621236375 1 0.26233468125 1 0
17 0.6985765390625 0 0.6903879390625 0.017452115625 0.679723640625 0.061591259375 0.6381526140625 0.18157678125 0.6265625 0.20503597812500002 0.6265625 0.219510175 0.6343041125 0.2260515265625 0.6691646796875 0.24682975312500002 0.70434706875 0.2754727703125 0.7238960359375 0.282228609375 0.7289841781249999 0.2859375 0.7678166078124999 0.2859375 0.9044285140625 0.2059007015625 0.9107424296875 0.1385611453125 0.9101275296875 0.0404190359375 0.919372834375 0 0.7774866546875 0 0.7746180328125 0.025710868749999997 0.7765030015625001 0.07177608437500001 0.7610036625000001 0.108575728125 0.74575910625 0.12389675468750001 0.7324033546875001 0.129966803125 0.7187717578124999 0.12929559531249998 0.7127164640625 0.119840334375 0.719515034375 0.0366398734375 0.725057440625 0 0.6985765390625 0
14 0.7226769671875 0 0.7109375 0.10078324062499999 0.7109375 0.1100690765625 0.7135383828124999 0.128003184375 0.7191374749999999 0.1296875 0.7368480109375 0.1296875 0.743194359375 0.12684311406249998 0.757466371875 0.112864303125 0.7676322625 0.082528546875 0.767935353125 0.062299875000000005 0.7744796703125 0.054817442187499996 0.77902190625 0 0.7226769671875 0
14 0.61875 0 0.61875 0.3234611796875 0.6649661515624999 0.31381159531249997 0.67145679375 0.30863129843750003 0.6827163109375001 0.25639902812500004 0.6641090515625 0.23862574687500002 0.63317939375 0.2200654078125 0.6305929546875 0.2115079046875 0.691763215625 0.04167431875 0.695304940625 0.019121425 0.702269415625 0 0.61875 0
14 1 0.4 1 0.24656068593749997 0.9623935921874999 0.23051415937500003 0.917625115625 0.2302895890625 0.8841442265625 0.212463784375 0.8401726500000001 0.2316932046875 0.79012470625 0.2624883453125 0.7808773359375 0.2765945953125 0.77369046875 0.31435162031249997 0.763482675 0.4 1 0.4
5 0.1216486578125 0.558177415625 0.1390625 0.4743650421875 0.1390625 0.44738468437499995 0.1238557875 0.44825434375000006 0.10193861562499999 0.4453912875 0.090209271875 0.42502067187500003 0.08527373125 0.4203125 0.08400368281250001 0.4203125 0.059208825 0.646875 0.08727038125 0.646875 0.103155696875 0.6279530687499999 0.1071942515625 0.6004988 0.1163557140625 0.568749815625 0.1216486578125 0.558177415625
5 0.61875 0.65 0.5484679203125 0.65 0.5436047281249999 0.6507436015625 0.5359189468750001 0.6547821218750001 0.518043259375 0.6714711343750001 0.5100736671874999 0.6827474812500001 0.50700025 0.691831484375 0.5119544125 0.6984608953125 0.5113288015624999 0.7041147921875 0.49698543749999996 0.7402829796875 0.496875 0.7419296359375 0.496875 0.7779436343749999 0.49767406875000003 0.785461684375 0.5089490453125001 0.8003883484374998 0.518004828125 0.8260249 0.52210476875 0.8310284265625001 0.530360965625 0.8358536140624999 0.5531361796875001 0.8449794890625 0.571128965625 0.8552697265625 0.5745769468749999 0.85625 0.61875 0.85625 0.61875 0.65
0 0.35255308125 0.4 0.35578627812499997 0.42049797812499995 0.35951150468750004 0.422799003125 0.36279789687499997 0.42007407968750005 0.373203734375 0.4024630390625 0.425465240625 0.4247062203125 0.4268343 0.42132530625 0.4253531125 0.4032399703125 0.426740334375 0.4 0.35255308125 0.4
1 0.3723792453125 0.401666809375 0.360815859375 0.42539660156250003 0.44114823437500006 0.46097715156249996 0.4670704 0.47191270156250004 0.4700756234375 0.47360088749999996 0.49480220781249995 0.4549548453125 0.4950712640625 0.4523654640625 0.4786054578125 0.4333221640625 0.4675299234375 0.4439175640625 0.3723792453125 0.401666809375
8 0.2358493765625 0.4 0.237139734375 0.4541964515625 0.2329783671875 0.469324775 0.22503705625 0.4826465921875 0.2227393765625 0.50790754375 0.206252690625 0.5220266796875 0.20313152968749998 0.53225015625 0.20883149374999999 0.55716794375 0.217542103125 0.5638691781249999 0.22767649531249998 0.5666949796875 0.2299232171875 0.5733659609374999 0.227734440625 0.5931468093750001 0.221162728125 0.607578771875 0.21656360624999998 0.6266632640625 0.216785709375 0.65163153125 0.210598646875 0.6760750203125 0.2073701984375 0.705251775 0.20852253437499998 0.7218131796874999 0.205896 0.7455501984375 0.20140524062499998 0.7546635296875 0.20447383281249998 0.762898809375 0.21252726875 0.7710432421875 0.21702018125000003 0.7798941453125 0.1977932203125 0.7828108734375 0.1878240625 0.787483628125 0.184647646875 0.793710565625 0.1873332015625 0.8054074937500001 0.1914425375 0.8132289859374999 0.197906959375 0.8177502999999999 0.233953225 0.8336757765625 0.2474308796875 0.8512463671875 0.258661271875 0.85765491875 0.285558096875 0.8618532109375 0.3088402125 0.8717435546875001 0.3224251546875 0.8703608687500001 0.3463075703125 0.8613383031249999 0.35123769843749997 0.8617419765625 0.3643854234375 0.8688065171874999 0.37972407656249996 0.8740544468749999 0.384654203125 0.8744581203124999 0.40207327187499997 0.8698963578125 0.40787890937500004 0.8623876921875 0.41428269999999995 0.8180018828125 0.4063918078125 0.794900709375 0.42364510624999996 0.7783493359375 0.4341061984375 0.764734834375 0.4407331671875 0.754299409375 0.44483981406249995 0.73966560625 0.4538218703125 0.725930003125 0.46872007968749996 0.7126788078125 0.4844938 0.691515271875 0.49249090625 0.6866810484375 0.5180680125 0.6488551484375 0.518778828125 0.6379353140624999 0.5157644171875 0.6247144546875 0.5105043593749999 0.6138047328124999 0.5122006625 0.5984745734375 0.507651959375 0.5811360750000001 0.5026107796875 0.56824826875 0.491707628125 0.549890471875 0.4878713515625 0.5351053140625 0.48074868281249994 0.523045078125 0.4728577875 0.49994390781250003 0.46896786874999996 0.49463538749999997 0.449903990625 0.4870864375 0.439550721875 0.48623872031249993 0.40882084687500003 0.494201621875 0.3962224671875 0.5001561015625 0.3871824671875 0.4874398765625 0.354861425 0.4738154265625 0.35058793125 0.46747749531250005 0.3414390296875 0.460241371875 0.333330334375 0.44810040156250003 0.310539615625 0.42477725 0.29788490625 0.417753075 0.2679200265625 0.40981056093749996 0.25145707968750003 0.4 0.2358493765625 0.4
10 1 0.4 0.9571129640624999 0.4 0.9478102265625001 0.41551507499999996 0.9297257359375 0.43878232500000003 0.928125 0.45373265468749996 0.928125 0.511020025 0.9413514796874999 0.534436584375 0.9568524703125 0.552533334375 0.9762287109375001 0.6107014656249999 0.9813957078125 0.6443097171875 0.9994801984375 0.6805032203125 1 0.6811033984374999 1 0.4
10 1 0.4 0.7348684765625 0.4 0.7159115625 0.41111481562499996 0.6991298328125 0.4445689875 0.7133297562500001 0.45100248125000003 0.7301114875 0.46772956718750003 0.7443114140625 0.46772956718750003 0.75463863125 0.4831699546875 0.7869111890625 0.5024704375 0.8166019406249999 0.5217709218750001 0.812729234375 0.5333512109375 0.798529309375 0.541071403125 0.7662567515625 0.5449315015625 0.7727112625 0.5603718859375 0.7907838953125 0.571952178125 0.7817475796875 0.5783856703125 0.7468932171875 0.570665478125 0.7275296828125 0.5693787796875001 0.7223660734374999 0.5976861546875 0.7391478031250001 0.6221334328125 0.75463863125 0.6208467359375 0.76883855625 0.6092664453125 0.77529306875 0.6285669281249999 0.7714203609375 0.6504408093749999 0.7585113375 0.66974129375 0.7391478031250001 0.6929018734375 0.7443114140625 0.7044821625 0.7701294578125 0.71220235625 0.7946566015625 0.7199225499999999 0.82176555 0.72764274375 0.8359654750000001 0.745656528125 0.8437108890625 0.7610969140625 0.864365325 0.780397396875 0.901801490625 0.7739639031250001 0.9327831468750001 0.7649570109375 0.9598920953124999 0.7482299250000001 0.9805465312500001 0.7302161406250001 1 0.7245131625 1 0.4