12 0.46875 0.6 0.46875 0.295669053125 0.465113075 0.294494046875 0.4447757734375 0.29077380937499997 0.43981545468750005 0.29077380937499997 0.431382915625 0.2922619046875 0.40682934375 0.29970238125000004 0.3864920421875 0.309375 0.378555534375 0.31433531718749996 0.36317855 0.3259920625 0.3522658515625 0.337152778125 0.34060910624999996 0.3522817453125 0.33143251875 0.3671626984375 0.32225593125 0.385019840625 0.3118392640625 0.4108134921875 0.3086150578125 0.42271825312500005 0.308863075 0.4423115078125 0.3118392640625 0.45967261875 0.31853569375 0.4748015875 0.33192855 0.49414682499999996 0.3386249796875 0.5018353171875 0.36640275624999996 0.5291170625 0.37508331250000004 0.5355654765625 0.40310910624999996 0.5606150796875 0.42394243906250006 0.581696428125 0.43187894687500006 0.5913690468749999 0.4423861953125 0.6 0.46875 0.6
8 0.0907125296875 0 0.09023683906249999 0.1979788921875 0.09023683906249999 0.364746446875 0.1445248234375 0.391576871875 0.269160740625 0.4390625 0.274633046875 0.4390625 0.308200578125 0.4122960671875 0.31661625 0.39103457656249996 0.33930785 0.35173692343749996 0.37614275468749997 0.3116917921875 0.42481313125 0.2928809265625 0.4512657578125 0.2936531703125 0.46875 0.29714486875 0.46875 0.2577257703125 0.3835762140625 0.1744296640625 0.172431578125 0 0.0907125296875 0
8 0.46875 0 0.2108268796875 0 0.220326446875 0.034181529687500004 0.41835626875000004 0.2057692296875 0.46875 0.2598177828125 0.46875 0
2 0.46875 0.20590630468749999 0.49519495156250004 0.19138197031249998 0.5134145296875 0.17273895 0.525 0.077375253125 0.525 0.0670081375 0.5123368609375001 0.047292159375 0.47950857343750003 0.025561218749999996 0.46875 0.0247556875 0.46875 0.20590630468749999
2 0.7922694890624999 0 0.7790106031249999 0.0093382140625 0.796126509375 0.0352524359375 0.798525090625 0.05257579375 0.7787194984375001 0.07132032656250001 0.756515328125 0.0727415 0.738182759375 0.05484918749999999 0.7223226374999999 0.055864310937499995 0.736857478125 0.0946541921875 0.755190046875 0.11254650625 0.7763991625 0.1238994765625 0.8035091078125 0.12534192500000002 0.8491341125 0.11447766875000001 0.877017503125 0.098393734375 0.8854255312500001 0.074023471875 0.8979658875000001 0.0700432140625 0.9038667171875 0.060132687500000004 0.89877408125 0.0191496546875 0.8848997046874999 0 0.7922694890624999 0
2 0.46875 0.2508930421875 0.476981840625 0.252691321875 0.5182181578125 0.2500519984375 0.5745020265624999 0.22897268125 0.6080646375 0.198225984375 0.6077691609375 0.19188966875 0.5898059375 0.1819177484375 0.601976946875 0.1700170953125 0.593825278125 0.1657724203125 0.58991455625 0.15013465312500002 0.5697004953125 0.1260075359375 0.5799900140625 0.10787207812499999 0.5737545828125 0.07649502968750001 0.529050765625 0.0730010609375 0.529493984375 0.0825055359375 0.517322975 0.0944061921875 0.5066684796875001 0.17293968125 0.49471907968749995 0.1895925734375 0.46875 0.20457227968749997 0.46875 0.2508930421875
2 0.46875 0.3206712015625 0.46905615312500004 0.3215173140625 0.48451217656249995 0.34594896875000003 0.5191480859375 0.3723306328125 0.5621181546875 0.37275795624999997 0.5855389875 0.36331487500000004 0.586829521875 0.3568770453125 0.59951761875 0.356064946875 0.6160034453125001 0.33435528125 0.626992540625 0.2971093609375 0.6261799734375 0.2796844890625 0.617585084375 0.2659353390625 0.6076257921874999 0.2570399375 0.5980358499999999 0.2560649328125 0.5869337671875 0.2567755203125 0.560414778125 0.26800570625 0.5563563171875 0.24919977968749998 0.549716790625 0.2432695140625 0.5102880953125 0.2505595625 0.46875 0.2506250421875 0.46875 0.3206712015625
2 0.46875 0.43116460468750006 0.46939512656250004 0.43112331406250004 0.4783941109375 0.41942568593749996 0.47795089375 0.4099212109375 0.49373714375000005 0.4073220078125 0.4987167890625 0.41176970781250005 0.49425423281249997 0.41841056249999997 0.49469745 0.4279150359375 0.49982483593750004 0.4355308953125 0.5144682921875 0.44253767968749996 0.5475920609375 0.470604934375 0.5519068781249999 0.46079592343750003 0.5679147390625 0.4629489578125 0.5976057515625 0.451515746875 0.5911487125 0.41538646406249996 0.5808939421874999 0.4001547453125 0.5658811375 0.38522756406249997 0.5399139859375 0.3741791296875 0.504873978125 0.3732442453125 0.4950624265625 0.3675170015625 0.46875 0.369201125 0.46875 0.43116460468750006
2 0.6160034453125001 0.33435528125 0.5979316046875 0.3561664578125 0.5903361453125 0.39796159375 0.5932518124999999 0.4263735046875 0.6071956937499999 0.4524907515625 0.630434040625 0.4732466859375 0.6726306624999999 0.49120039374999996 0.70925668125 0.4920337671875 0.7310176343749999 0.4811081171875 0.74916334375 0.46088101875 0.759305121875 0.4395774015625 0.7582709453125 0.41740029375 0.7200197921875 0.38171717968749996 0.7075880531250001 0.353914340625 0.7048939953125 0.330254665625 0.6499354078125 0.3115289796875 0.6160034453125001 0.33435528125
2 0.842038484375 0.47400225 0.8338868125 0.46975757187499995 0.828685559375 0.460557634375 0.8141159703125 0.4551349296875 0.806185909375 0.4556424921875 0.795379303125 0.46268939531250003 0.75617221875 0.4747316796875 0.7484637671875 0.47999148125 0.73404191875 0.4777369328125 0.7217970375 0.48805350937499997 0.721944778125 0.4912216671875 0.728510434375 0.49556785468750003 0.7345242578125 0.5221926625 0.7386261640624999 0.52828535 0.8458405859375 0.5214231125000001 0.8453234984375 0.5103345578125 0.8513720687500002 0.5035921906249999 0.8489734890625 0.48626883281250005 0.842038484375 0.47400225
2 0.699618871875 0.3194706484375 0.7181383 0.3754823734375 0.7499715359375 0.40998745937500003 0.7729144031249999 0.42440707812499995 0.8213073328125 0.43878657656250003 0.8593716265625 0.43635027812500005 0.898504840625 0.42272391562499995 0.9211869765625 0.397440040625 0.9191577453124999 0.388037078125 0.9016377421874999 0.3875696359375 0.8884325578125001 0.37729318125 0.8581114671875 0.341102503125 0.8578898578124999 0.33635026562500003 0.8828967046875 0.326805671875 0.8884281859375001 0.3089747515625 0.9080121671875 0.28547798125 0.9176368578125 0.2530858109375 0.9080077937500001 0.2171595515625 0.8696827734374999 0.1798923578125 0.847167659375 0.1606590125 0.797721578125 0.1440970140625 0.7593908625 0.1496189625 0.7472420859375 0.161794234375 0.734409478125 0.1499027921875 0.7194448796875 0.167518753125 0.6981718515625 0.18610346093750002 0.69721591875 0.23382886093750002 0.6758981859375 0.254258984375 0.6702189640625 0.2689217453125 0.6794786796875 0.296927609375 0.699618871875 0.3194706484375
2 1 0.2850365703125 0.9767625265625 0.258834325 0.946628296875 0.26076306250000003 0.95157319375 0.29857793906249996 0.8954370609375001 0.3228254140625 0.864677125 0.345448690625 0.8949243453125 0.380055290625 0.92218203125 0.3846658953125 0.9215563265625001 0.4053604375 0.8940422828125001 0.4293647671875 0.9310376515625001 0.43811853593750005 1 0.416590909375 1 0.2850365703125
2 0.676893240625 0.2414848390625 0.6849710390625 0.24414543437499997 0.6972897890625 0.2354129390625 0.6993146453125 0.176497471875 0.7180513140625 0.16894300625 0.7391474390624999 0.1437606453125 0.7476684578125 0.155925715625 0.7710154203125 0.1448985546875 0.7749608890624999 0.1271691484375 0.747112246875 0.1098859078125 0.738591228125 0.0977208375 0.70974753125 0.09321174374999999 0.7058368093749999 0.07757397656250001 0.68779971875 0.06601797968749999 0.6823029843749999 0.050481725 0.6578479749999999 0.0377476984375 0.62597999375 0.036609789062499995 0.579507675 0.063416346875 0.57456715 0.09391990312500001 0.5783301328125 0.1063895109375 0.5697743656250001 0.12759161562500002 0.5988049234374999 0.1702201203125 0.589953678125 0.1850859078125 0.6014251109375 0.19229571875 0.6443951796875 0.192723040625 0.6696627546875 0.22288193750000002 0.676893240625 0.2414848390625
2 0.669588884375 0.221297859375 0.645907321875 0.19103745 0.6078430296875 0.19347374687500002 0.5989179140625 0.20675545468749998 0.5791123234375 0.22549998593749998 0.5821018609374999 0.255495978125 0.6093595453125 0.260106584375 0.646467903125 0.3053956875 0.67258279375 0.3196122796875 0.6885167859375001 0.320181234375 0.6915410703125 0.3168100515625 0.68973345 0.312159328125 0.6715486187499999 0.297435171875 0.665904146875 0.2787307578125 0.6609244999999999 0.2742830578125 0.661771815625 0.2583407546875 0.675381096875 0.2431704296875 0.669588884375 0.221297859375
2 1 0.1886542484375 0.9990361921875 0.19067880312500002 0.9807427437499999 0.20773774375 0.9569525625 0.20926042968749997 0.9446685625000001 0.18462575 0.9240504062500001 0.1859454109375 0.9267792109374999 0.17623791093750002 0.9424177234375 0.17047055 0.941826765625 0.157797915625 0.949461346875 0.1509540375 0.9347787671875001 0.1089959984375 0.9132741750000001 0.09130671093750001 0.8894839906249998 0.092829396875 0.8871245328124999 0.11045729062500001 0.8705648374999999 0.130582878125 0.8724854484375001 0.1717689375 0.8891581359374999 0.18817868437500002 0.8987480796875001 0.18915368906250002 0.904466421875 0.20944218124999997 0.917302259375 0.211798240625 0.9161594640625002 0.221404228125 0.93681674375 0.2550358203125 0.9561443687499999 0.26015398749999996 0.9862785984375 0.2582252515625 1 0.25174440468750003 1 0.1886542484375
2 0.7194210859375 0 0.717622515625 0.000556890625 0.7120171640625 0.016803731250000002 0.701985459375 0.029097060937500002 0.6944624109374999 0.0497034640625 0.689201784375 0.07334267343749999 0.7019391296874999 0.073586628125 0.70594834375 0.091336503125 0.7381118062500001 0.098810728125 0.7284711578125 0.074006859375 0.7189782515625 0.052371151562499996 0.7315678546875001 0.049446945312500004 0.7492240140625 0.0642049375 0.7612979890625 0.0729649890625 0.7750926734375 0.07314126875 0.7769118765625 0.0666696015625 0.7789773125 0.0654781984375 0.7821493375 0.06527517187500001 0.7816076265625 0.053658593750000004 0.793386121875 0.05608232656249999 0.797221515625 0.04736320625 0.785246034375 0.0407152609375 0.7779431375 0.043301090625 0.7721378859375 0.009778101562499999 0.7730719328125 0 0.7194210859375 0
2 0.8819806265625001 0 0.8863800062500001 0.0035252625 0.903372796875 0.02679935 0.901996809375 0.0427754921875 0.9267588828125 0.0507234421875 0.9447076062499999 0.026272132812499998 0.9508054218750001 0.0205858203125 0.9736005500000001 0.0318372796875 0.9665970015625 0 0.8819806265625001 0
2 0.667188490625 0 0.652313578125 0.010033 0.6501757296874999 0.03241313125 0.6697495874999999 0.042811565625 0.6906762640624999 0.0594786375 0.7029935546875 0.027973334375 0.7151399421875 0.015544653124999998 0.7177702546875 0.0037250484374999997 0.7256570140624999 0 0.667188490625 0
2 1 0.065521778125 0.9891188609375 0.06897540625000001 0.9808339484375 0.0959858015625 0.9785222812499998 0.0918969390625 0.9628591453125 0.09713627500000001 0.9593192281250001 0.1121917125 0.9765814171875 0.118501284375 0.9670653453125 0.11911035781249998 0.9432389578125001 0.1312274078125 0.9641163875000001 0.146838428125 0.9570597234375 0.154704525 0.9454782125000001 0.156505 0.9472250046875 0.171222065625 0.9303075421875 0.172304865625 0.9266691359374999 0.1852481984375 0.9414719156250001 0.1843007484375 0.953374984375 0.21213742343750003 0.9723086375000001 0.20880716875 0.9690612843749999 0.18465330625 0.9798548515625001 0.1659559859375 0.9856108562500001 0.1984229203125 0.9990347359375 0.1679059953125 0.9890986078124999 0.136765809375 0.9935973734375001 0.1195305890625 0.9992258906250001 0.081038965625 1 0.08173038125 1 0.065521778125
10 0.46875 1 0.46875 0.7973288140625 0.46650390625 0.7974609375 0.44111328125 0.812109375 0.37861328125 0.89609375 0.37568359375 0.89609375 0.37080078125 0.8912109375 0.352734375 0.86240234375 0.33515625 0.847265625 0.32685546875 0.84873046875 0.27314453125 0.870703125 0.23505859375 0.901953125 0.21162109375 0.92392578125 0.19794921875 0.9234375 0.18916015625 0.92099609375 0.18232421875 0.917578125 0.1642578125 0.901953125 0.149609375 0.8921875 0.1359375 0.878515625 0.13056640625 0.87705078125 0.1203125 0.878515625 0.0919921875 0.91708984375 0.08515625 0.929296875 0.07392578125 0.98056640625 0.07392578125 0.99326171875 0.0792201453125 1 0.46875 1
8 0.42863281249999996 1 0.4296875 0.998681640625 0.4296875 0.9949924046875 0.42685546875 0.991845703125 0.4263671875 0.986474609375 0.42294921875 0.984033203125 0.4126953125 0.962060546875 0.40927734375 0.958642578125 0.4 0.955224609375 0.38583984375 0.952294921875 0.3658203125 0.954248046875 0.35556640625 0.956201171875 0.339453125 0.966943359375 0.323828125 0.969384765625 0.312109375 0.963525390625 0.28037109375 0.954736328125 0.22763671875 0.943505859375 0.214453125 0.942529296875 0.194921875 0.945458984375 0.18955078125 0.948876953125 0.17587890625 0.974755859375 0.16904296875 0.994287109375 0.166348209375 1 0.42863281249999996 1
10 0.490164153125 0.6 0.48602430625000004 0.6020461312500001 0.46875 0.6121228109375 0.46875 1 0.9720574187499998 1 0.9852802578125001 0.9775421640624999 0.9904885921875 0.9666294640625 0.9979290656250001 0.9366195453125 1 0.9177740578125 1 0.7366331921875 0.9981770828125001 0.72332589375 0.9954489078125001 0.6960441484375 0.9875124 0.6489211312500001 0.98974454375 0.6191592265625 0.9866165062500001 0.6 0.490164153125 0.6