11 0.1630291703125 0 0.1625 0.0103787609375 0.1625 0.032870215625 0.16848065625 0.0802663203125 0.1960925359375 0.1666567671875 0.1984545234375 0.1878051859375 0.19516678125 0.234512953125 0.20038484687499997 0.2453125 0.29042505625000004 0.2453125 0.2941323953125 0.2371793953125 0.30083549375 0.1829790625 0.31875 0.1541084046875 0.31875 0.1123838421875 0.2977687703125 0.1034622578125 0.286435546875 0.0866803625 0.2902600609375 0.0323468390625 0.277645234375 0 0.1630291703125 0
11 0 0 0 0.1921875 0.0304653625 0.1921875 0.041204195312500004 0.1862957 0.0474866875 0.1763473109375 0.051763667187499994 0.155133565625 0.06657424687499999 0.129755384375 0.100595821875 0.09596188125 0.14267167812499998 0.0401995421875 0.15761205625000002 0.0129654109375 0.1626442953125 0 0.1080278640625 0 0.0965716453125 0.02036375625 0.08299415 0.0281104296875 0.0493229421875 0.030266365625000003 0.022064025 0.0206179671875 0.004598978125 0 0 0
11 0.2637762609375 0 0.27922435156250003 0.0352299375 0.27515627343750004 0.093180409375 0.286599196875 0.109375 0.3670478515625 0.109375 0.37743379374999997 0.097925578125 0.38204008125 0.0859488078125 0.38143625625 0.040909790625 0.40281667031249996 0 0.2637762609375 0
6 1 0.27143857968749996 0.9092430828125 0.30726550625 0.891116578125 0.318213178125 0.8775865906250001 0.32185794218749997 0.8730052828125 0.3249810703125 0.8620183890625001 0.3372863359375 0.8435606874999999 0.3508087484375 0.8205064671875 0.3716340703125 0.8115783859375 0.3841800921875 0.8109375 0.38602376875 0.8109375 0.41742559375 0.816226896875 0.4333342765625 0.8300120234375001 0.44801365625 0.8308257609374999 0.4484375 0.8986063906249999 0.4484375 0.9119107671875 0.440864575 0.9255732328124999 0.4361899125 0.9350670437499999 0.427368909375 0.9559505734375 0.419357115625 0.96891483125 0.4119873328125 1 0.3858826546875 1 0.27143857968749996
6 0.8224908375 0.459375 0.8134703765625 0.41899348906249995 0.8127187718750001 0.4127245015625 0.8151468578125 0.4021839015625 0.8121970328125 0.39669276875000004 0.8099422109375001 0.3778858078125 0.792985003125 0.37130040468750003 0.7843872765625 0.3703125 0.775987459375 0.3703125 0.764704440625 0.3711421921875 0.7567448703124999 0.3758950203125 0.752164340625 0.374853484375 0.7473027562500001 0.3799622796875 0.7476709296874999 0.385156771875 0.7555389406249999 0.405123925 0.78328464375 0.459375 0.8224908375 0.459375
6 1 0.459375 1 0.3724735765625 0.997022315625 0.3749697109375 0.9937520187500001 0.381066715625 0.9813449921874999 0.38858592812500004 0.9668370328125 0.4008437140625 0.9551092921875 0.406947096875 0.9526444250000001 0.4106461171875 0.951625953125 0.437942334375 0.9569733453125 0.4505317578125 0.9575795312500001 0.459375 1 0.459375
6 0.8989357343750001 0.459375 0.9056559078124999 0.43953673281250005 0.9058596015625 0.4340774890625 0.896169721875 0.43593337656250003 0.8864022890625 0.44226635312499996 0.869220634375 0.4482294265625 0.8548191968750001 0.44803809687499996 0.8401313781249999 0.44233012499999996 0.8296795234375001 0.4346259578125 0.8186404203125001 0.41987451875000004 0.8136083781250001 0.40482970937499996 0.8134430015625 0.3828779390625 0.8120358421875 0.382214665625 0.80705751875 0.38611776875000003 0.8062376078125 0.3925017671875 0.8098769750000001 0.402897290625 0.8086010890625 0.416704840625 0.8176169953125001 0.459375 0.8989357343750001 0.459375
10 0 0.9070483718750001 0.0291501328125 0.8987404874999999 0.0342595296875 0.9159417953125001 0.041923628125 0.9133934531250001 0.1243126703125 0.8738941562499999 0.1645491796875 0.85223325 0.2322487046875 0.7974439015625 0.2750399140625 0.851596165625 0.2769559375 0.86561204375 0.282704009375 0.8637007890625 0.30186425156249996 0.8917325484374998 0.302502928125 0.9032000859375 0.3108057 0.9019259156250001 0.33379799062500004 0.9369656156249999 0.3408234125 0.9280464187499999 0.349764859375 0.9121192812500001 0.349764859375 0.8847246078125 0.349764859375 0.8675233015625 0.3542355828125 0.8458623953125001 0.35487425625 0.8235644046875 0.35934498125 0.8101856109375 0.3640625 0.8022600875 0.3640625 0.7146377609375 0.35104220937499997 0.701244 0.32677256875 0.6840426921875 0.3056963015625 0.67958309375 0.2884520828125 0.684679778125 0.2718465390625 0.66811555625 0.2533249703125 0.6515513343749999 0.23927412656249997 0.6356241984375 0.23033267968749999 0.6260679171875 0.200314965625 0.616511634375 0.168381228125 0.614600378125 0.13069941875 0.617148721875 0.105152428125 0.6190599765625 0.07768941406249999 0.6241566609375 0.07768941406249999 0.6095036953124999 0.07326266875000001 0.60625 0.039308371875 0.60625 0.027234107812500002 0.6228824890625 0 0.636465659375 0 0.9070483718750001
12 0.609375 1 0.7953125 1 0.7953125 0.9281378921875 0.7929707484375 0.9228392671875 0.7882902921875 0.9185475703125 0.7821182140625 0.9167827140625 0.7628842828125 0.8995979046875 0.7442607828125001 0.8881091375000001 0.6953899171875 0.8440877109375 0.6721574703125001 0.8324367140625 0.6582813984375 0.83125 0.649782396875 0.83125 0.6272173640625 0.8380770359374999 0.609375 0.8476887203124999 0.609375 1
12 0.609375 0.8506731078125 0.6158477796875 0.8455903375 0.6472644546875 0.834003390625 0.6663551359375 0.8351859671874999 0.679455009375 0.838188378125 0.6854571218750001 0.8079271078125 0.684259978125 0.7967112234375 0.6880843890625 0.7856728046875 0.6890625 0.7788295062499999 0.6890625 0.74504221875 0.6835350109375 0.7255810234375 0.6716260609375 0.7043366640625 0.661521590625 0.70042433125 0.642310659375 0.7 0.609375 0.7 0.609375 0.8506731078125
12 0.6852942625 0.7578554546875 0.6838218984375 0.7895006609375 0.6765625 0.81209661875 0.6765625 0.8260285078124999 0.6769132484375 0.8275996359375 0.6766024109375 0.8388360718750001 0.687915384375 0.8515064999999999 0.7352672499999999 0.8921875 0.8519518390625 0.8921875 0.8620498046874999 0.8893683937500001 0.86875 0.8832584921875 0.86875 0.852376328125 0.86530281875 0.8439825437499999 0.8624299609375001 0.7942898546875 0.8540705265625 0.7188405671875 0.8488217671875 0.7068960687500001 0.8370217921875 0.69523089375 0.816165134375 0.6847788453125 0.8046101328124999 0.6828125 0.7893953078125 0.6828125 0.7433831984375 0.7046971609374999 0.7161602921875 0.7052671796875 0.7066342234375 0.7085086765625 0.699666471875 0.71388573125 0.6899088359375 0.7329676968750001 0.6852942625 0.7578554546875