13 0.4890625 0.46875 0.4890625 0.2409254984375 0.23858515625 0.290415109375 0.23481702656249998 0.3057052046875 0.236684596875 0.32112404375 0.2573243234375 0.39284569375 0.27001738125 0.46875 0.4890625 0.46875
13 0.147262678125 0 0.14710334687499999 0.06382725312500001 0.1536715765625 0.0919142890625 0.17036777812499998 0.0912128609375 0.3136740359375 0.0490076578125 0.45014988593750005 0 0.147262678125 0
13 0.4890625 0.180733078125 0.43754645 0.1381549765625 0.41211209843749996 0.11115292968749999 0.41392120156249995 0.09733404375 0.393911653125 0.0693730921875 0.3918027046875 0.058496621875 0.3972579921875 0.0519077 0.3910200953125 0.042886003125 0.29424770625 0.058866909375 0.22544291093750002 0.074403865625 0.2109375 0.083490965625 0.2109375 0.0875695421875 0.22543539531249998 0.1958971359375 0.2280550890625 0.23255660625000002 0.22422598749999997 0.2591067359375 0.22717851718749998 0.27433379062499996 0.23544342343750002 0.2859375 0.2431797515625 0.2859375 0.47385588125 0.2386047046875 0.4890625 0.23368209062499998 0.4890625 0.180733078125
0 1 0 0.8817483484374999 0 0.8694444703125 0.0657923734375 0.871774459375 0.0923482234375 0.8849924093749999 0.0985504921875 0.99799145 0.109375 1 0.109375 1 0
9 0.52632828125 0.46875 0.545113309375 0.4635990875 0.5609751328125 0.44576662031250003 0.6029014531250001 0.3819375578125 0.6269881921875 0.3314556734375 0.6491163453125 0.3128190671875 0.6668778125 0.28052555 0.6634513562500001 0.2414728296875 0.684375 0.1970165484375 0.684375 0.196056340625 0.632296534375 0.1933408265625 0.5998684203125 0.18486464687499998 0.5595292765625001 0.1584472984375 0.5416705203125 0.135463903125 0.535541246875 0.1378301515625 0.531330790625 0.162065921875 0.49745255781250003 0.245398259375 0.4890625 0.2508985875 0.4890625 0.45527282812500003 0.5215559125 0.46875 0.52632828125 0.46875
0 0.77544019375 0.46875 0.79375 0.4365184578125 0.79375 0.433996840625 0.7131364765624999 0.3882265796875 0.69590406875 0.390437959375 0.646259671875 0.46875 0.77544019375 0.46875
0 0.8356916218749999 0.38196423749999997 0.8232960203124999 0.38513462187499997 0.820436971875 0.38866090937500003 0.8209852046874999 0.3949093453125 0.8415070078125 0.43018857656250004 0.8532954343749999 0.4381539859375 0.8605211718750001 0.4482846109375 0.8778069015625001 0.459375 0.8848877406250001 0.459375 0.888386596875 0.45892600312500004 0.90977051875 0.449863084375 0.9276101015624999 0.436515909375 0.934375 0.426501740625 0.934375 0.425194925 0.9298428000000001 0.4077948453125 0.9196209578125 0.3996284015625 0.9083807625 0.3979114265625 0.8999996187499999 0.3926681640625 0.8733677171875 0.39608575 0.8356916218749999 0.38196423749999997
6 0.8453323671874999 0.3865468125 0.8673310875 0.39375 0.887680415625 0.39375 0.9043923843750001 0.39160540625 0.915208784375 0.39375 0.9369202265624998 0.39375 0.9488049234375 0.39222487500000003 0.9579303031249999 0.3878944484375 0.9767882359375001 0.368097803125 0.9848171484375001 0.35127050937500004 0.9875 0.33427931875 0.9875 0.31859070156249997 0.9832903343750001 0.2977567390625 0.9738908406250001 0.298962946875 0.9095430765625 0.3419738234375 0.8440988421875 0.3724878328125 0.8368141625 0.3797414421875 0.8453323671874999 0.3865468125
17 1 0.1217623453125 0.98743829375 0.1283661953125 0.6693808671875 0.3492669546875 0.6702032156250001 0.35863960625 0.7277158234375 0.40022980625000004 0.8335964875 0.451410059375 0.83802211875 0.4476827375 0.8350849546875001 0.4322626828125 0.814093034375 0.40968135625 0.8129965671875 0.3971844828125 0.8245698203125 0.3846414484375 0.9245378078125001 0.33232045 1 0.2823594265625 1 0.1217623453125
12 0.7073559203124999 0.292213709375 0.7169705890625 0.3115159515625 0.7713116859375 0.2808470765625 0.860646653125 0.21567330624999997 0.8864959750000001 0.1491682640625 0.9153605765624999 0.11702961249999999 0.9126975265624999 0.104733778125 0.8742772000000001 0.100185953125 0.8698323953125 0.0675827046875 0.841496853125 0.069639215625 0.8064248624999999 0.085197771875 0.7833564749999999 0.12923018749999998 0.7486367171875 0.166859303125 0.7366714640625001 0.211046584375 0.707688978125 0.2779536984375 0.7073559203124999 0.292213709375
12 0.7071202421875 0 0.5264515671875001 0.0231846359375 0.5190947484375 0.0604617453125 0.5221100296875 0.09482813906250001 0.5420246609375 0.141243165625 0.591567296875 0.1822764296875 0.6530162453124999 0.196506640625 0.6968805546875 0.190877671875 0.7259603312499999 0.1792474734375 0.7544918734375 0.1613688375 0.7847859984375 0.1274670453125 0.8008438250000001 0.0938124546875 0.80750215625 0.061364071875 0.8042127578125001 0.023873457812500002 0.794037703125 0 0.7071202421875 0
12 0.4890625 0.18154317343749998 0.4960057671875 0.1945395359375 0.5073830187499999 0.1978186203125 0.5195045031250001 0.19152401875 0.5369137375 0.13715994375 0.5221100296875 0.09482813906250001 0.519368865625 0.06358596250000001 0.5246456484375 0.023416384374999998 0.4890625 0.027982656249999998 0.4890625 0.18154317343749998
5 0.4890625 0.864513578125 0.479443359375 0.855810546875 0.475537109375 0.843603515625 0.464306640625 0.835302734375 0.449169921875 0.829931640625 0.433544921875 0.828466796875 0.428173828125 0.834814453125 0.427685546875 0.845556640625 0.420361328125 0.850927734375 0.414990234375 0.859228515625 0.411083984375 0.861181640625 0.393505859375 0.858251953125 0.371533203125 0.850439453125 0.355908203125 0.841650390625 0.345166015625 0.827978515625 0.327099609375 0.810400390625 0.310009765625 0.787451171875 0.296337890625 0.757666015625 0.282177734375 0.756201171875 0.268505859375 0.760107421875 0.247021484375 0.760107421875 0.232861328125 0.757666015625 0.221142578125 0.750341796875 0.223583984375 0.742529296875 0.240673828125 0.726904296875 0.255322265625 0.719580078125 0.284619140625 0.695166015625 0.293408203125 0.692236328125 0.300732421875 0.686865234375 0.332470703125 0.681005859375 0.358837890625 0.680517578125 0.383740234375 0.681494140625 0.407177734375 0.688330078125 0.412060546875 0.687353515625 0.414990234375 0.681982421875 0.415966796875 0.665380859375 0.419873046875 0.646337890625 0.430126953125 0.616064453125 0.438427734375 0.599462890625 0.427197265625 0.579931640625 0.423291015625 0.556494140625 0.417919921875 0.553564453125 0.40869140625 0.553125 0.4074560546875 0.553125 0.386669921875 0.557958984375 0.335400390625 0.560400390625 0.307568359375 0.565771484375 0.275341796875 0.568701171875 0.228466796875 0.566748046875 0.219677734375 0.568701171875 0.217236328125 0.571630859375 0.216259765625 0.580419921875 0.227490234375 0.606787109375 0.247998046875 0.636572265625 0.251416015625 0.656591796875 0.243603515625 0.664404296875 0.215771484375 0.675146484375 0.202099609375 0.685400390625 0.189404296875 0.711767578125 0.185009765625 0.738623046875 0.174755859375 0.759619140625 0.170361328125 0.776220703125 0.174755859375 0.797216796875 0.195263671875 0.847509765625 0.200146484375 0.872900390625 0.224072265625 0.891455078125 0.244580078125 0.926611328125 0.257275390625 0.943701171875 0.263623046875 0.949560546875 0.309033203125 0.975927734375 0.335400390625 0.987158203125 0.3502698390625 1 0.4304983671875 1 0.431103515625 0.996923828125 0.453564453125 0.953466796875 0.460888671875 0.928564453125 0.472119140625 0.912451171875 0.476513671875 0.914892578125 0.483349609375 0.925634765625 0.4890625 0.953759765625 0.4890625 0.864513578125
5 0.4890625 0.7251953125 0.487890625 0.7220703125 0.47080078125 0.70693359375 0.44150390625 0.69326171875 0.43369140625 0.68740234375 0.41318359375 0.68447265625 0.40439453125 0.6888671875 0.39072265625 0.69130859375 0.3853515625 0.69619140625 0.38828125 0.71572265625 0.38046875 0.72744140625 0.37900390625 0.7396484375 0.3833984375 0.742578125 0.39609375 0.74501953125 0.4048828125 0.750390625 0.4185546875 0.7708984375 0.41953125 0.78212890625 0.4244140625 0.785546875 0.4166015625 0.7884765625 0.417578125 0.7943359375 0.4146484375 0.7962890625 0.4146484375 0.80263671875 0.4078125 0.80947265625 0.41318359375 0.82607421875 0.417578125 0.8294921875 0.42197265625 0.82998046875 0.42880859375 0.824609375 0.437109375 0.8236328125 0.4890625 0.8389404296875 0.4890625 0.7251953125
5 0.27811779531249997 1 0.300927734375 0.9732421875 0.3015625 0.9710205078125 0.3015625 0.9695204000000001 0.293115234375 0.96201171875 0.273095703125 0.95078125 0.253564453125 0.948828125 0.246728515625 0.9458984375 0.243310546875 0.941015625 0.245751953125 0.9283203125 0.242333984375 0.92099609375 0.22062174531249998 0.91875 0.21173502656249998 0.91875 0.209130859375 0.91953125 0.196435546875 0.93515625 0.188623046875 0.93955078125 0.152978515625 0.9751953125 0.151025390625 0.98203125 0.151486128125 1 0.27811779531249997 1
3 0.6517578125 0.761328125 0.6387369781250001 0.7824869796874999 0.6289713531250001 0.8150390625 0.6159505203125 0.832942709375 0.6110677078125 0.8866536468749999 0.6354817703125 0.8850260421874999 0.67930989375 0.909375 0.67944155 0.909375 0.6826822906250001 0.8947916671874999 0.7038411453125001 0.8915364593749999 0.70546875 0.86875 0.7298828125 0.867122396875 0.7136067703125001 0.8020182296874999 0.7868489578125001 0.7873697921874999 0.829166665625 0.780859375 0.82265625 0.7678385421874999 0.83125 0.7463541671874999 0.83125 0.7422526046875 0.7868489578125001 0.6978515625 0.746158853125 0.7076171875 0.7184895828125001 0.7076171875 0.7005859375 0.7271484375 0.6810546875 0.7336588546874999 0.6517578125 0.761328125
3 0.8388671875 0.7267578125 0.796549478125 0.6795572921874999 0.7493489578125001 0.666536459375 0.703776040625 0.6876953125 0.674479165625 0.7283854171874999 0.6858723953125 0.7739583343750001 0.7298177078125001 0.7739583343750001 0.7298177078125001 0.7951171875 0.7102864578125001 0.8065104171874999 0.7900390625 0.8911458343749998 0.8095703125 0.9155598968749998 0.8177083328125001 0.95625 0.8388020765625 0.9578125 0.8626209078125001 0.9578125 0.874674478125 0.93671875 0.879557290625 0.9025390625 0.9203125 0.9041065703125 0.9203125 0.8947916765624999 0.9055989578125001 0.8065104171874999 0.8958333328125001 0.7283854171874999 0.8876953109375 0.7039713546874999 0.8567708328125001 0.6779296875 0.8470052078125001 0.6860677093750001 0.8388671875 0.7267578125
4 1 0.692045803125 0.9965494796875 0.6940755203125001 0.9574869796875 0.7005859375 0.918703 0.7151299296875 0.9200520843749999 0.746158853125 0.9249348968749999 0.803125 0.9185159765625001 0.8625 0.9332356609375001 0.8625 0.975390625 0.8600911453125001 1 0.8154866546875 1 0.692045803125
12 0.69414478125 1 0.679427084375 0.9308268234374999 0.6078125015625 0.8819986984374999 0.6101883671875 1 0.69414478125 1