1 0.7890625 0.359375 0.7890625 0.3108306453125 0.7716577234375 0.297876225 0.7097085187500001 0.23747392500000003 0.645792671875 0.183012834375 0.6094098046875 0.1473655765625 0.5582771281250001 0.2216306984375 0.5985932765624999 0.1404341640625 0.599576596875 0.09884569531250001 0.5907267109375 0.1156791234375 0.592693353125 0.1305321484375 0.5858101078125 0.1542969875 0.5769602218750001 0.13152235 0.580783175 0.096875 0.580538225 0.096875 0.5425439953125 0.20380706875 0.499277884375 0.2850036046875 0.49436128124999995 0.33946469375 0.4888690734375 0.359375 0.6112233953125 0.359375 0.602526559375 0.3513471140625 0.6330095015625 0.3572883234375 0.6342215296875 0.359375 0.7890625 0.359375
13 0.4890625 0.359375 0.4890625 0.3356325953125 0.46269862812499996 0.32735524374999997 0.4314075953125 0.31721401718750003 0.40617289218749997 0.3091010359375 0.3970884 0.2999739328125 0.377910025 0.292875075 0.3466189921875 0.27766323593750003 0.3294593953125 0.3334399796875 0.3219869375 0.359375 0.4890625 0.359375
13 0.7890625 0.359375 0.8644681703125 0.359375 0.8676024437500001 0.337907503125 0.8734375 0.26021752343750004 0.8734375 0.198634209375 0.8578347578125 0.1948212640625 0.8314955453125 0.1928521453125 0.827001678125 0.1900423484375 0.8113572703124999 0.1902806453125 0.806408221875 0.18807036562499999 0.7890625 0.1863490375 0.7890625 0.359375
13 0.981944003125 0.359375 0.984087090625 0.3321773890625 0.984090909375 0.30000024375 0.9860368890625001 0.2853443234375 0.9851512218749999 0.2589476796875 0.9890625 0.235999709375 0.9890625 0.195204703125 0.98849209375 0.192452634375 0.961387725 0.15960647187500002 0.9495128390625001 0.1515625 0.9303120375 0.1515625 0.8912842125000001 0.1575937640625 0.880506546875 0.166201009375 0.8767277484375 0.17812711875 0.8735549859375 0.23233377812499997 0.86793955625 0.2737072234375 0.8649332640624999 0.329415703125 0.8611512953125 0.359375 0.981944003125 0.359375
4 0.24393808125 0.359375 0.24269865 0.36045337499999996 0.233798334375 0.36538813124999997 0.2347872578125 0.3811793546875 0.2283592515625 0.39845100625 0.295111625 0.4102944234375 0.375708934375 0.4167096078125 0.44295576875 0.425 0.47029079375 0.425 0.47311795468750006 0.393022771875 0.4727739234375 0.359375 0.24393808125 0.359375
5 0.2355678015625 0.40748232812499996 0.2292899 0.40185546875 0.22510463125000002 0.4054361984375 0.2230119984375 0.413620721875 0.219873046875 0.41668991875000005 0.2047014515625 0.42180524531249997 0.20313197500000002 0.42794363906250005 0.2057477671875 0.443801153125 0.2162109375 0.46119326562499996 0.2291869234375 0.4703125 0.2620391890625 0.4703125 0.26904994375 0.465285528125 0.2734375 0.45992295937499994 0.2734375 0.44300440156250004 0.262248884375 0.433058965625 0.2465541296875 0.42487444218750003 0.2407993859375 0.42487444218750003 0.240276228125 0.420270646875 0.23609095937500002 0.4146437875 0.2355678015625 0.40748232812499996
8 0.159631346875 0.43360072499999996 0.1523681640625 0.4320661265625 0.1456237796875 0.42285853749999996 0.13887939375 0.42081240624999994 0.135247803125 0.42285853749999996 0.134729003125 0.4269508 0.1414733890625 0.434623790625 0.13887939375 0.447412109375 0.1331726078125 0.4576427640625 0.1300598140625 0.47708100781249996 0.13613565625 0.4890625 0.15982118125 0.4890625 0.16170654375 0.48782319531249996 0.1715637203125 0.486288596875 0.18349609375 0.479638671875 0.2047668453125 0.477592540625 0.209375 0.47545436875 0.209375 0.46543843124999995 0.2063232421875 0.46173502656250004 0.1912780765625 0.45457356718749997 0.181939696875 0.45457356718749997 0.1772705078125 0.448435175 0.16118774375 0.4382045203125 0.159631346875 0.43360072499999996
4 0.151122246875 0.49302522031249996 0.1495853609375 0.49656207500000005 0.14753618125 0.550120159375 0.1531714265625 0.5799307921875 0.1603435578125 0.5960992703125 0.1603435578125 0.6031729796875 0.15265913125 0.6102466875 0.1311427375 0.6183309265625001 0.11321241093750001 0.6299520203125001 0.10194191875 0.631467815625 0.1 0.6343407203125 0.1 0.6452211890624999 0.11731077031249999 0.6552152687499999 0.1285812625 0.6587521234375 0.1612458 0.6640625 0.2841483375 0.6640625 0.29046650937499996 0.6395520546875 0.29712634531250004 0.60115191875 0.299175525 0.5662886374999999 0.3 0.5618614296875 0.3 0.47931919062499995 0.2950771640625 0.4788778015625 0.2822697875 0.48342518749999996 0.25255667187499997 0.48544624687500004 0.23052798437500002 0.49049889531249996 0.173150934375 0.4869620421875 0.151122246875 0.49302522031249996
5 0.23549456875 0.3819759796875 0.2359375 0.3807243640625 0.2359375 0.372215840625 0.23182775156250002 0.3681951 0.19066303281250002 0.394668625 0.1907692140625 0.3984375 0.229652021875 0.3984375 0.2328149671875 0.39227377343750003 0.23549456875 0.3819759796875
18 0.3140625 0.42296396875 0.3168271625 0.43809436250000006 0.31831956875 0.45051672031249995 0.31956324375 0.456957953125 0.3193145140625 0.4659296546875 0.31608095 0.47743184375 0.314348503125 0.484375 0.32982919375 0.484375 0.331502534375 0.4838730765625 0.34244688125 0.47743184375 0.35115260625 0.47168075 0.353125 0.4688431421875 0.353125 0.43632743749999997 0.34916271875 0.4321132171875 0.3399595296875 0.4268222125 0.3305075890625 0.4229114671875 0.3240404828125 0.4201509484375 0.3140625 0.41935597031250005 0.3140625 0.42296396875
10 0.345551215625 0.471365840625 0.3237141921875 0.48611193437499994 0.2935583046875 0.5150956359375 0.2914785875 0.5186550375 0.292518446875 0.5232314109375 0.3086362484375 0.5344181031249999 0.30967610625 0.538485990625 0.28731915468749997 0.583232759375 0.2796875 0.6198048375 0.2796875 0.6609375 0.2879600265625 0.6609375 0.299797453125 0.650352909375 0.324234121875 0.64323410625 0.3403519234375 0.641708646875 0.35075050625 0.6371322734375 0.3731074578125 0.6239116375 0.3845458984375 0.612216459375 0.4126220703125 0.557808459375 0.4308195890625 0.528316271875 0.43133951875000004 0.51458715 0.42562029843750004 0.50390894375 0.421460865625 0.4983155984375 0.410542353125 0.4927222515625 0.415221715625 0.4891628499999999 0.42510036875 0.48611193437499994 0.44277795937500003 0.47238281249999997 0.459375 0.4416279046875 0.459375 0.42540644531250005 0.45605026562499995 0.425 0.4439943765625 0.425 0.4162615734375 0.43068696093750003 0.40638292031249995 0.4347548484375 0.3663483796875 0.43628030781250005 0.348670790625 0.44085668125 0.34919071874999996 0.45967066249999994 0.345551215625 0.471365840625
8 0.4681853953125 0.42787705468750004 0.4632077703125 0.429868228125 0.459723434375 0.43434836718750003 0.44479056093749997 0.46919389218749996 0.43334202499999996 0.48313210156249997 0.42687111250000004 0.4970703125 0.42687111250000004 0.506030590625 0.42985768750000003 0.512501903125 0.43135097499999997 0.5264401125 0.4129337640625 0.5587966718749999 0.408453903125 0.5757216421875 0.398498653125 0.5961311640625 0.401485228125 0.606087028125 0.40696061562499997 0.6110649609375 0.407458378125 0.618034065625 0.401982990625 0.6200252390625 0.39352102968749997 0.629981103125 0.401982990625 0.640932553125 0.4129337640625 0.6483994515625 0.4204002015625 0.6508884187499999 0.45435820624999995 0.671875 0.4755203328125 0.671875 0.48013169375000003 0.665822215625 0.5169661140625 0.6344612421875 0.535383325 0.6150473062499999 0.5483251484375 0.6075804078125 0.55625 0.6055990734375 0.55625 0.5825240703125 0.5378721359374999 0.53788935625 0.533392275 0.5015504515625 0.5279168875 0.482634309375 0.49904666718749996 0.4383307125 0.4910824671875 0.4328549875 0.4681853953125 0.42787705468750004
8 0.29580078125 0.76630859375 0.31630859375 0.76044921875 0.34755859375 0.74580078125 0.351953125 0.74873046875 0.36953125 0.74873046875 0.39736328125 0.75361328125 0.4017578125 0.7560546875 0.406640625 0.762890625 0.41591796875 0.75947265625 0.4173828125 0.75654296875 0.4134765625 0.74287109375 0.40078125 0.71455078125 0.39541015625 0.7091796875 0.3939453125 0.69794921875 0.38759765625 0.6955078125 0.3685546875 0.70283203125 0.37734375 0.69501953125 0.3783203125 0.6818359375 0.37001953125 0.6720703125 0.3470703125 0.659375 0.34609375 0.6369140625 0.34267578125 0.63544921875 0.33046875 0.6408203125 0.308984375 0.64619140625 0.289453125 0.6798828125 0.28603515625 0.6896484375 0.28505859375 0.708203125 0.29091796875 0.73212890625 0.28212890625 0.7326171875 0.2796875 0.7345703125 0.27919921875 0.7453125 0.28115234375 0.75166015625 0.29580078125 0.76630859375
17 1 0.7150524218750001 0.9029751171875 0.71335186875 0.838191925 0.707246125 0.830857978125 0.7145730171875 0.815625 0.8000297796875 0.815625 0.819683865625 0.8247463578125 0.8379090343750001 0.833302628125 0.842793628125 0.9029751171875 0.8476782234375001 0.987082640625 0.8484375 1 0.8484375 1 0.7150524218750001
17 1 1 1 0.8469011218750001 0.90984935625 0.84641041875 0.8232388703125 0.8413954656249999 0.8169627484375 0.8439029421875001 0.8078125 0.9103160171875 0.8078125 0.991301140625 0.8094314 0.9930977890625 0.8232521875 1 1 1