4 0.3052456875 0.4688874328125 0.2903607078125 0.46347471249999994 0.2199953484375 0.46347471249999994 0.1861658484375 0.4648278921875 0.182106309375 0.4688874328125 0.17939995 0.5040701109375 0.182936540625 0.509375 0.314717946875 0.509375 0.314717946875 0.48918513125 0.3052456875 0.4688874328125
4 0.4879249828125 0.2429063765625 0.47304000312500005 0.25779135625 0.45409548437499997 0.3254503546875 0.45815502343750003 0.35792667499999997 0.4649209234375 0.36469257499999996 0.5109290421875 0.3660457546875 0.5390625 0.3634082421875 0.5390625 0.2402000171875 0.5149885828125 0.2402000171875 0.4879249828125 0.2429063765625
4 0.1929317484375 0.2469659171875 0.17939995 0.2320809375 0.16857450937500001 0.22937457656250002 0.1536895296875 0.23343411718749998 0.136098190625 0.2496722765625 0.10768141093750001 0.2564381765625 0.0968559703125 0.27132315625 0.095502790625 0.280795415625 0.11174094999999999 0.328156715625 0.11986002968750001 0.334922615625 0.1631617890625 0.3268035359375 0.21187626874999999 0.2956803953125 0.2105230890625 0.27808905625 0.1929317484375 0.2469659171875
4 0 0.36067250156249997 0.0143119921875 0.3552203140625 0.056260571875 0.351160775 0.1103877703125 0.328156715625 0.10903459062500001 0.30109311562499996 0.10226869062499999 0.29297403593750004 0.09279643125 0.29162085625 0 0.29734903125 0 0.36067250156249997
4 0.23623350781250002 0.3268035359375 0.2497653078125 0.3322162546875 0.260590746875 0.4377642921875 0.26465028749999997 0.44317701249999997 0.2795352671875 0.44317701249999997 0.29712660625 0.4323515734375 0.2903607078125 0.3186844546875 0.260590746875 0.31191855625 0.24164622812499997 0.317331275 0.23623350781250002 0.3268035359375
4 0.42838506406250004 0.47024061250000004 0.42838506406250004 0.44723655312500005 0.417559625 0.41070069374999996 0.40808736406249996 0.399875253125 0.40132146406249997 0.399875253125 0.3499006265625 0.4255856734375 0.340428365625 0.4120538734375 0.3296029265625 0.413407053125 0.3417815453125 0.4458833734375 0.3363688265625 0.45400245312500004 0.33772200625000004 0.46347471249999994 0.3417815453125 0.47024061250000004 0.35531334531250003 0.4688874328125 0.363432425 0.4973042125 0.41485326406249995 0.48918513125 0.42838506406250004 0.47024061250000004
4 0.43650414375 0.4621215328125 0.431091425 0.493244671875 0.4392105046875 0.5054232921875 0.47980590312500004 0.5027169312499999 0.48927816249999995 0.4905383125 0.49604406250000005 0.44047065312499994 0.47709954374999997 0.413407053125 0.46356774375 0.4120538734375 0.45003594375 0.4188197734375 0.43650414375 0.4621215328125
4 0.5244608421875 0.1305924390625 0.5217544828125 0.0940565796875 0.5122822218749999 0.0859375 0.4676272828125 0.0859375 0.45274230312499997 0.095409759375 0.45003594375 0.10894155937500001 0.4784527234375 0.1766005578125 0.4784527234375 0.1941918984375 0.5109290421875 0.20772369687499997 0.5298735625 0.20637051718750002 0.5390625 0.1879926421875 0.5390625 0.1654351328125 0.532579921875 0.1576560390625 0.5244608421875 0.1305924390625
4 0.393202384375 0.29838675625 0.3850833046875 0.3322162546875 0.386436484375 0.3498075953125 0.40673418437500003 0.38363709375 0.417559625 0.387696634375 0.43515096406250003 0.38363709375 0.45680184375 0.3619862140625 0.45274230312499997 0.321390815625 0.4324446046875 0.29838675625 0.399968284375 0.29026767656249997 0.393202384375 0.29838675625
4 0.13339182968750002 0.129239259375 0.188872209375 0.154949678125 0.23352714843750003 0.1535964984375 0.23352714843750003 0.10352883906250002 0.228114428125 0.089997040625 0.2199953484375 0.0859375 0.16857450937500001 0.0859375 0.13339182968750002 0.09946930000000001 0.13339182968750002 0.129239259375
4 0.4486827640625 0.0859375 0.30389250625 0.0859375 0.2998329671875 0.0967629390625 0.307952046875 0.1170606390625 0.32689656562499997 0.1373583390625 0.35125380625 0.1305924390625 0.367491965625 0.11300110000000001 0.3986151046875 0.122473359375 0.40267464531249997 0.12788607968750001 0.4419168640625 0.129239259375 0.45274230312499997 0.12517971875 0.4486827640625 0.0859375
4 0 0.258005375 0.010252453125 0.25914453593750003 0.0305501515625 0.24831909687499998 0.056260571875 0.2469659171875 0.115800490625 0.2320809375 0.1306854703125 0.221255496875 0.13880455 0.20772369687499997 0.13745137031250002 0.175247378125 0.129332290625 0.15089013906249998 0.1279791109375 0.0981161203125 0.11715367031249999 0.0859375 0.075205090625 0.0859375 0.0183715328125 0.09946930000000001 0 0.110276084375 0 0.133400428125 0.015665171875 0.16577511875 0 0.1803959453125 0 0.258005375
6 0.8815724203125 0.462748015625 0.92373511875 0.4044642859375 0.9609375 0.3585813484375 0.975818453125 0.3585813484375 0.9906994046875001 0.33377976249999997 0.9857390875 0.32509920625 0.958457340625 0.3164186515625 0.9410962296875001 0.3015376984375 0.9311755953124999 0.315178571875 0.9063740078125001 0.3325396828125 0.8716517859374999 0.3486607140625 0.833209325 0.3672619046875 0.794766865625 0.387103175 0.757564484375 0.4119047625 0.729042659375 0.43174603125 0.6757192453124999 0.47142857187500004 0.6521577375 0.49375 0.645957340625 0.49499007968750003 0.6562322843749999 0.509375 0.8301504625 0.509375 0.8592509921874999 0.487549603125 0.8815724203125 0.462748015625
6 1 0.25737179375 0.9931795640625 0.253174603125 0.97705853125 0.24945436562499998 0.9683779765624999 0.259375 0.932415675 0.21597222187499998 0.89893353125 0.1986111109375 0.8381696421875 0.1700892859375 0.794766865625 0.150248015625 0.761284721875 0.13412698437499998 0.7278025796875001 0.11924603125 0.7129216265625 0.1490079359375 0.7005208328125 0.1862103171875 0.6906001984375 0.2172123015625 0.691840278125 0.21845238125000002 0.7563244046875 0.24945436562499998 0.8121279765624999 0.2730158734375 0.851810515625 0.2916170640625 0.8877728171875001 0.30029761875 0.9212549609374999 0.2978174609375 0.9435763890625 0.3015376984375 0.954737103125 0.3114583328125 0.975818453125 0.32137896875 0.991939484375 0.327579365625 1 0.31951885 1 0.25737179375
11 0.9698525437500001 0 0.9683779765624999 0.0324404765625 0.995659721875 0.03368055625 0.991939484375 0.1018849203125 0.991939484375 0.158928571875 0.9882192453125 0.1886904765625 0.9398561515624999 0.1862103171875 0.9361359125 0.18993055625 0.9410962296875001 0.212251984375 0.942336309375 0.2271329359375 0.9572172625 0.24573412656250002 0.97705853125 0.24945436562499998 0.9968998015625001 0.2544146828125 1 0.256209534375 1 0 0.9698525437500001 0
9 0.6025545640625001 0.4205853171875 0.65469580625 0.47636432187500005 0.695560515625 0.459027778125 0.724082340625 0.434226190625 0.7600446421875 0.4106646828125 0.7972470234375 0.3858630953125 0.8270089281249999 0.36850198437500004 0.8778521828124999 0.34742063437500004 0.913814484375 0.32881944375 0.929935515625 0.3102182546875 0.94853670625 0.30029761875 0.92373511875 0.30029761875 0.8617311515624999 0.29285714218750003 0.8084077375 0.27177579375 0.7439236109375 0.244494046875 0.6881200390625 0.22093253906250002 0.6968005953125 0.18993055625 0.6620783734375 0.18993055625 0.572792659375 0.26681547656250004 0.5390625 0.2975473984375 0.5390625 0.3457521640625 0.55791170625 0.3697420640625 0.6025545640625001 0.4205853171875
9 0.872891865625 0.18125 0.901413690625 0.187450396875 0.9559771828124999 0.18373015937499998 0.9869791671874999 0.1886904765625 0.9882192453125 0.1452876984375 0.9906994046875001 0.0894841265625 0.995659721875 0.0361607140625 0.9187748015625001 0.03740079375 0.8443700390625001 0.04112103125 0.7823660718750001 0.0448412703125 0.707961309375 0.0485615078125 0.6062748015625 0.0460813484375 0.6037946421875 0.0460813484375 0.598834325 0.0783234125 0.6025545640625001 0.12792658750000002 0.6099950390625 0.19117063437499998 0.691840278125 0.19241071406250002 0.7005208328125 0.1849702375 0.7092013890625 0.1539682546875 0.7253224203124999 0.12172619062500001 0.786086309375 0.14280753906250002 0.82080853125 0.16388888906250001 0.872891865625 0.18125
9 0.5616319437499999 0.27921627031249996 0.605034721875 0.24077380937499998 0.6372767859375 0.2134920640625 0.6558779765625 0.1886904765625 0.650917659375 0.18993055625 0.61123511875 0.19365079375 0.6062748015625 0.1552083328125 0.601314484375 0.10932539687500001 0.5938740078125 0.0448412703125 0.6211557546875001 0.051041667187499994 0.6000744046875 0.006398809375 0.5566716265625 0.0237599203125 0.5390625 0.03176406875 0.5390625 0.233742559375 0.5616319437499999 0.27549603125 0.5616319437499999 0.27921627031249996
9 0.6736206499999999 0.47553037187499997 0.6620783734375 0.47762896875000005 0.6434771828125 0.4639880953125 0.5951140875 0.4119047625 0.5390625 0.3436237375 0.5390625 0.386226853125 0.5455109125 0.3982638890625 0.564112103125 0.434226190625 0.5963541671875 0.50243055625 0.6046875 0.509375 0.625062003125 0.509375 0.6484375 0.49499007968750003 0.6736206499999999 0.47553037187499997
9 0.6026597812500001 0 0.629836309375 0.0448412703125 0.629836309375 0.0460813484375 0.68563988125 0.0460813484375 0.7253224203124999 0.0460813484375 0.7749255953125 0.0448412703125 0.8369295640625 0.0423611109375 0.8369295640625 0.03368055625 0.8234573421875 0 0.6026597812500001 0
9 0.8266245046874999 0 0.8406498015625001 0.03740079375 0.8530505953124999 0.039880953125 0.911334325 0.03740079375 0.9596974203125 0.034920634374999995 0.9658978171875001 0.01259920625 0.9678871656249999 0 0.8266245046874999 0
4 0.43578505781250004 1 0.47723829687499997 0.9138487796874999 0.4758732421875 0.9140533359375 0.45918282499999996 0.905744690625 0.28913227343750003 0.8375182156250001 0.20120159375000002 0.8122923265624999 0.1140444625 0.9661565265625001 0.0958134453125 1 0.43578505781250004 1
4 0.40518641093749996 1 0.427546034375 0.9661300781250001 0.4861673984375 0.8600476515625 0.5125241203125 0.80715776875 0.5390625 0.7596482953125 0.5390625 0.7276842390625 0.5032734 0.713808125 0.46125514843750004 0.7000654359375 0.42166299062499996 0.6981564703124999 0.3888408625 0.6766357921874999 0.3362607734375 0.648543646875 0.28713010156249996 0.6262457343750001 0.2824686984375 0.6305644078125 0.26346931875 0.6038237343749999 0.249345634375 0.6146597140625001 0.217992903125 0.670982296875 0.0860863953125 0.9265109421875 0.21770379375 1 0.40518641093749996 1
4 0.2756257265625 1 0.27830914375 0.993066971875 0.29050447031250004 0.98197709375 0.3291722828125 0.9000435843749999 0.32597618125 0.8964327031250001 0.33770896562499997 0.87759906875 0.3388757078125 0.8607666093749999 0.338497071875 0.8617482921875 0.3193486828125 0.8571591015625 0.30425589531249997 0.862276871875 0.274482428125 0.8687317453125001 0.2212807234375 0.8268572515624999 0.16757837343749998 0.8018441031249999 0.143718921875 0.7899747015624999 0.1312342828125 0.775919165625 0.11668198593750001 0.7726191171875 0.09341109843749999 0.770413965625 0.0782618484375 0.7644369265625001 0.059307828124999996 0.769883628125 0.0417288484375 0.772399415625 0.03178166875 0.7693554515625001 0.0254326984375 0.768765015625 0.0167022046875 0.7798266125 0.0059977484375 0.7803145078125 0 0.778321996875 0 1 0.2756257265625 1
12 0.8512205390625001 1 0.8501736109375001 0.9950644843750001 0.8600942453125 0.98018353125 0.861334325 0.9615823406249999 0.84149305625 0.9429811515625 0.8129712296875 0.9194196421875 0.7571676593750001 0.9119791671874999 0.6840029765625 0.92313988125 0.6368799609375 0.9566220234375 0.5996775796875 0.9814236109375001 0.597200728125 1 0.8512205390625001 1
0 1 0.8643611984374999 0.982862103125 0.863616071875 0.929538690625 0.8561755953124999 0.861334325 0.854935515625 0.8042906750000001 0.8499751984374999 0.760887896875 0.8536954359375001 0.74228670625 0.8698164687500001 0.74228670625 0.892137896875 0.7187251984375 0.8896577375 0.719965278125 0.9057787703125 0.73856646875 0.904538690625 0.7410466265625 0.9132192453125001 0.7398065468749999 0.9169394843750001 0.76336805625 0.9132192453125001 0.7931299609375 0.9144593249999999 0.8216517859374999 0.9243799609375 0.847693453125 0.9392609125 0.8650545640624999 0.970262896875 0.892336309375 0.9715029765625 0.9580605156249999 0.970262896875 1 0.9720103765625 1 0.8643611984374999
6 0.6009176593750001 0.98018353125 0.6058779765625 0.9839037703125 0.6281994046875 0.954141865625 0.6567212296875 0.9367807546875 0.6939236109375 0.92313988125 0.736086309375 0.9144593249999999 0.66788194375 0.879737103125 0.5996775796875 0.8524553578124999 0.5438740078125 0.842534721875 0.5390625 0.83398093125 0.5390625 0.9305547000000001 0.5624751984375 0.9467013890624999 0.6009176593750001 0.98018353125
1 1 0.6600246546874999 0.9183779765625 0.6478422625 0.8576140875 0.64288194375 0.8092509921875 0.632961309375 0.7943700390624999 0.6242807546875 0.7708085312499999 0.6242807546875 0.7348462296875 0.6118799609375001 0.7026041671875001 0.5883184531250001 0.777008928125 0.6490823406249999 0.777008928125 0.6726438484374999 0.76336805625 0.6838045640625 0.7373263890625 0.686284721875 0.707564484375 0.6813244046875 0.686483134375 0.6714037703125 0.6778025796875 0.694965278125 0.6691220234374999 0.7160466265625 0.6691220234374999 0.74580853125 0.6616815468749999 0.7619295640625 0.6430803578125001 0.7805307546875 0.6443204359375 0.7805307546875 0.6443204359375 0.7817708328124999 0.6424603171875 0.7817708328124999 0.641840278125 0.7842509921875 0.654241071875 0.8251736109375001 0.666641865625 0.8499751984374999 0.7249255953125 0.84873511875 0.8080109125 0.8499751984374999 0.888616071875 0.857415675 0.954340278125 0.8611359125 1 0.8623066749999999 1 0.6600246546874999
9 0.5475942453125 0.6813244046875 0.5451140875 0.714806546875 0.5624751984375 0.73836805625 0.5847966265625 0.748288690625 0.58603670625 0.785491071875 0.6058779765625 0.7867311515625001 0.6381200390624999 0.7805307546875 0.6406001984375 0.7817708328124999 0.63936011875 0.779290675 0.6406001984375 0.779290675 0.657961309375 0.7656498015625 0.6691220234374999 0.74580853125 0.6753224203125 0.6962053578125 0.6939236109375 0.6726438484374999 0.7224454359375 0.686284721875 0.760887896875 0.686284721875 0.7794890875 0.6652033734375 0.773288690625 0.641641865625 0.760887896875 0.620560515625 0.744766865625 0.6180803578125 0.7249255953125 0.5982390875 0.6728422625 0.5808779765625001 0.6740823406249999 0.5945188484374999 0.6616815468749999 0.6069196421874999 0.6455605156249999 0.620560515625 0.626959325 0.608159721875 0.620758928125 0.5746775796875 0.5909970234374999 0.558556546875 0.5674355156249999 0.5436755953125 0.555034721875 0.554836309375 0.5401537703125 0.53623511875 0.5390625 0.5372172625 0.5390625 0.5896781625 0.5537946421875 0.5870783734375 0.5587549609375 0.6255208328124999 0.5390625 0.6378286203125 0.5390625 0.6535511359374999 0.5463541671875001 0.6515625 0.5475942453125 0.6813244046875
10 1 0.5219155296875 0.9717013890624999 0.5163938484374999 0.92333829375 0.51143353125 0.912016371875 0.509375 0.6834369171875 0.509375 0.682762896875 0.5101934531250001 0.68100906875 0.509375 0.6069598375 0.509375 0.6033978171875 0.530034721875 0.61083829375 0.5684771828125 0.6406001984375 0.5746775796875 0.6592013890625 0.5771577375 0.6654017859375 0.563516865625 0.682762896875 0.5783978171874999 0.7224454359375 0.6031994046875 0.7546875 0.6193204359375 0.789409721875 0.6242807546875 0.8154513890624999 0.6404017859375 0.9072172625 0.6490823406249999 0.9965029765625 0.6590029765625001 1 0.66104290625 1 0.5219155296875
1 0.592237103125 0.8437748015625001 0.652694103125 0.8388395359375 0.6492807546875 0.8115327375 0.641840278125 0.7842509921875 0.629439484375 0.776810515625 0.613318453125 0.7830109125 0.5835565468749999 0.7867311515625001 0.5835565468749999 0.773090278125 0.5587549609375 0.7755704359375 0.5723958328125 0.7606894843750001 0.5872767859375 0.748288690625 0.55751488125 0.7284474203125 0.5413938484374999 0.7321676593750001 0.5390625 0.7484871015625 0.5390625 0.820825065625 0.5562748015625 0.8437748015625001 0.592237103125 0.8437748015625001