3 0 0.41575194218749995 0.09991769375000001 0.35971651875 0.1376125765625 0.3321456671875 0.196875 0.2661119046875 0.196875 0.1782401421875 0.1906929421875 0.170714640625 0.154443190625 0.1568784328125 0.1161790203125 0.15690706875 0.0991051421875 0.163728828125 0.0192437734375 0.1715790515625 0.0174187984375 0.153125 0 0.153125 0 0.41575194218749995
3 0 0.61875 0.0339236953125 0.61875 0.0745536484375 0.5374641046875 0.21896903124999997 0.2791234984375 0.23125 0.215817675 0.23125 0.1973937578125 0.2187136546875 0.158841109375 0.199866590625 0.1447567765625 0.1745921296875 0.144299753125 0.1503912671875 0.15567982656249998 0.1455577140625 0.166272109375 0.1644047796875 0.180356440625 0.168509984375 0.19058512968750002 0.1636244078125 0.20266462500000001 0.15309180625000002 0.20606324374999999 0.066078428125 0.18435599062500002 0.019946865624999997 0.18474735625 0.016499056249999998 0.1982534640625 0.039035128125 0.23446418125 0.0758779375 0.32949679375 0.0872760359375 0.343884121875 0.0853700453125 0.35584241875 0 0.4075403015625 0 0.61875
3 0.2351257046875 0.2205118578125 0.217631265625 0.285696440625 0.11538666875 0.4664089359375 0.0868642734375 0.528125 0.2534038140625 0.528125 0.2609375 0.2848071125 0.2609375 0.1296875 0.15396474531249998 0.1296875 0.161612303125 0.14371418125 0.1939179078125 0.1347134015625 0.2222131578125 0.1535057109375 0.23603142500000002 0.19438113125 0.2351257046875 0.2205118578125
3 0.2611986140625 0.125 0.251591109375 0.4875 0.290749915625 0.4875 0.3484375 0.14367086874999999 0.3484375 0.125 0.2611986140625 0.125
3 0.26954650625 0.61875 0.40097226875 0.57948048125 0.403125 0.5383018359375 0.403125 0.41373740937500003 0.333701134375 0.38125 0.32509538125000004 0.38125 0.3123865140625 0.382743178125 0.30419083125 0.40260747812500003 0.2923934359375 0.48271091562499996 0.2562761609375 0.48568659687500004 0.252011353125 0.5219158968750001 0.2369318765625 0.5240333578125 0.22459542500000002 0.53355044375 0.19040065781249998 0.5244292578125 0.08059861562500001 0.53191315625 0.029573596875000004 0.6181237687500001 0.029319001562500002 0.61875 0.26954650625 0.61875
1 0.42406284375 0 0.42176132343750006 0.0131312578125 0.41875 0.054577159374999996 0.41875 0.08657511875 0.42008766406250003 0.11601490781249998 0.430279265625 0.17016106250000002 0.453915528125 0.21991579843750003 0.4647281671875 0.234766534375 0.482984353125 0.25454693281249996 0.5122953 0.279887859375 0.53462593125 0.29467685 0.5668426625 0.3101559546875 0.61040541875 0.3265625 0.6965164171875 0.3265625 0.7025001890625 0.3214114125 0.7046374156249999 0.314526159375 0.7042688765625 0.299944546875 0.6998153390625 0.2841308296875 0.7062374859375 0.244293421875 0.7468026921875 0.11398477656249999 0.7580679265625 0.0915845546875 0.76358471875 0.075438721875 0.7710280046875 0.004152878125 0.771967540625 0 0.42406284375 0
9 0.7701066875 0 0.761791825 0.042586976562500004 0.7537421171875 0.065156209375 0.747310684375 0.0931084328125 0.734603303125 0.115885365625 0.699946046875 0.22970681874999999 0.6913880406249999 0.25218738749999997 0.686263646875 0.2767971 0.6844379984375 0.298921790625 0.688068759375 0.31740760625000003 0.6860667484375 0.33542096093749996 0.68812073125 0.348020953125 0.69586976875 0.372835909375 0.7087432828125 0.3980346625 0.7171665875000001 0.42092694531249997 0.72540321875 0.45857873906249996 0.7289199 0.4846957265625 0.726720821875 0.5113459203125 0.7138370828125 0.5300115171875001 0.7130591265625 0.5456880296875 0.7071670890625 0.5671034125000001 0.7052169625 0.590736603125 0.710019896875 0.6012657406249999 0.715704559375 0.6073580375 0.7371223296875 0.61875 0.80652145 0.61875 0.8071464031250001 0.6176975734375 0.8141587265625001 0.5827056749999999 0.8214096953125001 0.5635676171874999 0.8203827031250001 0.5572676203125 0.815289325 0.550258321875 0.8160776734375 0.5407044765625 0.8259842109375001 0.5143785640625 0.8424156468749999 0.49021094062500004 0.8823636046875001 0.449742478125 0.9133281515625 0.40566674375 0.9275708203124999 0.38927847031249996 0.9367719953125 0.3715007328125 0.951553978125 0.323582109375 0.9569271546875001 0.245968375 0.970163284375 0.1355514015625 0.9709619437499999 0.1071267171875 0.9743747671874999 0.0970105234375 0.978125 0.093655921875 0.978125 0.0683690125 0.9670094703124998 0.0487992203125 0.9650695703124998 0.0285680578125 0.95957158125 0.007716253125 0.950192159375 0 0.7701066875 0
8 1 0.165846678125 0.9984292187499999 0.1640057390625 0.9879666390625002 0.159375 0.9705267734374999 0.159375 0.959255659375 0.187336571875 0.9552569578125001 0.2363045875 0.956767490625 0.2641068640625 0.9583807984374999 0.2671875 0.9819724265625001 0.2671875 0.996180146875 0.251076696875 1 0.2425725 1 0.165846678125
15 0.41875 0.61875 0.062962165625 0.61875 0.0638296828125 0.6347292640625 0.06654644062500001 0.6555306859375001 0.07905944375 0.69631215 0.086567565625 0.7100602453125 0.0925767171875 0.71757185 0.1025546375 0.7258412578125 0.116830453125 0.7460557390625 0.1270867359375 0.754843971875 0.129832084375 0.7587313734375 0.1500739453125 0.77604918125 0.16859970625 0.7886930265625 0.19107127343750002 0.8013141703125001 0.2070611625 0.80824791875 0.22005795625000002 0.8118161203125001 0.23511325625 0.8138111953125 0.23632479375 0.8140625 0.34260324999999997 0.8140625 0.36388715 0.8089068156250001 0.3917047828125 0.7975575875 0.4071971546875 0.7875803453125 0.41875 0.778404084375 0.41875 0.61875
3 0 0.61875 0 0.8567933171875 0.0039302796875 0.8545704593749999 0.013660404687499999 0.8460354890625 0.02202971875 0.8346824234374999 0.0280644359375 0.8310503859375 0.0451630515625 0.8119389359374999 0.0569022671875 0.802107659375 0.069523225 0.7873898890625 0.08023184375 0.7773077203125001 0.0968337703125 0.7587129984375001 0.109375 0.747300859375 0.109375 0.7265890046875001 0.09200510625 0.70684480625 0.08676555625 0.6937728609375 0.078273221875 0.6655620578125 0.0741860875 0.6481158609375 0.06976403437499999 0.619110540625 0.0697451375 0.61875 0 0.61875
3 0.1331374890625 0.7565158249999999 0.120863071875 0.743588040625 0.1175130015625 0.7415684984375 0.11040229531250001 0.74084545625 0.10489160625 0.7429168953125 0.091820103125 0.754973534375 0.0433610203125 0.80419726875 0.03520548125 0.8111272109375 0.028374695312499996 0.8200885578125 0.0242818125 0.83617094375 0.0217052078125 0.8609108921875 0.018873490625 0.86806455 0.016167001562499998 0.8795506968750001 0.013622571875 0.8966435953125 0.0140416921875 0.9374244125000001 0.014896948437499998 0.9407330453125 0.019421734375 0.948353409375 0.026746065625 0.9564671671875 0.043867440625 0.9706410406250001 0.05081337968750001 0.97442379375 0.052662792187499995 0.975 0.2120986875 0.975 0.2125 0.9692989234375 0.2125 0.878414028125 0.2068309 0.82694516875 0.20101624375 0.8009798828125 0.19763670625000002 0.7979409328125 0.172472996875 0.7858533234375 0.1544199921875 0.7744887578124999 0.1331374890625 0.7565158249999999
3 0.32804183125 0.81031081875 0.2872166640625 0.81288836875 0.254627925 0.8120374265624999 0.236273946875 0.8079832031249999 0.1993813125 0.802476340625 0.1957953984375 0.8045775734375 0.1953125 0.8075121031249999 0.1953125 0.81493558125 0.2004072421875 0.8287355187500001 0.20283960625000003 0.8406837328125001 0.2036988 0.8612227625 0.2079991265625 0.9015056687499999 0.2077737671875 0.9116489609375 0.210889009375 0.9202125484374999 0.2110018703125 0.9203125 0.240098759375 0.9203125 0.2486264640625 0.91895318125 0.317230696875 0.9130936921874999 0.33511199999999997 0.9098692359375 0.341525159375 0.9064513312500001 0.346598090625 0.9017409531249999 0.3595664015625 0.881901775 0.3625 0.8783951359375 0.3625 0.8555168609375 0.360242484375 0.8514718968749999 0.353781846875 0.835386265625 0.3455813046875 0.8221712968749999 0.342496378125 0.8146477375 0.338498421875 0.8115503437499999 0.32804183125 0.81031081875