5 0.0467392828125 0 0.061313953125 0.0228395890625 0.10457409531249999 0.07477729375 0.170210171875 0.1310582421875 0.177668815625 0.156363946875 0.223912415625 0.1724973640625 0.2513474828125 0.196875 0.27503584999999997 0.196875 0.29253195 0.1676249421875 0.302974053125 0.1287950359375 0.295515409375 0.10348932968749999 0.2835815765625 0.0990853640625 0.28954849375 0.0901039296875 0.28805676406249997 0.023012096875 0.28338022343749997 0 0.0467392828125 0
18 0 0 0 0.162152221875 0.002679021875 0.16377315625 0.0335997515625 0.1703125 0.0375296125 0.1703125 0.07428201718750001 0.1216053234375 0.0765625 0.1056351734375 0.0765625 0.099237003125 0.0489226203125 0.041232190625 0.0367144421875 0 0 0
18 0.56875 0.0761015921875 0.5656331375 0.0723810046875 0.5551910328125 0.0470926515625 0.5417654734374999 0.0382239921875 0.5283399109375 0.045757679687500004 0.5313233687500001 0.0740716546875 0.5193895359375 0.0845789125 0.5193895375 0.1099279921875 0.5014887890625 0.1264344421875 0.49403014375 0.1563002640625 0.48358804062500005 0.162325478125 0.48657149843749997 0.17572823125 0.5089474359375 0.1920004515625 0.5103738 0.20625 0.5126799656250001 0.20625 0.552207575 0.1947311171875 0.56875 0.18361111875 0.56875 0.0761015921875
18 0.1 0.386150253125 0.1 0.386402825 0.1491647375 0.40845543125 0.1736708140625 0.4109375 0.1909331515625 0.4109375 0.19093315 0.39926579375000004 0.1969000671875 0.4022133375 0.205850440625 0.3872500625 0.228125 0.37524559062499996 0.228125 0.3750533609375 0.195408340625 0.3306481375 0.1819827765625 0.3247617234375 0.1387226375 0.3354511578125 0.128280534375 0.3489319859375 0.1073963265625 0.35949129375 0.1 0.386150253125
18 0.22094742812499998 0.1708491859375 0.18962111875 0.16208462968749998 0.1612782671875 0.16224945625 0.10608429531250001 0.181955025 0.07774144375 0.2134334234375 0.0643158828125 0.27912088281249997 0.06431588125 0.33131016562500004 0.0792331703125 0.367010353125 0.10011737812499999 0.3430309453125 0.1389023328125 0.33087641093750003 0.153819621875 0.3158784359375 0.18514593125 0.3156962609375 0.16127826875 0.22636771718749998 0.1702286421875 0.169653015625 0.17470382812500002 0.169626990625 0.17321209843750002 0.24270066250000003 0.1911128484375 0.31715268281250003 0.2376260140625 0.375 0.24551626875000002 0.375 0.279124859375 0.3673390140625 0.2890625 0.3374804234375 0.2890625 0.3346294296875 0.2507820078125 0.2333028234375 0.25227373750000004 0.2168918046875 0.26868275625 0.227234234375 0.2716662140625 0.219761271875 0.241831634375 0.185638959375 0.22094742812499998 0.1708491859375
18 0.41115733906249996 0.047279128125 0.40668215312499995 0.078618725 0.40817388125000004 0.11141474062500001 0.4156325265625 0.1277737125 0.4275663578125 0.1426155328125 0.45063170625 0.1546875 0.46026268437500006 0.1546875 0.481268603125 0.1512499671875 0.5006610796875 0.1242969875 0.5170700984375001 0.1122725796875 0.5185618265625 0.0824414578125 0.530495659375 0.0734253234375 0.5275122015625 0.0451113484375 0.5359375 0.038044125 0.5359375 0.036207104687500005 0.5319873890625 0.0257007328125 0.5111031828125 0.0064375906250000005 0.46933477031250004 0.00071600625 0.4469588328125 0.0068106203125 0.42756635625 0.020343496875 0.41115733906249996 0.047279128125
5 0.551467403125 0.41875 0.5515625 0.416563121875 0.5515625 0.4075572921875 0.46990093593750004 0.3679600890625 0.38664764687500003 0.3625 0.386327334375 0.3625 0.36875 0.3713873125 0.36875 0.3726766578125 0.3774137375 0.407267128125 0.3863641109375 0.41765293281250004 0.3863641109375 0.41875 0.551467403125 0.41875
18 0.3791830140625 0.168718409375 0.33144768281250003 0.17346938125 0.319513853125 0.1809943921875 0.3254807703125 0.23464010000000002 0.356807078125 0.317960778125 0.3597905375 0.34031026249999996 0.371437065625 0.35625 0.3726171671875 0.35625 0.406034134375 0.34153245781249997 0.473161940625 0.3426332015625 0.48360404375000005 0.326170128125 0.49702960625000003 0.3260920515625 0.5119468953124999 0.314076321875 0.5234375 0.2924733765625 0.5234375 0.2845539 0.5223889984375 0.267790803125 0.498521334375 0.199337971875 0.48211231562499995 0.17259319687500002 0.46122810937500003 0.16078566875 0.41349278125 0.158081028125 0.3791830140625 0.168718409375
5 0.32372749375 0.1270573875 0.307318475 0.10329485624999998 0.2998598296875 0.10184710781249999 0.3028432875 0.13165220625000001 0.29090945625 0.1645263 0.2968763734375 0.18238506875 0.28046735156249997 0.198882840625 0.25510795937499997 0.203503684375 0.29090945625 0.2435557875 0.3135814015625 0.2453125 0.3266543921875 0.2453125 0.3252192234375 0.21949830312500002 0.31626884843749997 0.1956923921875 0.32372749375 0.17775555 0.434115440625 0.153255634375 0.3416282421875 0.135900021875 0.32372749375 0.1270573875
18 0.352429740625 0.12475220000000001 0.3613801125 0.135138003125 0.3891745859375 0.14375 0.415625 0.14375 0.415625 0.140381059375 0.40613198281249996 0.106546425 0.34347936562500003 0.08603506718750001 0.3240868890625 0.0965857 0.334528990625 0.12187405468750001 0.352429740625 0.12475220000000001
18 0.3765625 0.41875 0.3765625 0.41106029218750006 0.3579834140625 0.3359978546875 0.3262841734375 0.2774692546875 0.25356238593749997 0.21451946249999998 0.253562384375 0.2480697171875 0.300178915625 0.364292559375 0.3150170171875 0.41875 0.3765625 0.41875
1 0.56875 0 0.56875 0.41875 0.627936128125 0.41875 0.6301959328125 0.38937252031249997 0.648797121875 0.3633308546875 0.6671875 0.3598826578125 0.6671875 0.35496776093750004 0.6624379953125 0.3397693453125 0.6512772828125 0.31124752031249997 0.6562376000000001 0.2914062515625 0.6512772828125 0.2616443453125 0.6425967265625 0.2108010921875 0.6252356140625001 0.1264756953125 0.6115947421875 0.0508308546875 0.601861175 0 0.56875 0
11 0.6872901421875 0 0.6657490078125 0.020002481250000002 0.6372271828125 0.044804068749999995 0.6161458343749999 0.057204862499999995 0.6211061515624999 0.10184771875000001 0.6335069453125 0.1712921640625 0.6508238015625001 0.234375 0.650908359375 0.234375 0.6521081359374999 0.22957589375 0.6707093265624999 0.20353422656250003 0.714112103125 0.1626116078125 0.7475942468750001 0.129129465625 0.7810763890625 0.0968874015625 0.8058779765625002 0.0782862109375 0.8257192468750001 0.0646453375 0.83191964375 0.0373635921875 0.8517609125 0.0274429546875 0.8728422625000001 0.0336433515625 0.8914434531250001 0.0224826390625 0.9001240078125001 0.0125620046875 0.9059862765625001 0 0.6872901421875 0
8 1 0 0.9085710140625001 0 0.907093253125 0.0040302578125 0.8810515875 0.032552084375 0.85625 0.0263516875 0.83516865 0.0350322421875 0.81904761875 0.0722346234375 0.7892857140625 0.0970362109375 0.7520833328125 0.129278275 0.7706845234374999 0.1317584328125 0.7907117953125 0.1328125 0.794487846875 0.1328125 0.8103670624999999 0.12059771875 0.81904761875 0.10323660781249999 0.83516865 0.1181175578125 0.8488095234374999 0.108196925 0.8587301578125001 0.1131572421875 0.87609126875 0.09207589375 0.89345238125 0.09207589375 0.9207341265625001 0.0796751 0.9517361109374999 0.07099454375 0.9728174593750001 0.0697544625 0.9765376984374999 0.056113592187500005 0.9765376984374999 0.04247271875 0.993898809375 0.03875248125 1 0.0349979015625 1 0
4 1 0.036971840625 0.9825768859374999 0.039347718749999996 0.9701760921875 0.05670883125 0.9701760921875 0.066629465625 0.9453745046875 0.0753100203125 0.900731646875 0.0877108140625 0.87841021875 0.0939112109375 0.8573288703124999 0.12243303750000001 0.8486483140625 0.105071925 0.835007440625 0.12243303750000001 0.8263268859374999 0.11003224375000001 0.8126860125 0.126153275 0.787884425 0.13111359218750002 0.7630828375 0.12863343437500002 0.749441965625 0.12367311562500001 0.72216021875 0.15963541718750002 0.6985987109374999 0.181956846875 0.6775173624999999 0.201798115625 0.6613963296875001 0.2179191484375 0.6515625 0.23144066406250002 0.6515625 0.231959321875 0.65715268125 0.257674159375 0.6886780765625 0.25884176718749996 0.71843998125 0.2650421640625 0.7544022828125 0.25884176718749996 0.7953249015624999 0.261321925 0.8424479171874999 0.27000248125000004 0.8895709328125001 0.279923115625 0.9056919656249999 0.29108383125000004 0.9478546640625 0.2960441484375 0.9949776796875 0.29852430625 1 0.29889179375 1 0.036971840625
10 0.8752259078125 0.41875 0.8761160703125 0.41717509843749995 0.88603670625 0.37005208437500003 0.8872767859374999 0.34153025625 0.9157986109374999 0.34153025625 0.9171875 0.330419140625 0.9171875 0.3195064515625 0.9021577375 0.289446925 0.869915675 0.27704613125 0.83643353125 0.27332589375 0.78311011875 0.26340525625 0.739707340625 0.2621651765625 0.72110615 0.269605653125 0.7025049593749999 0.2844866078125 0.6777033734375 0.2758060515625 0.660985265625 0.280582653125 0.6504216265625 0.308048115625 0.6566220234375 0.3390501 0.6665426578125 0.3601314484375 0.649181546875 0.361371528125 0.6318204359374999 0.3836929546875 0.62686011875 0.41221478125 0.6299856578125 0.41875 0.8752259078125 0.41875
9 1 0.41875 1 0.2996651796875 0.9925003140624999 0.2996651796875 0.9565380125 0.2959449421875 0.91189515625 0.30710565624999997 0.9205757109375 0.3443080375 0.893293965625 0.3405877984375 0.8821332500000001 0.3715897828125 0.8784130125 0.40879216406249996 0.8747618062499999 0.41875 1 0.41875
13 0.56875 1 0.56875 0.718727946875 0.508071890625 0.7621705921874999 0.476473015625 0.7794187499999999 0.44239934375 0.8201435796875 0.4776325359375 0.9073876296875 0.5019032265625001 0.9477713609375 0.543741703125 1 0.56875 1
13 0.56875 0.5552959625 0.474944825 0.4665377421875 0.44917975937500004 0.44855848906249995 0.4464150796875 0.440042940625 0.42904025937499995 0.4348122 0.33446895625 0.503618775 0.3288275640625 0.5132499296875 0.378043665625 0.5748171 0.44264208437499997 0.671487646875 0.45457580625 0.6796875 0.45554053281250007 0.6796875 0.47446628593750007 0.67130159375 0.56875 0.6001266968750001 0.56875 0.5552959625
13 0.3254188296875 0.41875 0.302816346875 0.5567091312500001 0.3084419125 0.5609420984375 0.3705820796875 0.571875 0.373012559375 0.571875 0.3735530296875 0.565893759375 0.3350899375 0.52026068125 0.3311036890625 0.509619346875 0.430657490625 0.4365177875 0.44248712812499996 0.43858155625000006 0.44981656875000003 0.4513362734375 0.46873449375 0.46295677343749997 0.4940818171875 0.4894701828125 0.51536250625 0.5042762625 0.520248796875 0.51277940625 0.5275940640625 0.51167 0.5421433484375 0.41875 0.3254188296875 0.41875
13 0.2649066375 1 0.28289201406250003 0.9889128453125 0.3314308890625 0.9289070984375 0.35987899687499997 0.8839493031250001 0.36569698281249996 0.8625860124999999 0.3754208328125 0.8507980640625 0.3859375 0.825814040625 0.3859375 0.8213759671875 0.3856586359375 0.8176778312499999 0.22868965624999998 0.7204808437500001 0.20356765625 0.7110295390625 0.1914810421875 0.7196319125 0.1592878328125 0.75714635625 0.1451441625 0.7806912468749999 0.10260111406250001 0.8779881734374999 0.090625 0.9396718437499999 0.090625 0.9412293187500002 0.11099261093749999 0.9611232921875 0.1558363671875 0.9928550390625 0.1671390703125 1 0.2649066375 1
4 0 0.7070427703125001 0.0005890421875 0.7077155078125 0.007980496875 0.7109375 0.017904187499999998 0.7109375 0.040497778125 0.702149871875 0.051523585937500005 0.6935537015625 0.073591028125 0.6624972375 0.081530625 0.6411215453125 0.1089824828125 0.611100065625 0.109375 0.607921178125 0.109375 0.5995244609375 0.0060500828125000005 0.49865667187499996 0 0.4966012484375 0 0.7070427703125001
4 0 0.7807890468750001 0.038183740625000004 0.8206725046875001 0.0935077046875 0.8928686046875001 0.10003330937499999 0.89496338125 0.1291719609375 0.81694116875 0.16875 0.74641294375 0.16875 0.7442882703125 0.1478949640625 0.7133847171875 0.08244523125 0.6476466000000001 0.0469733953125 0.6979777781250001 0.005746878125 0.71421575625 0 0.72050056875 0 0.7807890468750001
13 0.15741661875 0.6843050828124999 0.1504732703125 0.6907444578125 0.1398652078125 0.6908064749999999 0.1339826625 0.69723965 0.151904340625 0.7237964703124999 0.1723653734375 0.7418067328125 0.179549871875 0.7385653390625 0.1908326546875 0.7193030296874999 0.2061820703125 0.7117480453125 0.22804127031250002 0.7201519609375 0.2506239140625 0.738149821875 0.2774055328125 0.75 0.280570878125 0.75 0.2985209796875 0.7400027296875 0.309375 0.7226217281249999 0.309375 0.7213335828125 0.24711870937499997 0.6635178453125 0.23164017499999998 0.6412125984375 0.20685553437499998 0.622161146875 0.1920846265625 0.623313965625 0.1563716375 0.6704471625 0.15741661875 0.6843050828124999
13 0.48614963749999995 0.78093543125 0.486808528125 0.7755992609375 0.482324153125 0.7724260875000001 0.4759593140625 0.772463296875 0.450644896875 0.78860825 0.3767270421875 0.84982883125 0.36504234375 0.863761171875 0.35578496406250004 0.8958092093750001 0.34590034531249997 0.905465171875 0.357119825 0.9416593500000001 0.38042591875 0.96925115625 0.391516284375 0.9755851015625 0.4042459625 0.9755106796875002 0.440891896875 0.9688976546875001 0.4465174625 0.973130621875 0.454650728125 0.9965452750000001 0.4563660921875 0.996875 0.46225537499999997 0.996875 0.49423793437499997 0.9867156640625 0.515625 0.97113210625 0.515625 0.9693479890625 0.478742321875 0.9078879328125 0.45995225624999997 0.8557410578125001 0.44293061875 0.8270460468749998 0.4434287453125 0.8195778890625001 0.46491767812499996 0.7949235906250001 0.48614963749999995 0.78093543125
13 0 0.8854426562499998 0.009921590625 0.9043556796875001 0.019870765625 0.909629834375 0.0323336625 0.9109375 0.0439382 0.9109375 0.0916036984375 0.9038781437499999 0.0953125 0.8980169625000001 0.0953125 0.895017715625 0.05625846875 0.84329634375 0.013632534375 0.7987540656250001 0 0.7800065828125 0 0.8854426562499998
1 1 1 1 0.6141653609375 0.971384609375 0.612847590625 0.9072877078125 0.61743461875 0.8579356359375 0.6337732078125 0.83804344375 0.6444651218749999 0.81874825 0.65809723125 0.7967673390625001 0.6797440890625 0.788279271875 0.6914537624999999 0.7794355125 0.70713060625 0.7742536734375 0.728587315625 0.7744605078125 0.7345079109375 0.7791613046875 0.7417277203125 0.789153628125 0.744779325 0.8044891859375 0.7451428703125 0.796397575 0.9238371093750001 0.7919897984375 0.925004809375 0.7898148984375 0.9334928375 0.792375265625 0.9501874406249999 0.8025524921875 0.9868292890625 0.8073845374999999 1 1 1
18 1 0.7735600390625 0.9988619218749999 0.7733373203125 0.9945673890624999 0.7735122390625 0.9857158187499999 0.7663479140625 0.9760531203125 0.7667414796875001 0.9844546796875001 0.7610243875 0.9951910125000001 0.7605870937500001 0.995078509375 0.757366740625 0.9884117046875 0.75118840625 0.9882616984375 0.7468946015625 0.9792976249999998 0.7365099234375 0.9671501515625 0.727329884375 0.9623681046874999 0.7135499328125 0.9535165343750001 0.7063856093750001 0.9375620390625 0.71133535625 0.9182741453125001 0.7131959375 0.9106462093750001 0.7102816890625 0.9052030421874999 0.708353434375 0.886876275 0.7069499312499999 0.87732608125 0.71056385 0.8733315562499999 0.719326378125 0.87459269375 0.72464990625 0.8661911328125 0.7303669984375001 0.8597868359374999 0.731702828125 0.8461296125000001 0.7408589203125 0.8464296203125 0.74944653125 0.8626841203125 0.7530843968750001 0.862834125 0.7573782015624999 0.8502880359375 0.7675640171875 0.8449573718749999 0.768856115625 0.8428851078124999 0.771090478125 0.826555603125 0.765305709375 0.82015130625 0.7666415390625 0.8121997578125001 0.7852400484375 0.808566346875 0.77356326875 0.799128653125 0.78039754375 0.7883923234375001 0.7808348374999999 0.755184696875 0.784337353125 0.7406038453125 0.7978309828125 0.7259104890625 0.80810425625 0.709182371875 0.8216853453125001 0.7043767203125 0.8380057624999999 0.7111935296875 0.8484779 0.7225534812500001 0.835115459375 0.7299939125 0.8326624500000002 0.7416163703125 0.826814171875 0.7446497671875 0.8213157234375 0.7690433203125 0.8117223359375 0.7927757546875001 0.8139806437499999 0.8033995812500001 0.81032299375 0.8214638421875 0.8042123390625001 0.8341224328125 0.7972468765625 0.8404517281249999 0.7937641453125 0.8490407937500001 0.793414309375 0.8611882671875 0.80259435 0.8614132734375 0.8090350578125 0.8673064531250001 0.82384473125 0.8751218921875001 0.8321262359375 0.8860457296875 0.8370561984375 0.894086175 0.8517784125000001 0.8983807078125 0.8516034937499999 0.9000168546874999 0.8676615359375 0.9107531874999999 0.8672242406249999 0.9247104187499999 0.866655759375 0.9310022140624999 0.8620995765625 0.9325258578125 0.8749372640625002 0.9350856343749999 0.8866577703124999 0.931241115625 0.8997141046875001 0.9412038218750001 0.9079081515624999 0.95905696875 0.9265306062499998 0.972676690625 0.9163010625 0.981115753125 0.9116574203125001 0.9874450484375 0.9081746890625 0.9981813796874999 0.9077373953125001 1 0.9096644671874999 1 0.7735600390625
7 1 0.9221028359375001 0.9824873734375 0.9157726468749999 0.9717135421875 0.9151364874999999 0.94310045625 0.9270516984375 0.9394295453125 0.91430146875 0.9196916359374999 0.903280634375 0.907656665625 0.8973209484375001 0.90083985625 0.8868488109375001 0.89065214375 0.87221405625 0.8836853328125001 0.8574481125 0.882536696875 0.8553449390625001 0.8756448875 0.8427258999999999 0.870787840625 0.8267990453125 0.86393353125 0.81525345625 0.8487526609374999 0.8115718640624999 0.84123723125 0.81187796875 0.8483165453125 0.8298642656249999 0.8520249578125 0.8436879484375 0.856732 0.8553209953125 0.862775184375 0.8744244734375 0.8672197203125 0.8785433593749999 0.8761462953125001 0.8878545875 0.8818894703125 0.8983704546875 0.8811533468749999 0.908075246875 0.8772713249999999 0.9200581312499999 0.8710545312499999 0.9267612156249999 0.8726531796874999 0.9417458046875 0.8890201812499999 0.948604021875 0.8976467484375 0.9493276390624998 0.9048246734375001 0.9393604703125 0.9077455624999999 0.930641671875 0.9121150968749999 0.9326136578125 0.9252237015624999 0.9385296125 0.9340377734375 0.9446204859375001 0.939480940625 0.946548740625 0.9579952125 0.9533194999999999 0.9624022468749999 0.9563649359374999 0.9766969859374999 0.9654575171875 0.9846353859375 0.9703125 0.9876903640624999 0.9703125 0.98865695625 0.9692702984375 0.99491125 0.9636406640625002 1 0.95723655625 1 0.9548534921874999 0.9933126031249999 0.9486560765625001 0.9877194328125001 0.9424340140624998 1 0.9404812703125 1 0.9221028359375001
18 0.955470225 1 0.9529369359375 0.99861254375 0.9406019578125001 0.9840652453125 0.93056425 0.973724296875 0.9226738062500001 0.9632958890625 0.9084165671875001 0.955276759375 0.8932732 0.9526686187500001 0.8822743625000001 0.945591753125 0.8650868078125 0.9419918921875 0.8586919343750001 0.9476272515625 0.867693509375 0.9590853796874999 0.8678060140625 0.9623057359375 0.8627378546875001 0.9711119921875 0.86721989375 0.9763043343749999 0.8792923640625 0.9833374703125 0.8859591703125 0.9895158015625001 0.902288671875 0.99530056875 0.9149735859374999 1 0.955470225 1
1 1 0.5775673234375 0.9759815140625001 0.5760234484375 0.9512879515625 0.577029225 0.927893028125 0.5844319796875 0.89283814375 0.5966095640625 0.8687070968749999 0.6137171125 0.8490205828124999 0.6349435484375 0.8778211734375001 0.628395596875 0.8969215640625 0.6211677578125 0.9279444250000001 0.61667925 0.96337431875 0.6152361796875 0.9912512796874999 0.6130257625000001 1 0.6150358859375 1 0.5775673234375
1 0.7883538812499999 0.8122558828124999 0.7819870828125 0.8146651625000001 0.7701771187500001 0.8151461859375001 0.7637353203125 0.8154085640625001 0.7521128609375001 0.8212568421875 0.745821065625 0.8258130234374998 0.741639034375 0.829208296875 0.7454224500000001 0.8451788796875 0.7521267546875 0.8524306640624999 0.761789453125 0.8520370968750001 0.75982969375 0.8574918140625 0.76094498125 0.85529643125 0.777420334375 0.8686001078124999 0.7884058312500001 0.875 0.7901448921875 0.875 0.799891628125 0.8655348875 0.8060709203125 0.8577583531249999 0.8189170171875 0.8561601484375 0.8251338109375 0.8494570640625 0.826831065625 0.8364881875 0.8254199234375001 0.8268708515625001 0.8294894484374999 0.820255228125 0.8296875 0.8194564468750001 0.8296875 0.8103151921875 0.8291144390625 0.8095207125 0.8235587687500001 0.804372103125 0.8193017375 0.8056204734375001 0.812934940625 0.808029753125 0.8000888421875001 0.8096279578125 0.7883538812499999 0.8122558828124999
7 0.8323964171875 0.877550203125 0.8333074796875 0.9036290125 0.825403428125 0.8997159328125001 0.8277896421875 0.9073829328125 0.8378426296875 0.9323835546874999 0.8274135828125001 0.9370433468750001 0.8182470343749999 0.9374167046874999 0.829972159375 0.9496441781249999 0.8344983546875 0.9579298515625 0.8374516234375001 0.96875 0.838513590625 0.96875 0.8485268687499999 0.9552409609375001 0.8596610359374999 0.950552446875 0.8531179765625 0.9451722640625 0.862743409375 0.9377218593750001 0.8698684734375 0.9395491609375 0.8707862453124999 0.9253950671875 0.8781239609375 0.91309699375 0.878125 0.9130738781249998 0.878125 0.8941762234375 0.871448828125 0.8837237765625 0.8625195531250001 0.8706765921875 0.8570912546875 0.8567809765625001 0.8550005203125 0.8575719687500001 0.8419972296875 0.8693949671875 0.8323964171875 0.877550203125