4 0.2015625 0.40052083281249995 0.1942708328125 0.4171875 0.1927083328125 0.4447916671875 0.19583333281249998 0.45104166718750005 0.203125 0.45885416718750005 0.21458333281250003 0.4661458328125 0.2265625 0.4713541671875 0.2390625 0.4739583328125 0.2802083328125 0.47864583281249995 0.2984375 0.47239583281249997 0.3234375 0.4703125 0.3328125 0.46666666718750005 0.3453125 0.47760416718750004 0.3557291671875 0.47864583281249995 0.38125 0.47239583281249997 0.4140625 0.4692708328125 0.4213541671875 0.46666666718750005 0.4505208328125 0.4421875 0.465625 0.43645833281249996 0.4734375 0.4302083328125 0.49635416718750003 0.41875 0.5322916671875 0.40416666718750005 0.5375 0.4 0.5380208328125 0.3953125 0.5229166671875001 0.3713541671875 0.5140625 0.35208333281250004 0.5020833328125 0.2765625 0.4984375 0.26510416718749996 0.4890625 0.2630208328125 0.45 0.2744791671875 0.3739583328125 0.2880208328125 0.3489583328125 0.2947916671875 0.31302083281250004 0.3140625 0.30625 0.3229166671875 0.309375 0.33125 0.2869791671875 0.3494791671875 0.22760416718749998 0.3609375 0.2036458328125 0.3682291671875 0.1984375 0.3765625 0.2015625 0.40052083281249995
11 0.4796875 0.4859375 0.47447916718750005 0.475 0.4692708328125 0.47083333281249995 0.41979166718750005 0.46875 0.3932291671875 0.47083333281249995 0.3541666671875 0.47864583281249995 0.3229166671875 0.47552083281249996 0.24375 0.4770833328125 0.178125 0.48333333281249996 0.178125 0.5453125 0.1854166671875 0.5572916671875 0.19583333281249998 0.565625 0.20677083281250003 0.5796875 0.2125 0.5833333328125 0.22239583281250003 0.6 0.475375 0.6 0.4828125 0.5380208328125 0.4796875 0.4859375
11 0.73720703125 0 0.739453125 0.00673828125 0.758984375 0.0267578125 0.770703125 0.03603515625 0.7873046875 0.04384765625 0.80390625 0.06240234375 0.8107421875 0.06484375 0.82978515625 0.0658203125 0.86689453125 0.074609375 0.88837890625 0.08291015625 0.9025390625 0.09755859375 0.909375 0.14248046875 0.91865234375 0.16005859375 0.93525390625 0.1732421875 0.95478515625 0.176171875 0.9669921875 0.1732421875 0.97724609375 0.1791015625 0.99482421875 0.16982421875 1 0.1605817515625 1 0 0.73720703125 0
6 0.7510542046875 0.1830078125 0.7720502984375 0.1830078125 0.7891401421875 0.18544921875 0.8618940484375001 0.20302734375 0.8867963921875001 0.2064453125 0.9024213921875001 0.20302734375 0.9126752984375001 0.19814453125 0.9258588921875001 0.18837890625 0.9375776421875001 0.176171875 0.9361127984375001 0.1703125 0.9199995171875001 0.156640625 0.9131635796875001 0.14296875 0.9043745171875001 0.09267578125 0.8853315484375001 0.0755859375 0.8711713921875001 0.0697265625 0.8423627984375001 0.062890625 0.8267377984375001 0.053125 0.8159956109375001 0.04384765625 0.7866987359375 0.03798828125 0.7613081109375 0.027734375 0.6390625 0.0052908453125 0.6390625 0.13726020156250002 0.7266401421875 0.17568359375 0.7510542046875 0.1830078125
7 0.85029296875 0.34560546875 0.85859375 0.35439453125 0.87080078125 0.3587890625 0.87177734375 0.35439453125 0.86689453125 0.3392578125 0.86689453125 0.336328125 0.868359375 0.336328125 0.87275390625 0.340234375 0.87763671875 0.34951171875 0.8859375 0.37001953125 0.8908203125 0.36953125 0.8908203125 0.3587890625 0.88251953125 0.33388671875 0.88154296875 0.32412109375 0.88544921875 0.31337890625 0.89521484375 0.30703125 0.9005859375 0.30068359375 0.90107421875 0.28994140625 0.89765625 0.28359375 0.89716796875 0.2728515625 0.8869140625 0.23623046875 0.878125 0.22451171875 0.86884765625 0.2162109375 0.86640625 0.207421875 0.8634765625 0.20400390625 0.85322265625 0.2025390625 0.841015625 0.1966796875 0.81220703125 0.19130859375 0.805859375 0.19326171875 0.80390625 0.19033203125 0.78583984375 0.187890625 0.7765625 0.18447265625 0.75263671875 0.1849609375 0.71162109375 0.1693359375 0.7033203125 0.1703125 0.69111328125 0.168359375 0.6837890625 0.1625 0.6798828125 0.1625 0.6701171875 0.16591796875 0.6671875 0.18203125 0.67353515625 0.1859375 0.6837890625 0.1966796875 0.68720703125 0.21279296875 0.70185546875 0.22890625 0.71015625 0.254296875 0.719921875 0.2650390625 0.79609375 0.32021484375 0.833203125 0.3392578125 0.85029296875 0.34560546875
15 0.808418628125 0.1895181609375 0.801613528125 0.18891628437500002 0.80157299375 0.190507459375 0.8998904390625 0.4196107859375 0.9051025750000001 0.41818621250000004 0.9062405859375 0.4152095875 0.8196962624999999 0.214104825 0.808418628125 0.1895181609375
0 1 0.1588727671875 0.993359375 0.168359375 0.96455078125 0.17080078125 0.95087890625 0.178125 0.9474609375 0.240625 0.94501953125 0.2474609375 0.93623046875 0.33193359375 0.9337890625 0.38564453125 0.93671875 0.394921875 0.942578125 0.40078125 0.96064453125 0.41201171875 0.98017578125 0.41787109375 1 0.41959493906249995 1 0.1588727671875
4 0.6390625 1 0.6390625 0.9466724531249999 0.60517578125 0.9291015625 0.50849609375 0.88857421875 0.380078125 0.85732421875 0.3654296875 0.855859375 0.321484375 0.8578125 0.25654296875 0.8568359375 0.24873046875 0.859765625 0.253125 0.88125 0.2580078125 0.89150390625 0.2638671875 0.89541015625 0.26484375 0.8998046875 0.25263671875 0.91201171875 0.24287109375 0.93544921875 0.231640625 0.94619140625 0.23115234375 0.953515625 0.23408203125 0.965234375 0.24287109375 0.9759765625 0.24580078125 0.9818359375 0.24677734375 0.9916015625 0.251171875 0.996484375 0.24732142812500002 1 0.6390625 1
15 0.9467453390625 1 0.837300084375 0.687890625 0.8286712640625 0.7083984375 0.9322987203125 1 0.9467453390625 1
15 0.9105249140625 0.891015625 0.6390625 0.8036901593750001 0.6390625 0.814752634375 0.903690596875 0.902734375 0.9105249140625 0.891015625
15 0.7396669796875 0.945703125 0.6390625 0.9135807265624999 0.6390625 0.929112990625 0.743572303125 0.96328125 0.7396669796875 0.945703125
14 0.79043619375 0.910546875 0.8041048296875 0.73671875 0.6527735156250001 0.7689453125 0.6390625 0.767869684375 0.6390625 0.9203161859375 0.6615604953124999 0.918359375 0.79043619375 0.910546875
14 1 0.8921724953125001 0.9456728328124999 0.896875 0.9017379343749999 0.9046875 0.8460870640625 0.9173828125 0.741619640625 0.9427734375 0.75070106875 1 1 1 1 0.8921724953125001
14 1 0.743625896875 0.8324184296875 0.6986328125 0.8041048296875 0.7748046875 0.7992231734375 0.848046875 1 0.9172433156249999 1 0.743625896875