17 0.459375 0.5 0.459375 0.38341327187499996 0.4542082890625 0.294997334375 0.450152390625 0.2819879078125 0.4360006828125 0.263433475 0.40157503125 0.2382961328125 0.317412596875 0.15948601874999999 0.30433798749999996 0.155419684375 0.2656136234375 0.1746423640625 0.2125729109375 0.1843247984375 0.18932155 0.1938366109375 0.17053908125 0.2084384546875 0.12883592187499998 0.22913980312499999 0.125 0.24263039062499997 0.125 0.2461607609375 0.1387726265625 0.3021632234375 0.16691416718750002 0.3775183828125 0.22148116406249999 0.5 0.459375 0.5
17 0.22303439531249997 0.5 0.19796256406249998 0.4453131375 0.13472710937500001 0.2785649609375 0.12379839374999999 0.21577846875 0.0995467234375 0.1478308625 0.0897746609375 0.065793259375 0.0773613921875 0.054902307812499995 0.051544228125 0.057973389062500005 0.0304429171875 0.0526132234375 0 0.054747540625 0 0.40372196875000005 0.0312253265625 0.45053114375 0.062397499999999995 0.5 0.22303439531249997 0.5
17 0.10714471562500001 0.16744402187500002 0.1267393359375 0.225 0.12894285625 0.225 0.20785171875000003 0.1925671375 0.21960087968750003 0.18105059375000002 0.2651115890625 0.1722638921875 0.30731144375 0.15375210781249998 0.31583484375 0.15723550625 0.3347861109375 0.1774676546875 0.3430611609375 0.1798562703125 0.330148428125 0.13754363593750002 0.3342852609375 0.1314299140625 0.332298475 0.12267165312499999 0.297622796875 0.0375 0.291902046875 0.0375 0.099190646875 0.0593306890625 0.10059979999999999 0.085022534375 0.0960499765625 0.0990556578125 0.09853761093749999 0.153851659375 0.10052439843750001 0.162609915625 0.10714471562500001 0.16744402187500002
17 0.459375 0.03094914375 0.3690902328125 0.029368934375 0.355690490625 0.08717914375 0.3560253109375 0.127615009375 0.36380920156249996 0.1862782921875 0.368031125 0.20488959687500002 0.374320771875 0.2131360109375 0.42364317968750004 0.2601121296875 0.44193172187499996 0.2725528390625 0.450290478125 0.28505042187499996 0.45054574687500004 0.3592254953125 0.459375 0.4265022125 0.459375 0.03094914375
17 0.459375 0 0.27223889687499997 0 0.275505896875 0.030245417187500002 0.2990906921875 0.0465534109375 0.32003013125 0.09015987812500001 0.3443668890625 0.1828325078125 0.3541621921875 0.1859375 0.36014991875 0.1859375 0.36554775625 0.1544534671875 0.35809591875 0.1069939328125 0.360657575 0.0695864921875 0.3681848125 0.0394586421875 0.3841545125 0.031937340625 0.421391553125 0.0353780828125 0.459375 0.0308597609375 0.459375 0
17 0.04892943125 0 0.0430586296875 0.030176676562499997 0.048190240625000005 0.043058142187499995 0.0600244921875 0.056266621875 0.094225515625 0.059375 0.131984346875 0.059375 0.18853267812500002 0.057844799999999995 0.238512271875 0.054148125000000005 0.271875 0.0456911421875 0.271875 0.0454819375 0.259195059375 0.008963460937499999 0.2538609375 0 0.04892943125 0
17 0.5299057281249999 0 0.51740894375 0.18844886562500002 0.5072616125 0.300118171875 0.490625 0.41472709375 0.490625 0.4190658765625 0.49657218125 0.42915118750000003 0.5406967765624999 0.43676133906250003 0.546007578125 0.45867311875 0.550891290625 0.4640625 0.5685885046875 0.4640625 0.631786865625 0.4591294640625 0.6394235984375001 0.43641014531250005 0.6454476 0.4312106421875 0.711227090625 0.41513783125000003 0.7369934078125 0.400578021875 0.7454297203125 0.38638445312499997 0.75 0.3316033609375 0.75 0.27095132187500004 0.74989525625 0.260419503125 0.7444301156249999 0 0.5299057281249999 0
17 0.7441475843750001 0 0.7477113171875001 0.0946135765625 0.7465897406249999 0.3950982234375 0.7501014796875 0.397827065625 0.80246249375 0.3891122109375 0.8159075296875 0.43125 0.824645809375 0.43125 0.886957690625 0.42216453749999994 0.8903118953125 0.40006963906250004 0.9442144859375 0.3846482625 0.9544922203125001 0.3669453265625 0.9578125 0.34977374375000003 0.9578125 0.3441928421875 0.9280100265625 0 0.7441475843750001 0
1 1 0.5 1 0.4170619234375 0.6990713828125 0.449544965625 0.47557697968749996 0.48213184531250003 0.476973425 0.5 1 0.5
1 0.459375 0 0.459375 0.3179953 0.474539203125 0.4796875 0.484770528125 0.4796875 0.5474247703125 0.46708613281250005 0.5361467265625001 0.43362105624999997 0.4906088796875 0.4254067484375 0.511661596875 0.2737970109375 0.5235771203125 0.06815457968750001 0.527715684375 0 0.459375 0
12 0 0.78574595625 0.0055703390625000005 0.7856823265624999 0.0272629 0.7817143812499999 0.056404946874999994 0.7736745671875 0.0734375 0.767069146875 0.0734375 0.76680753125 0.064050846875 0.7681784140625 0.059803135937499995 0.7664874828125 0.054593765625 0.763982240625 0.044847646875 0.753288653125 0.0394732546875 0.7406177421875 0.0323330765625 0.6999326031249999 0.032162628124999995 0.6847873375 0.0317151734375 0.668159715625 0.0236875765625 0.67346978125 0.01962235625 0.677706140625 0.0155358359375 0.6818284734375 0.0121107859375 0.68330233125 0.0071589703125000004 0.6840318234375 0.002893646875 0.6859596703124999 0 0.688511584375 0 0.78574595625
12 0.18807566874999998 0.636169225 0.185589625 0.6313552140625001 0.1840657203125 0.6291430265625 0.1823778421875 0.62775139375 0.16694554687500002 0.625820025 0.1559362890625 0.6271825124999999 0.1421066875 0.6287339765625 0.124731059375 0.6316846171874999 0.10786126874999999 0.636493290625 0.0954094328125 0.6394747828125 0.0875039015625 0.643013990625 0.07220251093749999 0.6460280265625 0.060090025000000005 0.6491275703125 0.054654024999999995 0.6506005828125 0.0482043875 0.6476624015625 0.0425766296875 0.6481632171875 0.038459915625 0.6489661921875001 0.03651226875 0.6504790328125 0.03415675 0.652922840625 0.032684553125 0.6559421453125001 0.0322623171875 0.660362125 0.0319644828125 0.668526678125 0.03196914375 0.68041355 0.0321897125 0.6872127203125 0.032427715625 0.6954446890625 0.033769370312500005 0.7102152046875 0.0352483578125 0.7236894375 0.0377191765625 0.7337242671875 0.040582196875 0.74240343125 0.0436611296875 0.7503403515625 0.0491449828125 0.7583374078125 0.0541086328125 0.7635506609375 0.0609746390625 0.76708351875 0.06869934375 0.7680952125 0.0762958234375 0.7664302453125 0.0822717921875 0.7627558703125 0.0847639734375 0.7610273765625 0.13671029375 0.7537701234374999 0.14899639375 0.7523725156250001 0.15964429062500002 0.7496578921875 0.168370721875 0.7465336406249999 0.1718665515625 0.7443804359375 0.176797975 0.7414350734375 0.178426815625 0.7403732046875 0.1853393859375 0.738903228125 0.2044506921875 0.715185115625 0.209678534375 0.7044272515625 0.2109375 0.69803986875 0.2109375 0.6725527234374999 0.20801484062500003 0.66731255625 0.204674709375 0.6613238375 0.199558996875 0.65347418125 0.195230028125 0.6472877312499999 0.19009652500000002 0.6410407984375001 0.18807566874999998 0.636169225
12 0.285972628125 0.615617340625 0.21333072187500002 0.6068071359375 0.21208995156250002 0.61515445 0.209592715625 0.6160285937500001 0.20359527656249998 0.6588698328125 0.21005487343749998 0.6679594296875 0.2117892484375 0.6742432875000001 0.21368291250000002 0.685875765625 0.2123099390625 0.6995104671875 0.210689984375 0.7050792796875001 0.2082488390625 0.71074971875 0.2052759328125 0.71507325625 0.2023647375 0.72122568125 0.19797156875 0.7254424375 0.19375903125 0.730625746875 0.19156356875 0.7338641609375001 0.1899312765625 0.73562015625 0.1879159640625 0.7382633125 0.1838304015625 0.7594216218750001 0.17740014531249998 0.7626286421875 0.1756340421875 0.7659676359375001 0.17661845625 0.7712356093749999 0.17894096406249999 0.7746359390625 0.1831613390625 0.7776595562499999 0.196541078125 0.7838047359375 0.214833903125 0.7899092296875001 0.23046969687500002 0.7930802984375 0.25362650625 0.7953125 0.2837834609375 0.7953125 0.2943059359375 0.7931229046875 0.2953125 0.790473340625 0.2953125 0.78068386875 0.28967781875 0.7773844203125 0.28926286874999996 0.7598897015625 0.2890459125 0.7374148984375 0.288375640625 0.6842076796875001 0.2864101375 0.6254522234375 0.285972628125 0.615617340625
14 0.32679629375 0.735550253125 0.328204459375 0.74185786875 0.33294732968749996 0.746363828125 0.3366871265625 0.7484375 0.3420950859375 0.7484375 0.3425103015625 0.7484212765625 0.3462935828125 0.7465640859375 0.3490069515625 0.74020938125 0.40625 0.6213658078125001 0.40625 0.6198145421875 0.401386465625 0.6177473609375 0.3960590234375 0.6174806875 0.3905918234375 0.6176943125000001 0.388124809375 0.6179996265625001 0.38511364062500003 0.6202543578124999 0.32679629375 0.735550253125
12 0.359729778125 0.535770034375 0.3419290421875 0.5389754921875001 0.316879084375 0.5566114203125 0.3071996171875 0.571342653125 0.304993990625 0.58615140625 0.308141515625 0.60831740625 0.31936878750000003 0.6284810015625 0.3440572734375 0.6514897656249999 0.3591031015625 0.6601536343750001 0.3630830453125 0.6601623171875 0.3651471046875 0.6579019374999999 0.3847108359375 0.6188906750000001 0.3976510796875 0.6162867453125 0.4061602515625 0.6192435359374999 0.3828978234375 0.6677347546875 0.38498754687500003 0.6703125 0.41358158593749994 0.6703125 0.42852985468749993 0.66709975 0.441921228125 0.6589264140625 0.44890240937500003 0.65104515625 0.4546875 0.633833115625 0.4546875 0.6061314140625 0.45401961718750006 0.593271178125 0.4546875 0.590978521875 0.4546875 0.5837907437500001 0.44953380625 0.569265865625 0.4196903640625 0.5213321359374999 0.40685676718749997 0.5058784421875 0.40068629843750003 0.5021309828125 0.3896619390625 0.507003978125 0.359729778125 0.535770034375
6 0.8084208609375001 0.5372826015625 0.7096843921875 0.59187754375 0.6921805390625 0.6086096765625 0.684764759375 0.6279353046875 0.6851508093750001 0.6497877015625 0.6966680421875 0.6754135734375 0.72126108125 0.6890625 0.7268475984375 0.6890625 0.76266905625 0.680788475 0.8135374453124999 0.6362917890625 0.8545037875 0.6133472328125 0.8753509859375 0.5714229484375 0.9015625 0.5510229609375 0.9015625 0.5460988953125 0.899227509375 0.5341852125 0.8857100718750001 0.5314916281250001 0.868606259375 0.5436373015625 0.8631336828125 0.5538233781249999 0.8404282640625 0.53821676875 0.8084208609375001 0.5372826015625
6 0.8003289046875001 0.6623580625 0.777309465625 0.6766301484375 0.7383723421875 0.7157273953125 0.7261840578125 0.7372127984375 0.7798092234375 0.753125 0.796807490625 0.753125 0.8131043 0.7523945125 0.849255125 0.7189636140625 0.9007805765625001 0.6537945046875 0.9038238906250001 0.632042196875 0.915625 0.608488534375 0.915625 0.6063395765624999 0.9090104265625001 0.5988571078125 0.8965361 0.5973435 0.8715734578125 0.6207551390624999 0.8403091374999999 0.6244407921875 0.8200759921875 0.6330465375000001 0.8003289046875001 0.6623580625
6 0.62337063125 0.6562145140625 0.612025434375 0.681173121875 0.64218964375 0.6901002234375 0.6813418140625 0.7142335828124999 0.693214921875 0.7171875 0.6976119000000001 0.7171875 0.701074909375 0.7113609109375 0.701488940625 0.6803355984375 0.6930010296875 0.659396275 0.6804836953125 0.6452365453125 0.6860132734375 0.6212577343750001 0.6930290140625 0.6065185640624999 0.7080466031249999 0.592012934375 0.7765625 0.5545199421875 0.7765625 0.55310305 0.766916840625 0.547749790625 0.7410110953125 0.5688348375000001 0.7144192703125001 0.5715073296875 0.6977154984375 0.579066546875 0.6493763859375 0.6339828515625 0.62337063125 0.6562145140625