5 0.35 0.38744338749999996 0.346875 0.3856770828125 0.3385416671875 0.37421875 0.3291666671875 0.3731770828125 0.2854166671875 0.3919270828125 0.284375 0.41796875 0.2760416671875 0.44505208281249997 0.23958333281250002 0.45234375 0.21770833281250002 0.45234375 0.2114583328125 0.45546875 0.2046875 0.46707589374999997 0.2046875 0.471093746875 0.20625 0.48046875 0.21979166718749998 0.49713541718750004 0.278125 0.54296875 0.295442709375 0.5484375 0.34450061249999997 0.5484375 0.35 0.5460403312500001 0.35 0.38744338749999996
5 0 0.5890625 0.2 0.5890625 0.2 0.5886067671874999 0.1921875 0.5544270828125 0.159895834375 0.5190104171875001 0.11510416718750001 0.49296875 0.0953125 0.4721354171875 0.041145834375 0.47109375 0.0203125 0.4544270828125 0 0.45198958281249996 0 0.5890625
5 0.35 0.07127757343749999 0.3416666671875 0.0700520828125 0.3135416671875 0.07734375 0.2875 0.10651041562500001 0.2364583328125 0.1388020828125 0.196875 0.17630208281249998 0.159375 0.23463541562499998 0.1302083328125 0.30234375 0.1302083328125 0.3200520828125 0.1375 0.31796875 0.14375 0.30546875 0.14791666718750002 0.3075520828125 0.146875 0.34296875 0.1395833328125 0.35859375 0.1135416671875 0.37942708281250004 0.08125 0.381510415625 0.06875 0.38776041562499997 0.10325521875000002 0.3890625 0.12890625 0.3890625 0.14375 0.38671875 0.1697916671875 0.375260415625 0.1916666671875 0.35546875 0.2052083328125 0.331510415625 0.22916666718749998 0.312760415625 0.240625 0.2950520828125 0.2822916671875 0.26796875 0.30520833281250004 0.26276041562499997 0.3072916671875 0.23567708281250002 0.35 0.16796875 0.35 0.07127757343749999
5 0 0.052500000000000005 0.0203125 0.05859375 0.053645834375 0.08359375 0.1296875 0.187760415625 0.1617953453125 0.221875 0.1662760421875 0.221875 0.1682291671875 0.22109375 0.2 0.173949934375 0.2 0.170052078125 0.1994791671875 0.1669270828125 0.1390625 0.1388020828125 0.10260416718750001 0.090885415625 0.0859375 0.06171875 0.0703125 0.0450520828125 0.050520834375000004 0.03046875 0.006770834375 0.01484375 0 0.0064608125 0 0.052500000000000005
19 0 0.13636853437500002 0.01875 0.1609375 0.0270833328125 0.1651041671875 0.0479166671875 0.1640625 0.05 0.1692708328125 0.0479166671875 0.1984375 0.0354166671875 0.23072916718749997 0.0322916671875 0.2567708328125 0.0385416671875 0.2776041671875 0.05729166718749999 0.3005208328125 0.07291666718749999 0.3046875 0.1041666671875 0.3005208328125 0.134375 0.2869791671875 0.15 0.26614583281250004 0.1625 0.2359375 0.1640625 0.224218746875 0.1640625 0.21974060468749998 0.11145833281249999 0.1619791671875 0.059375 0.0890625 0.03125 0.0661458328125 0.0083333328125 0.0609375 0 0.07760416718749999 0 0.13636853437500002
5 0.35 0 0.21659564531250003 0 0.21901041718749997 0.008854167187500001 0.21692708437500002 0.09322916718749999 0.23151041718749998 0.14010416718750002 0.2721354171875 0.11822916718750001 0.320052084375 0.07552083281250001 0.335677084375 0.0713541671875 0.35 0.072309028125 0.35 0
19 0.03046875 0.46666666562500003 0.03984375 0.4739583328125 0.0450520875 0.475 0.0568576328125 0.475 0.08984375 0.469791665625 0.10651041718750001 0.457291665625 0.12421875 0.434375 0.125 0.41562500937499997 0.125 0.40907117968750006 0.1127604171875 0.394791665625 0.073177084375 0.388541665625 0.050260417187499996 0.396875 0.0221354171875 0.422916665625 0.02109375 0.446875 0.03046875 0.46666666562500003
19 0.00618146875 0 0.00703125 0.0161458328125 0.051822915625 0.0317708328125 0.0684895828125 0.0432291671875 0.0841145828125 0.05989583281250001 0.13723958281249998 0.1390625 0.19973958281249998 0.1703125 0.2153645828125 0.1609375 0.225 0.146484375 0.225 0.14466796875000001 0.18411458281249998 0.1109375 0.10078125 0.0286458328125 0.08828125 0.008854167187500001 0.079695390625 0 0.00618146875 0
13 0.35 0.384521484375 0.355859375 0.394287109375 0.365625 0.405029296875 0.38125 0.414794921875 0.39248046875 0.417724609375 0.4095703125 0.417236328125 0.4232421875 0.412353515625 0.43251953125 0.412841796875 0.4720703125 0.479736328125 0.484765625 0.495849609375 0.49208984375 0.501220703125 0.512109375 0.501220703125 0.558984375 0.494384765625 0.60146484375 0.485107421875 0.61171875 0.480712890625 0.629296875 0.466552734375 0.63271484375 0.455322265625 0.64443359375 0.446044921875 0.65029296875 0.433349609375 0.6615234375 0.424072265625 0.6673828125 0.414794921875 0.67470703125 0.408447265625 0.68056640625 0.398193359375 0.69130859375 0.389892578125 0.71181640625 0.380615234375 0.73916015625 0.350341796875 0.74375 0.3425390625 0.74375 0.3302385609375 0.7416015625 0.323486328125 0.738671875 0.294677734375 0.72548828125 0.266357421875 0.72255859375 0.265380859375 0.70498046875 0.278564453125 0.69375 0.292236328125 0.6849609375 0.299072265625 0.6625 0.312255859375 0.637109375 0.322509765625 0.6244140625 0.333251953125 0.60927734375 0.342529296875 0.59755859375 0.346923828125 0.5736328125 0.343505859375 0.566796875 0.337646484375 0.547265625 0.313232421875 0.49013671875 0.234130859375 0.4876953125 0.232177734375 0.48037109375 0.232177734375 0.41298828125 0.258544921875 0.37197265625 0.282470703125 0.36953125 0.284912109375 0.367578125 0.292724609375 0.36953125 0.303955078125 0.35390625 0.316162109375 0.35 0.32058919218750004 0.35 0.384521484375
13 0.35 0 0.35 0.056558228125 0.353466796875 0.059375 0.367626953125 0.07841796875 0.407666015625 0.1189453125 0.423779296875 0.1443359375 0.482861328125 0.20390625 0.486279296875 0.21123046875 0.488232421875 0.2322265625 0.492626953125 0.24443359375 0.528759765625 0.295703125 0.540478515625 0.30693359375 0.554638671875 0.32548828125 0.564892578125 0.3357421875 0.579541015625 0.34501953125 0.592900390625 0.346875 0.600048828125 0.346875 0.609326171875 0.34501953125 0.634228515625 0.32646484375 0.672802734375 0.30888671875 0.688427734375 0.29814453125 0.723095703125 0.2634765625 0.774853515625 0.217578125 0.792919921875 0.198046875 0.809375 0.18347237656249998 0.809375 0.042104610937499995 0.7694146046875 0 0.35 0
13 0.35 0.259375 0.36830512187500003 0.259375 0.374853515625 0.255908203125 0.382177734375 0.255419921875 0.389501953125 0.248095703125 0.395361328125 0.247607421875 0.399755859375 0.242236328125 0.419775390625 0.228564453125 0.425634765625 0.222216796875 0.430029296875 0.212451171875 0.434423828125 0.186083984375 0.4421875 0.1595961625 0.4421875 0.1572265625 0.422216796875 0.137255859375 0.412939453125 0.121630859375 0.390966796875 0.103564453125 0.384619140625 0.090869140625 0.375341796875 0.081103515625 0.365087890625 0.073779296875 0.352392578125 0.054736328125 0.35 0.052695599999999995 0.35 0.259375
19 0.53271484375 0.5890625 0.55322265625 0.6232421875 0.57177734375 0.63642578125 0.62109375 0.659375 0.66650390625 0.6857421875 0.66748046875 0.6935546875 0.66064453125 0.755078125 0.6611328125 0.78828125 0.6669921875 0.80244140625 0.6787109375 0.81904296875 0.6826171875 0.82783203125 0.689453125 0.8341796875 0.74853515625 0.87373046875 0.77978515625 0.88935546875 0.80078125 0.909375 0.8115234375 0.9162109375 0.87646484375 0.94111328125 0.88330078125 0.95234375 0.88720703125 0.9552734375 0.9298828125 0.96875 0.9328125 0.96875 0.9328125 0.76755859375 0.93115234375 0.7619140625 0.9328125 0.7595898437499999 0.9328125 0.6974609375 0.91796875 0.68818359375 0.91015625 0.68818359375 0.9033203125 0.690625 0.89453125 0.69892578125 0.8828125 0.69990234375 0.85986328125 0.68671875 0.8388671875 0.6662109375 0.8056640625 0.63984375 0.78369140625 0.6388671875 0.7646484375 0.6408203125 0.732421875 0.65205078125 0.71044921875 0.66279296875 0.6953125 0.66279296875 0.63134765625 0.6291015625 0.57861328125 0.596875 0.57041015625 0.5890625 0.53271484375 0.5890625
19 0.7043820046875 1 0.709130859375 0.9748046875 0.715625 0.8678678390625001 0.715625 0.852986028125 0.710107421875 0.844921875 0.687158203125 0.8283203125 0.666650390625 0.7970703125 0.664208984375 0.79462890625 0.659814453125 0.79462890625 0.631005859375 0.81025390625 0.610498046875 0.813671875 0.606591796875 0.81904296875 0.608544921875 0.82880859375 0.604638671875 0.83564453125 0.582666015625 0.8478515625 0.563623046875 0.86640625 0.563623046875 0.87470703125 0.582666015625 0.8849609375 0.585595703125 0.89326171875 0.582177734375 0.90302734375 0.541650390625 0.9787109375 0.534927528125 1 0.7043820046875 1
19 0.8801028140625 1 0.876416015625 0.9765625 0.865185546875 0.94140625 0.857861328125 0.9326171875 0.831494140625 0.9208984375 0.815380859375 0.916015625 0.803173828125 0.9091796875 0.779248046875 0.88720703125 0.755810546875 0.87646484375 0.723583984375 0.85498046875 0.719189453125 0.85400390625 0.716748046875 0.85595703125 0.716259765625 0.85986328125 0.709423828125 0.9765625 0.7050189078125 1 0.8801028140625 1
19 0.6954799109375001 0.5890625 0.70029296875 0.605908203125 0.70615234375 0.612744140625 0.7046875 0.625927734375 0.714453125 0.642529296875 0.71591796875 0.658154296875 0.72177734375 0.658642578125 0.737890625 0.650830078125 0.7662109375 0.642041015625 0.8033203125 0.640087890625 0.81357421875 0.644970703125 0.85263671875 0.677197265625 0.88193359375 0.690869140625 0.88994715 0.6984375 0.897787475 0.6984375 0.9048828125 0.690869140625 0.91708984375 0.687451171875 0.92001953125 0.679638671875 0.9234375 0.684033203125 0.9265625 0.684033203125 0.9265625 0.675439453125 0.9234375 0.672314453125 0.92294921875 0.664990234375 0.92294921875 0.657177734375 0.925390625 0.650341796875 0.925390625 0.632275390625 0.9171238109375001 0.5890625 0.6954799109375001 0.5890625
19 0.36868557343749997 0.5890625 0.36904296875 0.666259765625 0.37197265625 0.709228515625 0.37099609375 0.717529296875 0.3685546875 0.720458984375 0.3685546875 0.930419921875 0.3705078125 0.957275390625 0.3685546875 0.960205078125 0.3685546875 1 0.485216121875 1 0.47744140625 0.973876953125 0.469140625 0.928955078125 0.45693359375 0.896728515625 0.45400390625 0.868408203125 0.4408203125 0.811767578125 0.43203125 0.781005859375 0.42373046875 0.762451171875 0.414453125 0.722900390625 0.40810546875 0.703857421875 0.4017578125 0.677001953125 0.40419921875 0.665283203125 0.4037109375 0.655517578125 0.396875 0.641357421875 0.3795715328125 0.5890625 0.36868557343749997 0.5890625
19 0.4701895875 0.5890625 0.4697265625 0.589599609375 0.46923828125 0.603759765625 0.4716796875 0.615966796875 0.47412109375 0.619873046875 0.4833984375 0.626708984375 0.48681640625 0.637451171875 0.4853515625 0.642333984375 0.4716796875 0.650146484375 0.4716796875 0.666259765625 0.47509765625 0.676025390625 0.47265625 0.691162109375 0.48046875 0.697509765625 0.48486328125 0.704833984375 0.494140625 0.711181640625 0.5009765625 0.722412109375 0.5048828125 0.737548828125 0.5126953125 0.739013671875 0.51904296875 0.747802734375 0.52734375 0.738037109375 0.53271484375 0.740966796875 0.533203125 0.754638671875 0.5283203125 0.765869140625 0.53173828125 0.779541015625 0.5595703125 0.790771484375 0.5693359375 0.798095703125 0.58935546875 0.803466796875 0.60312035 0.8125 0.6297084265625 0.8125 0.64453125 0.806396484375 0.66064453125 0.796142578125 0.6625 0.792802734375 0.6625 0.781396484375 0.66162109375 0.765869140625 0.6625 0.7555419921875 0.6625 0.68964468125 0.650390625 0.678466796875 0.634765625 0.674560546875 0.626953125 0.675048828125 0.6123046875 0.691162109375 0.62109375 0.702880859375 0.62060546875 0.708740234375 0.611328125 0.707275390625 0.6044921875 0.696044921875 0.59765625 0.690673828125 0.5830078125 0.660888671875 0.56982421875 0.640380859375 0.5634765625 0.637451171875 0.56005859375 0.637939453125 0.55419921875 0.653564453125 0.55224609375 0.629638671875 0.55029296875 0.625244140625 0.527166559375 0.5890625 0.4701895875 0.5890625
19 0.37813106093750004 0.5890625 0.39482421875 0.6365234375 0.40458984375 0.6580078125 0.40654296875 0.6775390625 0.40458984375 0.678515625 0.40263671875 0.67265625 0.39970703125 0.6736328125 0.40263671875 0.69267578125 0.41435546875 0.72197265625 0.42119140625 0.75224609375 0.44365234375 0.81474609375 0.44560546875 0.8337890625 0.46171875 0.903125 0.46953125 0.92802734375 0.4822265625 0.9919921875 0.4847890625 1 0.5221560109375 1 0.525 0.9860644531249999 0.525 0.9635351562500001 0.518359375 0.92900390625 0.51396484375 0.92216796875 0.51103515625 0.90849609375 0.50029296875 0.893359375 0.4958984375 0.8826171875 0.49296875 0.85771484375 0.48857421875 0.8435546875 0.4880859375 0.82158203125 0.48173828125 0.80009765625 0.48173828125 0.79375 0.4841796875 0.7810546875 0.49248046875 0.75908203125 0.4998046875 0.75078125 0.50126953125 0.7458984375 0.50078125 0.73271484375 0.49833984375 0.7234375 0.4880859375 0.70732421875 0.50029296875 0.70732421875 0.5017578125 0.705859375 0.50859375 0.67509765625 0.4958984375 0.66923828125 0.4919921875 0.66435546875 0.48466796875 0.6609375 0.48076171875 0.6560546875 0.475390625 0.65361328125 0.4646484375 0.64140625 0.46220703125 0.60576171875 0.46706498593750007 0.5890625 0.37813106093750004 0.5890625
19 0.5742594406249999 0.5890625 0.574609375 0.591162109375 0.60634765625 0.613134765625 0.6849609375 0.655615234375 0.6991536453125 0.6609375 0.7033610031249999 0.6609375 0.71572265625 0.658544921875 0.71767578125 0.653173828125 0.7201171875 0.626806640625 0.719140625 0.614599609375 0.72109375 0.606298828125 0.71474609375 0.589208984375 0.714599609375 0.5890625 0.5742594406249999 0.5890625