12 0.2526041671875 0.45625 0.24114583281250002 0.44375 0.18802083281249998 0.4302083328125 0.1442708328125 0.4114583328125 0.11927083281249999 0.41041666718750003 0.1046875 0.415625 0.09427083281250001 0.4135416671875 0.0890625 0.42083333281249996 0.10052083281249999 0.43125 0.1130208328125 0.453125 0.1328125 0.4625 0.1651041671875 0.4604166671875 0.1734375 0.46875 0.24635416718749997 0.46875 0.2526041671875 0.4635416671875 0.2526041671875 0.45625
12 0 0.4679127109375 0.0796875 0.41041666718750003 0.0848958328125 0.3958333328125 0.0848958328125 0.3802083328125 0.07552083281250001 0.3708333328125 0.061979167187499996 0.36770833281250004 0.0432291671875 0.3802083328125 0.0338541671875 0.396875 0 0.42276348124999996 0 0.4679127109375
10 0.2682291671875 0.3229166671875 0.2588541671875 0.321875 0.2234375 0.325 0.1640625 0.3604166671875 0.1546875 0.3729166671875 0.1619791671875 0.39895833281250004 0.1838541671875 0.4 0.2078125 0.384375 0.2265625 0.3635416671875 0.2526041671875 0.35625 0.2598958328125 0.3375 0.2692708328125 0.3302083328125 0.2682291671875 0.3229166671875
10 0.2244791671875 0.3645833328125 0.2088541671875 0.384375 0.1953125 0.3916666671875 0.1963541671875 0.403125 0.24739583281250002 0.403125 0.3151041671875 0.3760416671875 0.3234375 0.36875 0.3234375 0.3625 0.3026041671875 0.3375 0.29635416718749996 0.3375 0.2244791671875 0.3645833328125
10 0 0.31431159375 0.0463541671875 0.30625 0.05989583281250001 0.3 0.07864583281250001 0.2822916671875 0.0901041671875 0.2802083328125 0.0869791671875 0.2666666671875 0.0692708328125 0.26875 0.0442708328125 0.2635416671875 0 0.275347221875 0 0.31431159375
10 0.0869791671875 0.3916666671875 0.11822916718750001 0.3854166671875 0.1348958328125 0.3864583328125 0.1369791671875 0.375 0.1234375 0.371875 0.10364583281249999 0.35104166718749996 0.0234375 0.3291666671875 0.0119791671875 0.3322916671875 0.0098958328125 0.3375 0.0328125 0.33645833281250004 0.0369791671875 0.3395833328125 0.0432291671875 0.3541666671875 0.0380208328125 0.3708333328125 0.0401041671875 0.375 0.0484375 0.375 0.0609375 0.36770833281250004 0.07864583281250001 0.3708333328125 0.0869791671875 0.3916666671875
10 0 0.38691063593749997 0.0057291671875 0.3864583328125 0.0078125 0.3802083328125 0.0463541671875 0.3760416671875 0.0453125 0.3552083328125 0.0401041671875 0.3427083328125 0.0307291671875 0.33645833281250004 0.0161458328125 0.33645833281250004 0 0.33983769375 0 0.38691063593749997
10 0 0.2754065046875 0.0401041671875 0.265625 0.05989583281250001 0.23854166718749997 0.06510416718749999 0.225 0.0640625 0.20625 0.0536458328125 0.1979166671875 0.0421875 0.196875 0.0244791671875 0.2114583328125 0 0.24715711875 0 0.2754065046875
5 0.42973307343749995 1 0.42900390625 0.99375 0.4255859375 0.987890625 0.41875 0.96298828125 0.41240234375 0.9517578125 0.3884765625 0.8814453125 0.38212890625 0.87021484375 0.377734375 0.86875 0.36943359375 0.8736328125 0.34794921875 0.87412109375 0.32744140625 0.87216796875 0.32646484375 0.8755859375 0.32890625 0.88291015625 0.31767578125 0.88583984375 0.3201171875 0.89853515625 0.307421875 0.90341796875 0.30693359375 0.90927734375 0.309375 0.91123046875 0.30986328125 0.91611328125 0.3025390625 0.9205078125 0.303515625 0.9263671875 0.3005859375 0.92880859375 0.3005859375 0.94296875 0.309375 0.95322265625 0.30986328125 0.95810546875 0.323046875 0.96787109375 0.3201171875 0.97373046875 0.33037109375 0.9751953125 0.32841796875 0.98056640625 0.3298828125 0.983984375 0.34208984375 0.9869140625 0.34599609375 0.99033203125 0.35234375 0.98984375 0.354296875 0.999609375 0.35966796875 0.99912109375 0.36015625 1 0.42973307343749995 1
5 0.42509765625 0.88095703125 0.42119140625 0.8833984375 0.42216796875 0.890234375 0.41923828125 0.8931640625 0.4197265625 0.898046875 0.416796875 0.9029296875 0.41728515625 0.91806640625 0.4197265625 0.92734375 0.4236328125 0.93173828125 0.42265625 0.93662109375 0.4265625 0.9439453125 0.424609375 0.95126953125 0.4275390625 0.9546875 0.43046875 0.97275390625 0.43388671875 0.9791015625 0.43828125 0.98154296875 0.44267578125 0.98740234375 0.44462890625 0.98740234375 0.46318359375 0.9703125 0.47099609375 0.95322265625 0.47490234375 0.9498046875 0.48369140625 0.93173828125 0.48857421875 0.9263671875 0.49931640625 0.90439453125 0.5095703125 0.87412109375 0.5095703125 0.8453125 0.5056640625 0.8287109375 0.4880859375 0.7994140625 0.47783203125 0.79453125 0.46611328125 0.79599609375 0.46220703125 0.7984375 0.4587890625 0.8052734375 0.44951171875 0.80869140625 0.44462890625 0.82333984375 0.436328125 0.8375 0.434375 0.85849609375 0.42802734375 0.86484375 0.4294921875 0.86826171875 0.424609375 0.8716796875 0.42509765625 0.88095703125
5 0.5890625 1 0.5890625 0.8219168531250001 0.58671875 0.81455078125 0.5564453125 0.7896484375 0.52275390625 0.7779296875 0.50517578125 0.77939453125 0.496875 0.79111328125 0.49541015625 0.7994140625 0.50810546875 0.8365234375 0.5125 0.88779296875 0.5232421875 0.92880859375 0.53740234375 0.95859375 0.5466796875 0.972265625 0.572002378125 1 0.5890625 1
5 0.246875 0.9224609375 0.2498046875 0.9283203125 0.25419921875 0.92587890625 0.25810546875 0.9283203125 0.26640625 0.925390625 0.27275390625 0.92734375 0.2810546875 0.9244140625 0.28349609375 0.92099609375 0.2908203125 0.921484375 0.2986328125 0.917578125 0.30595703125 0.9185546875 0.31181640625 0.91220703125 0.30986328125 0.90244140625 0.3171875 0.9 0.319140625 0.89755859375 0.3181640625 0.88583984375 0.32744140625 0.88095703125 0.325 0.86728515625 0.31865234375 0.86728515625 0.3162109375 0.86044921875 0.30693359375 0.85361328125 0.29912109375 0.853125 0.29814453125 0.8462890625 0.2927734375 0.84287109375 0.2927734375 0.83798828125 0.2888671875 0.8345703125 0.25859375 0.82578125 0.246875 0.84384765625 0.23564453125 0.8677734375 0.22490234375 0.88095703125 0.21904296875 0.89267578125 0.215625 0.90927734375 0.21953125 0.91171875 0.22392578125 0.91953125 0.2283203125 0.92197265625 0.2341796875 0.92099609375 0.23662109375 0.92392578125 0.246875 0.9224609375
5 0.158984375 0.84775390625 0.1541015625 0.85751953125 0.1541015625 0.8599609375 0.158984375 0.8609375 0.1619140625 0.87314453125 0.17021484375 0.88486328125 0.17998046875 0.909765625 0.1951171875 0.91513671875 0.2029296875 0.9146484375 0.2205078125 0.8853515625 0.23173828125 0.87216796875 0.2576171875 0.823828125 0.27470703125 0.7974609375 0.28349609375 0.7779296875 0.27177734375 0.71982421875 0.2673828125 0.71005859375 0.2361328125 0.70908203125 0.2205078125 0.718359375 0.21171875 0.72763671875 0.20048828125 0.7486328125 0.19169921875 0.77109375 0.18046875 0.7896484375 0.1775390625 0.81259765625 0.1697265625 0.81455078125 0.166796875 0.81845703125 0.16533203125 0.8287109375 0.16044921875 0.8365234375 0.158984375 0.84775390625
5 0.36056157187500004 0.86476553125 0.3713244953125 0.8641779125 0.3912848203125 0.8608481203125 0.42846582812499995 0.8420445453125 0.4447080625 0.8214781390624999 0.44901322656250003 0.8052208796875 0.444316690625 0.8040456593749999 0.4394244515625 0.8107052609375 0.43218391718750004 0.8150144062500001 0.42533478281250003 0.815993759375 0.42142099375 0.810901128125 0.4194640984375 0.8069837171875 0.4147675609375 0.8132515765624999 0.41026669687500006 0.805808496875 0.40361326562500005 0.8116846125 0.400677921875 0.7993447640625 0.3912848203125 0.8040456593749999 0.3916761921875 0.796014971875 0.386001209375 0.7971901921875 0.386001209375 0.7926851671875 0.379934821875 0.7944480015625001 0.379347746875 0.7848503453125 0.3601701984375 0.7823040375 0.344906396875 0.7803453328125001 0.3503857078125 0.7875925359375 0.3533210515625 0.8220657499999999 0.35566931875 0.8463536906250001 0.3511684703125 0.8536009015625 0.3372745171875 0.8545802546875001 0.3235762515625 0.8457660812500001 0.3132047015625 0.8361684296874999 0.3040073 0.8214781390624999 0.2989193609375 0.810901128125 0.29441851093750004 0.7989530296875 0.287569378125 0.7848503453125 0.28502540781249996 0.78152055 0.2822857515625 0.7826957734375 0.27501820625 0.7997030453125 0.279350409375 0.8225264250000001 0.2889391984375 0.8450515359375 0.297353853125 0.856216165625 0.3042029859375 0.8545802546875001 0.31437883437499997 0.8600646359375 0.3175098640625 0.8663324859375001 0.32592451875 0.862806825 0.3366874421875 0.8708375140625 0.343145203125 0.8657448828125001 0.3548865734375 0.8663324859375001 0.35625639375 0.8724044687499999 0.36056157187500004 0.86476553125
5 0.07069645937499999 0.765660865625 0.0678608296875 0.7590382921875001 0.0671875 0.794354853125 0.07164165312500001 0.8123342703124999 0.08329923593750001 0.831886646875 0.12268291406250001 0.8618459296875001 0.1431624265625 0.8690992390625001 0.15513505 0.8419782093749999 0.1671076984375 0.8126496390625 0.1425322734375 0.81422644375 0.1207924796875 0.8094960296875 0.1009431203125 0.7997198359375 0.08739512499999999 0.78836685 0.0776279765625 0.777644575 0.07069645937499999 0.765660865625
5 0.34879682343749996 0.8002998874999999 0.3481114375 0.78074804375 0.3481114375 0.770800603125 0.35085300625000004 0.7615391953125 0.3515384171875 0.7471325625 0.3515384171875 0.73615609375 0.35085300625000004 0.7289527703124999 0.34228555625 0.7241505687500001 0.33371810625 0.7272376953124999 0.332690028125 0.7186623203125 0.324122578125 0.7217494546875 0.3193248 0.71283106875 0.30698767656250003 0.7169472453125 0.303560696875 0.7080288546875 0.298077534375 0.7087149 0.29636404375000003 0.71454614375 0.2867684890625 0.7142031281250001 0.27302748593750004 0.7104713640625 0.28265612500000004 0.7677134624999999 0.2912235734375 0.7930966046875 0.3045887765625 0.81847969375 0.3203529046875 0.8404326453125 0.33234733437499997 0.8507230953124999 0.3419428640625 0.8514091421875 0.3505103140625 0.8479789921875 0.3535946 0.8404326453125 0.352566496875 0.8315142609375 0.34879682343749996 0.8188227296875 0.3481114375 0.8105903375000001 0.34879682343749996 0.8002998874999999
5 0.18452304218749999 0.7489497734375 0.1866195046875 0.72418860625 0.1866195046875 0.7128572531249999 0.16942849375 0.7002668484375 0.15517258125 0.6910338828125 0.1350465359375 0.6801221890625 0.12204848125000001 0.672148275 0.1149204921875 0.662495634375 0.12456422812500001 0.654941378125 0.1287571515625 0.6532626671874999 0.1363044265625 0.650744584375 0.15475326250000002 0.66333498125 0.16817063593749998 0.671728584375 0.1765564828125 0.6759253859375 0.18871596562499998 0.681800915625 0.1882966484375 0.6675317828125 0.1715249546875 0.6578791421875 0.15517258125 0.64696745625 0.1421744921875 0.63521643125 0.1295957234375 0.6280818484374999 0.11089305625000001 0.615868590625 0.096890940625 0.6264031296875 0.076764896875 0.654941378125 0.06921765468749999 0.680541878125 0.067959765625 0.697329084375 0.0675404796875 0.7237689328125 0.0721526890625 0.75440558125 0.082634996875 0.7842028828125 0.102761040625 0.8047672015625 0.1396587453125 0.8152592046875 0.1627198234375 0.8144198578124999 0.1765564828125 0.8114820765624999 0.18452304218749999 0.7489497734375
5 0.3766166375 0.7337045796874999 0.41908498906249997 0.7420307859374999 0.46418020625 0.7477276796875 0.489573653125 0.74991879375 0.5224099921875001 0.7350192109375 0.5429874171875 0.7209960765625001 0.5517437734375 0.7135463015625 0.556997575 0.7034671640625 0.5591866640625 0.6947027078125 0.5591866640625 0.6802413578125 0.556997575 0.6697240203125 0.553495084375 0.6574537671875 0.553495084375 0.6482510953125 0.5548084859375 0.6421159765625 0.5530572406250001 0.634666203125 0.546052128125 0.6280928609374999 0.5337932828125 0.6232723906250001 0.521096525 0.6197666125 0.499643478125 0.6158226078125 0.480817296875 0.6123168203125 0.45936421562499996 0.6079345921875 0.42477660000000006 0.6022376984375 0.4072638875 0.60136125 0.39150245156249996 0.5996083765625 0.378367915625 0.5982936953125 0.37004937031249996 0.6039906046875 0.37749229375 0.6118786046875 0.3792435390625 0.6166990484375 0.37749229375 0.621957725 0.3739897375 0.632913296875 0.369611559375 0.6473746453125 0.3656711921875 0.6570155515625 0.34903413437499997 0.6745444640625 0.34378030000000004 0.6802413578125 0.3310835765625 0.6885675984375 0.3183868859375 0.6947027078125 0.309192684375 0.699961384375 0.29649599375 0.7078493921875 0.2833614578125 0.7030289484375001 0.2746051015625 0.69251159375 0.2776698125 0.664903559375 0.267162178125 0.65964488125 0.276356346875 0.6548244375000001 0.2750429125 0.64299241875 0.2724160125 0.629407509375 0.26672436718750003 0.6140697187499999 0.2617298328125 0.61007996875 0.21331060468750002 0.6202048359375001 0.18572806718749998 0.62239595 0.1822255265625 0.6276546187500001 0.20455424687499998 0.6355426343749999 0.2194400265625 0.659206665625 0.2365149296875 0.673668015625 0.24921165312500002 0.6872529328125 0.2649730890625 0.69557915625 0.280734525 0.7060965109375 0.30218760625 0.71398451875 0.3315214203125 0.7196814125000001 0.3766166375 0.7337045796874999
5 0.157237834375 0.647295128125 0.2079033984375 0.6822692234375001 0.22188009375 0.6848922890625 0.23585682343749997 0.690138390625 0.23804068437499998 0.6910127625 0.23410972812500003 0.6757115796875001 0.226247815625 0.6665309203125 0.2157652765625 0.6551643125 0.2083401640625 0.6468579921875001 0.20309891093750002 0.638988790625 0.1996047203125 0.6350541984375 0.18868541562500002 0.6328683171875 0.1843176953125 0.6302452671875 0.186064790625 0.62150174375 0.1917428078125 0.6206273875 0.19916795468749998 0.6206273875 0.210524025 0.6180043375000001 0.22493751875 0.6140697453125 0.23804068437499998 0.6123210343750001 0.2472128921875 0.610135153125 0.253764475 0.6096979828125 0.258132196875 0.607949271875 0.26043593125000003 0.5927745734375 0.24243955 0.579185596875 0.22992079375 0.5687436499999999 0.21573286406249997 0.5616431234375 0.18735700625 0.5574663453125 0.1719172203125 0.5574663453125 0.1506353265625 0.5587193765625 0.129770734375 0.5654022140625 0.11725197968750001 0.57500881875 0.1114098875 0.57960326875 0.09303230625 0.596145528125 0.12054896562499999 0.6219389125 0.157237834375 0.647295128125
5 0.248110996875 0.5218160125 0.25237642656250003 0.55841083125 0.2657821546875 0.5992750484375 0.2749224046875 0.6291608015625 0.27614108593750003 0.654777225 0.27979717656249997 0.6816133875 0.2884238 0.70822930625 0.294421584375 0.7023504375 0.29990574375 0.6901521640625 0.312702084375 0.687102596875 0.3261078109375 0.6810034593750001 0.3389041515625 0.6706349234375 0.3480444015625 0.662096146875 0.3614500828125 0.649287946875 0.37059033124999996 0.6224517609375 0.37059033124999996 0.596835384375 0.36449683125 0.55231169375 0.34621633281249997 0.4919302359375 0.3316988765625 0.46875 0.2355343875 0.46875 0.237752065625 0.48034190312499997 0.248110996875 0.5218160125
5 0.46791419999999995 0.5633803953125 0.477995390625 0.5452174765625 0.48555628281249996 0.5674165984374999 0.486060334375 0.589111221875 0.48555628281249996 0.601724365625 0.49563747343750003 0.61181488125 0.5369703765625 0.6234189703124999 0.555116471875 0.6335094859375 0.5621733515625 0.647131665625 0.5606611578125 0.6915299484374999 0.5606611578125 0.7076747578125 0.5389865828125 0.7283603453125 0.5273931984375 0.7369372671875001 0.5097511171875 0.7440006359375 0.490596878125 0.7495504109375 0.48213769375000004 0.75548424375 0.5087430125 0.7748552109375 0.544027178125 0.782423096875 0.5687260640625 0.7763687640625 0.5890625 0.7451574109375 0.5890625 0.46875 0.476587865625 0.46875 0.46791419999999995 0.5633803953125
5 0.11001365 0.494871990625 0.12493116875000002 0.5098033078124999 0.1870874921875 0.5127895640625 0.22487853124999999 0.503830778125 0.2373097953125 0.499351375 0.2346601203125 0.46875 0.1434483125 0.46875 0.1368651515625 0.475461271875 0.11001365 0.494871990625
5 0.3996775140625 0.4929469125 0.363492315625 0.4786789578125 0.338911971875 0.47471233437500004 0.351430596875 0.49349569375 0.3602027609375 0.5121537875 0.367330165625 0.5445311421875 0.3755540765625 0.58129855 0.40406361718749995 0.5834936296875 0.4265422984375 0.5922739078125 0.443538371875 0.5911763890625 0.4479244734375 0.5675793546875 0.4386040578125 0.55111631875 0.4232527421875 0.5165439484375 0.3996775140625 0.4929469125
5 0.4128357796875 0.4973370734375 0.42270448906249997 0.5088611890625 0.42983185312499994 0.5192877874999999 0.43805576406249996 0.5330069828124999 0.4424418671875 0.5346532828125 0.45176228281249997 0.534104503125 0.46053448750000003 0.5308119453125 0.46875839687500004 0.5192877874999999 0.472047953125 0.50776365 0.47259620625 0.487459234375 0.46948088906249996 0.46875 0.4134326609375 0.46875 0.396497784375 0.48568106093749996 0.4128357796875 0.4973370734375
17 1 0.661488428125 0.98330078125 0.66337890625 0.9525390625 0.66337890625 0.92421875 0.67802734375 0.8998046875 0.67900390625 0.89150390625 0.69072265625 0.87978515625 0.68828125 0.86171875 0.69169921875 0.82265625 0.7205078125 0.805078125 0.737109375 0.79775390625 0.74052734375 0.78408203125 0.7380859375 0.78017578125 0.7390625 0.75087890625 0.7673828125 0.74306640625 0.780078125 0.74208984375 0.7869140625 0.74501953125 0.78935546875 0.77724609375 0.7888671875 0.816796875 0.79619140625 0.83779296875 0.7966796875 0.85927734375 0.79326171875 0.88076171875 0.78642578125 0.9232421875 0.7625 0.94228515625 0.7439453125 0.96181640625 0.72978515625 0.98720703125 0.69169921875 0.9935546875 0.67607421875 0.99990234375 0.670703125 1 0.6706556171875 1 0.661488428125
17 0.8837116109375 1 0.86904296875 0.9763671875 0.8470703125 0.95146484375 0.836328125 0.928515625 0.82900390625 0.91826171875 0.82119140625 0.912890625 0.8080078125 0.8982421875 0.7904296875 0.8845703125 0.77236328125 0.8669921875 0.7689453125 0.8611328125 0.7474609375 0.84501953125 0.738671875 0.84013671875 0.72646484375 0.83720703125 0.70546875 0.825 0.68544921875 0.8171875 0.683984375 0.8201171875 0.6849609375 0.8298828125 0.6966796875 0.84404296875 0.7025390625 0.8689453125 0.70888671875 0.8826171875 0.7376953125 0.92607421875 0.7650390625 0.95439453125 0.7845703125 0.97978515625 0.80677816875 1 0.8837116109375 1
17 0.7151692703125 1 0.7142578125 0.9822265625 0.70595703125 0.94072265625 0.69912109375 0.9236328125 0.6908203125 0.91240234375 0.6966796875 0.905078125 0.69716796875 0.897265625 0.67763671875 0.85869140625 0.66396484375 0.842578125 0.660546875 0.842578125 0.64248046875 0.858203125 0.6234375 0.866015625 0.615625 0.8728515625 0.6107421875 0.8748046875 0.59462890625 0.87431640625 0.5890625 0.87977973125 0.5890625 1 0.7151692703125 1
17 0.9119004984375 1 0.91005859375 0.99052734375 0.914453125 0.9763671875 0.9076171875 0.97392578125 0.8861328125 0.97294921875 0.8685546875 0.97490234375 0.867578125 0.97685546875 0.8822660000000001 1 0.9119004984375 1
17 0.59462890625 0.533984375 0.58974609375 0.565234375 0.5890625 0.5758984375 0.5890625 0.60947265625 0.5951171875 0.61552734375 0.6234375 0.63359375 0.64052734375 0.65068359375 0.65419921875 0.6501953125 0.66005859375 0.655078125 0.66787109375 0.66630859375 0.67470703125 0.67119140625 0.68251953125 0.6736328125 0.68984375 0.6814453125 0.726953125 0.7009765625 0.7376953125 0.70341796875 0.7474609375 0.6990234375 0.74990234375 0.69365234375 0.7318359375 0.651171875 0.726953125 0.61845703125 0.7357421875 0.5955078125 0.7396484375 0.59111328125 0.7435546875 0.58134765625 0.75380859375 0.57060546875 0.76650390625 0.56181640625 0.7728515625 0.5515625 0.77822265625 0.54765625 0.77041015625 0.5017578125 0.76943359375 0.48173828125 0.77431640625 0.47978515625 0.78017578125 0.483203125 0.7845703125 0.483203125 0.79677734375 0.4802734375 0.80947265625 0.4734375 0.8109375 0.4705078125 0.808049665625 0.46875 0.618942353125 0.46875 0.6107421875 0.48466796875 0.59462890625 0.533984375
17 1 0.58427734375 0.9935546875 0.58134765625 0.9818359375 0.580859375 0.95986328125 0.5857421875 0.94423828125 0.58330078125 0.92421875 0.58671875 0.9115234375 0.592578125 0.89345703125 0.60478515625 0.87783203125 0.62236328125 0.86904296875 0.63896484375 0.88076171875 0.6658203125 0.8998046875 0.67802734375 0.91689453125 0.6794921875 0.928125 0.67705078125 0.9408203125 0.66875 0.95498046875 0.66337890625 0.98916015625 0.66337890625 1 0.6621744796875 1 0.58427734375
17 1 0.906580528125 0.9642578125 0.89970703125 0.95498046875 0.90166015625 0.93349609375 0.92509765625 0.91884765625 0.9353515625 0.91201171875 0.9431640625 0.8890625 0.95341796875 0.8646484375 0.95927734375 0.86220703125 0.9626953125 0.86904296875 0.97099609375 0.86904296875 0.97392578125 0.90224609375 0.97490234375 0.91201171875 0.97685546875 0.91298828125 0.97880859375 0.90908203125 0.98857421875 0.90908203125 0.9939453125 0.91040649375 1 1 1 1 0.906580528125
17 0.60146484375 0.73076171875 0.6087890625 0.74052734375 0.6244140625 0.7546875 0.637109375 0.77373046875 0.64931640625 0.783984375 0.6537109375 0.79033203125 0.65322265625 0.83330078125 0.65419921875 0.83720703125 0.65615234375 0.8376953125 0.6615234375 0.8337890625 0.6625 0.830859375 0.66201171875 0.80986328125 0.66787109375 0.8005859375 0.66787109375 0.78642578125 0.6751953125 0.77861328125 0.68154296875 0.77568359375 0.68349609375 0.772265625 0.69814453125 0.7654296875 0.71669921875 0.752734375 0.7240234375 0.74541015625 0.73232421875 0.7322265625 0.738671875 0.7341796875 0.74306640625 0.72880859375 0.7552734375 0.725390625 0.7572265625 0.72099609375 0.75478515625 0.71708984375 0.7455078125 0.71025390625 0.7328125 0.7146484375 0.7298828125 0.70439453125 0.71669921875 0.69267578125 0.69033203125 0.68095703125 0.68154296875 0.66728515625 0.64833984375 0.6501953125 0.64248046875 0.6580078125 0.6390625 0.6580078125 0.637109375 0.66142578125 0.625390625 0.6619140625 0.62294921875 0.66826171875 0.62099609375 0.66826171875 0.62001953125 0.662890625 0.61611328125 0.662890625 0.61318359375 0.66435546875 0.61220703125 0.66923828125 0.6087890625 0.6716796875 0.605859375 0.66923828125 0.601953125 0.66923828125 0.5890625 0.6743024546874999 0.5890625 0.7126116078125 0.59609375 0.72734375 0.60146484375 0.73076171875
17 0.84072265625 0.70634765625 0.8431640625 0.6921875 0.8373046875 0.6775390625 0.83779296875 0.65751953125 0.83388671875 0.6521484375 0.83193359375 0.6375 0.82119140625 0.6248046875 0.80458984375 0.616015625 0.8001953125 0.6091796875 0.793359375 0.6033203125 0.77919921875 0.600390625 0.771875 0.592578125 0.758203125 0.58427734375 0.7572265625 0.58671875 0.76650390625 0.63701171875 0.77724609375 0.65068359375 0.7943359375 0.6619140625 0.80849609375 0.67607421875 0.81533203125 0.686328125 0.82021484375 0.68974609375 0.82900390625 0.7078125 0.828515625 0.715625 0.83095703125 0.715625 0.84072265625 0.70634765625
17 1 0.77179935 0.9998901984374999 0.7716227124999999 0.9832886359374999 0.7516031812499999 0.9666870734374999 0.7364664624999999 0.9588745734374999 0.7320719312499999 0.9447144171874999 0.7413492749999999 0.9256714484374999 0.7608805249999999 0.9061401984374999 0.7725992749999999 0.9022339484374999 0.7794352124999999 0.8983276984374999 0.7955484937499999 0.8968628546874999 0.8214273999999999 0.8983276984374999 0.8253336499999999 0.9246948859374999 0.8365641187499999 0.9266480109374999 0.8399820874999999 0.9364136359374999 0.8429117749999999 0.9334839484374999 0.8487711499999999 0.9344605109374999 0.8590250562499999 0.9305542609374999 0.8648844312499999 0.9388550421874999 0.8756266187499999 0.9481323859374999 0.8809977124999999 0.9559448859374999 0.8824625562499999 0.9764526984374999 0.8702555249999999 1 0.8675083390625 1 0.77179935
17 0.8412109375 0.479296875 0.8353515625 0.4900390625 0.84853515625 0.506640625 0.85390625 0.51640625 0.86611328125 0.5232421875 0.8822265625 0.52861328125 0.883203125 0.5251953125 0.87880859375 0.502734375 0.8661858265625 0.46875 0.83232421875 0.46875 0.83974609375 0.4724609375 0.8412109375 0.479296875
17 0.88173828125 0.8494140625 0.91396484375 0.8513671875 0.93056640625 0.84404296875 0.910546875 0.8357421875 0.9056640625 0.8357421875 0.9076171875 0.8396484375 0.9056640625 0.840625 0.89345703125 0.8318359375 0.8822265625 0.83037109375 0.87197265625 0.82646484375 0.85 0.826953125 0.83291015625 0.8220703125 0.82216796875 0.825 0.81142578125 0.825 0.7982421875 0.8201171875 0.79580078125 0.8201171875 0.7923828125 0.8240234375 0.79189453125 0.81767578125 0.77919921875 0.81767578125 0.746484375 0.82353515625 0.74306640625 0.82548828125 0.74306640625 0.82744140625 0.75771484375 0.82890625 0.77626953125 0.84208984375 0.78017578125 0.8416015625 0.7826171875 0.838671875 0.7845703125 0.84404296875 0.828515625 0.84453125 0.84853515625 0.85380859375 0.88173828125 0.8494140625
17 0.896875 0.85234375 0.8958984375 0.84990234375 0.87783203125 0.8494140625 0.85146484375 0.85380859375 0.8294921875 0.84453125 0.7953125 0.8435546875 0.78408203125 0.8435546875 0.77919921875 0.8513671875 0.77724609375 0.8513671875 0.777734375 0.84208984375 0.76748046875 0.83720703125 0.7630859375 0.83720703125 0.75478515625 0.84697265625 0.75576171875 0.8513671875 0.7650390625 0.85966796875 0.76796875 0.8611328125 0.7728515625 0.86015625 0.7728515625 0.866015625 0.78408203125 0.877734375 0.8216796875 0.87919921875 0.86025390625 0.87626953125 0.8744140625 0.8708984375 0.896875 0.85234375
17 0.6524088546875 0.7895182296875001 0.6279947921875 0.7651041671875001 0.6035807296875 0.7358072921875001 0.5890625 0.7000701109375 0.5890625 0.8083830171875 0.6296223953125 0.8009114578125001 0.6524088546875 0.7895182296875001