7 0.51875 0.12108284062500001 0.5021202484375 0.10040066406249999 0.46925559375 0.0765497890625 0.4566993390625 0.0758898671875 0.440908503125 0.0971835453125 0.45698403593750003 0.11383100312500001 0.4563893765625 0.1217010328125 0.43130027968749995 0.140925765625 0.43905242343750006 0.163456796875 0.438980321875 0.20611995 0.4614529125 0.22152336093749997 0.47895562968750005 0.21928274062500003 0.49036939375 0.2767718734375 0.51875 0.3062925015625 0.51875 0.12108284062500001
7 0.3230745265625 0.0324313875 0.33168260781250003 0.064488946875 0.3537984046875 0.08461437499999999 0.3677331578125 0.1295939484375 0.36511665625 0.1642220890625 0.3583627984375 0.17018815625 0.3566977515625 0.19222424375 0.34345131875 0.2215529359375 0.30658980625 0.2923074265625 0.28125 0.316154340625 0.28125 0.3171195703125 0.2821187890625 0.3242066984375 0.3079138015625 0.340625 0.3099272515625 0.340625 0.33148787031250004 0.31731985625000003 0.36858724375 0.2434173515625 0.40185737968749996 0.19933847968750001 0.4096816234375 0.17920635625 0.4125 0.1419065703125 0.4125 0.139306175 0.39277542187500003 0.0692800703125 0.370279415625 0.0333320859375 0.35867461718750004 0.0200801125 0.3174865765625 0.0021128125 0.30676113125 0.01893194375 0.3230745265625 0.0324313875
7 0.1223862875 0.08511531875 0.0993190359375 0.077581940625 0.084955384375 0.07998754218750001 0.047690245312500004 0.1143749046875 0.042433821875 0.163086615625 0.04899664375 0.201357709375 0.0983891421875 0.2150154421875 0.1113412703125 0.228125 0.145255184375 0.228125 0.19591457031249998 0.19643724375 0.2015625 0.1761139625 0.2015625 0.1603528734375 0.1994591140625 0.1286724796875 0.1764639640625 0.07847594687500001 0.1629328375 0.069863503125 0.151351453125 0.0771561046875 0.134086603125 0.07624871250000001 0.1223862875 0.08511531875
7 0.171502453125 0.4326120953125 0.18100439375 0.4484375 0.19436564218750002 0.4484375 0.220157940625 0.4351692921875 0.2168297 0.3749445953125 0.26875 0.312059325 0.26875 0.29903552499999997 0.2684116578125 0.29706248281250003 0.24762753124999998 0.2801675546875 0.21918492343749998 0.3229198921875 0.1953085640625 0.3469491328125 0.17699674062499998 0.3807523734375 0.171502453125 0.4326120953125
7 0.3257463921875 0.3271713671875 0.327934 0.3399284 0.38179722968749996 0.3569816140625 0.39760640625 0.3578125 0.4118385953125 0.3578125 0.4327358421875 0.35017726250000003 0.4393473515625 0.3252406296875 0.4310960640625 0.28846105 0.4583493515625 0.2614487765625 0.4671875 0.2367443984375 0.4671875 0.231054740625 0.461560515625 0.2189506046875 0.4341414671875 0.20644773593750002 0.4062935171875 0.241330040625 0.37226295781249996 0.25376380468750004 0.357066784375 0.26718745 0.3257463921875 0.3271713671875
7 0.214268696875 0.17879215937499998 0.21032052656250003 0.21018979999999998 0.24092547187500002 0.2639467953125 0.2850832828125 0.309375 0.287401021875 0.309375 0.3136230828125 0.2819898890625 0.3515625 0.209562496875 0.3515625 0.1887487375 0.342471171875 0.17130780625 0.31543233437499996 0.1746274921875 0.2974304734375 0.162619565625 0.26278183906249997 0.1623787875 0.23814505625 0.15476291874999998 0.214268696875 0.17879215937499998
7 0.51875 0.32932791250000004 0.518125725 0.329530003125 0.5136784078125001 0.346679090625 0.4839041328125 0.386200925 0.484760071875 0.39572745625 0.49515213593749996 0.40417491875 0.51177070625 0.40625 0.51875 0.40625 0.51875 0.32932791250000004
7 0.4915564 0.42568894999999995 0.48537379375 0.40324040937500005 0.433555821875 0.379973659375 0.41626755312499997 0.35852169375 0.38114319375 0.3645769421875 0.33548441875 0.3432141609375 0.3036180515625 0.34786038124999996 0.29405851250000004 0.328394871875 0.2708723296875 0.3224355 0.2392672421875 0.344478284375 0.21491515625000002 0.37480355 0.2137258359375 0.3905436140625 0.22609105624999998 0.4354406953125 0.271535384375 0.48049606406249995 0.3012375578125 0.483637384375 0.3428058109375 0.5174272375 0.35065347187499996 0.5178396875 0.358358784375 0.499281571875 0.389250278125 0.486682828125 0.4172639875 0.491315665625 0.4125788078125 0.51161276875 0.4303428046875 0.5267687078125001 0.436977728125 0.5223766484375 0.4378102515625 0.5113586031249999 0.46549058125 0.541258034375 0.492847909375 0.546875 0.49796150156249996 0.546875 0.5125 0.5392383390625 0.5125 0.5382096609375 0.503254865625 0.52111921875 0.48513407343750004 0.510685296875 0.461924475 0.4841813515625 0.4783099703125 0.45501764062500005 0.47816762500000004 0.43604707343750004 0.4915564 0.42568894999999995
7 0.051550084375000006 0.1987959015625 0.039397456250000004 0.23450310624999998 0.0425599359375 0.25521265937500004 0.1058871875 0.3138499640625 0.13007165625 0.34830643125 0.1496430484375 0.36039684843750003 0.179939884375 0.35566813750000004 0.181889628125 0.3715731828125 0.24819203281250002 0.286563446875 0.2484375 0.28331480781249996 0.2484375 0.2746378859375 0.23209308750000002 0.24937141875000002 0.21891875624999999 0.23603695624999999 0.15842060156249999 0.2233757984375 0.11387904687499999 0.22893610937500003 0.08886205312499999 0.2054976828125 0.051550084375000006 0.1987959015625
7 0.2346042859375 0 0.22018879062500002 0.021410523437500002 0.22708499375 0.0344150265625 0.22361255 0.0595166390625 0.19911811562499998 0.0708713359375 0.1898666859375 0.1098915359375 0.19778459375 0.171937709375 0.21007675625000002 0.1828125 0.21222265624999997 0.1828125 0.2378554140625 0.1629819171875 0.28494137343750003 0.1654566234375 0.3124793546875 0.17638548437499998 0.3616105734375 0.1726466578125 0.366675965625 0.16817210625 0.3671875 0.1294033953125 0.3671875 0.1171722953125 0.3545017765625 0.07903786562500001 0.3352871796875 0.0622254296875 0.3225651609375 0.022050365625000002 0.2791717875 0 0.2346042859375 0
7 0.3613385984375 0.2609375 0.40845747499999996 0.24131968750000002 0.43666221875 0.20171536250000002 0.4390625 0.169948825 0.4390625 0.157250065625 0.42655670468749995 0.126912159375 0.40287137656249994 0.1067042421875 0.408744025 0.17496394843750002 0.40056298437500004 0.199818090625 0.3612927453125 0.2609375 0.3613385984375 0.2609375
6 0.51875 0.36813446875 0.55166015625 0.36015625 0.657454428125 0.31783854218749996 0.72255859375 0.2966796875 0.75185546875 0.2804036453125 0.7876627609375 0.252734375 0.82021484375 0.2478515625 0.8527669281250001 0.2299479171875 0.8625325531250001 0.2087890625 0.8950846359375 0.1729817703125 0.93251953125 0.1306640625 0.965625 0.11174665156250001 0.965625 0.1081787109375 0.9601888031249999 0.09322916718749999 0.9162434906250001 0.10462239531249999 0.8902018234375 0.116015625 0.81044921875 0.12740885468750002 0.716048178125 0.1404296875 0.6216471359375 0.1534505203125 0.5386393234375 0.1827473953125 0.51875 0.1877197265625 0.51875 0.36813446875
9 0.51875 0 0.51875 0.0240288640625 0.5449544265624999 0.0458658859375 0.56123046875 0.1142252609375 0.58076171875 0.154915365625 0.5840169265624999 0.15654296875 0.582389321875 0.16305338593750002 0.582389321875 0.1640625 0.5830078125 0.1640625 0.58564453125 0.16142578125 0.6181966140624999 0.15328776093750002 0.6686523421875 0.140266928125 0.7467773421875 0.140266928125 0.7191080734374999 0.09794921875 0.6881835921875 0.071907553125 0.6426106765624999 0.037727865625 0.6035481765624999 0.0100585953125 0.606803384375 0.003548178125 0.6042689718750001 0 0.51875 0
9 1 0.0893994578125 0.9632486984374999 0.1003255203125 0.9290690109374999 0.1377604171875 0.88837890625 0.1784505203125 0.8476888031250001 0.23216145781250003 0.82490234375 0.2516927078125 0.8265299484374999 0.2549479171875 0.8281575531250001 0.2549479171875 0.8265299484374999 0.2565755203125 0.821875 0.2565755203125 0.821875 0.25676540625 0.8509440109374999 0.2809895828125 0.8704752609374999 0.3021484375 0.8721028656250001 0.3347005203125 0.9013997406250001 0.3184244796875 0.93720703125 0.3184244796875 0.9625790562500001 0.340625 0.9641694578125 0.340625 1 0.3178237453125 1 0.0893994578125
10 0 0.9071245421875 0.0036514828125 0.905233334375 0.0182004796875 0.9064855937499999 0.030241028125000003 0.9037644890625 0.08492519062500001 0.8997962062500001 0.091447153125 0.89516291875 0.1039893921875 0.87184494375 0.111013046875 0.8707179359375001 0.1295755609375 0.8729043734375 0.14763638437499998 0.8710823859375001 0.16218538124999998 0.865806709375 0.1767343765625 0.851994503125 0.1872698578125 0.8503039906250001 0.193791821875 0.8466750031250001 0.2008154765625 0.8465522921874999 0.21084926875 0.8398490562500001 0.21536447343749998 0.8402723203125 0.2208830578125 0.8462016921875 0.234930365625 0.85198205625 0.2565030171875 0.85260945625 0.2825908734375 0.8692267390625 0.290116215625 0.8675888171875 0.3227260390625 0.8218256859374999 0.32724124374999997 0.812205971875 0.323227728125 0.795203028125 0.312692246875 0.7707817984374999 0.3011533875 0.7664640546875 0.29814324999999997 0.7619973046874999 0.29814324999999997 0.741911346875 0.303160146875 0.730776421875 0.3016550765625 0.7046909734375 0.304163525 0.7016342546875001 0.3071736609375 0.7015816640625 0.30918042031250004 0.7040573484375 0.3071736625 0.7347234921875 0.3116888671875 0.74067039375 0.317207453125 0.7400718296875001 0.3217226578125 0.7344693062500001 0.3227260390625 0.7168765640625 0.318712521875 0.698367175 0.3146990046875 0.69341580625 0.3212209703125 0.6832588828125 0.3297496921875 0.6590067296875001 0.334375 0.65105569375 0.334375 0.647449803125 0.3337632078125 0.6428678453125001 0.32874631249999997 0.6329125140625 0.311688865625 0.611618125 0.303661834375 0.611758365625 0.2861027015625 0.61658448125 0.2554996375 0.6141062578125001 0.22288981562500002 0.620199621875 0.213357715625 0.6203661578124999 0.1927884421875 0.616708334375 0.1847614109375 0.617852871875 0.14763638437499998 0.6385874406250001 0.141616109375 0.647229153125 0.139609353125 0.66182653125 0.13007725 0.668018853125 0.0648576078125 0.6696604578125 0.019203859375 0.67447526875 0 0.673937078125 0 0.9071245421875
8 0.51875 1 0.7860683953125001 1 0.7957837296875001 0.992051090625 0.8181051593750001 0.9622891859374999 0.8466269843750001 0.9275669640625 0.8329861109374999 0.90772569375 0.8205853171874999 0.876723709375 0.7957837296875001 0.845721725 0.7858630953125 0.7936383921875001 0.77470238125 0.7502356140625001 0.7585813484375 0.761396328125 0.74990079375 0.74775545625 0.7362599203125 0.74775545625 0.694097221875 0.7403149796874999 0.6556547625 0.7440352171875 0.6234126984375 0.7217137890625 0.6023313484375 0.7328745031249999 0.575049603125 0.7502356140625001 0.5552083328124999 0.7688368046875 0.5366071421874999 0.7663566453125 0.51875 0.7752852171875 0.51875 1
10 0.51875 0.55 0.51875 0.6258512546875 0.52762896875 0.6298611109375 0.558630953125 0.63358135 0.6007936515625 0.6360615078125 0.6392361109375 0.6435019843750001 0.6913194453125 0.6583829359375 0.7260416671875 0.6670634921875 0.7756448421875 0.6794642859375 0.8101686484374999 0.6859375 0.8154853015625001 0.6859375 0.8252480156249999 0.6261408734375 0.8390625 0.553614834375 0.8390625 0.55 0.51875 0.55
10 0.7624131953125 0.6795138890625 0.7338913703125 0.6770337296875 0.6942088296875 0.68447420625 0.6582465281250001 0.6894345234375 0.6371651796875 0.699355159375 0.6222842265625 0.7204365078125 0.626004465625 0.7179563484375 0.6582465281250001 0.746478175 0.6880084328125 0.7328373015625 0.7276909734375 0.7328373015625 0.764891446875 0.7484375 0.7676308265625 0.7484375 0.794655259375 0.7390376984375 0.8281374015624999 0.7179563484375 0.84921875 0.7043154765625 0.8640625 0.6944196421875001 0.8640625 0.6942385875 0.85789930625 0.668353175 0.841778275 0.6509920640625 0.8258754953124999 0.6453125 0.8242869562500001 0.6453125 0.8182167671875 0.6695932546875 0.8355778781250001 0.6757936515624999 0.810776290625 0.694394840625 0.7958953375 0.7018353171875 0.77977430625 0.6919146828125 0.7624131953125 0.6795138890625