9 0.1277112625 0 0.12919146718750002 0.00125248125 0.142832340625 0.0124131953125 0.15027281718750002 0.06697668749999999 0.173834325 0.10417906875 0.21227678593750002 0.1302207359375 0.2482390875 0.1413814484375 0.3127232140625 0.16122271875 0.3288442453125 0.1897445453125 0.3573660703125 0.1984251 0.3577752703125 0.1984375 0.3983516484375 0.1984375 0.4 0.166294634375 0.4 0.1502966671875 0.38464781718749996 0.1302207359375 0.3573660703125 0.0967385921875 0.33008432499999996 0.0682167671875 0.311483134375 0.0210937515625 0.29548097812499996 0 0.1277112625 0
9 0.4390625 0.22824218749999997 0.3963913703125 0.20904017968750002 0.3765500984375 0.201599703125 0.3405877984375 0.19539930625 0.32198660625 0.1879588296875 0.3071056546875 0.160677084375 0.272383434375 0.1507564484375 0.23394097343750003 0.139595734375 0.2091393859375 0.139595734375 0.1781374 0.14579613125 0.1620163703125 0.143315971875 0.1558159734375 0.127194940625 0.12977430625 0.11727430624999999 0.10497271875 0.10735367031250001 0.0888516875 0.148276290625 0.0776909734375 0.1792782734375 0.10869295781249999 0.1941592265625 0.12109375156249999 0.201599703125 0.1334945453125 0.19663938593750002 0.16449652812499999 0.238802084375 0.21285962343749998 0.282204859375 0.26122271874999997 0.2970858140625 0.2922247015625 0.29336557343749997 0.3405877984375 0.3256076390625 0.41003224375 0.3466889890625 0.4390625 0.36008756875 0.4390625 0.22824218749999997
1 0.351159384375 0.41875 0.3578125 0.3770168125 0.3578125 0.3698184265625 0.3351438484375 0.32925347031249996 0.3029017859375 0.299491565625 0.2843005953125 0.29081101249999997 0.254538690625 0.29453125 0.221056546875 0.2821304546875 0.22353670625 0.2858506953125 0.22849702343749997 0.2895709328125 0.21857638906250001 0.2833705359375 0.1937748015625 0.378856646875 0.1800614609375 0.41875 0.351159384375 0.41875
14 0.9644662109375 0.41875 0.958671209375 0.31916683749999997 0.9673952765625 0.1365984828125 0.9439513265624999 0.1336302390625 0.9354365687499999 0.31806863281250003 0.9416267484375 0.41875 0.9644662109375 0.41875
14 0.9382196359375001 0.41875 0.9330171890625 0.3340075671875 0.9371208046875001 0.1454812921875 0.9172473765625 0.14375 0.9136721703124999 0.14375 0.9097663265625 0.3356856515625 0.914784228125 0.41875 0.9382196359375001 0.41875
14 0.9153532859375 0.41875 0.9090276656250001 0.31550607343750003 0.9047392000000001 0.1299523171875 0.8822285828125 0.128917184375 0.8849233328124999 0.30414719375 0.8919674390625 0.41875 0.9153532859375 0.41875
14 0.8910810953125001 0.41875 0.8854169515624999 0.33113874375 0.8774324578125 0.1406335015625 0.852146128125 0.1384306609375 0.8558187109375 0.3054127453125 0.863719603125 0.41875 0.8910810953125001 0.41875
14 0.8625758453125 0.41875 0.856202259375 0.32934666562500003 0.8500318671875 0.145480765625 0.8228935859375 0.1431165890625 0.831228234375 0.30772711406250003 0.8385089078125001 0.41875 0.8625758453125 0.41875
14 0.8375700703125 0.41875 0.8298464390625 0.309646928125 0.8040984046874999 0.133334509375 0.7816115796875 0.1323014515625 0.8075409656250001 0.3086296671875 0.814987234375 0.41875 0.8375700703125 0.41875
14 0.8120172125 0.41875 0.8044909312499999 0.31074750624999997 0.7806011390625001 0.133671071875 0.7553269031250001 0.1333210859375 0.7821259859375 0.31990997499999996 0.78838850625 0.41875 0.8120172125 0.41875
14 0.46762068437500004 0.41875 0.4552256859375 0.25700380312500004 0.459278440625 0.040696071875 0.4390625 0.038934940625 0.4390625 0.323878084375 0.4462503640625 0.41875 0.46762068437500004 0.41875
14 0.49670718750000004 0.41875 0.47302132812500003 0.075225725 0.462949646875 0.066015215625 0.45991479062499996 0.2500050921875 0.47056665937500003 0.41875 0.49670718750000004 0.41875
14 0.5248718234374999 0.41875 0.5128449984375 0.26017155937499997 0.506838259375 0.1744654015625 0.48700753125 0.0681110390625 0.4750263046875 0.0679931828125 0.49826261250000003 0.41875 0.5248718234374999 0.41875
14 0.5510741125 0.41875 0.547229671875 0.2622411109375 0.5122721796875 0.05920118125 0.491669596875 0.065739475 0.5230550468749999 0.2629128203125 0.5266671984375 0.41875 0.5510741125 0.41875
14 0.5914921421875 0.41875 0.5796316406249999 0.2854336546875 0.5409913375000001 0.077443390625 0.5167030984375 0.0771792984375 0.5554353921875 0.2898070828125 0.5666200515625001 0.41875 0.5914921421875 0.41875
14 0.6223059671875 0.41875 0.6113099109375 0.27337892343750003 0.602078534375 0.103134875 0.57803715 0.10289229062500001 0.5878806187500001 0.30559618906249997 0.5963565609375 0.41875 0.6223059671875 0.41875
14 0.6459509671875 0.41875 0.6372347328125001 0.2913777015625 0.6344480640625 0.13187999687500002 0.6141427640625 0.1301110828125 0.61308714375 0.2874222609375 0.62303339375 0.41875 0.6459509671875 0.41875
14 0.6684852078125 0.41875 0.6623817828125 0.2833835 0.662604309375 0.08618601249999999 0.6404738703125 0.0796285953125 0.6372671750000001 0.285825121875 0.646490696875 0.41875 0.6684852078125 0.41875
17 1 0.41875 0.6366998921875 0.41875 0.6366323015625 0.4218624046875 0.62564345 0.456410121875 0.6279751515625 0.568625865625 0.6175816328125 0.61773955625 0.6176693953125 0.6750527890625 0.621886328125 0.7230627390625 0.64000198125 0.7801379781250001 0.646970415625 0.840303171875 0.6533683296875 0.858926465625 0.661023684375 0.935898546875 0.6792805468750001 0.9412628515625 0.8955236359375001 0.9361660046875 0.9819708781250001 0.9273875296874999 1 0.9302275265625 1 0.41875
17 0.5294492500000001 0.41875 0.510778246875 0.43295583125 0.4637584265625 0.44100360937499994 0.4390625 0.4527570015625 0.4390625 1 0.6666316515625 1 0.6671875 0.9802594296875 0.6671875 0.9440859249999999 0.660815321875 0.9318805078124999 0.655636703125 0.8603409124999999 0.6234219859375 0.7065498359375 0.6194378546875 0.6090698703124999 0.6130399390625 0.5904465765625 0.6132479281250001 0.5679524875 0.6261849625 0.553488134375 0.6267841171875 0.5129817890625 0.6193539125 0.49668431875 0.6160528734375 0.47108355937499996 0.6011924640624999 0.43848861718750004 0.5882649390625 0.41875 0.5294492500000001 0.41875