11 0 0 0 0.1875 0.0218841359375 0.1875 0.2783199703125 0.1577449015625 0.3164185390625 0.14436700625 0.35842644687499997 0.1142330015625 0.5378088828124999 0.085277615625 0.55625 0.07175519218750001 0.55625 0.0025802859375000002 0.5531868109375 0 0 0
11 0.5661006937499999 0.45 0.56875 0.43792057812499996 0.56875 0.412739178125 0.568084140625 0.4088019890625 0.5564111515625 0.38623172499999997 0.564709415625 0.3656217109375 0.5546776046875 0.3217880171875 0.5467046328125 0.313353825 0.5215548296875 0.3039988234375 0.4255612203125 0.293811525 0.400630728125 0.285753321875 0.30576202812500003 0.2899594484375 0.260669303125 0.2865536421875 0.23384998437500001 0.290552625 0.1974165125 0.30738084374999997 0.169309640625 0.3115084984375 0.0434829734375 0.302983940625 0.0022812468749999998 0.3071015578125 0 0.3084999140625 0 0.3852185984375 0.0354397203125 0.39477898906250003 0.060971484374999996 0.390908684375 0.171404171875 0.41679624375 0.20562352499999997 0.4410694125 0.22557279375 0.45 0.5661006937499999 0.45
11 0 0.3014508609375 0.137738546875 0.3125 0.185246853125 0.3125 0.1944808703125 0.3110952078125 0.2398927171875 0.2919231140625 0.264456209375 0.2894594734375 0.3149044578125 0.2923728171875 0.40820737500000004 0.2843436875 0.42204482343749994 0.2962444078125 0.4757108828125 0.2948484421875 0.484375 0.2653574296875 0.484375 0.23891614218749999 0.4836805953125 0.232921671875 0.484375 0.22952105625 0.484375 0.21400228124999998 0.4602961171875 0.2033744828125 0.4223356015625 0.1965509453125 0.39821253125 0.2016281265625 0.30243039375 0.1793421984375 0.245930040625 0.17172043125 0.2245559109375 0.161904475 0 0.18822118906250002 0 0.3014508609375
11 0.609375 0.10791415156249999 0.593016778125 0.0677092359375 0.5756792015625 0.04375 0.5666292312500001 0.04375 0.5418203953125 0.0994591625 0.5070290890625 0.1974168703125 0.483619190625 0.22238553906249997 0.476720796875 0.2829500875 0.49639380624999996 0.2982712328125 0.526382809375 0.3045737140625 0.551007790625 0.31806718906250003 0.5677680046875 0.36295150781249996 0.5564361171875001 0.3893685078125 0.5785034421875 0.411101696875 0.5822192703125 0.42536398750000004 0.573453703125 0.45 0.588830871875 0.45 0.5906952765625 0.44447030156249995 0.595313175 0.40941398281249997 0.609375 0.3632956375 0.609375 0.10791415156249999
11 0 0.45 0.04375 0.45 0.04375 0.44335212031250004 0.041374785937500005 0.437868421875 0.04375 0.4204668171875 0.04375 0.39684495468750003 0.0303903140625 0.3894157296875 0.0041255187499999995 0.38531491875 0 0.3818218453125 0 0.45
11 0.0897019375 0.45 0.089896471875 0.4454429328125 0.103125 0.41076485468749996 0.103125 0.4024868640625 0.0620630765625 0.3890625 0.0601904578125 0.3890625 0.045541810937499996 0.3944492375 0.040625 0.4066726140625 0.040625 0.41416189843750006 0.046680146875 0.45 0.0897019375 0.45
7 0.609375 0.4122195515625 0.6171875 0.41041666718750003 0.624479165625 0.42291666718750004 0.6338541656250001 0.4291666671875 0.6447916499999999 0.4296875 0.6564950984375 0.4296875 0.6817708328125 0.4125 0.7015625 0.3854166671875 0.7286458328125 0.35833333437500003 0.7609375 0.3129231765625 0.7609375 0.3019531265625 0.7536458328125 0.29375 0.7276041656250001 0.290625 0.718229165625 0.2979166671875 0.7098958328125 0.317708334375 0.7015625 0.3166666671875 0.6973958328125 0.31145833437500003 0.6984375 0.3 0.693229165625 0.2979166671875 0.693229165625 0.286458334375 0.683854165625 0.2822916671875 0.683854165625 0.275 0.6734375 0.2635416671875 0.6734375 0.253125 0.6640625 0.258333334375 0.6567708328124999 0.2479166671875 0.6567708328124999 0.240625 0.6411458328124999 0.227083334375 0.6286458328125 0.22083333437500002 0.6182291656250001 0.22083333437500002 0.609375 0.2258928578125 0.609375 0.4122195515625
7 0.9578125 0.45 0.9578125 0.44880790625 0.9302992734375 0.434193840625 0.9133680562500001 0.41950483125 0.882680225 0.37753623125 0.8720982140625001 0.3481582125 0.8572834 0.3376660625 0.8340029765625001 0.309337259375 0.8308283734374999 0.29464824843750004 0.7969659390625 0.2810084546875 0.7683945109375 0.27891002343750004 0.7578125 0.2928995578125 0.7578125 0.2998943234375 0.7620453046875 0.30828804375 0.7620453046875 0.328223128125 0.7874421296875 0.3313707734375 0.8096643531249998 0.35865036250000004 0.8223627656250001 0.357601146875 0.8244791671874999 0.343961353125 0.836119378125 0.3471089984375 0.8445849875 0.35865036250000004 0.848817790625 0.37753623125 0.882680225 0.423701690625 0.8894811328125 0.45 0.9578125 0.45
7 0.832368259375 0.3120791671875 0.8524969359375 0.3362791671875 0.8703890937500001 0.3505791671875 0.8972273296875001 0.4000791671875 0.9096504203125001 0.4171875 0.925 0.4171875 0.925 0.3640625984375 0.9061734078124999 0.33407916718749997 0.900582109375 0.3010791671875 0.8860447312499999 0.2900791671875 0.8748621328125001 0.2405791671875 0.8759803921875001 0.2152791671875 0.841553234375 0.2109375 0.8300131374999999 0.2109375 0.8211856609374999 0.2152791671875 0.8167126234375001 0.2251791671875 0.8109375 0.2706257484375 0.8109375 0.28820446875 0.8278952203125 0.2999791671875 0.832368259375 0.3120791671875
7 0.7680260359375 0.45 0.779040659375 0.444938446875 0.7980930781250001 0.42460700781250005 0.812911628125 0.3967850375 0.818203965625 0.39464488593749997 0.81875 0.392298790625 0.81875 0.36286776249999997 0.791384571875 0.33125 0.7824736531250001 0.33125 0.7494035625000001 0.364682765625 0.7123571906249999 0.375383521875 0.7017725140625 0.38929450781249997 0.6784862234375 0.40427556718749996 0.6700184828125 0.40534564375000004 0.6583753359375 0.3957149625 0.646732190625 0.3957149625 0.62450436875 0.40855587031249996 0.622387434375 0.4213967796875 0.6287382406249999 0.43637784062499996 0.644137540625 0.45 0.7680260359375 0.45
7 0.659375 0.230926853125 0.659375 0.2539541125 0.6669060546875001 0.25679260937500004 0.676222825 0.27552083125000004 0.6839868015625 0.289567 0.6964091625 0.3067345375 0.70083191875 0.315625 0.7050049031250001 0.315625 0.7150427015625 0.300491796875 0.7259122671875 0.2864456296875 0.7554153734375 0.289567 0.7662849390625001 0.27708151875000003 0.7895768640625 0.27708151875000003 0.8097631984374999 0.28488494375 0.81907996875 0.2536712390625 0.8206327640625 0.2255789046875 0.8299495328125 0.2068506828125 0.846875 0.200307809375 0.846875 0.1911814 0.8427578359375 0.18125 0.8109563218750001 0.18125 0.801999225 0.18500108906249998 0.7900564265625001 0.18125 0.7658653203125001 0.18125 0.7554153734375 0.18500108906249998 0.747651396875 0.200607940625 0.7243594718749999 0.2068506828125 0.701067546875 0.22089684843750002 0.679328415625 0.2255789046875 0.659375 0.230926853125
7 0.8639756937499999 0.45 0.853125 0.4369791671875 0.8572916671874999 0.4203125 0.853125 0.4036458328125 0.825 0.39010416718749996 0.821875 0.40260416718750003 0.8020833328125001 0.4109375 0.796875 0.4244791671875 0.7864583328125 0.4296875 0.7770833328125 0.44114583281249997 0.753125 0.44635416718750004 0.7502083328125 0.45 0.8639756937499999 0.45
6 0 0.8621881453124999 0.014679476562499998 0.8806444546875 0.0278032765625 0.8918257046875 0.0947077984375 0.9302272687500001 0.0971378671875 0.93125 0.1109375 0.93125 0.1109375 0.9055568515625 0.1078023421875 0.899051315625 0.10481533750000001 0.8843939093750001 0.10512783750000002 0.8763661453125 0.1109375 0.8621680578124999 0.1109375 0.8584405515625001 0.103893534375 0.8391001234375001 0.0712789515625 0.8078640765625 0.0227437828125 0.76831956875 0.0098938109375 0.7483796 0.0037233171874999998 0.72928541875 0 0.7251199609375 0 0.8621881453124999
6 0.097471984375 0.7968089703125 0.1003168203125 0.8225751265625 0.099059915625 0.8548832359375 0.10526769218750001 0.8601340296875 0.13029953125 0.8568932828125 0.145371809375 0.8615626828125 0.155717053125 0.874967525 0.16922135625 0.9060614953125 0.20170525625 0.9316056953124999 0.2115838921875 0.9361852328125 0.22658403124999998 0.95 0.2356392046875 0.95 0.2390625 0.93677925625 0.2390625 0.8886673640625 0.2306959171875 0.863038959375 0.22183457031249998 0.8496597874999999 0.21023873124999998 0.8406419218749999 0.189314940625 0.80941958125 0.16565665937500001 0.78255854375 0.13977884062499998 0.7277378624999999 0.13318590624999999 0.721875 0.09275568437500001 0.721875 0.085577696875 0.7260653046875 0.08125 0.7332490015625 0.08125 0.7459034843750001 0.08357884531250001 0.7583605796875 0.0927901453125 0.7783587296875 0.097471984375 0.7968089703125
6 0.276233228125 0.7082068859375 0.267216221875 0.6974020234375 0.2564161875 0.6929535953125 0.23399702812499998 0.6953984078125 0.22657225468750003 0.7016556421875 0.2228214078125 0.7108164953125 0.22482018906249998 0.7356930359375 0.23031110312499997 0.7464358984375 0.23208813125 0.7670500140625001 0.22312705 0.838577621875 0.22538454375 0.868426990625 0.24043448125000003 0.90625 0.24229219062500001 0.90625 0.24969460781250002 0.875242234375 0.2491771828125 0.8652965765625 0.242944090625 0.8538309109375 0.24291312812500002 0.826149953125 0.25082136718750003 0.8156426953124999 0.259025278125 0.8108186671875 0.280850096875 0.8104926671874999 0.29625103125 0.8221195359374999 0.3019267390625 0.8364144171875001 0.3054837953125 0.8641573781249999 0.326224809375 0.8971707671875 0.334375 0.9051082109374999 0.334375 0.8694434703125001 0.3334368265625 0.8461952765625 0.3308037453125 0.8362124203124999 0.2833872953125 0.7509179296875 0.28090205 0.7437766874999999 0.28149939062499996 0.7281726 0.276233228125 0.7082068859375
6 0.3975809828125 0.691099521875 0.376584375 0.692869471875 0.3695336078125 0.697004021875 0.3634397125 0.7054093953125 0.3614434703125 0.722393584375 0.363236575 0.7557513281249999 0.35411326249999997 0.7754505875 0.3328341203125 0.8396156484375 0.3365347828125 0.90846035625 0.34998949218750003 0.9359375 0.35431216875 0.9359375 0.3554175953125 0.9350180343750001 0.365615334375 0.9082461578124998 0.3886906765625 0.863966184375 0.38869686875 0.8370208703124999 0.3949464640625 0.8179817953124999 0.403186109375 0.8089038484375 0.41242078125 0.8048064640625 0.4328125 0.8064306515624999 0.4328125 0.7993983124999999 0.4183713578125 0.7531441609374999 0.41776093750000004 0.741788334375 0.42094296406250004 0.7333334046875001 0.41876525000000003 0.706350925 0.40861495000000003 0.6934145671875 0.3975809828125 0.691099521875
6 0.49649917187500003 0.7261031359375 0.489996459375 0.7422378953125 0.4673587765625 0.772861140625 0.446875 0.811381178125 0.446875 0.8548606203125001 0.44702920468749996 0.8618733109375001 0.45344237343750005 0.9003924453125001 0.45644508437500003 0.9078125 0.48025999375 0.9078125 0.4885305671875 0.8973155140625 0.52699193125 0.8603227812500001 0.5363961875000001 0.843500371875 0.5543957749999999 0.794331015625 0.5541771515625 0.7337630109375001 0.5625 0.71227715 0.5625 0.683933928125 0.55790325625 0.6784343734375 0.5391426359375 0.6707191390625 0.5215792796875001 0.6718879718749999 0.506606178125 0.680488153125 0.5000649453125 0.695883653125 0.49649917187500003 0.7261031359375
6 0.52047955 1 0.536169853125 0.9887389796875 0.5875726718750001 0.96326054375 0.5935439890625 0.9548104500000001 0.5960638671875 0.9348942921875001 0.5919142703125 0.8556940921875 0.5936056390625 0.8471692734375 0.6040468546875 0.8288171484374999 0.6046875 0.824089121875 0.6046875 0.7990888500000001 0.604616709375 0.7988868671875 0.5948201171874999 0.7887357453125 0.581853490625 0.7828125 0.5677017156249999 0.7828125 0.5617455 0.7831682328125 0.5513073171875 0.7879760234375001 0.5262914421875 0.841003946875 0.47912511875 0.8929322687500001 0.47011055468749996 0.9113093031249999 0.468793021875 0.9269692781250001 0.473478125 0.96198134375 0.48717779375000003 0.978616378125 0.4868352734375 0.9992834125 0.4866328421875 1 0.52047955 1
6 0.41652605468750004 1 0.418780834375 0.9978509484375 0.42318623437499997 0.9727684453125001 0.43183813750000005 0.9606999843749999 0.445188921875 0.9566215249999999 0.4734375 0.9598113749999999 0.4734375 0.9455970687499999 0.4718186453125 0.9333673859375 0.4488575703125 0.8625159546875001 0.4518309359375 0.851066534375 0.4510101796875 0.8215790359374999 0.43954380625 0.8070003781249999 0.4288786921875 0.803125 0.41794605625000003 0.803125 0.405210465625 0.805678025 0.39302351875 0.818403203125 0.38903305625 0.8377421578125 0.38951680624999996 0.8607540312499999 0.3542635140625 0.9377707453124999 0.3575020765625 1 0.41652605468750004 1
6 0.3577780609375 1 0.3534615609375 0.9368912078125 0.34505425624999997 0.918348596875 0.30551413125 0.858793684375 0.3018816734375 0.8322388937499999 0.29664250625 0.8174305203125 0.28952393593750003 0.8092126328125 0.286868409375 0.8078125 0.248246425 0.8078125 0.24147962656250002 0.8135328765625001 0.237564990625 0.8237676 0.2389284765625 0.8495472578125 0.245849103125 0.868064153125 0.2359375 0.9156045390625 0.2359375 0.97526218125 0.2459764828125 0.9968467343749999 0.2492680828125 1 0.2509620625 1 0.2530592578125 0.9903462453125 0.26029785781250003 0.9867920046875 0.259203909375 0.9801500937500001 0.2516926109375 0.978548403125 0.2513420015625 0.9719193484375002 0.2573308265625 0.9587769484375 0.2650790265625 0.9508161937499999 0.27403804374999996 0.9517070375 0.2708309515625 0.9472362406249999 0.2901187953125 0.9468339531249998 0.2992725984375 0.951407603125 0.29809757812500004 0.957274384375 0.303846340625 0.9676762437499999 0.303765265625 0.9801849359375 0.2996948015625 0.9874734125 0.3022364703125 0.9934044734375 0.308887559375 0.9927836250000001 0.314561571875 0.9877305453125 0.3168726609375 0.9752604265624999 0.320897846875 0.9951990171875 0.32590944843749997 1 0.3577780609375 1
6 0.246681278125 1 0.2325225765625 0.9525214703125 0.192245840625 0.910656334375 0.174967334375 0.896387675 0.1673546359375 0.8742088718750001 0.1587923875 0.8615651421875 0.1502094484375 0.8546875 0.10905272343750001 0.8546875 0.108805984375 0.8547958390625 0.0979642046875 0.8678284046875 0.09621911562499999 0.8758797578124999 0.0984517234375 0.891349721875 0.1097024875 0.9143281515624999 0.11393209687500001 0.9827371187499999 0.118876834375 1 0.246681278125 1
6 0 1 0.117289059375 1 0.11540269375000001 0.9838485578124999 0.1106909140625 0.9746068578125 0.1153687328125 0.9697564953125 0.11385041874999999 0.9542293765625001 0.1031982203125 0.9526342937500001 0.0988959890625 0.9377631546874999 0.089025928125 0.924203975 0.016991748437500002 0.8806722046874998 0.0080856171875 0.872061865625 0 0.8572970765625 0 1
11 1 0.626604828125 0.9411702359374999 0.6432319625 0.934287328125 0.6467219578125001 0.9196035265625 0.6624966828125001 0.896875 0.6796325281250001 0.896875 0.68246275625 0.9248417984374999 0.6940663359375 0.9631193734375 0.73243245625 0.9823680749999999 0.7384979734374999 0.9959448 0.7453125 1 0.7453125 1 0.626604828125
11 1 0.45 0.9047480562500001 0.45 0.8948736765625 0.4759802046875 0.8384078546874999 0.6095346562499999 0.8337703906249999 0.6281308734375 0.8357996609375 0.635937203125 0.8803199796874999 0.67841255625 0.8927748140624999 0.6796674250000001 0.903017765625 0.6775842390625 0.9247509062500001 0.6629440093750001 0.9412127203124999 0.6436582625 0.9650958265625 0.6031375 0.9734128609375 0.5947278328125 0.9832182984375001 0.5792972859375001 1 0.5424857968750001 1 0.45
11 0.609375 0.45 0.609375 0.4558426375 0.6114578546875 0.45879523437499997 0.6255234796875 0.47416628593750004 0.6876729453125 0.5306043593750001 0.7113365 0.5569063812499999 0.7284976359375 0.5794098125 0.7356155171875 0.5920531296875 0.7394930703125 0.5954829593750001 0.758540571875 0.5928009249999999 0.7739530609375 0.5976452015625 0.7979280140625 0.6134810578125001 0.8154721328125 0.628125 0.8475867593749999 0.628125 0.8493898968749999 0.6209169484375 0.878125 0.5565382640625 0.878125 0.5154089328125 0.8524750046874999 0.4859579390625 0.8344703046875 0.45880230781250003 0.83062381875 0.45 0.609375 0.45
12 0.609375 0.682108653125 0.61822540625 0.7000347359375001 0.631239353125 0.7203125 0.7210039078125 0.7203125 0.7196084609375 0.7175742281249999 0.7062517640625 0.701012090625 0.6921656046875 0.6885731890625 0.685710353125 0.676198471875 0.6842018999999999 0.669145546875 0.7328125 0.6081743171875 0.7328125 0.5732815765625 0.7253773031249999 0.5596235453125 0.7088761796874999 0.5417149140624999 0.7020561953125 0.5314018140625001 0.6889827703125 0.5189037359374999 0.6663237828125 0.5074758375 0.6493945437499999 0.5046875 0.6385760359375 0.5046875 0.625531171875 0.5057788234375 0.6096461125 0.5112977078125 0.609375 0.511462390625 0.609375 0.682108653125
12 0.609375 0.9061132140625 0.6110782625 0.9052073828125 0.6709755828125 0.8840785140625 0.7271203640625 0.8807804421875 0.7307477796875 0.8755358265625001 0.7359214 0.8566152437500001 0.7309008359375 0.8201799703124999 0.72998365 0.7925604171874999 0.7319919703125001 0.77835415 0.7405046125 0.7572248125 0.740625 0.7558318578125001 0.740625 0.7347782109375001 0.7398306328124999 0.7331130437500001 0.7216519984375 0.7155642249999999 0.6380063953125 0.7179619890625 0.61699945 0.7171833734374999 0.609375 0.7143733109375 0.609375 0.9061132140625
12 0.745613221875 0.5754538968749999 0.7389041734374999 0.58083789375 0.731457878125 0.59726065 0.7309428609374999 0.6042879515624999 0.68125 0.6653963609375 0.68125 0.66940833125 0.6822369265625 0.674565403125 0.690321575 0.6885959203125 0.698921240625 0.6955991359375 0.7378736703125 0.7378454781249999 0.7450284171874999 0.74375 0.7574172921875 0.74375 0.758977815625 0.7426304203124999 0.7707768515625 0.7304559828125 0.7938246421875 0.71263660625 0.818233971875 0.69973731875 0.829084128125 0.69561479375 0.8828125 0.6832349499999999 0.8828125 0.6750536234375 0.8822555296875001 0.6740645437499999 0.8723648656249999 0.6631368515625 0.807027878125 0.60591254375 0.77179675 0.5804467078125001 0.75404713125 0.5729697671875 0.745613221875 0.5754538968749999
12 1 0.7397784015625 0.9919317296875001 0.7336616312500001 0.9625618062499999 0.72187776875 0.933958271875 0.6913646171875 0.9202764218749999 0.6812621171875 0.91575525625 0.6796875 0.8330339718750001 0.6796875 0.8232886718750001 0.6822398609375 0.7810609296875001 0.7018269515625001 0.7687164796875 0.710850225 0.7473097765625 0.731300696875 0.7334037265625 0.7476811765625 0.725 0.7612657828125 0.725 0.920976821875 0.7289605921875 0.9290772734375 0.738434859375 0.9383868015625 0.7568773515625 0.9497690796875 0.7691015984374999 0.953125 0.8444226453125001 0.953125 0.8458475390625001 0.9528914328125001 0.8718485625 0.9461868593750001 0.8956012093750001 0.9370181531250001 0.9321790734375 0.9182791484374999 0.9735754609375 0.8868030656249999 1 0.8576785390625 1 0.7397784015625