17 0.0730218296875 0 0.008068734375 0.014527021875 0 0.018296296875 0 0.0668374625 0.058126653125000004 0.2973597171875 0.0861275015625 0.389985575 0.0883010625 0.39375 0.125479140625 0.39375 0.2375 0.36447829375 0.2375 0.2431297703125 0.22820956875 0.1462952203125 0.2094328359375 0.0024391390625 0.20670671093749998 0 0.0730218296875 0
11 1 0.360768334375 0.9776712359375 0.35036743124999997 0.8087750312499999 0.3197155765625 0.7656842109374999 0.3083447265625 0.7583525953125 0.3078125 0.733254296875 0.3078125 0.7171451265625001 0.31229980468749996 0.7087250812500001 0.31674926718749996 0.6978285515625 0.32614257812499997 0.6799978671875 0.35036743124999997 0.671875 0.3712163421875 0.671875 0.4234285125 0.686436725 0.4467724609375 0.6968379578125 0.45814331093750005 0.710210971875 0.46704223593750005 0.7300228421874999 0.4759411625 0.75676886875 0.48434570312499997 0.7968879078125 0.5011547843749999 0.9276462593750001 0.5500988765625 1 0.5548346484375 1 0.360768334375
11 1 0.157774359375 0.972908284375 0.1526903390625 0.8666875609375001 0.125 0.8172363718749999 0.125 0.8100328640625 0.12788385468750002 0.7943523109375 0.139527715625 0.786764946875 0.1476277921875 0.7751309875000001 0.16635921874999998 0.7675436234375 0.1972407609375 0.765625 0.21420302812499997 0.765625 0.2297827671875 0.769061096875 0.24735998593750003 0.77968340625 0.265078903125 0.7903057171875 0.275204 0.8019396750000001 0.282797821875 0.8181260531250001 0.28937913437499996 0.8429114421874999 0.2954541921875 0.9015870609375 0.326335734375 0.9541927859375001 0.3491172 0.9850480671875002 0.35873604062500003 1 0.36621836874999997 1 0.157774359375
11 0.7341692609375 0.5890625 0.7400575578125 0.5808972515625 0.74375 0.5669280859375 0.74375 0.5394955921875 0.7405495390625 0.528488396875 0.732677853125 0.513794325 0.71004675625 0.481957171875 0.6638006031250001 0.4094664203125 0.6328058421875 0.359016775 0.61755445 0.32864902812499996 0.5791799828124999 0.291424046875 0.555072946875 0.2723217546875 0.52604610625 0.255178671875 0.49160748125 0.2404846 0.459136778125 0.21991290000000002 0.4527410328125 0.214525075 0.45 0.2109876140625 0.45 0.47055177343750004 0.479799953125 0.5030186734375001 0.499971146875 0.52799859375 0.52604610625 0.5539581203124999 0.5577152375 0.5890625 0.7341692609375 0.5890625
11 0.6107421875 0.24755859375 0.594140625 0.302734375 0.59658203125 0.3095703125 0.617578125 0.33203125 0.6244140625 0.3486328125 0.63369140625 0.3642578125 0.65810546875 0.40185546875 0.664453125 0.40673828125 0.66884765625 0.40234375 0.6751953125 0.37060546875 0.68447265625 0.3486328125 0.69814453125 0.33056640625 0.71572265625 0.3134765625 0.7552734375 0.23193359375 0.76552734375 0.21533203125 0.77333984375 0.1767578125 0.77333984375 0.16015625 0.77041015625 0.140625 0.771875 0.1162109375 0.78212890625 0.08642578125 0.79189453125 0.07470703125 0.8001953125 0.05322265625 0.79970703125 0.04638671875 0.797265625 0.0419921875 0.77236328125 0.0224609375 0.75869140625 0.015625 0.7396484375 0.015625 0.72841796875 0.03857421875 0.72451171875 0.056640625 0.7123046875 0.0810546875 0.69619140625 0.09912109375 0.67177734375 0.11669921875 0.664453125 0.1240234375 0.64248046875 0.1572265625 0.62392578125 0.2109375 0.6224609375 0.22119140625 0.6107421875 0.24755859375
12 0.45 1 0.45 0.8618806921875001 0.4418616703125 0.8574538640625 0.4397121421875 0.8549129499999999 0.4398993078125 0.8488147515625 0.43350358125 0.8422083734375001 0.4078300640625 0.834375 0.39080618437500003 0.834375 0.3817698515625 0.836618359375 0.2774901453125 0.8970921374999999 0.23795779375 0.9321567625 0.19112246875 0.981958696875 0.18695342343750002 0.989073259375 0.18486185 1 0.45 1
12 0 0.7481454640624999 0.0031381781249999996 0.7538581515625 0.0182679078125 0.7678234015625 0.0493069125 0.8205810234375001 0.0674666703125 0.8433392125000001 0.09231521718749999 0.85627 0.1125615328125 0.8697180234375 0.1505115375 0.887303896875 0.181828853125 0.90592423125 0.233724421875 0.9265625 0.263082103125 0.9265625 0.26514984375 0.9255790312500001 0.2917388953125 0.9028208421875 0.34626699375 0.8733386421875 0.3936210890625 0.8443736734374999 0.4265550625 0.775581875 0.4328125 0.767250653125 0.4328125 0.71805201875 0.42637949218750004 0.7129968546875001 0.3100881109375 0.68248019375 0.18903614375 0.6578125 0.12885098281250001 0.6578125 0.0711851984375 0.6778251109375 0.009808759375 0.70420391875 0 0.711371403125 0 0.7481454640624999
12 0.1869743171875 1 0.18757461250000002 0.9965830406249999 0.19148103125 0.9856008890625001 0.23257385937500002 0.943169859375 0.24376496875 0.9286933890625001 0.10897457343750001 0.864298059375 0.103996359375 0.864298059375 0.09699865468749999 0.8732834531249999 0.08628139375 0.8777761500000001 0.0656055890625 0.8917534328125001 0.0504840875 0.907228278125 0.026482190625000002 0.9147161078125 0 0.953999278125 0 0.95552303125 0.057436651562499996 0.9831049468749999 0.0935646546875 0.9980806046874999 0.096315315625 1 0.1869743171875 1
12 0 0.90216774375 0.0128844765625 0.9117209781250001 0.0284212953125 0.91371773125 0.0440906796875 0.9087258437500001 0.057927434374999996 0.8972445078125 0.0920987109375 0.8747810203124999 0.1005637890625 0.8652964359374999 0.1018224453125 0.8608037390625001 0.0680009203125 0.842333759375 0.056422700000000006 0.8303532328125 0.0158791828125 0.7594684515625 0.0025444843750000003 0.751980621875 0 0.7487081609375 0 0.90216774375
12 0 0.7083461203125 0.00024859062499999997 0.708052025 0.0099180296875 0.70256095 0.046261101562500004 0.693076365625 0.062219589062500004 0.684090971875 0.10377779843749999 0.669614503125 0.11001466875000002 0.665121803125 0.138838240625 0.65463884375 0.13724676875 0.6241883406250001 0.135973728125 0.6226907734375 0.0141657203125 0.6226907734375 0 0.62800365625 0 0.7083461203125
3 1 0.5890625 0.6383620156250001 0.5890625 0.6485168484375 0.6025981078125 0.6762788828125 0.7174233875 0.67809795625 0.7765625 0.7150868265625 0.7765625 0.8581230109375 0.7514622953125001 0.9067667921875 0.7265393062500001 0.9243706609375 0.72735768125 0.9720087296875001 0.7455630937500001 1 0.7468643609375001 1 0.5890625
1 0.8871581093749998 1 0.88607299375 0.9602531593750001 0.896179578125 0.8081304687499999 0.91875 0.7681894171875 0.91875 0.7304605468750001 0.9163043203125 0.728125 0.8883676031250001 0.728125 0.8715509609375001 0.7380705859375001 0.8057437921874999 0.744851128125 0.678704390625 0.7733923234375 0.651136178125 0.900090125 0.6447296203125 0.9637825484375 0.7250966921875 1 0.8871581093749998 1
3 0.45 0.9805082296875 0.453878596875 0.9756934749999999 0.49996175468750004 0.9455880484375001 0.56373990625 0.921138428125 0.5921875 0.8907301421875001 0.5921875 0.8719588515625001 0.5670167640624999 0.8503615140624999 0.5055371296875 0.7765846171875 0.45087091562500003 0.7579319250000001 0.45 0.758029815625 0.45 0.9805082296875
3 0.6384407875 0.8774442109375 0.6611267046875 0.8563412125 0.6753063984375001 0.7921095828125 0.671587725 0.747620865625 0.6797266953125 0.7385030875 0.67563944375 0.709824303125 0.663192071875 0.69974925625 0.497579875 0.731615946875 0.5028083984375 0.779340284375 0.5289549874999999 0.8137929515625 0.5553964375 0.8355976734375 0.5613989765625 0.8501211546875 0.5925174046875 0.8753087703125001 0.576055171875 0.90144929375 0.5260800703124999 0.9371104140625001 0.56246520625 0.9403850359374999 0.5912642375 0.9290625359375 0.6267661062500001 0.9022246515625 0.6384407875 0.8774442109375