18 0 0.3899808984375 0.017471590625 0.39630681874999996 0.024289773437500002 0.3928977265625 0.092471590625 0.23380681874999998 0.0901988640625 0.21903409062499998 0.067471590625 0.199715909375 0.0254261359375 0.1985795453125 0.010653409375 0.21903409062499998 0 0.2414623203125 0 0.3899808984375
18 0.09928977343749999 0.381534090625 0.060653409375 0.406534090625 0.0651988640625 0.4394886359375 0.08338068125 0.47017045468749996 0.1640625 0.47017045468749996 0.12542613593750002 0.4008522734375 0.10497159062500001 0.381534090625 0.09928977343749999 0.381534090625
18 0.36860795468749996 0.2803977265625 0.33224431875 0.24176136406249998 0.32088068125 0.2383522734375 0.2811079546875 0.2667613640625 0.26633522656249997 0.3019886359375 0.23224431874999998 0.3394886359375 0.235653409375 0.35085227343750003 0.273153409375 0.387215909375 0.2890625 0.381534090625 0.3163352265625 0.34517045468749996 0.3390625 0.324715909375 0.3413352265625 0.3144886359375 0.3367897734375 0.29744318125 0.36860795468749996 0.2803977265625
18 0 0.22475852187499998 0.0265625 0.2008522734375 0.06974431875 0.19630681875 0.073153409375 0.1883522734375 0.07088068125 0.165625 0.053835226562500005 0.162215909375 0 0.1683104640625 0 0.22475852187499998
18 0.23224431874999998 0.2167613640625 0.2436079546875 0.2144886359375 0.2504261359375 0.18494318125 0.24701704531250002 0.1735795453125 0.19588068125 0.156534090625 0.1288352265625 0.1451704546875 0.11747159062500001 0.162215909375 0.11747159062500001 0.18494318125 0.23224431874999998 0.2167613640625
18 0.09133522656250001 0.23380681874999998 0.0720170453125 0.28835227343750003 0.1186079546875 0.312215909375 0.15838068125 0.278125 0.23678977343750002 0.22244318125 0.235653409375 0.2167613640625 0.22088068125000002 0.20880681874999998 0.1526988640625 0.19744318125 0.11633522656249999 0.2144886359375 0.09133522656250001 0.23380681874999998
18 0.2526988640625 0.3201704546875 0.2890625 0.27244318125 0.2970170453125 0.1917613640625 0.273153409375 0.17244318125 0.2526988640625 0.1758522734375 0.24701704531250002 0.181534090625 0.23224431874999998 0.32130681875 0.2526988640625 0.3201704546875
18 0.0413352265625 0.4042613640625 0.060653409375 0.40767045468749996 0.1038352265625 0.381534090625 0.1242897734375 0.40198863593749995 0.1436079546875 0.43153409062500003 0.16974431875 0.4383522734375 0.1788352265625 0.43494318125 0.19815340937499998 0.4042613640625 0.2015625 0.36789772656249997 0.0651988640625 0.3303977265625 0.0413352265625 0.4042613640625
18 0.27201704531250004 0.399715909375 0.2845170453125 0.42698863593749997 0.31178977343750003 0.45426136406250006 0.4242897734375 0.37357954531250004 0.42315340937499996 0.3576704546875 0.4163352265625 0.3485795453125 0.354971590625 0.34517045468749996 0.348153409375 0.340625 0.27201704531250004 0.390625 0.27201704531250004 0.399715909375
18 0.3936079546875 0.274715909375 0.38565340937500003 0.27130681874999996 0.335653409375 0.2985795453125 0.3515625 0.3417613640625 0.354971590625 0.34630681874999997 0.41519886406250006 0.3485795453125 0.42542613593749995 0.3610795453125 0.4296875 0.36134588125 0.4296875 0.30054068906250003 0.40269886406250005 0.28835227343750003 0.3936079546875 0.274715909375
18 0.4288352265625 0.2042613640625 0.41292613593749994 0.18380681875 0.40497159062500004 0.1826704546875 0.304971590625 0.206534090625 0.2992897734375 0.2144886359375 0.2970170453125 0.23494318125000002 0.310653409375 0.231534090625 0.335653409375 0.2428977265625 0.3492897734375 0.24403409062499998 0.3640625 0.25994318125000004 0.3811079546875 0.25994318125000004 0.42315340937499996 0.2485795453125 0.4288352265625 0.24403409062499998 0.4288352265625 0.2042613640625
18 0.2038352265625 0.4508522734375 0.2151988640625 0.453125 0.2276988640625 0.47017045468749996 0.2867897734375 0.47017045468749996 0.285653409375 0.42926136406250004 0.26974431875 0.38380681875 0.23338068125000003 0.34517045468749996 0.2401988640625 0.3235795453125 0.23110795468749998 0.32244318125000004 0.20724431875 0.33380681874999996 0.19815340937499998 0.3428977265625 0.2015625 0.36789772656249997 0.1992897734375 0.4428977265625 0.2038352265625 0.4508522734375
18 0.28338068125000004 0.1678977265625 0.3163352265625 0.19630681875 0.3186079546875 0.2042613640625 0.3504261359375 0.1951704546875 0.39474431875 0.1258522734375 0.3901988640625 0.115625 0.33224431875 0.115625 0.31747159062499997 0.1258522734375 0.28338068125000004 0.1678977265625
18 0.1311079546875 0.303125 0.1754261359375 0.3019886359375 0.1845170453125 0.3076704546875 0.20269886406249998 0.3076704546875 0.23338068125000003 0.3008522734375 0.24247159062499998 0.23607954531250003 0.2401988640625 0.22244318125 0.2345170453125 0.22244318125 0.15838068125 0.2758522734375 0.1311079546875 0.303125
18 0 0.140646853125 0.0265625 0.1610795453125 0.0651988640625 0.15994318125 0.08224431875 0.19289772656249998 0.0811079546875 0.206534090625 0.09588068125 0.20994318125000003 0.1129261359375 0.18607954531249998 0.10838068125 0.181534090625 0.10838068125 0.1667613640625 0.048153409375 0.115625 0.004971590624999999 0.115625 0 0.1298295453125 0 0.140646853125
18 0.1390625 0.3485795453125 0.15383522656249998 0.3258522734375 0.1436079546875 0.312215909375 0.1276988640625 0.3042613640625 0.11974431875 0.31107954531250004 0.098153409375 0.30539772656249997 0.0742897734375 0.3326704546875 0.1390625 0.3485795453125
18 0.35838068125 0.419034090625 0.354971590625 0.4326704546875 0.3617897734375 0.45880681875 0.42315340937499996 0.4610795453125 0.4288352265625 0.45653409062500006 0.4296875 0.4509555734375 0.4296875 0.3640016234375 0.4163352265625 0.3792613640625 0.35838068125 0.419034090625
18 0.2038352265625 0.115625 0.20269886406249998 0.16448863593750002 0.2504261359375 0.1769886359375 0.2538352265625 0.13380681875 0.2492897734375 0.115625 0.2038352265625 0.115625
18 0.40269886406250005 0.1235795453125 0.39588068125000003 0.1235795453125 0.3776988640625 0.14971590937499998 0.3788352265625 0.1610795453125 0.37428977343750003 0.1701704546875 0.40269886406250005 0.1769886359375 0.42542613593749995 0.19630681875 0.4296875 0.22826704687500002 0.4296875 0.15747675781249998 0.4163352265625 0.13380681875 0.40269886406250005 0.1235795453125
17 0.5475162984375 0 0.5439484125 0.015773809375 0.54444444375 0.0328869046875 0.5424603171875 0.041071428125 0.5439484125 0.05 0.54990079375 0.0641369046875 0.5603174609375 0.10679563437499999 0.5650297625 0.121924603125 0.5729662703125 0.14002976250000002 0.58115079375 0.1546626984375 0.5851190468749999 0.1648313484375 0.594295634375 0.181696428125 0.609424603125 0.181696428125 0.6238095234375 0.158630953125 0.6275297625 0.1551587296875 0.6290178578125001 0.1514384921875 0.628769840625 0.1484623015625 0.6302579359375 0.1457341265625 0.6372023812500001 0.14002976250000002 0.6503472218749999 0.1204365078125 0.659027778125 0.110019840625 0.65927579375 0.10654761875 0.6478670640625 0.06711309531250001 0.6322420640625 0.028670634374999997 0.6238386015625 0 0.5475162984375 0
17 0.7410704828125 0 0.7236900296875 0.0272874421875 0.7096282421875 0.042584365624999995 0.67527910625 0.0937671234375 0.631947834375 0.1472222859375 0.6105408171875 0.176039971875 0.581733490625 0.21203815937499998 0.568257225 0.2255137890625 0.563444446875 0.24478458125000002 0.557645553125 0.2598189375 0.54176034375 0.2743644953125 0.5253172796875 0.2867904296875 0.5133151125000001 0.2980062390625 0.5082656125 0.311009003125 0.5005636359375 0.318205946875 0.49268515312499994 0.318758215625 0.48674788593749996 0.317186159375 0.5114624015625 0.328674009375 0.5304878703125 0.3189789328125 0.5596680046875 0.3073576171875 0.585985234375 0.29760211875000003 0.6257708515625 0.26324875937500003 0.662506946875 0.227655265625 0.697677428125 0.1733976828125 0.7248476578124999 0.1315843046875 0.7388947328125 0.10217109687499999 0.7541946921875 0.068171396875 0.7751955359375 0.054072553125 0.7923383328125 0 0.7410704828125 0
17 1 0.2051367671875 0.9956696875000001 0.2009988515625 0.9838123265625001 0.179400590625 0.970931359375 0.1652225921875 0.9741008921875001 0.15257070625 0.980561978125 0.1435138640625 0.9688164468749999 0.12890376875 0.94154664375 0.0975642875 0.9103402234375 0.077587859375 0.8889416562499999 0.0511297078125 0.8831278640625 0.043490834374999995 0.8661152109374999 0.06604015156250001 0.8448817796875 0.0718737953125 0.8302536171874999 0.0651085578125 0.82438441875 0.07226593125 0.794809571875 0.07199654375 0.768786209375 0.06966472343749999 0.7727610375 0.07309960625 0.7897714609375 0.0818658796875 0.807870578125 0.08896081875 0.8193498734375 0.097940034375 0.82602646875 0.11105655625 0.8333456453125001 0.11616109999999999 0.8490570890625 0.11840780625 0.8700709984375001 0.12438429843750001 0.8865690765625001 0.1334722140625 0.8874957296874999 0.1337196703125 0.8830411953124999 0.1474606046875 0.8728091640625 0.179967571875 0.8700494437499999 0.19666830625 0.8603665390625 0.2310740421875 0.8493727124999999 0.261683165625 0.8422629015625 0.2776928484375 0.8301394328124999 0.2954749046875 0.8185727609375 0.320638203125 0.81362298125 0.33894536875000003 0.8040100984375 0.351854696875 0.7930519359375 0.3713343015625 0.7848112390625 0.3900490359375 0.774770203125 0.398441665625 0.764007203125 0.38909992187500003 0.7645087859374999 0.39577327812499996 0.7523745546875 0.411008725 0.7356123109375 0.409897603125 0.749940071875 0.42155230781249997 0.773813528125 0.42688838125000006 0.8085779593750001 0.42902003281249995 0.8371372859375 0.42343805 0.8551204328124999 0.4153309890625 0.8701350359375001 0.4158266015625 0.8810643812500001 0.420831171875 0.8890564515625 0.4210573328125 0.9031649453125 0.4058132859375 0.9199962234375001 0.394649159375 0.9390732843749999 0.38691870625 0.9497522203125 0.3821033140625 0.9584017749999999 0.37272035312499996 0.9609108953125001 0.3581039515625 0.9695414703124999 0.344892459375 0.9776998859375 0.3322940875 0.9888414921875001 0.33203180312499997 0.9984991781250001 0.321187075 1 0.314445221875 1 0.292364328125 0.9852003093749999 0.263828975 0.9887850968749999 0.24107590625 1 0.231074721875 1 0.2051367671875
17 0.56041839375 0.5905951265625 0.5701184140625 0.5823194484374999 0.5818538171875 0.5786023015625 0.5909534453124999 0.57339598125 0.605548478125 0.5637578875 0.6194153250000001 0.5566351515625 0.6326211984375 0.548191159375 0.64447664375 0.5441339953125001 0.6543350734375 0.5363944234375 0.6679401625 0.5345658796875 0.6835908749999999 0.536089828125 0.7066072203125 0.527092703125 0.7209335375 0.5124664531249999 0.7394214156250001 0.49999952812500004 0.7614233328125 0.4970391078125 0.7833717390625 0.5039877578125 0.8190854828124999 0.5057531749999999 0.8239053109375 0.47302730468750004 0.8267626703125 0.4307482921875 0.7685637375 0.4277358546875 0.7354632296875 0.4372163859375 0.72500134375 0.448578053125 0.7062750390625 0.45731520625 0.69290541875 0.469985740625 0.671635040625 0.47309937812499997 0.6572955265625 0.4801666703125 0.651097609375 0.49367787031250004 0.627064240625 0.514474959375 0.6037762953125 0.537060859375 0.5833565625 0.5500727640624999 0.5676391046875 0.576018765625 0.5534851515625 0.590439078125 0.5243972421875001 0.6088088078125 0.52483300625 0.609375 0.5267232984375 0.609375 0.5433726640625001 0.6022950812500001 0.56041839375 0.5905951265625
17 0.8840212812500001 0.5534740890625 0.8713081890625001 0.5325568171875 0.85954478125 0.481762846875 0.8612600984375 0.470915015625 0.8706043109375001 0.4185914140625 0.8701905640625001 0.41753023593750005 0.859234834375 0.41953412500000004 0.8492663437499999 0.43047825 0.844258571875 0.436412165625 0.8287819531249999 0.42958806093749996 0.8262559765624999 0.4438431546875 0.824816234375 0.4808109734375 0.8148203875 0.5314643875 0.8096815062499999 0.5574463609375 0.8045122140625001 0.565216490625 0.8124849453125 0.5802255374999999 0.8252355921875001 0.5914743109375 0.8412464421875001 0.605170825 0.845136903125 0.609375 0.8678315703124999 0.609375 0.8807117421875 0.5719657734375 0.8840212812500001 0.5534740890625
17 0.6544066265625 0 0.6531593296875 0.0014439875 0.6440554015625 0.014284871874999999 0.6570279046875 0.0374521703125 0.652984353125 0.056866364062499994 0.651070990625 0.07102348750000001 0.657824153125 0.080047140625 0.6659977296874999 0.0995766015625 0.6831898843750001 0.0790794765625 0.7041028484375 0.0496520375 0.7240823828125 0.024721668750000002 0.7392183375 0 0.6544066265625 0
17 0.6396843390625 0.45574848125 0.6566155390625 0.47026942343749994 0.6494218359375 0.45069900937499996 0.6629179578125 0.43156260937499996 0.664344484375 0.42006995312499995 0.67847235625 0.4126960265625 0.690705446875 0.4000459515625 0.7046200265625 0.3725065765625 0.70522463125 0.3561067390625 0.7141965328125 0.2672266640625 0.715951003125 0.2439962234375 0.7214574609375 0.22935831874999998 0.7200665109375 0.1976200296875 0.7114463843750001 0.1789172390625 0.7040959875 0.16729290937500002 0.7040959875 0.16757031093750002 0.7036186625 0.1682269890625 0.6980577390625 0.1800893546875 0.693764109375 0.18996294375 0.6832708656250001 0.20053095 0.6667780296875 0.22449055312500002 0.65093620625 0.25436220625 0.64159303125 0.2845004578125 0.6343821671875001 0.30765873906249996 0.6349062078125 0.3384617453125 0.6339045718749999 0.37725694062500004 0.635225484375 0.404722359375 0.63443700625 0.43872533750000003 0.6396843390625 0.45574848125
17 1 0.12358253593749999 0.9821427234375 0.12966012031250002 0.8759163984375 0.16410515781249999 0.8066072546875 0.19538179687499999 0.76971251875 0.218687084375 0.74443446875 0.2427556390625 0.727574003125 0.2644736796875 0.71235771875 0.269780140625 0.6987658531250001 0.2992096421875 0.6761210015625 0.32014538125 0.642300346875 0.35230245 0.6343797453125 0.35525744375 0.6100764734374999 0.355303753125 0.604336828125 0.364412059375 0.5944803656250001 0.378360321875 0.6062857765625 0.370545525 0.6257624671875 0.3665819875 0.6441071171874999 0.36065568125 0.6461121375000001 0.3642101671875 0.6471465921874999 0.3724164375 0.6641419015625 0.3686738484375 0.686660178125 0.361789865625 0.6982935421875001 0.35769215781249997 0.71792323125 0.3542379828125 0.740636109375 0.3458940078125 0.7632351171875 0.3443271671875 0.77321245 0.33813572812500003 0.7854758875 0.3368287546875 0.7989392125 0.33118834375 0.8135559906250001 0.3279589609375 1 0.22849472187500003 1 0.12358253593749999
17 1 0.5944414124999999 0.9802130859375 0.576838353125 0.9526477296874999 0.5581634265625001 0.9286132625000001 0.54866274375 0.9084614296875 0.5408383359375 0.8899428875 0.52815335 0.8703179328124999 0.512768275 0.807620584375 0.50587808125 0.781421078125 0.5034735515625 0.7612313328125 0.4966075359375 0.7339736718750001 0.497854546875 0.722123015625 0.5105310921874999 0.7038827890625 0.5232591921874999 0.687465403125 0.5368778937500001 0.6634794281249999 0.553018221875 0.6311233015625 0.5687469218750001 0.6071782703124999 0.57623055 0.58463829375 0.5811338984375001 0.5720851640625 0.5852371421875 0.5600352890625 0.5920915953125 0.552944309375 0.6020726078124999 0.54109675 0.609375 0.5787046421875 0.609375 0.579654353125 0.6090436171875 0.6111436796875 0.5995547859375 0.654554275 0.5827289875 0.68959260625 0.57347204375 0.7221114671875 0.5686258078125 0.7497550453125 0.5702922703125 0.7781918375 0.5710578749999999 0.8123667375 0.5830098359375 0.8818031484375 0.5993386875 0.89582800625 0.6018265234375 0.90756926875 0.6015140156250001 0.9175599484375001 0.5983372328125001 0.93138310625 0.6014447359374999 0.9450579250000001 0.609375 1 0.609375 1 0.5944414124999999
17 1 0.47609765 0.9764814390625001 0.4605434328125 0.9561823734375 0.4398120625 0.9393104624999999 0.4346098546875 0.9276420328125001 0.42681806718750004 0.9055843328125001 0.421839403125 0.8727511796874999 0.42134896875 0.870008509375 0.43081375 0.86412466875 0.44968211562500005 0.8625870250000001 0.4785068296875 0.8623513671874999 0.4982905578125 0.863943159375 0.513726703125 0.8809123031249999 0.5177100359375 0.8924676703125 0.522858353125 0.902699203125 0.5289585609375 0.9196980187499999 0.527768909375 0.9425237765625001 0.5172871265625 0.9630310296875001 0.5050076609375 0.9715086656249999 0.492789790625 0.9891057625 0.49835710468750005 1 0.504649534375 1 0.47609765
17 0.78985036875 0 0.7941643015625 0.018687295312499998 0.7882374078125001 0.041000532812500004 0.7982952359375 0.025395660937499998 0.8115306984374999 0.015528328125 0.8121553531249999 0.0306166203125 0.798248896875 0.0719356 0.8089207328124999 0.07208956718750001 0.8305034656249999 0.06713891875 0.858633284375 0.073171490625 0.87499268125 0.0558503265625 0.888917140625 0.04919603125 0.9054004125 0.0676494296875 0.8876645453125 0.0210716484375 0.8730550750000001 0 0.78985036875 0
14 0.2242063484375 0.7627232140625 0.2242063484375 0.7783482140625 0.22619047656250002 0.81083829375 0.2304067453125 0.8281994046875001 0.2328869046875 0.84481646875 0.234126984375 0.883258928125 0.2398313484375 0.8991319437499999 0.24131944375 0.9152529765624999 0.2477678578125 0.9472470234375001 0.25 0.9497271828124999 0.2584325390625 0.951711309375 0.2638888890625 0.95791170625 0.2676091265625 0.9596478171875 0.271329365625 0.9638640875 0.27455357187499996 0.964112103125 0.2864583328125 0.960391865625 0.31696428593750003 0.954439484375 0.34052579375 0.948487103125 0.3514384921875 0.944766865625 0.356646825 0.942534721875 0.368799603125 0.9336061515624999 0.375248015625 0.9249255953125 0.3789682546875 0.9246775796875 0.387648809375 0.930133928125 0.390873015625 0.9298859125 0.39384920625 0.926413690625 0.39930555624999997 0.9147569437499999 0.40029761875 0.9070684531250001 0.39112103125000003 0.882762896875 0.384920634375 0.8716021828124999 0.38169642812500004 0.858209325 0.37599206406249996 0.8445684531250001 0.375 0.82001488125 0.36259920625 0.7778521828125 0.359623015625 0.764211309375 0.3576388890625 0.7466021828125 0.3571428578125 0.7252728171875 0.3544146828125 0.7093998015625 0.35491071406249997 0.701711309375 0.35887896874999997 0.6987351187499999 0.372023809375 0.6850942453125 0.374751984375 0.6811259921875 0.3854166671875 0.6714533734375 0.3851686515625 0.6662450390625 0.38392857187499996 0.6650049609375001 0.380704365625 0.664508928125 0.3697916671875 0.6669890875 0.3261408734375 0.6682291671875 0.2229662703125 0.667237103125 0.2202380953125 0.67021329375 0.22197420625 0.6776537703125001 0.22470238125000003 0.6826140875 0.222222221875 0.6994791671875 0.222222221875 0.7222966265624999 0.2232142859375 0.732961309375 0.2224702375 0.7470982140625 0.2242063484375 0.7627232140625
14 0.2416510765625 1 0.24801587343749998 0.9628720234375001 0.2487599203125 0.942534721875 0.24181547656250002 0.911284721875 0.24032738125000003 0.8976438484375 0.234623015625 0.8805307546875 0.23363095312499998 0.846056546875 0.2328869046875 0.8381200390625001 0.231398809375 0.835391865625 0.228174603125 0.833159721875 0.21180555625 0.8286954359375001 0.1917162703125 0.8247271828124999 0.10243055625 0.800917659375 0.090277778125 0.799181546875 0.0758928578125 0.795709325 0.0515873015625 0.7932291671875 0.02802579375 0.78876488125 0.02430555625 0.7905009921875 0.0220734125 0.7947172625000001 0.01884920625 0.8029017859375 0.0176091265625 0.8095982140625001 0.014880953124999999 0.8153025796875 0.0064484125 0.8497767859375 0.0047123015625 0.8691220234375001 0.0009920640625 0.8810267859375 0 0.883365221875 0 0.9805255703125001 0.007192460937500001 0.983209325 0.028521825 0.9941220234375001 0.05853174531250001 0.9928819437499999 0.08978174531250001 0.9995783734374999 0.0912714921875 1 0.2416510765625 1
14 0 0.8058071140624999 0.0166170640625 0.798685515625 0.0257936515625 0.791741071875 0.03075396875 0.7897569437499999 0.06349206406249999 0.7947172625000001 0.08680555625 0.795709325 0.1076388890625 0.7939732140625 0.1262400796875 0.7905009921875 0.1512896828125 0.7905009921875 0.1582341265625 0.7919890875 0.1626984125 0.7942212296875 0.18154761875 0.7999255953125 0.19097222187500001 0.8006696421875 0.193204365625 0.7996775796875 0.19469246093749998 0.7976934531250001 0.19469246093749998 0.7949652781250001 0.1929563484375 0.779836309375 0.1954365078125 0.7751240078125 0.19866071406250002 0.7726438484375 0.2008928578125 0.7684275796875 0.1976686515625 0.7478422625000001 0.1966765875 0.7319692453125 0.1929563484375 0.7143601187499999 0.193700396875 0.707663690625 0.19618055625 0.70146329375 0.19717261875 0.6855902781250001 0.19717261875 0.623586309375 0.1954365078125 0.6129216265624999 0.193219865625 0.609375 0.0792733296875 0.609375 0.053819443749999994 0.6101934531250001 0.012896825 0.6099454359375 0 0.6120618375 0 0.8058071140624999
14 0.19717261875 0.6459077375 0.196924603125 0.682366071875 0.1956845234375 0.6987351187499999 0.19196428593749998 0.7091517859375001 0.19196428593749998 0.713616071875 0.19593253906250002 0.7302331343749999 0.196924603125 0.7451140875 0.20064484062500001 0.767931546875 0.19990079375 0.7840525796875 0.2008928578125 0.798685515625 0.1981646828125 0.8006696421875 0.1862599203125 0.7994295640625 0.17261904687500002 0.795709325 0.1547619046875 0.788516865625 0.14756944375 0.7875248015625 0.133928571875 0.7875248015625 0.11433531718750001 0.79149305625 0.1108630953125 0.7949652781250001 0.11061507968749999 0.8001736109375001 0.1135912703125 0.80438988125 0.118799603125 0.8068700390625001 0.13963293593749998 0.8125744046875001 0.1827876984375 0.8219990078125001 0.19072420625 0.8249751984374999 0.2147817453125 0.83018353125 0.22842261874999997 0.8341517859375 0.2306547625 0.832167659375 0.230902778125 0.8277033734374999 0.22718253906250002 0.8140625 0.22544642812500001 0.795461309375 0.2227182546875 0.7185763890625 0.2229662703125 0.6997271828125 0.2264384921875 0.6841021828125 0.22197420625 0.675917659375 0.22123015937499999 0.6697172625000001 0.22395833281250002 0.667237103125 0.2333829359375 0.667237103125 0.2408234125 0.6679811515625 0.2790178578125 0.6679811515625 0.3077876984375 0.6697172625000001 0.3189484125 0.6689732140625 0.3328373015625 0.6655009921875 0.3353174609375 0.6625248015625 0.33705357187499996 0.65458829375 0.33705357187499996 0.6287946421874999 0.3363095234375 0.6230902781250001 0.331101190625 0.6131696421874999 0.33030231875 0.609375 0.19288599374999998 0.609375 0.19593253906250002 0.6208581343749999 0.19717261875 0.6459077375
4 0.45372023749999996 0.89384920625 0.4896825390625 0.916170634375 0.5082837296875 0.937251984375 0.53680555625 0.9459325390625001 0.5777281750000001 0.916170634375 0.6298115078125 0.900049603125 0.6856150796875 0.89012896875 0.7265376984375 0.8888888890625 0.727777778125 0.877728175 0.7265376984375 0.8541666671874999 0.712896825 0.8479662703124999 0.6670138890625 0.8293650796875 0.6223710312499999 0.8194444437499999 0.5578869046875 0.8058035718750001 0.5169642859375 0.799603175 0.5144841265625 0.778521825 0.5045634921875 0.7574404765625 0.51200396875 0.721478175 0.5293650796875 0.7041170640625001 0.4983630953125 0.7016369046875 0.4462797625 0.7053571421875 0.4296875 0.7175830203125 0.4296875 0.793446659375 0.43015872968749996 0.7946428578125 0.4296875 0.794562075 0.4296875 0.857415675 0.43263888906250003 0.8603670640625 0.45372023749999996 0.89384920625
10 1 0.8348674890625001 0.9931547625 0.838045634375 0.9646329359375001 0.859126984375 0.9224702375 0.8839285718750001 0.8951884921875 0.9017210140625 0.8951884921875 0.9025297625 0.8877480156249999 0.9298115078125001 0.869146825 0.9384920640625 0.8567460312499999 0.9310515875 0.8418650796874999 0.934771825 0.8021825390625 0.955853175 0.822023809375 0.9608134921874999 0.869146825 0.965773809375 0.900148809375 0.97197420625 0.90495323125 1 0.9402653765625001 1 0.949751984375 0.9955357140625001 1 0.9924593046875 1 0.8348674890625001
6 0.697271825 1 0.6990402859375 0.9982315390625001 0.7488591265625 0.9756944437499999 0.8009424609375 0.9583333328125001 0.8369047625 0.937251984375 0.8579861109375001 0.9322916671874999 0.8654265875 0.9422123015625001 0.8914682546874999 0.9285714281249999 0.8914682546874999 0.8975694437499999 0.8827876984374999 0.86904761875 0.8604662703124999 0.8702876984374999 0.850545634375 0.871527778125 0.8393849203125001 0.8826884921874999 0.8121031750000001 0.8839285718750001 0.7600198406249999 0.8839285718750001 0.719097221875 0.89012896875 0.6670138890625 0.8926091265625 0.6223710312499999 0.9074900796875 0.5926091265625 0.912450396875 0.5578869046875 0.9322916671874999 0.5355654765625 0.9484126984374999 0.534325396875 0.9893353171875001 0.59756944375 0.9893353171875001 0.6546130953125 0.9980158734375 0.6673115046875 1 0.697271825 1