3 0.41875 0.00692661875 0.409912109375 0.014501953125 0.287353515625 0.135595703125 0.212158203125 0.204931640625 0.196044921875 0.221044921875 0.192626953125 0.226904296875 0.193115234375 0.264990234375 0.197998046875 0.278662109375 0.198974609375 0.291357421875 0.202392578125 0.298681640625 0.209228515625 0.307470703125 0.222412109375 0.308447265625 0.227783203125 0.312841796875 0.240966796875 0.339208984375 0.248291015625 0.343603515625 0.254150390625 0.350439453125 0.269287109375 0.385107421875 0.276123046875 0.393408203125 0.2817565921875 0.396875 0.29324544218750004 0.396875 0.298583984375 0.394873046875 0.309814453125 0.384619140625 0.331298828125 0.372900390625 0.365966796875 0.346533203125 0.394775390625 0.327978515625 0.401123046875 0.318701171875 0.41875 0.301238190625 0.41875 0.00692661875
3 0.41875 0.45 0.41875 0.36990966875 0.4048828125 0.334375 0.4009765625 0.33095703125 0.39658203125 0.33046875 0.3794921875 0.3373046875 0.37705078125 0.340234375 0.37509765625 0.34951171875 0.37021484375 0.35537109375 0.3443359375 0.36611328125 0.31943359375 0.387109375 0.29306640625 0.396875 0.28330078125 0.39638671875 0.273046875 0.38955078125 0.25595703125 0.35 0.2505859375 0.34462890625 0.2447265625 0.3421875 0.2369140625 0.3421875 0.198828125 0.351953125 0.06455078125 0.39052734375 0.05625 0.3900390625 0.05185546875 0.38076171875 0.04794921875 0.37783203125 0.0396484375 0.37685546875 0.034765625 0.379296875 0.02353515625 0.3998046875 0.0162109375 0.4046875 0.0162109375 0.41005859375 0.02158203125 0.43154296875 0.0287444609375 0.45 0.41875 0.45
3 0.1761172171875 0 0.119189453125 0.2705078125 0.1171875 0.282919921875 0.1171875 0.2889404296875 0.118701171875 0.30029296875 0.1171875 0.308239746875 0.1171875 0.310986328125 0.120263671875 0.3140625 0.12308485312499999 0.3140625 0.147998046875 0.31005859375 0.182177734375 0.310546875 0.204150390625 0.3134765625 0.210009765625 0.31103515625 0.207568359375 0.30322265625 0.199267578125 0.29296875 0.196337890625 0.27490234375 0.191455078125 0.26318359375 0.193408203125 0.24609375 0.191455078125 0.22607421875 0.225146484375 0.19140625 0.295458984375 0.126953125 0.371142578125 0.05126953125 0.375048828125 0.04443359375 0.385191278125 0 0.1761172171875 0
3 0.002235890625 0 0 0.0062418625 0 0.34295648125 0.08564453125 0.326171875 0.10908203125 0.3203125 0.11396484375 0.31689453125 0.11689453125 0.30419921875 0.11787109375 0.28173828125 0.1734375 0.018401834375000002 0.1734375 0.0142578125 0.17109375 0.0087890625 0.1544921875 0.001953125 0.14686279375 0 0.002235890625 0
3 0 0.45 0.0302215578125 0.45 0.029931640625 0.4490234375 0.020166015625 0.428515625 0.015771484375 0.40849609375 0.016259765625 0.403125 0.023095703125 0.39775390625 0.033837890625 0.3796875 0.039697265625 0.37724609375 0.047021484375 0.377734375 0.052392578125 0.381640625 0.057275390625 0.39091796875 0.063623046875 0.39140625 0.235986328125 0.34208984375 0.2375 0.3383056640625 0.2375 0.33614834843749997 0.227197265625 0.311328125 0.223291015625 0.307421875 0.217431640625 0.307421875 0.210107421875 0.315234375 0.210595703125 0.32158203125 0.208642578125 0.32353515625 0.205224609375 0.32158203125 0.203759765625 0.31669921875 0.199365234375 0.3123046875 0.154443359375 0.309375 0.063623046875 0.3298828125 0 0.34223316875 0 0.45
0 0.5030691968750001 0 0.483984375 0.01484375 0.4849609375 0.0255859375 0.4927734375 0.04267578125 0.49814453125 0.0490234375 0.50791015625 0.055859375 0.53134765625 0.065625 0.58896484375 0.065625 0.60068359375 0.06318359375 0.624609375 0.06220703125 0.63388671875 0.059765625 0.67978515625 0.0578125 0.6890625 0.0548828125 0.69736328125 0.04560546875 0.7056640625 0.02509765625 0.7078125 0.014713542187500001 0.7078125 0 0.5030691968750001 0
10 0.66357421875 0.095166015625 0.65087890625 0.091259765625 0.6162109375 0.087841796875 0.59033203125 0.081982421875 0.56298828125 0.081494140625 0.548828125 0.086376953125 0.54150390625 0.092724609375 0.53076171875 0.107373046875 0.52880859375 0.112255859375 0.52978515625 0.114697265625 0.55322265625 0.127392578125 0.568359375 0.133251953125 0.58544921875 0.143994140625 0.6015625 0.149365234375 0.60791015625 0.156689453125 0.6337890625 0.176220703125 0.636181640625 0.1765625 0.6470377609375 0.1765625 0.64794921875 0.176220703125 0.64990234375 0.144482421875 0.66259765625 0.112744140625 0.67626953125 0.110791015625 0.669921875 0.100537109375 0.66357421875 0.095166015625
10 0.713916015625 0.17626953125 0.724169921875 0.158203125 0.724169921875 0.14990234375 0.730517578125 0.1435546875 0.732470703125 0.138671875 0.730517578125 0.1318359375 0.719287109375 0.12109375 0.704638671875 0.11474609375 0.694384765625 0.1142578125 0.669970703125 0.1171875 0.657275390625 0.12646484375 0.653857421875 0.134765625 0.650927734375 0.1494140625 0.651904296875 0.18798828125 0.663134765625 0.19921875 0.675830078125 0.2060546875 0.679736328125 0.2041015625 0.682177734375 0.19677734375 0.684619140625 0.19482421875 0.689013671875 0.18017578125 0.699755859375 0.17578125 0.703662109375 0.17822265625 0.711474609375 0.17822265625 0.713916015625 0.17626953125
18 0.71083984375 0 0.70947265625 0.00341796875 0.70703125 0.04296875 0.7015625 0.0671223953125 0.7015625 0.07027994843749999 0.70263671875 0.07421875 0.71044921875 0.08349609375 0.7099609375 0.0869140625 0.7015625 0.0957790796875 0.7015625 0.09873046875 0.7021484375 0.1025390625 0.7081787109375 0.10625 0.711376953125 0.10625 0.7373046875 0.1044921875 0.74169921875 0.103515625 0.7431640625 0.10107421875 0.7412109375 0.091796875 0.7421875 0.06982421875 0.7502830609375 0 0.71083984375 0
9 0.21807847656249998 0.45 0.217084159375 0.4536458328125 0.2048900453125 0.6423445765625 0.2038566453125 0.645444775 0.31298362968750004 0.6148561499999999 0.339992625 0.7703125 0.3401341953125 0.7703125 0.3735408390625 0.6020419968749999 0.40144262499999994 0.4550925921875 0.34047104375 0.45 0.21807847656249998 0.45
6 0.08019179843749999 0.54521329375 0.074818121875 0.53570601875 0.0669642859375 0.532399140625 0.05415013125 0.5344659390625 0.041335978125 0.5435598546875 0.031415343750000005 0.5501736109375 0.026041665624999998 0.5592675265625 0.0264550265625 0.56422784375 0.02934854375 0.5687748015625 0.028521825 0.5679480828125 0.0425760578125 0.5935763890625 0.052496692187500006 0.5993634265625 0.071924603125 0.6489666015625 0.0896990734375 0.6911293000000001 0.1058201046875 0.72626488125 0.1111937828125 0.726678240625 0.1240079359375 0.7461061515624999 0.12524801562500001 0.7502397484375 0.1207010578125 0.7531332671875 0.1240079359375 0.758093584375 0.1339285703125 0.7597470234375 0.14756944375 0.763880621875 0.1616236765625 0.772561178125 0.174851190625 0.78537533125 0.1855009921875 0.803125 0.19014800468749998 0.803125 0.19375 0.7674325 0.19375 0.75207634375 0.1839451046875 0.689475859375 0.1703042328125 0.66715443125 0.10540674531250001 0.5877893515625 0.0901124328125 0.5687748015625 0.08845899375 0.5596808859375 0.08019179843749999 0.54521329375
10 0.1451223546875 0.7636284734375 0.1269345234375 0.7574280765625 0.122387565625 0.7545345578125 0.1273478828125 0.7499876000000001 0.122387565625 0.743787203125 0.11660052812499999 0.7367600875 0.11040013125 0.7276661718749999 0.107093253125 0.7264260921875 0.091798940625 0.733453209375 0.0810515875 0.73965360625 0.0715443109375 0.7483341609374999 0.072784390625 0.753294478125 0.07939814687499999 0.76238839375 0.0835317453125 0.7685887906250001 0.085185184375 0.7743758281249999 0.08890542343749999 0.7743758281249999 0.0897321421875 0.7739624671875001 0.09097222187500001 0.7814029437500001 0.08559854375 0.79297701875 0.084358465625 0.80909805 0.084358465625 0.821085484375 0.09138558125 0.8384465953125 0.1079199734375 0.8686218593749999 0.15338955 0.9455067796875 0.17405753906250002 0.9827091609374999 0.1819217078125 0.9984375 0.201289690625 0.9984375 0.2067129625 0.9975901140625 0.222420634375 0.9893229171875 0.241435184375 0.97774884375 0.2583829359375 0.9665881296875 0.26665013125 0.9583209328125001 0.2703125 0.9516620812500001 0.2703125 0.9485100421875 0.25011574062499997 0.9132647171875 0.21208663906249997 0.8475405109375 0.19141865 0.8124049281250001 0.1769510578125 0.787603340625 0.1641369046875 0.7743758281249999 0.1451223546875 0.7636284734375
9 0.122596971875 1 0.1796875 0.913366121875 0.1796875 0.9126780546875001 0.11462053750000001 0.827843915625 0.0654307203125 0.7583994703125001 0.0125206671875 0.6802744703125001 0 0.667753803125 0 0.8726206921875 0.036082175 0.912582671875 0.10986560781250002 1 0.122596971875 1
9 0 1 0.109375 1 0.109375 0.99947598125 0 0.8703776218750001 0 1
6 0.388695625 1 0.3713190328125 0.9373718593749999 0.3593315984375 0.91877066875 0.32946936718750003 0.875 0.2841911328125 0.875 0.24813781562499998 0.875367890625 0.24813781562499998 0.87578125 0.24772445625 0.8774346906249999 0.24813781562499998 0.89024884375 0.2646722078125 0.9249710656250001 0.286166915625 0.978294478125 0.3001820703125 1 0.388695625 1
1 0.21869493750000002 0.875 0.2750557671875 0.875 0.3546875 0.8735587015625 0.3546875 0.866852684375 0.343501984375 0.8053323406249999 0.324280753125 0.6788442453125001 0.31312441562500004 0.615625 0.3130273984375 0.615625 0.234375 0.636681546875 0.17795138906250002 0.6521825390625 0.1773313484375 0.65342261875 0.18229166562500002 0.686284721875 0.201512896875 0.7774305546875 0.21869493750000002 0.875
6 0 0.6601155046875 0.00093419375 0.6614500671875 0.0038277125 0.6721974203125 0.0158151453125 0.6866650140624999 0.0430968921875 0.72593419375 0.0654183203125 0.760656415625 0.0784804890625 0.7671875 0.0798542515625 0.7671875 0.0707919984375 0.74866898125 0.0724454375 0.7441220234375 0.0811259921875 0.7404017859375001 0.0898065484375 0.7321345906250001 0.103125 0.7264843375 0.103125 0.725444771875 0.0931134265625 0.69741236875 0.067071759375 0.6540095906250001 0.0497106484375 0.632928240625 0.042270171875 0.6259011250000001 0.032762896875 0.6072999343750001 0.025322421875 0.5998594578125 0.010028109375 0.601512896875 0 0.6065269515625 0 0.6601155046875
0 0.41875 0.9357592203125 0.4400390625 0.934521484375 0.47421875 0.929150390625 0.50400390625 0.928662109375 0.52353515625 0.925244140625 0.58994140625 0.920361328125 0.6216796875 0.913525390625 0.659765625 0.910107421875 0.69541015625 0.903759765625 0.70078125 0.901318359375 0.70322265625 0.897900390625 0.7078125 0.8744921874999999 0.7078125 0.8506276203125 0.68857421875 0.684521484375 0.67783203125 0.610302734375 0.6724609375 0.561962890625 0.67197265625 0.522900390625 0.6685546875 0.506298828125 0.66171875 0.496044921875 0.65341796875 0.488232421875 0.6275390625 0.474072265625 0.59091796875 0.462841796875 0.554296875 0.458935546875 0.4888671875 0.459912109375 0.46591796875 0.462353515625 0.441015625 0.467236328125 0.41875 0.4741762625 0.41875 0.9357592203125
0 0.732956309375 1 0.722412109375 0.972509765625 0.717529296875 0.948095703125 0.708740234375 0.933935546875 0.694580078125 0.919775390625 0.684326171875 0.914892578125 0.661865234375 0.910498046875 0.637939453125 0.909033203125 0.612548828125 0.912939453125 0.585693359375 0.922216796875 0.568603515625 0.933935546875 0.534912109375 0.965185546875 0.520751953125 0.986181640625 0.51445078125 1 0.732956309375 1
12 1 0.4856553828125 0.989111328125 0.4759765625 0.966162109375 0.46376953125 0.932958984375 0.45498046875 0.92314453125 0.4546875 0.89716796875 0.4546875 0.865087890625 0.46181640625 0.838720703125 0.4779296875 0.825537109375 0.49404296875 0.808935546875 0.52822265625 0.806494140625 0.5365234375 0.805517578125 0.55458984375 0.780615234375 0.6 0.752783203125 0.6859375 0.736669921875 0.7240234375 0.728857421875 0.771875 0.702001953125 0.8958984375 0.702490234375 0.9154296875 0.707373046875 0.9291015625 0.717138671875 0.93984375 0.738623046875 0.953515625 0.754736328125 0.96181640625 0.803564453125 0.980859375 0.831396484375 0.988671875 0.8707975265624999 0.9953125 0.885791015625 0.9953125 0.890478515625 0.99501953125 0.904150390625 0.99013671875 0.917822265625 0.9779296875 0.925146484375 0.96572265625 0.968115234375 0.83046875 0.982275390625 0.79482421875 0.991552734375 0.73134765625 1 0.6918566890625 1 0.4856553828125
12 0.824267578125 1 0.823681640625 0.995166015625 0.816357421875 0.981494140625 0.786572265625 0.972216796875 0.759716796875 0.960986328125 0.753857421875 0.960498046875 0.741650390625 0.964892578125 0.734814453125 0.970751953125 0.728955078125 0.980029296875 0.728466796875 0.987841796875 0.732969834375 1 0.824267578125 1
12 0.7451171875 0.543017578125 0.7412109375 0.549365234375 0.73681640625 0.550830078125 0.72998046875 0.568896484375 0.7177734375 0.579150390625 0.70751953125 0.600146484375 0.69189453125 0.606982421875 0.6884765625 0.610400390625 0.67919921875 0.612353515625 0.69189453125 0.709521484375 0.706527709375 0.85 0.70830078125 0.85 0.71240234375 0.849658203125 0.716796875 0.831591796875 0.73486328125 0.742236328125 0.736328125 0.725634765625 0.744140625 0.709521484375 0.75537109375 0.678271484375 0.77490234375 0.621142578125 0.78125 0.597216796875 0.78955078125 0.577197265625 0.8 0.561088053125 0.8 0.5574986046875 0.7978515625 0.554736328125 0.7783203125 0.545458984375 0.77392578125 0.545458984375 0.7666015625 0.542041015625 0.7529296875 0.541064453125 0.7451171875 0.543017578125