14 0 0.2639056703125 0.0835361640625 0.3844711609375 0.22436424062500002 0.5765625 0.22612819375 0.5765625 0.234375 0.5670381734375 0.234375 0.563818034375 0 0.23543958437499998 0 0.2639056703125
14 0 0.186617575 0.0800819734375 0.3211474890625 0.18551617812500001 0.4890625 0.186269021875 0.4890625 0.1875 0.4693488390625 0.1875 0.464597390625 0 0.1579585046875 0 0.186617575
14 0 0.155538215625 0.1828125 0.4555557484375 0.1828125 0.44558955312500004 0.18135490625 0.4263803359375 0 0.12978976250000002 0 0.155538215625
14 0 0.11534015625 0.044722928125 0.18232581718750002 0.109375 0.28048128125 0.109375 0.28045491093749997 0.0613313125 0.19894960625 0.0042498 0.09996954375 0 0.09343396875 0 0.11534015625
14 0 0.09013062187500001 0.22465126406249997 0.46875 0.2248220484375 0.46875 0.2375 0.4572139125 0.2375 0.4566473859375 0.1289112296875 0.27687756406249997 0.0351408765625 0.12123045156250001 0 0.064118046875 0 0.09013062187500001
14 0.089273328125 0 0.12371415625 0.2697279828125 0.1483905125 0.3015625 0.1484375 0.3015625 0.1484375 0.29884794062500003 0.1063287359375 0 0.089273328125 0
14 0.1086778375 0 0.14827670625 0.30335283281250003 0.16875 0.3406591296875 0.16875 0.33289264375 0.1243650421875 0 0.1086778375 0
14 0.152357778125 0 0.17778611875 0.3533523390625 0.1984375 0.3885478859375 0.1984375 0.3878132640625 0.17834618124999999 0.1418521734375 0.1688257265625 0.06104632812500001 0.15775624375 0 0.152357778125 0
14 0.1579493546875 0 0.1600439578125 0.013199787499999999 0.225312825 0.41875 0.22784797499999998 0.41875 0.2390625 0.41097892187499996 0.2390625 0.4034273609375 0.1759757 0 0.1579493546875 0
14 0.17656476875 0 0.17884774375 0.014036950000000001 0.3756577484375 0.4515625 0.3788810484375 0.4515625 0.3890625 0.4484972359375 0.3890625 0.44526098125 0.18997952812500002 0 0.17656476875 0
10 0.1914085015625 0 0.2087860734375 0.0362367609375 0.2202074375 0.062956915625 0.2319217015625 0.0902177125 0.24305023593750003 0.11220222656250001 0.259398778125 0.146303878125 0.272487496875 0.1698854046875 0.2995642515625 0.2375 0.302637034375 0.2375 0.31515282031249997 0.2321853359375 0.333048003125 0.2262147578125 0.342225 0.211517996875 0.339013065625 0.1949841484375 0.3358010609375 0.18074662187499999 0.3283327078125 0.1707587796875 0.3408484359375 0.157323625 0.3546139296875 0.1371155703125 0.37847410312499996 0.10955911874999999 0.38260379375000003 0.0884324921875 0.36585373125 0.07381268125 0.3743444828125 0.0630295078125 0.38260379375000003 0.0524661859375 0.3998843453125 0.038003803125 0.4265625 0.0152081734375 0.4265625 0 0.1914085015625 0
12 0.8322243031250001 0.1312952625 0.8216713468750001 0.13053959531249998 0.7933893890625 0.1325547078125 0.7611355812499999 0.1401113828125 0.7411571703125001 0.14237838593750002 0.7155460390625 0.154469065625 0.6981712828125 0.1615219609375 0.67555643125 0.1743683109375 0.663374590625 0.18419198750000002 0.652929584375 0.1947713328125 0.6476543046875001 0.20157234062499998 0.6402143765625 0.21265546406250002 0.6364064515625 0.2207159171875 0.636341678125 0.2297839265625 0.638057721875 0.238348159375 0.6405286296874999 0.26857485937500003 0.64239980625 0.279909871875 0.649527865625 0.3066101234375 0.6540402765625 0.33608115625 0.6587989796875 0.3584992921875 0.6617592734375 0.381924984375 0.6723674046875 0.395527 0.6764616015625 0.40812145937500005 0.679799328125 0.442378384375 0.6867634609375 0.4665597453125 0.6884323234374999 0.4836882078125 0.6990948265625001 0.5317990390625 0.699225965625 0.549683171875 0.7032178078125 0.5579955140624999 0.701814425 0.569330525 0.7059845875 0.5869627687500001 0.708517871875 0.5937637765625 0.7141353984375 0.598801559375 0.7208748328125 0.600564784375 0.7421981390625 0.603125 0.7475388468749999 0.603125 0.7696973515625001 0.6018242296875 0.8068745953124999 0.5975421140625 0.8248642765625 0.59451944375 0.8344448640625 0.594267553125 0.86282941875 0.5893143750000001 0.8765625 0.19605040468749999 0.8765625 0.175544146875 0.8705250453125 0.1597587390625 0.8653177390625 0.15018694999999999 0.8621663265624999 0.1466605 0.8545864625 0.1401113828125 0.8436880562500001 0.1348217109375 0.8322243031250001 0.1312952625
13 0.7924594421875 0.30501023437499997 0.6285880984375 0.3 0.6276324109375 0.3 0.617692975 0.30501023437499997 0.65255750625 0.484375 0.6601369874999999 0.484375 0.8296875 0.46759440156250004 0.8296875 0.46253412968749996 0.7924594421875 0.30501023437499997
13 0.459375 0.1942953734375 0.49315541406249996 0.17198716875 0.5124165406250001 0.1614078234375 0.5246919390625 0.1561181515625 0.5309012078124999 0.15863704218750002 0.5349226375 0.1588889328125 0.5455051828124999 0.151584146875 0.5538383171875 0.14377558125 0.559375 0.1177009796875 0.559375 0.099686009375 0.5501759328125 0.0971760859375 0.54203071875 0.0923901921875 0.5380268796875 0.0916345234375 0.5312082796875 0.092138303125 0.51495543125 0.09591664062500001 0.49919196875000005 0.09289397031249999 0.48759626875000006 0.093145859375 0.4640186453125 0.0830702921875 0.459375 0.081522184375 0.459375 0.1942953734375
13 0.62584945625 0.2953125 0.6427447671875 0.2953125 0.635061065625 0.23068325 0.639498221875 0.21179156250000003 0.65548760625 0.18660264531249998 0.6984375 0.16184078125 0.6984375 0.1594728484375 0.6876422984375 0.131187028125 0.6484755640625 0.0671875 0.6480545578125 0.0671875 0.5318571953125 0.1639326203125 0.542208325 0.18534319999999999 0.5568619874999999 0.2344615875 0.591618028125 0.284839421875 0.610857084375 0.27476385468750003 0.62584945625 0.2953125
13 0.459375 0.4026216640625 0.49992498281250003 0.4597056046875 0.512121784375 0.4859375 0.514335128125 0.4859375 0.6296875 0.3744518703125 0.6296875 0.37185923593750003 0.624805384375 0.3450960328125 0.5929194843750001 0.2846426328125 0.55716818125 0.2267081234375 0.525634128125 0.15617915625 0.4898062515625 0.1725519515625 0.459375 0.1943553828125 0.459375 0.4026216640625
13 0.5883195515625 0.609375 0.66875 0.4842147703125 0.66875 0.48242991875 0.6510287796875 0.48478235312500007 0.6295842 0.37772945625 0.5124346078124999 0.48730124375 0.4741210296875 0.43062618124999996 0.459375 0.446794553125 0.459375 0.49534604375 0.5859500843750001 0.609375 0.5883195515625 0.609375
6 0.459375 0.609375 0.28393882656249997 0.609375 0.24365530937500002 0.63801691875 0.23706937187500002 0.6447707625 0.2370179328125 0.6517980031249999 0.2429940859375 0.67467269375 0.25453641562499996 0.698356446875 0.27034339531249996 0.7103493249999999 0.2785748 0.7140625 0.3151617640625 0.7140625 0.3639106140625 0.7075803796875 0.40983175625 0.7044696953125 0.42654966562499996 0.69936894375 0.459375 0.693649209375 0.459375 0.609375
6 0.459375 0.6921654562499999 0.3284082546875 0.7096674765625 0.2954085109375 0.7188501015625001 0.2881621171875 0.723117946875 0.2802679375 0.7329284265625 0.2763625953125 0.7345703953125 0.26986015 0.7347976953125 0.2606323890625 0.73160754375 0.23981681250000003 0.7353460828125 0.234699384375 0.741546775 0.23065911093749997 0.7567425265625001 0.2294917484375 0.7698305828125 0.2309021046875 0.7918612421875 0.23679476406250002 0.8212624765625 0.24354692031249997 0.8405973203125001 0.249221925 0.85093710625 0.2546084484375 0.8567706203125001 0.257532475 0.8578125 0.26808359375 0.8578125 0.27668082968749996 0.8570026859375 0.29210988437499996 0.8474306328125 0.298612328125 0.8472033312499999 0.30406295625 0.854038240625 0.3172601671875 0.8565878171874999 0.3537738953125 0.8553114328125 0.4282571953125 0.8441768812499999 0.4591726921875 0.8415907375 0.459375 0.8415358375 0.459375 0.6921654562499999
6 0.459375 0.8384735703124999 0.3605554359375 0.8534525484375 0.3160387 0.8550086875 0.3057785125 0.8513528062500001 0.298596225 0.8566220453125 0.29036884218750003 0.8533969234375001 0.28283396875 0.8531584984375 0.26661624375000004 0.8582417640625 0.2659043484375 0.8627830046875001 0.2613191625 0.8694669109375 0.25926025625000004 0.892120659375 0.25212864062499996 0.9295044328125 0.2539624078125 0.94248758125 0.2620228078125 0.9587657890625 0.27761807968749996 0.9752824234374999 0.288506671875 0.9809236078125 0.3063658421875 0.98581930625 0.3483495859375 0.9838498937499999 0.43245279999999997 0.9890625 0.459375 0.9890625 0.459375 0.8384735703124999
7 0.7600446421875 0.84911954375 0.7488839281249999 0.8255580359374999 0.7464037703124999 0.7883556546875 0.7439236109375 0.7499131953125 0.7563244046875 0.7251116062499999 0.7352430562500001 0.7325520828125 0.720362103125 0.748673115625 0.716641865625 0.7722346234375 0.6781994046875 0.7499131953125 0.6930803578125 0.7685143859375 0.676959325 0.7672743046875 0.6434771828125 0.7387524796875 0.6484375 0.7685143859375 0.633556546875 0.7759548625 0.6273561515624999 0.75363343125 0.6025545640625001 0.777194940625 0.613715278125 0.798276290625 0.6211557546875 0.8329985109375 0.605034721875 0.8416790671874999 0.6037946421875 0.8714409734374999 0.6149553578125 0.896242559375 0.6261160718750001 0.9433655765625 0.63231646875 0.93468501875 0.667038690625 0.9570064484374999 0.6939716609375 0.965625 0.6993427578125 0.965625 0.7005208328125001 0.9644469250000001 0.7402033734375 0.9644469250000001 0.7828125 0.9443259484375 0.7828125 0.9420944953125 0.7749255953125 0.9371651796875 0.7513640875 0.9408854156249999 0.76748511875 0.9098834328125001 0.7786458328125001 0.8528397828125 0.76748511875 0.8391989078125001 0.7600446421875 0.84911954375