9 0.1364923546875 0 0.139627015625 0.0090639 0.14393375625 0.0128061921875 0.1493705296875 0.025409115625 0.1784575515625 0.0882858546875 0.21115051718750003 0.1633813421875 0.48240765156250004 0 0.1364923546875 0
9 0.42181096093750003 0 0.3492766359375 0.0355020640625 0.1592912140625 0.1242499421875 0.185912803125 0.18367237187500002 0.2613929828125 0.3534788484375 0.4551999515625 0.2762372140625 0.5 0.2552513328125 0.5 0 0.42181096093750003 0
9 0.4543275828125 0.29921725 0.39514533281249997 0.2823784875 0.3353359625 0.2657231859375 0.2940419546875 0.27544728281249997 0.2294700609375 0.2831659796875 0.18100126562500002 0.298826190625 0.173588303125 0.32129588125 0.1637622109375 0.3499478921875 0.16169557968749998 0.370079421875 0.148347165625 0.370412759375 0.14251690781249998 0.3636381640625 0.141680278125 0.362633071875 0.1416025203125 0.36231193125 0.135678690625 0.374239296875 0.137511109375 0.3764293796875 0.1513327859375 0.3896488984375 0.1513327859375 0.396582028125 0.1584822125 0.4047768546875 0.151824659375 0.4559759234375 0.15407120937500002 0.5416327437499999 0.1565814015625 0.55 0.5 0.55 0.5 0.3083772953125 0.4543275828125 0.29921725
12 0.745558746875 0.186158340625 0.731487453125 0.18772181875 0.72523354375 0.21430092968749997 0.7049083406250001 0.21430092968749997 0.6642579343749999 0.2502609046875 0.6580040265625 0.279966971875 0.632988390625 0.29716522031250003 0.6048458015625 0.3628312625 0.56263191875 0.42693382656249995 0.542306715625 0.4503859828125 0.5485606234375 0.4769650953125 0.5501241015625 0.4769650953125 0.5554845937499999 0.4769650953125 0.597028415625 0.505107684375 0.6392423 0.5191789796874999 0.6658214124999999 0.516052025 0.700217909375 0.45820336875 0.7439952703125 0.3628312625 0.740868315625 0.3456330125 0.7174161578125 0.356577353125 0.71585268125 0.3268712875 0.7267970218750001 0.3237443328125 0.7236700671875 0.2549513375 0.7502491796874999 0.23775308750000002 0.7596300421875 0.212737453125 0.745558746875 0.186158340625
16 0.5688858265625 0.1595792296875 0.5688858265625 0.1642696609375 0.6001553703125 0.20648354375000003 0.6142266656250001 0.2158644078125 0.6939640015624999 0.1830313875 0.7596300421875 0.1439444578125 0.8487482406250001 0.100167096875 0.83311346875 0.0470088734375 0.81435174375 0.00792194375 0.762756996875 0.0313741015625 0.700217909375 0.068897553125 0.6720753203125 0.078278415625 0.6048458015625 0.1189288234375 0.5688858265625 0.1595792296875
1 0.582957121875 0.5457580906249999 0.5845205984375 0.5176155015624999 0.6110997109375 0.5457580906249999 0.603282325 0.5066711609375 0.5892110296874999 0.49885377656249996 0.546997146875 0.473838140625 0.5391797609375 0.4503859828125 0.5610684406249999 0.42693382656249995 0.578266690625 0.3987912359375 0.603282325 0.3628312625 0.623607528125 0.3237443328125 0.6517501171875 0.2877843578125 0.6626944578125 0.25338785937499997 0.5860840765625001 0.2768400171875 0.5 0.29290904375000004 0.5 0.55 0.58366410625 0.55 0.582957121875 0.5457580906249999
1 0.904115896875 0 0.85500215 0.0470088734375 0.8565656265625 0.064207121875 1 0.21984867656249998 1 0 0.904115896875 0
11 0.9628820749999999 0.473838140625 0.9691359828125 0.433187734375 0.9394299171875 0.40660862187499996 0.9144142828125 0.40973557656250004 0.8940890796875 0.37690255625 0.8628195359375 0.4206799171875 0.8409308546875 0.46914770937499994 0.8315499921875 0.4175529625 0.8159152203125 0.3956642828125 0.81435174375 0.3784660328125 0.8174786968750001 0.3440695359375 0.767447428125 0.3628312625 0.7393048390625 0.4050451453125 0.7221065906249999 0.473838140625 0.7095987734375 0.5191789796874999 0.6989708359375 0.55 0.9310837718749999 0.55 0.9378664406249999 0.531686796875 0.9628820749999999 0.473838140625
11 1 0.282041340625 0.9894611859375001 0.2705861078125 0.9644455515624999 0.2565148140625 0.9300490546875 0.22680874687500002 0.92223166875 0.186158340625 0.884708215625 0.150198365625 0.8096613125 0.1189288234375 0.7549396109375001 0.15332532031249999 0.8018439265625 0.1486348890625 0.853438671875 0.17052356875000002 0.889398646875 0.20335659062500003 0.9191047140625 0.258078290625 0.9488107796874999 0.28153044843749997 0.9269221 0.31436346875 0.9363029624999999 0.36752169375 0.901906465625 0.372212125 0.9065968968749999 0.3690851703125 0.8581291046875 0.351886921875 0.8221691296875001 0.334688671875 0.81435174375 0.3628312625 0.8174786968750001 0.3941008046875 0.8315499921875 0.4175529625 0.8409308546875 0.46914770937499994 0.88627169375 0.3909738515625 0.9175412359375 0.41129905468750005 0.9488107796874999 0.4175529625 0.973826415625 0.4363146890625 0.9628820749999999 0.48165552656250005 0.9463452968749999 0.52074245625 0.9488107796874999 0.52074245625 0.9456838265625 0.526996365625 0.9910246640624999 0.5488850453125 1 0.5452949109375 1 0.282041340625
1 0.54543366875 0.21117397656249998 0.556378009375 0.2721495859375 0.5595049640624999 0.27840349375 0.6157901421875 0.2643322 0.6611309796875 0.2518243828125 0.675202275 0.24244351874999998 0.7017813875 0.21430092968749997 0.7267970218750001 0.212737453125 0.7330509296875001 0.186158340625 0.7205431124999999 0.17052356875000002 0.6173536187499999 0.2205548390625 0.5688858265625 0.1595792296875 0.54543366875 0.21117397656249998
11 0.5751397359375 0.1548887984375 0.6001553703125 0.1204923 0.5923379843750001 0.08922275625000001 0.5532510546875 0.0704610296875 0.515727603125 0.08765927968750001 0.5 0.08815856875 0.5 0.193577859375 0.551687578125 0.20335659062500003 0.5751397359375 0.1548887984375
11 0.5 1 0.5 0.7005485515625 0.49580853124999996 0.6968501984375 0.4873759921875 0.682465278125 0.477207340625 0.673040675 0.45662202343749997 0.6648561515625 0.4365327375 0.6603918656250001 0.4223958328125 0.6546875 0.41941964218749994 0.654935515625 0.39908234062500003 0.6633680562500001 0.392137896875 0.6693204359375 0.3718005953125 0.6757688484375 0.3638640875 0.679737103125 0.3499751984375 0.6846974203125 0.34228670625 0.6896577374999999 0.33559027812500003 0.6966021828125 0.33211805625 0.70205853125 0.3281498015625 0.71768353125 0.326909721875 0.7313244046875 0.316741071875 0.786383928125 0.3117807546875 0.804241071875 0.30731646874999996 0.829290675 0.3023561515625 0.8441716265625001 0.30037202343749997 0.8597966265625001 0.28350694375 0.9084077374999999 0.27929067500000004 0.92725694375 0.26912202343749997 0.9617311515625 0.2658978171875 0.9882688484375001 0.265102484375 1 0.5 1
6 0.2624859296875 1 0.2658978171875 0.9813244046875 0.26763392812500003 0.9594990078125001 0.27160218281250004 0.9309771828125 0.279042659375 0.891542659375 0.29020337343749997 0.844667659375 0.2936755953125 0.8248263890624999 0.2996279765625 0.7367807546875 0.3013640875 0.682465278125 0.3006200390625 0.647991071875 0.2986359125 0.6400545640625 0.29491567500000004 0.6353422625 0.28623511874999996 0.6197172625 0.27929067500000004 0.6122767859375 0.2557291671875 0.5931795640625 0.23638392812500003 0.586483134375 0.2088541671875 0.586483134375 0.199181546875 0.5879712296874999 0.19074900781249998 0.5931795640625 0.176612103125 0.6055803578125001 0.166939484375 0.6120287703125 0.1431299609375 0.6311259921875 0.1401537703125 0.6341021828125 0.1349454359375 0.6430307546875 0.12948908750000002 0.7070188484375 0.12899305625 0.7367807546875 0.1250248015625 0.747693453125 0.1252728171875 0.7595982140624999 0.12279265937499999 0.76083829375 0.1215525796875 0.7650545640625 0.1215525796875 0.7871279765625 0.1193204359375 0.792832340625 0.11857638906250001 0.798040675 0.117832340625 0.8481398812500001 0.1153521828125 0.880133928125 0.11584821406250001 0.91436011875 0.1128720234375 0.9503224203125 0.11237599218750001 0.9753720234375001 0.11312003906250001 0.9914930562500001 0.11163194375 0.9929811515625 0.11113591249999999 0.9999255953124999 0.111165675 1 0.2624859296875 1
4 0 0.7746906359375 0.0038594046875000004 0.7790578578125 0.011547896875 0.783770159375 0.01874035625 0.790218571875 0.033621309375000005 0.8132840484375 0.0375895625 0.81750031875 0.04354194375 0.8212205562499999 0.0482542453125 0.827420953125 0.048750278125000004 0.8308931749999999 0.0450300390625 0.8370935718749999 0.0403177375 0.8418058734375 0.0375895625 0.8475102390625 0.0380855953125 0.8499903968750001 0.0457740875 0.8532146046875001 0.058670912500000005 0.8522225406249999 0.0663594046875 0.8522225406249999 0.070823690625 0.8532146046875001 0.0822324203125 0.8604070640625 0.0879367859375 0.8666074609375001 0.08942488125 0.871567778125 0.09041694375 0.8725598421875 0.092897103125 0.8725598421875 0.09884948437499999 0.8713197625 0.10430583281250001 0.8666074609375001 0.11199432499999999 0.8623911906249999 0.1157145625 0.8569348421875 0.11918678593750001 0.8294050796875 0.12067488125 0.796915 0.12836337343749998 0.7904665875 0.1293554359375 0.78674635 0.1291074203125 0.7691372234375 0.131091546875 0.7564884140625 0.13158757968749998 0.7053971437500001 0.1303475 0.6788594453125001 0.1320836109375 0.6634824609375001 0.131091546875 0.6419050796875 0.1382840078125 0.6354566671875 0.146716546875 0.6302483343749999 0.15564511875 0.6225598421874999 0.16854194375 0.6136312703125 0.1953276578125 0.59056579375 0.19979194375 0.5878376203125 0.2072324203125 0.5853574609375001 0.23029789687500002 0.5863495249999999 0.24294670625 0.5890776984375 0.2546034515625 0.5955261125 0.280397103125 0.615615396875 0.2890776578125 0.6171034921875 0.29627011875 0.6128872234375 0.298750278125 0.609166984375 0.29999035625000003 0.6034626203125 0.29676615 0.59875031875 0.28634948437499996 0.59056579375 0.2915578171875 0.5865975406249999 0.3009824203125 0.5764288890625 0.3069348015625 0.5722126203125 0.31189511875 0.5632840484375 0.30966297656249997 0.5603078578125 0.30817488125 0.5516273015625 0.30519149375 0.55 0.2704489390625 0.55 0.2670042453125 0.5508832546875 0.2590677375 0.5503872234375 0.2584359515625 0.55 0 0.55 0 0.7746906359375
9 0.10132358906250001 1 0.1027033734375 0.992733134375 0.10890377031250001 0.97041170625 0.11436011875 0.8806299609374999 0.11460813437499999 0.8637648812500001 0.11386408750000002 0.8615327374999999 0.1101438484375 0.860788690625 0.09699900781250001 0.87021329375 0.0935267859375 0.870461309375 0.08683035781250001 0.8625248015625001 0.080133928125 0.85731646875 0.07219742031250001 0.854836309375 0.061284721875 0.854340278125 0.059796626562499997 0.8565724203125 0.057068453124999995 0.8679811515625 0.05731646875 0.8850942453125 0.0555803578125 0.886582340625 0.0540922625 0.886582340625 0.0501240078125 0.8783978171875001 0.0473958328125 0.875917659375 0.0330109125 0.876165675 0.03251488125 0.872693453125 0.034499007812499996 0.8689732140625 0.0347470234375 0.8625248015625001 0.033258928125 0.8612847218749999 0.0302827375 0.86103670625 0.029538690625000003 0.8578125 0.027802579687500002 0.8565724203125 0.013665674999999999 0.8558283734375 0.0087053578125 0.85731646875 0.0027529765625 0.8664930562500001 0.0012648812500000001 0.8776537703124999 0 0.87860243125 0 1 0.10132358906250001 1
4 0.26143353125 0.560689484375 0.26366567500000004 0.5619295640625 0.277306546875 0.5646577374999999 0.2840029765625 0.5673859125 0.28970734062500003 0.5725942453124999 0.2909474203125 0.57705853125 0.291443453125 0.5852430562500001 0.29913194375 0.5837549609375 0.30285218281250004 0.576314484375 0.3097966265625 0.5718501984375 0.3122767859375 0.5716021828125 0.313516865625 0.57333829375 0.3125248015625 0.57978670625 0.31302083281250004 0.589459325 0.31103670625 0.5978918656250001 0.3234375 0.6088045640625 0.3271577375 0.6159970234375 0.3336061515625 0.6187251984375 0.3427827375 0.61748511875 0.354439484375 0.610292659375 0.36336805625 0.610540675 0.371056546875 0.60731646875 0.3787450390625 0.6006200390624999 0.39188988125 0.5944196421875 0.3973462296875 0.5899553578125001 0.40106646875 0.588715278125 0.4067708328125 0.5844990078125 0.41173115156250006 0.5822668656250001 0.4152033734375 0.5822668656250001 0.4181795640625 0.5837549609375 0.430084325 0.594915675 0.4375248015625 0.5944196421875 0.4402529765625 0.592435515625 0.43975694374999996 0.589459325 0.4310763890625 0.576314484375 0.4315724203125 0.563417659375 0.4338045640625 0.5557291671875 0.4338045640625 0.5505208328125 0.43328373124999997 0.55 0.2535036375 0.55 0.25845734062500003 0.557961309375 0.26143353125 0.560689484375
3 1 0.55 0.9160766593749999 0.55 0.903515625 0.5541015625 0.85126953125 0.5609375 0.85126953125 0.57216796875 0.848828125 0.5775390625 0.84296875 0.5814453125 0.84345703125 0.5833984375 0.8478515625 0.5873046875 0.8986328125 0.61416015625 0.95576171875 0.63466796875 0.9865234375 0.65419921875 1 0.6737619703125 1 0.55
12 1 0.77982421875 0.99921875 0.77138671875 0.99580078125 0.7611328125 0.9904296875 0.754296875 0.97626953125 0.74599609375 0.9728515625 0.74208984375 0.9748046875 0.6947265625 0.9728515625 0.68984375 0.96015625 0.68349609375 0.93427734375 0.6810546875 0.919140625 0.683984375 0.91572265625 0.687890625 0.91572265625 0.6966796875 0.9123046875 0.70693359375 0.9103515625 0.7357421875 0.88935546875 0.74208984375 0.8810546875 0.75380859375 0.8703125 0.8001953125 0.85810546875 0.8783203125 0.843205915625 1 1 1 1 0.77982421875
3 0.8446882421874999 1 0.852734375 0.9447265625 0.8595703125 0.87783203125 0.87470703125 0.78212890625 0.87763671875 0.7435546875 0.8712890625 0.7337890625 0.8751953125 0.72890625 0.8908203125 0.7279296875 0.90107421875 0.72451171875 0.90400390625 0.71962890625 0.9044921875 0.7103515625 0.90009765625 0.6830078125 0.89130859375 0.672265625 0.868359375 0.65908203125 0.84296875 0.652734375 0.8302734375 0.6517578125 0.81025390625 0.6556640625 0.80634765625 0.6615234375 0.80537109375 0.6732421875 0.80341796875 0.67568359375 0.79462890625 0.67958984375 0.77412109375 0.6830078125 0.76728515625 0.6869140625 0.76533203125 0.69521484375 0.7580078125 0.69521484375 0.7560546875 0.69716796875 0.7541015625 0.73232421875 0.7482421875 0.762109375 0.7189453125 0.85146484375 0.7091796875 0.89931640625 0.70380859375 0.95400390625 0.7031467796875 1 0.8446882421874999 1
3 0.7069941296875 1 0.70771484375 0.93837890625 0.71162109375 0.9037109375 0.7111328125 0.88564453125 0.69794921875 0.88759765625 0.68427734375 0.89345703125 0.65302734375 0.894921875 0.64912109375 0.89248046875 0.6486328125 0.887109375 0.63154296875 0.88662109375 0.5666015625 0.86953125 0.563671875 0.8734375 0.544140625 0.9515625 0.53828125 0.96474609375 0.5301457328125 1 0.7069941296875 1
3 0.62568359375 0.5599609375 0.6203125 0.58388671875 0.60859375 0.5990234375 0.59833984375 0.61904296875 0.591015625 0.62880859375 0.5607421875 0.63515625 0.55439453125 0.64443359375 0.54755859375 0.64736328125 0.5041015625 0.65322265625 0.5 0.6580078125 0.5 0.7318803265625 0.50166015625 0.74697265625 0.5197265625 0.85 0.528515625 0.85341796875 0.5412109375 0.86611328125 0.56171875 0.8685546875 0.58271484375 0.87685546875 0.6349609375 0.89052734375 0.64423828125 0.89052734375 0.65986328125 0.88564453125 0.6740234375 0.879296875 0.67744140625 0.8734375 0.684765625 0.83095703125 0.69990234375 0.67080078125 0.6994140625 0.62099609375 0.69111328125 0.55947265625 0.6876953125 0.5580078125 0.676953125 0.56142578125 0.6735926015625 0.55 0.634521484375 0.55 0.6291015625 0.55361328125 0.62568359375 0.5599609375
3 0.51728515625 0.63125 0.5216796875 0.63271484375 0.55634765625 0.63271484375 0.58857421875 0.6322265625 0.59296875 0.63076171875 0.61884765625 0.58876953125 0.661328125 0.56875 0.6857421875 0.5609375 0.69111328125 0.56240234375 0.69892578125 0.6205078125 0.70283203125 0.62685546875 0.80390625 0.62490234375 0.809765625 0.62294921875 0.809765625 0.60439453125 0.81220703125 0.6 0.81220703125 0.57607421875 0.8087890625 0.56826171875 0.80048828125 0.56728515625 0.77607421875 0.57021484375 0.7658203125 0.55947265625 0.75703125 0.55458984375 0.7482421875 0.5541015625 0.74384765625 0.55166015625 0.742637125 0.55 0.5 0.55 0.5 0.6096435546875 0.51728515625 0.63125
3 0.68623046875 0.89443359375 0.70966796875 0.88564453125 0.721875 0.83828125 0.74677734375 0.76455078125 0.7521484375 0.73818359375 0.755078125 0.6966796875 0.75849609375 0.69521484375 0.766796875 0.6966796875 0.76923828125 0.69375 0.77607421875 0.69912109375 0.79951171875 0.703515625 0.81611328125 0.71083984375 0.81953125 0.71083984375 0.8205078125 0.707421875 0.81318359375 0.6771484375 0.81171875 0.67470703125 0.8078125 0.67373046875 0.80732421875 0.652734375 0.79853515625 0.625390625 0.76728515625 0.625390625 0.74580078125 0.62783203125 0.72919921875 0.6263671875 0.7013671875 0.62001953125 0.69990234375 0.62392578125 0.700390625 0.66494140625 0.69697265625 0.70986328125 0.680859375 0.85927734375 0.676953125 0.87392578125 0.6740234375 0.8783203125 0.657421875 0.8841796875 0.64912109375 0.891015625 0.6505859375 0.894921875 0.65400390625 0.89638671875 0.68623046875 0.89443359375
3 0.81123046875 0.69716796875 0.817578125 0.709375 0.837109375 0.7201171875 0.852734375 0.72353515625 0.87080078125 0.71181640625 0.8908203125 0.7064453125 0.90107421875 0.707421875 0.90546875 0.6986328125 0.90986328125 0.69521484375 0.9162109375 0.69375 0.9171875 0.687890625 0.91962890625 0.68544921875 0.938671875 0.68251953125 0.95478515625 0.68251953125 0.95576171875 0.67568359375 0.9611328125 0.67373046875 0.9611328125 0.6693359375 0.9455078125 0.63173828125 0.942578125 0.6283203125 0.9005859375 0.613671875 0.84736328125 0.58486328125 0.84541015625 0.5814453125 0.8517578125 0.57412109375 0.85126953125 0.5599609375 0.848828125 0.558984375 0.81171875 0.56484375 0.80732421875 0.56728515625 0.80830078125 0.62197265625 0.8009765625 0.6244140625 0.8 0.62783203125 0.8068359375 0.6556640625 0.805859375 0.6732421875 0.80927734375 0.67666015625 0.8078125 0.6810546875 0.8087890625 0.687890625 0.81123046875 0.69716796875