2 0.2671875 0.4390625 0.2609375 0.3578125 0.2359375 0.3046875 0.2244791671875 0.29739583281250004 0.21510416718749997 0.29739583281250004 0.1848958328125 0.2994791671875 0.1473958328125 0.3088541671875 0.0546875 0.3494791671875 0.0411458328125 0.3578125 0.0317708328125 0.3703125 0.0380208328125 0.4359375 0.052604167187499995 0.47864583281249995 0.0635416671875 0.5 0.2504704296875 0.5 0.2536458328125 0.4953125 0.2671875 0.4390625
2 0.4734375 0.44947916718750003 0.4546875 0.42864583281249996 0.41614583281249995 0.4036458328125 0.37552083281250004 0.4140625 0.3609375 0.4140625 0.3192708328125 0.40260416718750003 0.3078125 0.4057291671875 0.2994791671875 0.3963541671875 0.2942708328125 0.40052083281249995 0.2734375 0.47239583281249997 0.27454166562500004 0.5 0.44114583281249997 0.5 0.47239583281249997 0.4609375 0.4734375 0.44947916718750003
2 0.4380208328125 0.3973958328125 0.4401041671875 0.3869791671875 0.45989583281249996 0.35989583281250004 0.4692708328125 0.3234375 0.47552083281249996 0.3171875 0.46302083281249995 0.2598958328125 0.4401041671875 0.2286458328125 0.4088541671875 0.20572916718749998 0.3796875 0.1953125 0.34322916718749996 0.1921875 0.3036458328125 0.20052083281250002 0.2588541671875 0.2348958328125 0.24114583281250002 0.2713541671875 0.2390625 0.2994791671875 0.2421875 0.3088541671875 0.2692708328125 0.3609375 0.2994791671875 0.3921875 0.3661458328125 0.4109375 0.3890625 0.4109375 0.43072916718750004 0.4015625 0.4380208328125 0.3973958328125
2 0.46510416718750003 0.26614583281250004 0.47447916718750005 0.3078125 0.46302083281249995 0.34427083281250004 0.46302083281249995 0.3484375 0.4671875 0.3484375 0.4890625 0.3411458328125 0.5203125 0.3057291671875 0.5307291671875001 0.2848958328125 0.5390625 0.2515625 0.5255208328125 0.23177083281250002 0.5265625 0.21510416718749997 0.5192708328125 0.1994791671875 0.4984375 0.1651041671875 0.4640625 0.1359375 0.44739583281249995 0.1265625 0.43177083281249995 0.12552083281249998 0.4213541671875 0.1296875 0.3932291671875 0.1609375 0.3515625 0.1796875 0.3494791671875 0.1765625 0.3369791671875 0.1786458328125 0.3317708328125 0.1932291671875 0.3682291671875 0.1953125 0.3890625 0.2015625 0.41614583281249995 0.21510416718749997 0.4536458328125 0.24635416718749997 0.46510416718750003 0.26614583281250004
2 0.3307291671875 0.1953125 0.3348958328125 0.1817708328125 0.3421875 0.1755208328125 0.3651041671875 0.17239583281249998 0.3963541671875 0.1598958328125 0.4390625 0.1203125 0.4213541671875 0.10052083281249999 0.3630208328125 0.0703125 0.3296875 0.05989583281250001 0.29739583281250004 0.058854167187499994 0.2692708328125 0.0661458328125 0.25052083281250004 0.0765625 0.2338541671875 0.09427083281250001 0.22239583281250003 0.11822916718750001 0.22135416718749998 0.1473958328125 0.22760416718749998 0.17239583281249998 0.2421875 0.1984375 0.26614583281250004 0.2244791671875 0.2786458328125 0.22135416718749998 0.3140625 0.1984375 0.3307291671875 0.1953125
2 0.1515625 0.3088541671875 0.1734375 0.3046875 0.2192708328125 0.3057291671875 0.23072916718749997 0.3015625 0.22552083281250002 0.2765625 0.1807291671875 0.2130208328125 0.15572916718750002 0.20052083281250002 0.14114583281249998 0.1984375 0.1223958328125 0.18697916718750002 0.0953125 0.1859375 0.0744791671875 0.1911458328125 0.0411458328125 0.20677083281250003 0.0203125 0.2265625 0.0098958328125 0.2494791671875 0.0078125 0.2786458328125 0.0182291671875 0.3109375 0.0203125 0.3494791671875 0.0223958328125 0.3567708328125 0.0317708328125 0.3651041671875 0.0578125 0.3494791671875 0.1515625 0.3088541671875
2 0 0.2380859375 0.0109375 0.2359375 0.0380208328125 0.20989583281250002 0.0609375 0.1984375 0.06510416718749999 0.1942708328125 0.07552083281250001 0.1505208328125 0.0671875 0.10364583281249999 0.0421875 0.05989583281250001 0.0171875 0.0390625 0 0.0333333328125 0 0.2380859375
2 0.1203125 0.1890625 0.1453125 0.1994791671875 0.17239583281249998 0.1744791671875 0.1953125 0.1359375 0.1932291671875 0.07552083281250001 0.1828125 0.0515625 0.1619791671875 0.0276041671875 0.14114583281249998 0.0171875 0.1046875 0.013020832812499999 0.0661458328125 0.0234375 0.0390625 0.0401041671875 0.0338541671875 0.0473958328125 0.0348958328125 0.06302083281250001 0.0473958328125 0.07760416718749999 0.0692708328125 0.11927083281249999 0.0723958328125 0.1515625 0.06510416718749999 0.1703125 0.06302083281250001 0.1953125 0.0901041671875 0.1890625 0.1203125 0.1890625
2 0.2234375 0.10260416718750001 0.2713541671875 0.0682291671875 0.2713541671875 0.0640625 0.26614583281250004 0.0578125 0.2453125 0.0515625 0.2109375 0.0286458328125 0.2046875 0.0286458328125 0.18697916718750002 0.0348958328125 0.1755208328125 0.0463541671875 0.1911458328125 0.0848958328125 0.1890625 0.0973958328125 0.1963541671875 0.11614583281249999 0.1848958328125 0.1276041671875 0.1703125 0.17135416718750002 0.2182291671875 0.1776041671875 0.22760416718749998 0.1734375 0.2203125 0.12552083281249998 0.2234375 0.10260416718750001
2 0.25824652812500004 0 0.2588541671875 0.0005208328124999999 0.21510416718749997 0.0286458328125 0.22552083281250002 0.0380208328125 0.2630208328125 0.0536458328125 0.28177083281250004 0.0557291671875 0.3067708328125 0.0484375 0.3213541671875 0.0234375 0.3296875 0.0244791671875 0.3307291671875 0.0026041671875 0.3316936734375 0 0.25824652812500004 0
2 0.3301359953125 0 0.3265625 0.0098958328125 0.3088541671875 0.0390625 0.3484375 0.06302083281250001 0.3932291671875 0.0515625 0.44114583281249997 0.0171875 0.4494212953125 0 0.3301359953125 0
2 0.11015625 0 0.1057291671875 0.008854167187500001 0.0609375 0.0140625 0.1140625 0.0140625 0.1661458328125 0.0286458328125 0.1776041671875 0.0348958328125 0.1942708328125 0.0109375 0.1995208328125 0 0.11015625 0
12 1 0.0109375 0.9317708328125001 0.0109375 0.9098958328125001 0.050520832812500006 0.8848958328125001 0.0796875 0.8661458328125 0.1109375 0.8015625 0.18697916718750002 0.7880208328125 0.21197916718749998 0.7776041671875 0.2453125 0.7692708328125 0.3078125 0.7807291671875001 0.3463541671875 0.7682291671875 0.3640625 0.7671875 0.3796875 0.7713541671875 0.39010416718749996 0.7598958328125 0.4067708328125 0.7567708328125 0.4296875 0.7786458328125 0.4546875 0.8234375 0.4817708328125 0.8390625 0.4796875 0.8630208328125001 0.4515625 0.8817708328125 0.4526041671875 0.9057291671875 0.42760416718750005 0.9380208328125 0.4244791671875 0.9723958328125001 0.4140625 1 0.399842171875 1 0.0109375
12 0.7307291671875 0.47760416718750004 0.7442708328125 0.46197916718750004 0.7546875 0.4369791671875 0.7640625 0.3817708328125 0.7713541671875 0.28177083281250004 0.7671875 0.0953125 0.7578125 0.058854167187499994 0.7473958328125 0.0380208328125 0.7359375 0.0244791671875 0.7182291671875001 0.0151041671875 0.7026041671875001 0.0109375 0.56875 0.0109375 0.56875 0.5 0.6865427921875 0.5 0.7307291671875 0.47760416718750004
14 0.20482486249999998 1 0.2494791671875 0.9135416671875 0.26614583281250004 0.8520833328125 0.24739583281250002 0.8322916671874999 0.20572916718749998 0.8010416671874999 0.14010416718750002 0.7572916671875001 0.1317708328125 0.75625 0.1130208328125 0.7854166671875 0.08072916718749999 0.8041666671875 0.0286458328125 0.8625 0 0.9026041656249999 0 0.9922429078125001 0.0118885875 1 0.20482486249999998 1
4 0.3354784609375 1 0.3088541671875 0.9697916671875 0.2598958328125 0.8989583328125 0.2536458328125 0.896875 0.2192708328125 0.9729166671874999 0.2018889921875 1 0.3354784609375 1
14 0 0.7760416671875 0.0140625 0.7947916671875 0.0421875 0.821875 0.1067708328125 0.7645833328125 0.1067708328125 0.75625 0.09322916718749999 0.7458333328125 0.0880208328125 0.7260416671875001 0.1098958328125 0.7010416671875 0.11927083281249999 0.696875 0.1203125 0.6916666671875 0.05989583281250001 0.63125 0.0536458328125 0.6197916671875 0.008854167187500001 0.5802083328125 0 0.5688244046875 0 0.7760416671875
4 0.2744791671875 0.8520833328125 0.2932291671875 0.8322916671874999 0.31302083281250004 0.7989583328125 0.3421875 0.771875 0.3661458328125 0.7229166671875 0.3692708328125 0.70625 0.3213541671875 0.6760416671875 0.2723958328125 0.6375 0.18697916718750002 0.5833333328125 0.1765625 0.5947916671875 0.1317708328125 0.671875 0.1171875 0.7072916671875 0.0994791671875 0.7270833328124999 0.0953125 0.7427083328124999 0.11927083281249999 0.7625 0.1317708328125 0.7572916671875001 0.1432291671875 0.7604166671875 0.2421875 0.828125 0.2682291671875 0.8510416671875 0.2744791671875 0.8520833328125
14 0.3515625 0.9104166671874999 0.3796875 0.896875 0.4453125 0.8833333328125 0.4453125 0.7895833328124999 0.4296875 0.753125 0.42760416718750005 0.7333333328125 0.4192708328125 0.728125 0.40260416718750003 0.728125 0.3682291671875 0.7302083328125 0.35989583281250004 0.7364583328125 0.35989583281250004 0.7510416671875 0.3505208328125 0.778125 0.3463541671875 0.8989583328125 0.3515625 0.9104166671874999
14 0.373474703125 1 0.3651041671875 0.9479166671874999 0.3661458328125 0.9052083328125 0.3515625 0.909375 0.3421875 0.8885416671874999 0.3328125 0.8833333328125 0.3140625 0.88125 0.2619791671875 0.8885416671874999 0.2567708328125 0.8958333328125001 0.2921875 0.9479166671874999 0.3307291671875 0.9916666671875 0.33616395 1 0.373474703125 1
14 0 0.56983506875 0.0307291671875 0.603125 0.0536458328125 0.6208333328125 0.0682291671875 0.640625 0.10364583281249999 0.675 0.1098958328125 0.6760416671875 0.15677083281249998 0.6072916671875 0.0298941796875 0.5 0 0.5 0 0.56983506875
14 0.24739583281250002 0.5552083328124999 0.1921875 0.5364583328125 0.1630208328125 0.5208333328125 0.09114583281250001 0.509375 0.0838541671875 0.54375 0.1473958328125 0.6 0.15677083281249998 0.6052083328125 0.17135416718750002 0.60625 0.1817708328125 0.5895833328125 0.1890625 0.5864583328124999 0.2515625 0.6239583328125 0.3421875 0.6885416671875 0.3567708328125 0.69375 0.3828125 0.6333333328124999 0.24739583281250002 0.5552083328124999