5 0.036471878125 0 0.0171743109375 0.0948029171875 0.031019914062499997 0.1046875 0.0506492234375 0.1046875 0.0697362328125 0.1035015765625 0.094201009375 0.0899143546875 0.14890829218749999 0.014779825 0.15349534375 0 0.036471878125 0
18 0.27991766875 0 0.249294053125 0.0086109109375 0.244307896875 0.052311145312499994 0.231302440625 0.0982041796875 0.23339604687499999 0.12308136562500001 0.26425259687499997 0.13533666718749998 0.27983993125 0.1574755171875 0.3144176140625 0.166572684375 0.3474787265625 0.1549161359375 0.392191503125 0.1769398859375 0.404186209375 0.196875 0.43694437500000005 0.196875 0.45471836718749997 0.1874328296875 0.4749293578125 0.15336465625 0.500119134375 0.1647910078125 0.50018570625 0.135517584375 0.509375 0.1311797921875 0.509375 0.10241774374999998 0.5004446234375 0.10761865156249999 0.45254337031249997 0.112392115625 0.41602004375 0.0993078609375 0.4058849484375 0.08638128125 0.404153840625 0.074010878125 0.4157241171875 0.05752765625 0.369835078125 0.037014778124999995 0.4072666625 0 0.348743178125 0 0.34898785 0.007038146875 0.33547193124999997 0.0195342921875 0.3061541421875 0.018274903125 0.280036784375 0 0.27991766875 0
18 0.1789227015625 0.1203125 0.185277253125 0.1196792546875 0.2234375 0.0883065765625 0.2234375 0.087549 0.1852402421875 0.0500001140625 0.154339309375 0.0572604296875 0.148628153125 0.0759470921875 0.1610492 0.11512535156249999 0.1689088921875 0.1203125 0.1789227015625 0.1203125
18 0.28208360312499997 0 0.29890975625 0.0163016046875 0.3302549640625 0.0203125 0.3375459421875 0.0203125 0.346211784375 0.017162482812499998 0.3515625 0.0047704421875 0.3515625 0 0.28208360312499997 0
4 0.9350655312499999 0.309375 0.9359375 0.2929816453125 0.9359375 0.2688265953125 0.93289583125 0.2475686921875 0.9151351 0.20417521718749998 0.9057580453125 0.190405721875 0.8968207390625 0.1827324078125 0.862510975 0.1583208890625 0.7957374406250001 0.1168574609375 0.7591284953125 0.0845010078125 0.7480652171875001 0.072423409375 0.7360821109375 0.06468601562500001 0.688935853125 0.0469139265625 0.6688949375 0.04369559375 0.66411625 0.0458159640625 0.6599173015625001 0.0525548609375 0.65473841875 0.06963737656249999 0.6357628828124999 0.11423210937499999 0.6269110203125 0.16471548281249998 0.614685934375 0.2561735609375 0.5927559421875 0.309375 0.9350655312499999 0.309375
10 0.509375 0.309375 0.5958772953125 0.309375 0.613803034375 0.26360241093750003 0.62012373125 0.25057445 0.6230909421875 0.1834612625 0.6333556390625 0.1377510328125 0.6375 0.126417203125 0.6375 0.1209839609375 0.6184271671875 0.10741357031250001 0.6048313859375 0.08985380312499999 0.5968115375 0.0850239109375 0.5921016625 0.0899972671875 0.5695975734375 0.0590891453125 0.5697755234375 0.048262534375 0.544438659375 0.029359004687500002 0.534130440625 0.03078725 0.52491104375 0.020722584375 0.509375 0.0178391296875 0.509375 0.309375
4 0.36722465 0.309375 0.36411341875000003 0.3196373765625 0.3451378828125 0.364232109375 0.3362860203125 0.41471548281250004 0.324060934375 0.5061735609375 0.30160618125 0.560648053125 0.293261284375 0.589673315625 0.2910609859375 0.6343742109375 0.29557235937500004 0.667289209375 0.3027831140625 0.693186996875 0.3034894015625 0.7018387234375 0.30255613124999997 0.7116897890625 0.293071528125 0.7420071687500001 0.29317119062499997 0.7570620875 0.2978431078125 0.7614376828125 0.31691753125 0.7694887765625 0.361204640625 0.785226575 0.40959737343749997 0.79521058125 0.44171472031250003 0.8051812 0.4727524734375 0.8104405218749999 0.5037965328125 0.8203125 0.50924076875 0.8203125 0.509375 0.8202590843750001 0.509375 0.3695043234375 0.5051124406249999 0.3668574609375 0.4685034953125 0.33450100781250003 0.45744021718749994 0.32242340937499997 0.4454571109375 0.314686015625 0.43136791093750004 0.309375 0.36722465 0.309375
10 0.17925100624999998 0.309375 0.1385432171875 0.7390625 0.13896154375 0.7390625 0.15491032656249998 0.7237904078125 0.1778375359375 0.7054910125 0.2138833296875 0.68294354375 0.25086239374999997 0.65054500625 0.274100690625 0.6289619203125 0.2996945734375 0.5735664015624999 0.32317803437500003 0.5136024109375 0.32949873125 0.50057445 0.3324659421875 0.4334612625 0.3427306390625 0.3877510328125 0.346875 0.37641720312500004 0.346875 0.37098396093749997 0.3278021671875 0.3574135703125 0.3142063859375 0.339853803125 0.3061865375 0.3350239109375 0.3014766625 0.3399972671875 0.279180703125 0.309375 0.17925100624999998 0.309375
8 0.22828679218749998 0.671707103125 0.1918521328125 0.698359184375 0.1603606703125 0.71757514375 0.15085129375 0.7642609171875 0.17711056875 0.78125 0.187811078125 0.78125 0.232572259375 0.7785927828125 0.28125 0.77948324375 0.28125 0.7777028140625 0.2638528078125 0.7526548234375 0.2460137859375 0.7351428796875 0.234972653125 0.7264108171875 0.232473371875 0.7259469546874999 0.23242985312500003 0.6816649703125 0.22828679218749998 0.671707103125
11 1 0.5780445546874999 0.9962915796875 0.5791193765625 0.9896111453125 0.584244153125 0.9895023421874999 0.594492115625 0.9856058593749999 0.602367325 0.903774471875 0.7091176359375 0.8801871390624999 0.7431544484375 0.85995663125 0.778539275 0.8569786656249999 0.7874931046875 0.8579587984374999 0.79590709375 0.8737488125 0.8196373000000001 0.8773422906249999 0.8203125 0.8872268125 0.8203125 0.9096321296875001 0.818716078125 0.9580762234375001 0.8128311828125 0.9626071906250001 0.8108889234374999 1 0.7665957062500001 1 0.5780445546874999
11 1 0.8083220000000001 0.9623670609375001 0.8112299843749999 0.8191558453125 0.8261875828124999 0.8121581671874999 0.8283458859374999 0.7962169734375 0.8407532109375001 0.769892875 0.8544562578124999 0.797381953125 0.8711733062499999 0.8292744140625 0.9132939562499999 0.8469202453125 0.9220835062500001 0.8643175812500001 0.934375 0.8837557531249999 0.934375 0.8939393765625001 0.9321640125 0.941611778125 0.9310795671874998 1 0.9242693687500001 1 0.8083220000000001
11 0.8779953656250001 0.528843503125 0.8694494921875 0.5322964671875 0.860562784375 0.5415746265625 0.8150547343750001 0.614718090625 0.79253274375 0.6557125953125 0.72020376875 0.776215596875 0.71330091875 0.79353006875 0.7143094546875 0.8014586250000001 0.7526883390625001 0.8501587624999999 0.7635820484375 0.853125 0.775015778125 0.853125 0.7750923640625 0.8531225906250001 0.7982916734375 0.8424943031249998 0.8168983984375 0.8264729078125 0.8454759578125 0.79103314375 0.8547083125 0.784236028125 0.86628895625 0.7708583671875 0.9057226546875 0.709258059375 0.9412362765625 0.664324628125 0.951581159375 0.6469018703125 0.98918744375 0.5997567874999999 0.990625 0.591727353125 0.990625 0.5915598125 0.9872271781249999 0.5829288078125 0.9663901312500001 0.5615724156249999 0.9361455 0.5416195046875 0.90154513125 0.5290024890625 0.8888659328124999 0.5276016578125 0.8779953656250001 0.528843503125
11 0.509375 0.5631304484375 0.5211700593749999 0.585710515625 0.5324811 0.60210588125 0.5838328328125 0.663964990625 0.6028092546874999 0.6919558046875001 0.6161609593749999 0.7154166203125001 0.621302821875 0.7281989765625 0.62451763125 0.7319741515625 0.6426463140625 0.7325113437499999 0.6564760625 0.7394135687500001 0.6769958671875 0.7578034859375 0.709354209375 0.79375 0.7158230734375 0.79375 0.7242186281249999 0.772792196875 0.7642536 0.7093040390625001 0.76875 0.6992906875 0.76875 0.6877447953125 0.7432504890625 0.648843640625 0.7296667484375 0.620960053125 0.7186301171875 0.58309789375 0.712039246875 0.5447497718750001 0.7026456359375001 0.520749115625 0.6851890078125 0.49194907031249996 0.6669322828124999 0.46843490625 0.655252 0.45835016562500003 0.6393863984375 0.4526887265625 0.6143452453125 0.4528535359375 0.58411504375 0.457819325 0.558074975 0.4666680453125 0.531291615625 0.47983178281250005 0.5163825515625 0.491376 0.509375 0.5008772140625 0.509375 0.5631304484375
12 0.509375 0.8495066078125 0.5170082625 0.8520094109375 0.579698628125 0.859375 0.5880290484375 0.859375 0.5869426718749999 0.8563159562500001 0.576204503125 0.8385181703125 0.56426378125 0.8244960875 0.5596095812499999 0.8117676109375 0.5590319015625 0.8048637984375 0.612986640625 0.7551278 0.6156521734375 0.7515137296875001 0.61875 0.7324928578125001 0.61875 0.726097015625 0.6118120421875 0.7080952359375 0.5982331109375 0.6885178843749999 0.5929776375 0.677677259375 0.582012240625 0.663762934375 0.5617528734375 0.6493103578125 0.5425020453125 0.6427863390624999 0.5229671812500001 0.6411166453125 0.509375 0.643383146875 0.509375 0.8495066078125
12 0.509375 1 0.5854258296875 1 0.5862581875 0.998056021875 0.585893303125 0.9623500468749999 0.58843079375 0.9357590046875 0.5921520484375 0.9224901578125 0.6030698 0.90366498125 0.6070750859375 0.885541809375 0.6054084703125 0.8804719703125 0.58987889375 0.8606791031250001 0.509375 0.849380234375 0.509375 1
12 0.6616787390625001 0.8666574593749999 0.6867150828125 0.8581864156249999 0.69764245625 0.8559737046875 0.754779246875 0.852514915625 0.7513608078124999 0.8438315359375 0.7432361703125 0.8316967765625 0.68769430625 0.7659547359375 0.6570708171875 0.73569998125 0.6409731796875 0.72561576875 0.6325693218749999 0.726641571875 0.62545803125 0.7307416046874999 0.6162588890625 0.745359521875 0.614885921875 0.752047821875 0.558866925 0.8035100390625001 0.5593593968749999 0.8118701515625 0.5653629687499999 0.8267019921875001 0.57273950625 0.8348455328124998 0.6048356 0.8818743890625 0.6140491703125 0.8921751734375001 0.6189257859375 0.8927139531249999 0.6244888828125 0.8899085843750001 0.6373336890625 0.8800905875 0.6616787390625001 0.8666574593749999
12 0.8772784015624999 1 0.8788642281250001 0.9966725390625001 0.8818373828125001 0.979412475 0.8789301984375001 0.9619913062500001 0.8664402031249999 0.9405799781249999 0.8530080968749999 0.9268816953125001 0.8269251953125 0.9112971484374999 0.8038154500000001 0.8784525375000001 0.7922203781249999 0.866911496875 0.7750906109375 0.8576903937499999 0.751910084375 0.8512207828125 0.7234837046875 0.8505230125000001 0.7012833109375001 0.8524673906250001 0.6593824484375 0.8639609046875 0.6467364625 0.870380875 0.6242284453125 0.8859712453124999 0.6092341718750001 0.8989717609374999 0.5986856578124999 0.9114863124999999 0.5880567437499999 0.9337633953125 0.585576059375 0.959383571875 0.5854816859375 0.9945502375 0.583365325 1 0.8772784015624999 1