4 0 0 0 0.105335446875 0.045751953125 0.108984375 0.1248070125 0.11875 0.139013671875 0.11875 0.141943359375 0.085546875 0.141455078125 0.0376953125 0.146337890625 0.00302734375 0.1472774109375 0 0 0
18 0 0.1755638640625 0.0030101625 0.1745866921875 0.012641187500000001 0.168452184375 0.0203022265625 0.16297495 0.0242421796875 0.15684046875 0.025 0.15410978749999998 0.025 0.1369267375 0.0229288625 0.1303306484375 0.018551124999999998 0.1252915875 0.01045231875 0.1202525359375 0.0021346109375 0.116528015625 0 0.1155419 0 0.1755638640625
10 0 0.3302609703125 0.00126953125 0.3298828125 0.01640625 0.32841796875 0.026171875 0.3240234375 0.04716796875 0.311328125 0.05791015625 0.30009765625 0.08427734375 0.2478515625 0.1013671875 0.21953125 0.10185546875 0.20634765625 0.096484375 0.19609375 0.092578125 0.19072265625 0.08232421875 0.1853515625 0.08671875 0.18193359375 0.09599609375 0.17900390625 0.11259765625 0.1658203125 0.13115234375 0.1306640625 0.13125 0.1291015625 0.13125 0.1224609375 0.1296875 0.1208984375 0.11796875 0.11943359375 0.0876953125 0.12578125 0.07841796875 0.1296875 0.0408203125 0.13115234375 0.02421875 0.135546875 0.02470703125 0.15361328125 0.0212890625 0.16484375 0.00078125 0.17900390625 0 0.17977168593749998 0 0.3302609703125
8 0.161083984375 0.126513671875 0.138623046875 0.121630859375 0.133740234375 0.123583984375 0.130322265625 0.127978515625 0.115673828125 0.162158203125 0.104443359375 0.175830078125 0.098095703125 0.189501953125 0.098095703125 0.198291015625 0.101025390625 0.204638671875 0.102490234375 0.218310546875 0.084423828125 0.250048828125 0.080029296875 0.266650390625 0.070263671875 0.286669921875 0.073193359375 0.296435546875 0.078564453125 0.301318359375 0.079052734375 0.308154296875 0.073681640625 0.310107421875 0.065380859375 0.319873046875 0.073681640625 0.330615234375 0.084423828125 0.337939453125 0.091748046875 0.340380859375 0.13259765625 0.365625 0.141247559375 0.365625 0.142529296875 0.365283203125 0.150341796875 0.355029296875 0.186474609375 0.324267578125 0.204541015625 0.305224609375 0.217236328125 0.297900390625 0.227001953125 0.295458984375 0.228125 0.29237060625 0.228125 0.2840006515625 0.227490234375 0.279345703125 0.206982421875 0.229541015625 0.202587890625 0.193896484375 0.197216796875 0.175341796875 0.168896484375 0.131884765625 0.161083984375 0.126513671875
9 1 0 0.40095007968749996 0 0.40229002343750003 0.011225840625 0.40132489375 0.0210590875 0.4346499078125 0.0206714328125 0.44156626718750003 0.0137155640625 0.5279317015625 0.0264617453125 0.5374520796875 0.0784077 0.5530551078125 0.097870234375 0.5726160578125 0.11237572031250001 0.5853749781250001 0.11419170625 0.9767918 0.1515625 1 0.1515625 1 0
13 0.9280824843750001 0.3890625 0.925753453125 0.22325387343749997 0.7597560203125 0.2222382359375 0.7564317328125 0.28710223125 0.74653406875 0.29998599062500003 0.747022325 0.3890625 0.9280824843750001 0.3890625
13 0.7734375 0.1338717734375 0.7734375 0.132908753125 0.6135339515625 0.1180839078125 0.5879580609375 0.29321335625 0.7184390234375 0.3 0.7434081499999999 0.3 0.7539897953125 0.2883353859375 0.7734375 0.1338717734375
13 0.735548309375 0.3890625 0.745912325 0.3014433921875 0.592708109375 0.296350128125 0.5784271390625 0.3890625 0.735548309375 0.3890625
13 1 0.1680999671875 0.8350601953125001 0.20415059218749998 0.833803153125 0.22086264687499998 0.928072996875 0.2256592625 0.9240693453125001 0.23847446093750002 1 0.23488031718750002 1 0.1680999671875
13 1 0.2371014625 0.9250230984375001 0.2433743765625 0.9271985546875001 0.3890625 0.9925990484374999 0.3890625 0.9919867531250001 0.3830502921875 0.9607578312499999 0.3480542953125 1 0.287168096875 1 0.2371014625
8 0 0.85053183125 0.02998046875 0.864306640625 0.05 0.880419921875 0.0763671875 0.893115234375 0.1739669796875 0.9234375 0.1921431109375 0.9234375 0.2091796875 0.918505859375 0.253125 0.8888905406250001 0.253125 0.880908203125 0.23603515625 0.841357421875 0.22822265625 0.824755859375 0.2248046875 0.822314453125 0.1427734375 0.802783203125 0.08759765625 0.803759765625 0.05 0.793994140625 0.03583984375 0.793017578125 0.016796875 0.796923828125 0 0.8099499765625 0 0.85053183125
8 0 0.7986751921875 0.04765625 0.79462890625 0.09013671875 0.80439453125 0.1453125 0.8048828125 0.20164795 0.81875 0.221875 0.81875 0.221875 0.8087587546874999 0.194140625 0.73798828125 0.17021484375 0.665234375 0.1619140625 0.62763671875 0.15458984375 0.606640625 0.14287109375 0.583203125 0.13017578125 0.53828125 0.11943359375 0.50849609375 0.11357421875 0.505078125 0.09501953125 0.5021484375 0.08671875 0.49775390625 0.08427734375 0.493359375 0.084765625 0.47724609375 0.08134765625 0.45283203125 0.07890625 0.44892578125 0.05595703125 0.43134765625 0.0505859375 0.423046875 0.04033203125 0.42060546875 0.0330078125 0.415234375 0.0232421875 0.41376953125 0.014453125 0.4083984375 0 0.4034712359375 0 0.7986751921875
18 0.7806517953125 0.3890625 0.7817558328125 0.3908038734375 0.8000991546874999 0.40502212968749995 0.8047026265625 0.42862387812499997 0.8110749890625 0.46344495312500006 0.8145339109374999 0.5014714015624999 0.8199991531249999 0.5312385921875 0.8264503890625001 0.5504716578125001 0.834919696875 0.5748102640624999 0.8462127140625 0.625452021875 0.84637796875 0.6609375 0.848346703125 0.6609375 0.8583893109375001 0.6544179906250001 0.85987369375 0.6316564765624999 0.868465446875 0.5847247125 0.86875 0.5647018140625 0.86875 0.5062453125 0.8644576140625 0.3963247359375 0.8523045609375 0.3940883984375 0.8439062296875001 0.3890625 0.7806517953125 0.3890625
18 0.6414938453125 0.3890625 0.6386918296874999 0.39115594374999996 0.6666262078124999 0.40850403437500005 0.7059955015625 0.426384540625 0.8029223125 0.4640625 0.8051277953125 0.4640625 0.80625 0.4583394453125 0.80625 0.453235984375 0.8038927203124999 0.44183176093750004 0.8014416265625 0.41764625000000005 0.7925268437499999 0.41149992968750004 0.7732041109375001 0.407734684375 0.7570785734375 0.40984957031249997 0.7550014921875 0.40459470625 0.74384639375 0.39719784375 0.7261858640625001 0.3890625 0.6414938453125 0.3890625
18 0.5862195609375 0.5467477390625 0.5829765281249999 0.5552862125 0.5749066218750001 0.570634309375 0.5609822578125 0.59770956875 0.608615803125 0.6109375 0.6126403406250001 0.6109375 0.6202409484375 0.60495569375 0.6255815828125 0.59568730625 0.633600984375 0.581578225 0.6402978375 0.5694764859375 0.64640479375 0.55155431875 0.6509111359374999 0.5323162671875 0.6515845484375 0.5157962578124999 0.666436115625 0.506556875 0.6687101734375 0.491352753125 0.671875 0.47620738593750006 0.671875 0.4740994640625 0.6558289671875001 0.47254654062499996 0.6336227125 0.46944376718749997 0.623353559375 0.4677243046875 0.6119099484375 0.4609375 0.611059225 0.4609375 0.6044219875 0.47559675781250005 0.5934794234374999 0.49039733593749996 0.598846284375 0.5109225921875 0.5898579421875001 0.5183660265625 0.5882323578124999 0.5278073890625 0.5862195609375 0.5467477390625
18 1 0.601908921875 0.99257486875 0.5991821265625 0.993698575 0.6095480625 0.9843337765625 0.611690471875 0.9729742078125 0.612192953125 0.9648590031250001 0.6216130421875 0.9717464203125001 0.6296689515624999 0.9812270046875 0.63732988125 0.9844503906250001 0.6467622046875 0.9882511890625001 0.6546743734375 0.9817212375000001 0.6631369390625 0.9652281734375 0.675776771875 0.9497010249999999 0.6900086328125 0.9472656078125 0.699177503125 0.9401583203125 0.709160228125 0.9598918484375 0.7171875 0.9662256187499999 0.7171875 0.9709648953125001 0.71206126875 0.9784397828125 0.705705434375 0.999048321875 0.6932572046875001 1 0.6922925937500001 1 0.601908921875
18 0.927500371875 0.6600293234375 0.9171457875 0.6792328140625 0.896294615625 0.6819863734375 0.8766427265625001 0.6944552671875 0.869992178125 0.7010622109375 0.8641434078125 0.7140909828125 0.8636455312500001 0.7263048046874999 0.8662456171875 0.7407909968749999 0.8554901625 0.7567835765625001 0.851081309375 0.7475336015625 0.8435961421875 0.7354801500000001 0.8332623515625001 0.728082509375 0.8337385828125001 0.7163997125 0.8378002343750002 0.7080761343749999 0.8481877359375 0.7011111343750001 0.8589761078125001 0.697357090625 0.8662872921875 0.687588653125 0.871886678125 0.6676316984375 0.8633295859375 0.668829453125 0.8405831046875001 0.678943340625 0.8273036890625001 0.6916261640625001 0.8131688203125 0.712249803125 0.8031934546875 0.7351952734375 0.7921132546874999 0.759153378125 0.8039310656249998 0.7692803625 0.8284005765625 0.7821245328125 0.8536934765625 0.8008594984374999 0.8729748078124999 0.823570925 0.8953862109374999 0.83472315 0.9028064406249999 0.8483696843749999 0.9209983000000002 0.86875 0.9255813281249999 0.86875 0.969638884375 0.8525452796875002 0.9709056296874999 0.8345147515625001 0.96835424375 0.8050348656249999 0.9524614703125 0.804310940625 0.9413155218749999 0.8037920203125001 0.926410934375 0.8041622 0.9052887703125 0.8005186046875 0.8938501859375 0.7941336 0.8925609437500001 0.7866249671875 0.8969152734375001 0.7841674765625 0.9071512078125 0.7809197265625001 0.9199648109375002 0.766619090625 0.9216540734375 0.7512685078125 0.9204947546875001 0.7405736765625 0.9161941375 0.7286685078125 0.9126303625000001 0.7247782453125 0.9155222765625 0.7190604609375 0.9228117734375001 0.70982305 0.9314987453124999 0.7054391140625 0.94611069375 0.699202846875 0.9523819828125 0.6888539421875001 0.9564219875 0.6810613890624999 0.9651955859375001 0.674553328125 0.9762220734374999 0.6649578640625 0.9859375 0.6578652359375 0.9859375 0.6546637875 0.9782793312500001 0.6405796828125 0.9660822546875 0.6267107515625 0.957081003125 0.625759609375 0.948816546875 0.6328234515625001 0.93485485 0.6491988328125 0.927500371875 0.6600293234375
18 0.46749588906249995 0.649809528125 0.45470598437500004 0.6413286125 0.43874815937499995 0.6332259015625 0.4240213421875 0.6335916859375 0.4081815171875 0.63548271875 0.3948355078125 0.64064403125 0.40406136562499995 0.6463305281249999 0.41486044843750003 0.65209026875 0.4290200265625 0.6527494953125 0.44281608125 0.662328609375 0.45482485937499995 0.6770815625 0.466919196875 0.689735625 0.48008384218749994 0.7019139078125 0.49087271093750007 0.7208155984375 0.5121176453125 0.7281130640625 0.5311695359375 0.7090426937500001 0.53125 0.7090440359375 0.53125 0.6982820249999999 0.5287907890625 0.6799994703125 0.5236106578124999 0.678181215625 0.509558025 0.6748984828125 0.490999403125 0.6661489968750001 0.47820949687500003 0.6576680859375 0.46749588906249995 0.649809528125
18 0.66157704375 0.8219560999999999 0.656672046875 0.8088662765624999 0.6519787593749999 0.8027116875000001 0.647043953125 0.8024819390625 0.6292987484375001 0.8011610921875001 0.6225011234375 0.8102433796875002 0.6204265625 0.8126201640625 0.6104563187500001 0.8146293484375 0.5994588734375 0.817580096875 0.5975155125 0.8288671046874999 0.5913924953125 0.8335287687499999 0.57974053125 0.8404063921875 0.572308509375 0.8529218796875 0.5801341625 0.8671370906250001 0.5901148468749999 0.8770005421875 0.605110840625 0.885118809375 0.6420615046875 0.8883231312500002 0.658637371875 0.896875 0.6838887484375 0.896875 0.7014401859375 0.8871302296875001 0.716949025 0.8705387046874999 0.73125 0.8471743734375 0.73125 0.8454237203125 0.7145815 0.8437161281249999 0.7022646140625 0.8426480078124999 0.6934222046875 0.84124698125 0.680712471875 0.837687225 0.6705909046875 0.8312799125 0.66157704375 0.8219560999999999
18 0.801336534375 0.91149071875 0.8195594437499999 0.931382765625 0.8307087578125 0.9484063234375 0.8426934703125 0.9553121828125001 0.8617932109375002 0.9609375 0.8747527312500001 0.9609375 0.8855566343749999 0.9518062562499999 0.8875 0.9432758343749998 0.8875 0.939700159375 0.8804899109375001 0.9308339453125001 0.8666615765625 0.9276509953125001 0.8538325 0.9207058312499999 0.8399607953124999 0.9082106359375001 0.8202213734375 0.8840160625 0.8050658937499999 0.8718842812500001 0.784894375 0.8609375 0.7843289875 0.8609375 0.76923295625 0.86894644375 0.7609375 0.8750024390625001 0.7609375 0.87638289375 0.76664895625 0.8908321328125 0.781063384375 0.9003902499999998 0.801336534375 0.91149071875
18 0.6701372937500001 1 0.6793102859375 0.9936488484375001 0.688434509375 0.9840862593749999 0.7017947625 0.972640196875 0.7277082171875 0.9528271921875 0.721974665625 0.9469467 0.7154679265625 0.94331464375 0.7070548125 0.9354324250000001 0.7023271453125 0.9289702125 0.6980484406249999 0.9216966140625 0.6877289515625 0.9095642343750001 0.6713774296875 0.9025608500000001 0.648943084375 0.9019324796875001 0.6270342640625 0.9088191875 0.6195875281250001 0.918043721875 0.6166733984375 0.9283115671874999 0.6165129 0.9424528703124999 0.6197919671875 0.9538413343750001 0.6219949859374999 0.9610182953125002 0.6351947093750001 0.9637135359375 0.648724940625 0.9685048671875001 0.6526054125 0.975343775 0.6503604140625 0.9794006609375 0.6455568421875 0.9850030000000001 0.6411853625 0.9902093031250001 0.6329122796875 1 0.6701372937500001 1
18 0.543942409375 0.9231068703125 0.5557210515625 0.922245296875 0.5679876609375001 0.9209364546875001 0.5823124109375 0.9498024234375 0.6057068046875 0.9405519250000001 0.5954763187500001 0.88038763125 0.5950265953125 0.8798966984375 0.5909407828125 0.8764165796875 0.5814008656249999 0.868452690625 0.5752193812499999 0.8587652140625 0.5590581796875 0.85190300625 0.544131409375 0.8493281187499999 0.5248794828125 0.8376221718749999 0.51247826875 0.8191854078125 0.49861315937499995 0.8020904390624999 0.486116371875 0.7859991468749999 0.47495954687499997 0.7831298 0.46438630156249994 0.7774677046875 0.45587051249999994 0.77895118125 0.45106723437500007 0.7815474546875001 0.4461301390625 0.7874273921875 0.4429920046875 0.795271028125 0.4445614296875 0.8028638562499999 0.4474226921875 0.8133367109375002 0.45086756406250006 0.8210168515625 0.45761350156249997 0.8283806874999999 0.46678018125000004 0.8339772796875 0.47305727812500004 0.8413192875 0.4714021265625 0.8473520234375 0.4651541078125 0.8508210234375 0.45783451093750005 0.8575300125 0.4585427375 0.8632027828125001 0.460638409375 0.8694101625 0.46646577968749997 0.8762612375 0.46887732031249996 0.8862431953125001 0.4671648015625 0.8936832062499999 0.4650599640625 0.8992250296875 0.4675097484375 0.9082687671875 0.470753446875 0.9093597718750001 0.489976334375 0.9102547281250001 0.5166435046875 0.9129061984375 0.543942409375 0.9231068703125
18 0.7445486453125 0.6172968734375 0.766852884375 0.6167041953125001 0.7769034078125 0.6101039984375 0.7957542375 0.6142438546875 0.8098120999999999 0.615985746875 0.8158668375000001 0.61409285625 0.811294209375 0.5796269734375 0.8019895390624999 0.552760396875 0.8004013515625001 0.5535659875000001 0.783720078125 0.5495271765625 0.7663636984375 0.54871911875 0.7505680906250001 0.5496148375 0.738038278125 0.5637113296875 0.7339212421875001 0.5847238984375001 0.7293945546874999 0.602455153125 0.7288194062500001 0.61656456875 0.7445486453125 0.6172968734375
18 0.584365771875 0.3890625 0.5706855640625 0.39732580156249997 0.5622356828124999 0.411380878125 0.560390959375 0.42442999062500003 0.5631056593749999 0.4383480890625 0.5728797078125 0.44011669218750005 0.5914520078125 0.451489346875 0.6050768828124999 0.455407428125 0.627847375 0.4604080640625 0.6479170328125 0.4672531765625 0.6772570468750001 0.47801711718749995 0.6922140078125001 0.45946425625 0.664268465625 0.436490434375 0.64438585625 0.4250567765625 0.6231661609375 0.4142176078125 0.6092869390625 0.40043643749999996 0.5965309796875 0.39130484375 0.586090371875 0.3890625 0.584365771875 0.3890625
18 0.5063167421875 0.4769811234375 0.48835543281250005 0.47827796562499997 0.4737814453125 0.4801591125 0.45903391562499996 0.48629831875 0.4435046015625 0.49069465624999997 0.428722325 0.497685471875 0.4071133640625 0.5047850484375 0.41914289374999997 0.513024121875 0.4361662328125 0.513816675 0.460545978125 0.5119654453125 0.46843210312500005 0.506786628125 0.49703300312500004 0.505985134375 0.5116243468749999 0.5036781859375 0.5399302953125 0.49785773281250006 0.5436208578125 0.492796053125 0.5468082484375 0.48782512968749997 0.5525317421875 0.48339887187499997 0.54717275 0.47888325 0.5276479875 0.47669440625000004 0.5063167421875 0.4769811234375
18 1 0.8120627078125 0.99776063125 0.8015478984375001 0.989592071875 0.7774731140625001 0.9734204640625 0.7648729640624999 0.93097983125 0.7365100015625 0.9302016171874999 0.7423974078125 0.9289194734375 0.760647084375 0.928656553125 0.7670969828125 0.92514845625 0.7739343015625 0.9173645484375001 0.7800340453125 0.9091749 0.7828838203125 0.9015443624999999 0.785221121875 0.8987268390625001 0.7883210265624999 0.9055791625000001 0.7918711093749999 0.9199305171875001 0.7963088453125 0.9414190265624999 0.79730928125 0.972040134375 0.798734903125 0.97334505 0.806334821875 0.9732906859374999 0.8208720781250001 0.9742231296874999 0.8376093499999999 0.975308903125 0.850584146875 0.9743992312499999 0.8596965015624999 0.9716149812499999 0.8751837078125 0.9703880203124999 0.9052832171875 1 0.8918667015625001 1 0.862156375 0.9996920718750001 0.8597970187499999 1 0.856556615625 1 0.8120627078125
18 0.7864427015625 0.7176521875 0.8088992828125001 0.7155603296875 0.81360086875 0.7025312343750001 0.820191803125 0.693232878125 0.8285426687499999 0.6823214296875 0.8329709484375 0.67066235625 0.8291863375 0.66653106875 0.80562801875 0.662609209375 0.7755476859375 0.6662938796875 0.76510313125 0.6731527640625 0.75959354375 0.6836314703124999 0.760847690625 0.6944250937499999 0.767738375 0.7054811375 0.7864427015625 0.7176521875