17 0.6 0 0.33885407500000003 0 0.342015165625 0.050205359375 0.33660888906249997 0.0591669109375 0.335465425 0.10042215624999999 0.334375 0.104170884375 0.334375 0.34036225937500003 0.33517207656250003 0.35143223125 0.3409055296875 0.3796875 0.5493050140625 0.3796875 0.6 0.23265622343749998 0.6 0
17 0.21875 0 0.21875 0.04599518125 0.25835165625 0.2636124359375 0.2687571109375 0.29215467500000003 0.27864801093749997 0.3421875 0.34375 0.3421875 0.34375 0.31982858593749997 0.3407567078125 0.2943097828125 0.33850552500000003 0.1357569265625 0.342745325 0.1129239828125 0.34375 0.062581646875 0.34375 0 0.21875 0
17 0.26875 0.3796875 0.26875 0.331354159375 0.24891734843750002 0.2211310828125 0.2456088484375 0.2203125 0.059327551562500004 0.2203125 0.0578125 0.22205741093750003 0.0578125 0.25491189062499997 0.064673990625 0.3796875 0.26875 0.3796875
17 0.0290745359375 0 0.038115340625 0.1072952515625 0.0320697890625 0.1384353296875 0.0462128609375 0.208646378125 0.04803113125 0.209375 0.2359375 0.209375 0.2359375 0.188872215625 0.23393203125 0.18419195 0.2244637890625 0.1369571640625 0.21889058437500003 0.07669074218750001 0.22011846875000002 0 0.0290745359375 0
18 0.6722708359375 0.12494643593750002 0.6895333906250001 0.14732860781249998 0.6851387734375 0.179642775 0.6984987578124999 0.18612894687499998 0.7094328859375001 0.2009938484375 0.694947896875 0.20818507187500002 0.7148473921875 0.2618503109375 0.7362585375 0.2760234015625 0.7618182796874999 0.281987403125 0.7584080421875 0.3023338515625 0.748001475 0.3443971359375 0.767204365625 0.3625 0.7856199125 0.3625 0.7965192421875 0.345727809375 0.8102306484374999 0.3057134875 0.8051326218749999 0.2621234109375 0.80794513125 0.22792992500000003 0.8507321984375 0.23559036562500002 0.8615606421875001 0.1883980609375 0.871875 0.1691882109375 0.871875 0.1351410625 0.8641620703124999 0.1145427765625 0.8494659999999999 0.08207220312499999 0.8355435124999999 0.082424728125 0.8390591484375 0.0396828703125 0.800983175 0.016974646875 0.7750367875 0.0368254015625 0.757071103125 0.0229916 0.73394415625 0.0078125 0.7319667046875 0.0078125 0.7212101953125 0.0366954703125 0.7087644171875 0.061322723437500004 0.6914316921875 0.08202169687500001 0.6640625 0.0704508953125 0.6640625 0.0885680140625 0.6722708359375 0.12494643593750002
18 0.6 0.2746742890625 0.6060088625 0.265724028125 0.609154803125 0.24849865312500002 0.6297982296875 0.2523100484375 0.66786829375 0.235057734375 0.66132876875 0.2080975578125 0.6130076828125001 0.22257427500000002 0.6152698828125 0.1947374640625 0.6331206875000001 0.168454346875 0.6465176484375 0.154004571875 0.66139931875 0.16425727343750002 0.675 0.1445242625 0.675 0.0236919515625 0.6594193234375 0.0167329453125 0.6568055125 0.009375 0.6360743921875 0.009375 0.624353809375 0.018499689062499998 0.6 0.011656884374999999 0.6 0.2746742890625
5 1 0.3796875 1 0.15665556875 0.9690761046875 0.1484690203125 0.9196314343750001 0.146071403125 0.896142446875 0.1512588 0.8744400140625 0.159128921875 0.8636903421875001 0.1740985203125 0.8587773796875 0.1851369078125 0.8520373453125 0.2185441609375 0.84894136875 0.2257538328125 0.834029825 0.230288475 0.8193618890625001 0.2318406015625 0.8150579515625 0.23542269999999998 0.8100739578124999 0.2534696140625 0.8089473671875 0.2979568796875 0.805272878125 0.3306659046875 0.8095159531250001 0.3401066875 0.8348172703125 0.3796875 0.8840573703124999 0.3796875 0.8846727734375 0.3776263421875 0.8913012578125 0.3762792046875 0.8982139515625001 0.3714524703125 0.91484101875 0.3766090765625 0.92045455 0.3796875 1 0.3796875
18 0.9031576062500001 0 0.9490684390624999 0.031229157812500002 0.95741244375 0.0395732734375 0.9586204046875 0.0432008453125 0.9524894749999999 0.09370631562500001 0.941790575 0.11419318437499999 0.9319239687499999 0.11221253906249999 0.8967411375000001 0.0886791453125 0.888793059375 0.093904321875 0.861771565625 0.093229184375 0.8551024796875 0.0950734046875 0.8630912421874999 0.11390565 0.8672226843749999 0.1308520453125 0.871628165625 0.1383044859375 0.8736076390624999 0.15704193125000002 0.8894733625000001 0.1531030203125 0.9278637234375001 0.13736662500000002 0.9581334296874999 0.1228293921875 0.9845052171875001 0.10690340000000001 1 0.1021913921875 1 0.005919128125 0.9838280218750001 0 0.9031576062500001 0
18 0.771350321875 0 0.79358821875 0.013305406249999999 0.8903054906250001 0.08152649687499999 0.9218847859375 0.10620587968749999 0.9333755406249999 0.11285759375 0.9437801390624999 0.114390478125 0.9458915046874999 0.113096515625 0.95162666875 0.098130765625 0.9604577296875 0.0514008390625 0.9607317703125 0.041906884374999995 0.956245084375 0.035448615625 0.9057231546875 0 0.771350321875 0
4 0.1842154640625 0.3796875 0.187563515625 0.38363131875 0.20060968437499999 0.39004389375000004 0.20873864375 0.388198375 0.21275013125000003 0.3903280078125 0.20950305781249998 0.4024665515625 0.20339750781250002 0.4043594234375 0.1912040703125 0.407127703125 0.177128534375 0.401708915625 0.1910097703125 0.41831980937499996 0.196797378125 0.43474129531249994 0.21607274062499998 0.43213875 0.22390141875 0.44759012499999995 0.23556495000000002 0.4753457734375 0.244546640625 0.482681109375 0.2618162578125 0.47901374687500003 0.259704534375 0.4840537171875 0.253493 0.49205137343749994 0.262245065625 0.5126137453124999 0.2598507234375 0.5339331421875 0.2665263890625 0.5575005546874999 0.377394903125 0.6265625 0.38439618593749997 0.6265625 0.3847946390625 0.6243945921874999 0.37681977187500004 0.559063790625 0.42061843593750003 0.4847658265625 0.44436454062499997 0.45783884218750004 0.45295275 0.42953925000000004 0.47105639374999997 0.3796875 0.1842154640625 0.3796875
0 0.6 0.42947002031250003 0.5386110671875 0.4 0.5127546421875 0.4 0.389588278125 0.6210285921875001 0.3610610015625 0.66568545 0.36277488125 0.68529635625 0.3748876734375 0.6979394359375 0.3961209390625 0.7180055671875 0.42151735468749996 0.7350786390625 0.44191076406249996 0.7421875 0.46965903906250006 0.7421875 0.6 0.5387226375 0.6 0.42947002031250003
16 0 0.4818360828125 0.1732470265625 0.5639276953125 0.2570953421875 0.60489946875 0.3917677796875 0.6881318421875 0.49167823281249995 0.7541255171875 0.495603775 0.7655142546875 0.5107250249999999 0.785379003125 0.5341255921875 0.7953125 0.553125 0.7953125 0.553125 0.735821128125 0.53345343125 0.7242815359375 0.4956347984375 0.7049178625 0.38532554218750004 0.6438185531249999 0.24009231562500002 0.574720415625 0 0.4629576125 0 0.4818360828125
8 0 0.6526589375 0.0009029765625 0.6512220875000001 0.0144043875 0.6484417375 0.0217716203125 0.6413946203125 0.024219684375 0.6197975578125 0.06878928281249999 0.615675309375 0.078125 0.6025487375 0.078125 0.545410284375 0.0744439171875 0.5291911218750001 0 0.49269058593750004 0 0.6526589375
16 0 0.8436570546875 0.0059939390625 0.8309484984375001 0.0207829671875 0.8096321515625 0.0313645328125 0.7933751296875 0.0502531890625 0.7731858125000001 0.08154856875 0.7501912265625 0.1129158390625 0.723072403125 0.1555395890625 0.7591361 0.183171646875 0.7690634265625 0.2038315453125 0.7654190406250001 0.2297462796875 0.7557082625 0.2433801 0.7415853375 0.25206461562500004 0.7160007984375 0.26371152656249996 0.6977056515625 0.276297971875 0.6845897921875 0.29516865625 0.6654315328125 0.30625 0.648406671875 0.30625 0.6381850890624999 0.2239872671875 0.5890625 0.115567859375 0.5890625 0.0850042578125 0.6110222359374999 0.06998158593750001 0.6457423515625 0.07162701875000001 0.669504696875 0.083620375 0.6904137890625 0.10187999375000001 0.706311540625 0.113023671875 0.7168860515625 0.0379003828125 0.7728979015624999 0.025242048437499998 0.7901379984375 0.0020560624999999997 0.8205419375 0 0.8253239578125001 0 0.8436570546875
16 0 0.8266753203124999 0.0056099375 0.8256077999999999 0.0126422984375 0.8188574 0.0247150125 0.8062979718750001 0.0375510046875 0.806596640625 0.0494858078125 0.80193575 0.0531595203125 0.817824725 0.06502536875 0.8171131031249999 0.09066287656250001 0.8196850765625001 0.1066678890625 0.8082048640625 0.1157956890625 0.7945891953124999 0.14375274375 0.7774607734375 0.1597749953125 0.76499324375 0.1160839875 0.7215047453125 0.11220340625 0.7174635781250001 0.098586896875 0.7052941265625 0.082215103125 0.6812079437499999 0.07462633125 0.6632524375 0.077967740625 0.64160038125 0.08612539687500001 0.6269744203125001 0.0952704375 0.6123714328125001 0.08141258125 0.614024425 0.058530360937500005 0.62336918125 0.0187246984375 0.640221903125 0 0.6506924640625 0 0.8266753203124999
16 0.2016808640625 0.7975753046875 0.20770860156249998 0.7917892484375 0.1847746609375 0.80409595625 0.1759744015625 0.7989526 0.17114091250000002 0.792913821875 0.15646806562499999 0.784670665625 0.15064719375 0.7786089140625 0.127782209375 0.786966353125 0.1177187421875 0.7975970968749999 0.12646728437500002 0.8057024046875 0.0857578953125 0.8254972578124999 0.107189821875 0.8348854046875 0.13007204375 0.8255406484375001 0.137087165625 0.8197775671875001 0.158878571875 0.8163337406250001 0.1787986421875 0.8069200609374999 0.2016808640625 0.7975753046875
16 0.14375750781250002 0.8337608312499999 0.15049680781250002 0.8437948265624999 0.168183525 0.8491449546875 0.19496356718750002 0.84285405 0.20395345781250002 0.8371369171874999 0.2370715375 0.8072882453125001 0.24387979375 0.813372971875 0.24663507812500002 0.8252897015624999 0.25049841875 0.8303181859375 0.24975238125 0.8164727703124999 0.240102646875 0.8034079000000001 0.2411589859375 0.79948160625 0.264127403125 0.7852002625 0.2811715171875 0.7707810734375 0.3028594859375 0.77326115 0.3070676078125 0.758543290625 0.31791159375 0.7597833281249999 0.33920306875 0.7849717015625 0.37408905 0.767016784375 0.3840490859375 0.76230994375 0.39208606874999996 0.754595203125 0.3993425359375 0.73500968125 0.3909736109375 0.717036021875 0.3676208109375 0.6848856578125 0.35476757812500004 0.6855743046875 0.3418281515625 0.6911995375 0.328923203125 0.6948501359374999 0.3081536625 0.6963423046875 0.3009316703125 0.7139531921875 0.3008454765625 0.7188897781250001 0.29254990937500003 0.7414142781249999 0.253399325 0.7207489484374999 0.2493291171875 0.727568271875 0.24420256875000002 0.7383138875 0.23807139687499998 0.7500238453125 0.229029790625 0.7587029281250001 0.20718666875 0.765108709375 0.18042386562499999 0.770412296875 0.16826495625 0.7879083109375 0.20261653124999998 0.8005602296875001 0.1827309390625 0.8079992765625 0.168821365625 0.8126142156250001 0.139010215625 0.8227854687499999 0.14375750781250002 0.8337608312499999
16 0.6 0.529639371875 0.4877196453125 0.708422221875 0.523024125 0.72307175 0.5459235875 0.7127396781249999 0.5636792625 0.7141405359374999 0.5774509203125 0.717424134375 0.575562346875 0.712441596875 0.5618596453125 0.7052087328125 0.5372612375 0.6996977828125 0.5294655984375 0.69359008125 0.5268309859375 0.674762128125 0.5319230578125 0.6659911468749999 0.54896716875 0.6515719578125 0.5578881046874999 0.64980409375 0.6 0.665210525 0.6 0.529639371875
16 0.3111253421875 0.8090113421874999 0.3030538796875 0.8187007187500001 0.3179163578125 0.8160833843749999 0.3418204421875 0.80478696875 0.367871684375 0.7836633296875 0.38767108281249996 0.7811608703124999 0.41242463906250004 0.7777859671874999 0.3909780125 0.7614834484375 0.36108066875 0.7765912875 0.3391513515625 0.7879336515625 0.3333649609375 0.7798972656250001 0.31626912812499997 0.7972784078124999 0.300402028125 0.8008600843749999 0.264999465625 0.8020117671874999 0.26468381406249997 0.8099061687500001 0.2725828859375 0.8100899671875 0.31909337031249996 0.8052458703125 0.3111253421875 0.8090113421874999
16 0 0.46699211093750004 0.0381822625 0.487578303125 0.06581177656250001 0.489208909375 0.0862020625 0.5094377203125 0.17266565 0.5924424734375 0.2426367703125 0.6582722671875001 0.32816468906249996 0.7382920937499999 0.38062148125 0.7888985859375001 0.41752147500000003 0.825315040625 0.43389326875 0.8494012234374999 0.4504029734375 0.86558886875 0.48942819374999996 0.9035363515625001 0.51395289375 0.904106996875 0.5161575218750001 0.903664434375 0.455770865625 0.841020809375 0.389611371875 0.783181453125 0.342057021875 0.7346644687499999 0.28372764375 0.6809581796874999 0.19634562656250001 0.5939811828125 0.1837854578125 0.5778854375 0.095795315625 0.46916448437499997 0.055278090625 0.47019716093749997 0.03958338125 0.4639056640625 0.02491053125 0.45566250625000004 0 0.44640464062500007 0 0.46699211093750004
16 0.6 0.39345869218749996 0.5482365515625001 0.41055167812500004 0.595699940625 0.4077051921875 0.6 0.40655266718750005 0.6 0.39345869218749996
16 0.35277080625 0.6302156171875 0.365417171875 0.6413747750000001 0.382392328125 0.6309048546875 0.36198480312500003 0.6116633609375001 0.34322450625 0.6112268421875 0.32522748749999997 0.623648421875 0.304044209375 0.6488362046875 0.2878150921875 0.673151540625 0.2576968828125 0.7109717609375 0.259306390625 0.7218741125 0.2853576328125 0.7007504734375 0.3092100015625 0.6924160109375 0.334015275 0.68607915625 0.3468167890625 0.688352459375 0.34913633437499997 0.6686520640625 0.35277080625 0.6302156171875
16 0.42043780000000003 0.4885709421875 0.37673908125 0.558669875 0.387449921875 0.62410850625 0.4537330328125 0.5051491546875 0.42162149531250004 0.4895862015625 0.42043780000000003 0.4885709421875
8 0.4799447109375 0.3796875 0.47166880781250003 0.3830894125 0.422395328125 0.4896042078125 0.4539715484375 0.5041669859375 0.5138677390625 0.398887078125 0.5150792281250001 0.3860749296875 0.5120322749999999 0.3796875 0.4799447109375 0.3796875
16 0.134398546875 0.3796875 0.11480943125000001 0.3984911890625 0.11552099375 0.4143112390625 0.104263271875 0.43676681406249995 0.08630073125 0.44721376093750004 0.0503756484375 0.46810765312499997 0.096765459375 0.47017477812499997 0.15869959843749998 0.543719309375 0.3274112765625 0.6227115171875 0.341266978125 0.6101935765625 0.360010034375 0.6116174109375001 0.26920041562499997 0.5512290546875 0.2605897828125 0.5352252078124999 0.26777729375 0.5195889546875 0.2622322453125 0.497730128125 0.237060190625 0.4685005875 0.21575147656250002 0.4442995328125 0.207071884375 0.432244953125 0.18094692343750002 0.40101780624999994 0.19276105625 0.40326813437500003 0.2055280921875 0.4075160734375 0.21947214062499998 0.4009264984375 0.21269836562500002 0.3928671375 0.20481652968750003 0.3916960234375 0.1881689140625 0.38340691875 0.18845305 0.3796875 0.134398546875 0.3796875
4 0.9512900390624999 1 0.9550851703125 0.9964793125 0.959375 0.9873470812499999 0.959375 0.9726984015625 0.9387481375 0.9594405109374999 0.8948390078124999 0.9380563078125 0.8139571218749999 0.9036409296875 0.7629008640625 0.8775497 0.7285083562500001 0.8646825046875 0.7189158953125 0.859375 0.6957563875 0.859375 0.6934835796875001 0.8627533187499999 0.6833409515625 0.890493784375 0.669052953125 0.9063991968749999 0.6641368984375 0.9163726421875001 0.6584002765625 0.9502283734375 0.6581957796875 0.9791938390624999 0.655056203125 1 0.9512900390624999 1
1 1 0.4891066484375 0.9386352562500001 0.46683473124999997 0.9226752734375001 0.48829952187500003 0.900429446875 0.5281533765625 0.866326796875 0.592416903125 0.81771075 0.5832876859375 0.7518529468749999 0.527433159375 0.6960838468749999 0.4859758 0.658025996875 0.4543674359375 0.6307467984375 0.440625 0.6 0.440625 0.6 0.6643080546875 0.6036192218750001 0.66865568125 0.6327558890625 0.7067427359374999 0.6984444921875 0.7696322296875 0.813239878125 0.8906666640625 0.8475710453125 0.921031628125 0.8834885124999999 0.9375 0.9014173062499999 0.9375 0.9330393359375 0.9251219328125 0.9969935203125001 0.8865770109375 1 0.8845384156249999 1 0.4891066484375
4 0.6594224546875 1 0.6651799374999999 0.9142318156249999 0.6819441203125 0.8980373531249999 0.7017540578125 0.8571300875000001 0.8328125 0.912510903125 0.8328125 0.90921950625 0.79602780625 0.8701506953125001 0.7482177359375 0.8265625 0.7314462828125 0.8265625 0.6761637453125 0.8485145484375 0.6316307359375 0.8615995999999999 0.620663459375 0.8579072265625001 0.6311536375 0.967511646875 0.6358647703125 1 0.6594224546875 1
4 1 1 1 0.9486547296874999 0.9901336484375 0.9449656890625 0.9255835734375001 0.9189079328125 0.890625 0.9337055390625 0.890625 0.9350703328125001 0.9588960953125 0.9753120015625001 0.948959603125 1 1 1