19 0.32091733906250003 0.2203125 0.34188508125 0.1961189515625 0.38220766093749997 0.18160282187500001 0.3854334671875 0.1332157265625 0.3515625 0.11224798437500001 0.29833669375 0.0912802421875 0.20478830625 0.09289314531250001 0.17575604843749998 0.065473790625 0.1676915328125 0.065473790625 0.1176915328125 0.09934475781249999 0.090272178125 0.1848286296875 0.0773689515625 0.20418346718749997 0.0741431453125 0.2348286296875 0.0854334671875 0.2928931453125 0.1854334671875 0.3074092734375 0.246723790625 0.27515120937500004 0.27091733906250004 0.2767641125 0.30478830625 0.2428931453125 0.309627015625 0.21224798437499998 0.32091733906250003 0.2203125
19 0 0.5796875 0.10064804218750001 0.5796875 0.1257560484375 0.5477318546875 0.17575604843749998 0.5445060484375001 0.2080141125 0.5267641125 0.19833669375000001 0.478377015625 0.1805947578125 0.4557963703125 0.149949596875 0.43805443593750004 0.10962701562499999 0.431602821875 0.09511088749999999 0.43805443593750004 0.08865927343749999 0.4493447578125 0.0838205640625 0.4864415328125 0.0451108875 0.5203125 0.016078629687500002 0.5267641125 0 0.5187247984375001 0 0.5796875
19 0.10478830624999999 0.0203125 0.0225302421875 0.052570564062500005 0.0015625 0.07353830624999999 0.0015625 0.0945060484375 0.0386592734375 0.11063508124999999 0.0741431453125 0.11224798437500001 0.09188508125 0.10257056406250001 0.106401209375 0.1057963703125 0.1322076609375 0.07676411250000001 0.1370463703125 0.0509576609375 0.1273689515625 0.02353830625 0.10478830624999999 0.0203125
19 0.1969398046875 0 0.199949596875 0.031602821875 0.2257560484375 0.07353830624999999 0.22898185468749999 0.0912802421875 0.3015625 0.09289314531250001 0.33059475781250003 0.1057963703125 0.346723790625 0.1057963703125 0.30640120937500004 0.046118951562499996 0.24833669375 0.0009576609375 0.2484803421875 0 0.1969398046875 0
19 0 0.45460244375 0.0193044359375 0.46063508124999997 0.0338205640625 0.4557963703125 0.0386592734375 0.42353830625000005 0.0144657265625 0.3848286296875 0.020917339062500002 0.359022178125 0.003175403125 0.3445060484375 0 0.3322580640625 0 0.45460244375
19 0 0.253497209375 0.00478830625 0.259022178125 0.009627015625 0.2509576609375 0.0338205640625 0.24450604843749998 0.0676915328125 0.22192540312500003 0.0709173390625 0.2025705640625 0.09833669375000001 0.1541834671875 0.11285282187500001 0.0945060484375 0.11123991875000001 0.0880544359375 0.103175403125 0.0880544359375 0.0741431453125 0.11063508124999999 0 0.099352428125 0 0.253497209375
19 0.1693044359375 0.4348286296875 0.18220766093750002 0.4203125 0.1709173390625 0.3203125 0.15478830625 0.29934475781250003 0.106401209375 0.2961189515625 0.046723790625 0.3074092734375 0.046723790625 0.32353830625 0.06123991875 0.3332157265625 0.06123991875 0.3477318546875 0.046723790625 0.368699596875 0.0305947578125 0.375151209375 0.028981854687500003 0.4041834671875 0.043497984375 0.415473790625 0.1273689515625 0.428377015625 0.14672379062500002 0.43644153281250003 0.1693044359375 0.4348286296875
19 0.39672379062499996 0.3493447578125 0.41123991875000004 0.3525705640625 0.42575604843750003 0.3348286296875 0.42575604843750003 0.3041834671875 0.42091733906249995 0.3025705640625 0.41285282187499994 0.31708669375 0.3757560484375 0.31063508125 0.3354334671875 0.3138608875 0.32091733906250003 0.3041834671875 0.2451108875 0.3138608875 0.22898185468749999 0.32353830625 0.2193044359375 0.3396673390625 0.2160786296875 0.3638608875 0.31123991875 0.36708669375 0.3773689515625 0.362247984375 0.39672379062499996 0.3493447578125
19 0.25317540312500003 0.368699596875 0.22414314531250001 0.43321572656249996 0.2257560484375 0.46547379062500005 0.28543346718749996 0.4703125 0.29833669375 0.46547379062500005 0.312852821875 0.45418346718749997 0.33059475781250003 0.415473790625 0.3644657265625 0.37353830625 0.362852821875 0.36063508125 0.29833669375 0.3574092734375 0.25317540312500003 0.368699596875
19 0.3805947578125 0.3364415328125 0.3515625 0.3993447578125 0.349949596875 0.4445060484375 0.359627015625 0.45257056406249996 0.3870463703125 0.45418346718749997 0.40640120937499996 0.41063508125 0.4225302421875 0.4041834671875 0.4225302421875 0.3348286296875 0.41123991875000004 0.3267641125 0.3951108875 0.3267641125 0.3805947578125 0.3364415328125
19 0.3886592734375 0.24450604843749998 0.39833669375 0.215473790625 0.3854334671875 0.2057963703125 0.362852821875 0.22998991875 0.3241431453125 0.23321572656249998 0.299949596875 0.24611895156250002 0.2660786296875 0.27998991875 0.24994959687499999 0.315473790625 0.2580141125 0.3203125 0.3015625 0.31708669375 0.3241431453125 0.32998991875 0.3257560484375 0.3074092734375 0.3176915328125 0.2864415328125 0.3886592734375 0.24450604843749998
2 1 0.2247944078125 0.99462890625 0.219140625 0.98046875 0.21376953125 0.97412109375 0.21328125 0.9580078125 0.215234375 0.94482421875 0.22060546875 0.9326171875 0.22109375 0.921875 0.2279296875 0.92236328125 0.23134765625 0.92919921875 0.240625 0.92138671875 0.246484375 0.923828125 0.25576171875 0.91796875 0.271875 0.91552734375 0.271875 0.91162109375 0.26455078125 0.900390625 0.25576171875 0.89599609375 0.2455078125 0.8896484375 0.240625 0.8701171875 0.23720703125 0.8388671875 0.23818359375 0.833984375 0.25283203125 0.8330078125 0.29140625 0.84228515625 0.31337890625 0.83642578125 0.3119140625 0.833984375 0.31337890625 0.8349609375 0.3177734375 0.83203125 0.320703125 0.83251953125 0.32509765625 0.8466796875 0.32705078125 0.85009765625 0.3216796875 0.8544921875 0.3265625 0.86279296875 0.32607421875 0.87060546875 0.33046875 0.87109375 0.3373046875 0.8798828125 0.34267578125 0.88671875 0.35 0.892578125 0.35146484375 0.90380859375 0.3470703125 0.90869140625 0.3373046875 0.91748046875 0.32998046875 0.92529296875 0.3294921875 0.9423828125 0.32021484375 0.9453125 0.31728515625 0.94775390625 0.30947265625 0.95654296875 0.30068359375 0.97705078125 0.28798828125 1 0.26455078125 1 0.2247944078125
2 0.64208984375 0.2787109375 0.6533203125 0.28212890625 0.67236328125 0.27626953125 0.67333984375 0.273828125 0.6708984375 0.26943359375 0.6767578125 0.266015625 0.68212890625 0.258203125 0.67822265625 0.25234375 0.68115234375 0.24306640625 0.67578125 0.24111328125 0.6748046875 0.230859375 0.66845703125 0.22255859375 0.66357421875 0.21767578125 0.65869140625 0.21669921875 0.6552734375 0.21181640625 0.650390625 0.21376953125 0.6298828125 0.21083984375 0.625 0.2064453125 0.62890625 0.199609375 0.62353515625 0.1908203125 0.60400390625 0.1869140625 0.5966796875 0.17861328125 0.5888671875 0.1732421875 0.5859375 0.1732421875 0.5673828125 0.18251953125 0.5576171875 0.18056640625 0.55419921875 0.1859375 0.546875 0.19033203125 0.546875 0.25380859375 0.5498046875 0.2552734375 0.5498046875 0.25869140625 0.57421875 0.2748046875 0.5771484375 0.27529296875 0.580078125 0.271875 0.59033203125 0.27041015625 0.595703125 0.27529296875 0.607421875 0.28017578125 0.61083984375 0.2845703125 0.64208984375 0.2787109375
2 0.80517578125 0.53017578125 0.80517578125 0.5404296875 0.81591796875 0.543359375 0.8232421875 0.53701171875 0.8271484375 0.5306640625 0.828125 0.5248046875 0.837890625 0.5189453125 0.837890625 0.50771484375 0.84912109375 0.50380859375 0.84912109375 0.49599609375 0.84423828125 0.48818359375 0.8505859375 0.4818359375 0.8515625 0.47060546875 0.86181640625 0.465234375 0.87548828125 0.45107421875 0.876953125 0.44619140625 0.87060546875 0.4388671875 0.865234375 0.43740234375 0.84814453125 0.4359375 0.84228515625 0.441796875 0.81201171875 0.40908203125 0.8056640625 0.40859375 0.791015625 0.418359375 0.77734375 0.44423828125 0.77294921875 0.47890625 0.77294921875 0.49697265625 0.779296875 0.49892578125 0.7783203125 0.50576171875 0.78125 0.508203125 0.7841796875 0.51748046875 0.791015625 0.5150390625 0.79931640625 0.51796875 0.80517578125 0.53017578125
2 0.8740234375 0.45205078125 0.86376953125 0.465234375 0.86669921875 0.46767578125 0.87548828125 0.46962890625 0.8779296875 0.4818359375 0.88623046875 0.48232421875 0.892578125 0.48134765625 0.89404296875 0.47890625 0.89111328125 0.476953125 0.89208984375 0.47451171875 0.90185546875 0.46474609375 0.9111328125 0.45986328125 0.9140625 0.46376953125 0.9150390625 0.4740234375 0.92041015625 0.48037109375 0.92529296875 0.48134765625 0.9326171875 0.50478515625 0.9580078125 0.5013671875 0.96142578125 0.504296875 0.96826171875 0.484765625 0.97802734375 0.465234375 0.9736328125 0.44912109375 0.96435546875 0.4359375 0.95458984375 0.4330078125 0.95263671875 0.441796875 0.947265625 0.45009765625 0.93896484375 0.449609375 0.9375 0.43203125 0.92041015625 0.42373046875 0.92041015625 0.41494140625 0.89990234375 0.40615234375 0.8955078125 0.40810546875 0.8759765625 0.4076171875 0.873046875 0.41103515625 0.8623046875 0.41298828125 0.86328125 0.42177734375 0.86962890625 0.428125 0.869140625 0.43154296875 0.86474609375 0.43642578125 0.87109375 0.4388671875 0.8759765625 0.4466796875 0.8740234375 0.45205078125
2 0.6770833328125 0.3952473953125 0.6884765625 0.367578125 0.673828125 0.3415364578125 0.6510416671875 0.3724609375 0.64453125 0.3903645828125 0.5973307296875 0.3757161453125 0.5517578125 0.3936197921875 0.5517578125 0.44407552031249997 0.5647786453125 0.45546875 0.5859375 0.46848958281249997 0.6087239578125 0.45872395781249997 0.6184895828125 0.46360677031249997 0.6412760421875 0.45872395781249997 0.6722005203125 0.43268229218750004 0.7047526046875 0.4408203125 0.7047526046875 0.4212890625 0.6852213546875 0.41477864531249997 0.6770833328125 0.3952473953125
2 0.7861328125 0.5694010421875 0.8089192703125001 0.5514973953125 0.7958984375 0.5417317703125 0.791015625 0.5124348953125 0.7682291671875 0.48313802031249997 0.732421875 0.47174479218750004 0.7373046875 0.44733072968750004 0.7047526046875 0.44244791718750004 0.68359375 0.42942708281249997 0.6363932296875 0.46197916718750004 0.6640625 0.4798828125 0.68359375 0.5205729171875 0.6608072921875 0.5352213546875 0.6705729171875 0.5677734375 0.703125 0.5596354171875 0.709022671875 0.5796875 0.7205729171875 0.5796875 0.7291666671875 0.57265625 0.7319791671875 0.5796875 0.76323116875 0.5796875 0.7649739578125 0.5759114578125 0.7861328125 0.5694010421875
2 1 0.229557290625 0.986328125 0.211328125 0.9375 0.22434895781250003 0.888671875 0.23899739531250003 0.8463541671874999 0.230859375 0.7845052078125 0.21458333281250003 0.751953125 0.24225260468749998 0.7340494796875 0.230859375 0.7307942703125 0.2780598953125 0.7486979171875 0.2715494796875 0.7649739578125 0.2943359375 0.7682291671875 0.3203776046875 0.7828776046875 0.2910807296875 0.80078125 0.2845703125 0.8235677078125001 0.2650390625 0.8349609375 0.2927083328125 0.8577473953125001 0.3236328125 0.8430989578125001 0.3447916671875 0.8528645828125001 0.3626953125 0.8610026046874999 0.3399088546875 0.8740234375 0.3399088546875 0.87890625 0.3610677078125 0.9261067703125001 0.3220052078125 0.9554036453125001 0.3008463546875 0.9993489578125001 0.269921875 1 0.268433778125 1 0.229557290625
2 0.791015625 0.0697265625 0.76171875 0.0518229171875 0.78125 0.0860026046875 0.7633463546875 0.10065104218750001 0.7194010421875 0.113671875 0.6868489578125 0.0811197921875 0.6656901046875 0.084375 0.6868489578125 0.1169270828125 0.7291666671875 0.1299479171875 0.7161458328125 0.1478515625 0.7177734375 0.1852864578125 0.7633463546875 0.2015625 0.80078125 0.2015625 0.8219401046874999 0.21458333281250003 0.8528645828125001 0.22434895781250003 0.8610026046874999 0.2259765625 0.869140625 0.22923177031250003 0.8854166671874999 0.2064453125 0.9000651046874999 0.1852864578125 0.8870442703125001 0.1657552078125 0.9130859375 0.1299479171875 0.8919270828125001 0.1250651046875 0.8626302078125001 0.1315755203125 0.83984375 0.10065104218750001 0.8121744796874999 0.1022786453125 0.791015625 0.0697265625
2 1 0.04353693125 0.9895833328125001 0.0388020828125 0.9716796875 0.0729817703125 0.9342447921874999 0.0794921875 0.9033203125 0.0680989578125 0.8772786453125001 0.0680989578125 0.8544921875 0.0860026046875 0.8919270828125001 0.11529947968750001 0.9212239578125001 0.1218098953125 0.9423828125 0.133203125 0.9765625 0.1413411453125 0.96975796875 0.14866910312499998 0.9843518625 0.14628101093749998 0.9814453125 0.1738932296875 0.9928385421874999 0.1983072921875 1 0.20502115937499998 1 0.04353693125
2 0.9521484375 0 0.9521484375 0.0290364578125 0.9733072921874999 0.0339192703125 1 0.0297046328125 1 0 0.9521484375 0
2 0.7827533140625 0 0.7845052078125 0.0192708328125 0.8024088546874999 0.02578125 0.8121744796874999 0.0485677078125 0.83984375 0.0664713546875 0.8349609375 0.0436848953125 0.8203125 0.007877604687500001 0.8193857234375 0 0.7827533140625 0
4 0.271015625 1 0.2901574796875 0.9867987203125 0.30098425156249997 0.9828617124999999 0.3054133859375 0.9769562015625001 0.3191929140625 0.9700664375000001 0.337401575 0.9567790359374999 0.34724409375 0.9469365156249999 0.35905511875 0.9400467515625 0.363976378125 0.9336491140625001 0.3585629921875 0.9129798234375001 0.3457677171875 0.8977239171875 0.33937007812500003 0.8849286421875 0.32165354375 0.8647514765625001 0.3177165359375 0.8534325781250001 0.3068897640625 0.8421136812500001 0.301476378125 0.8396530515625 0.29950787343749996 0.834731790625 0.28474409375 0.8288262796874999 0.274901575 0.8214443890625001 0.270472440625 0.8209522640625 0.25915354375 0.826857775 0.2315944875 0.831286909375 0.22864173281250003 0.8332554140624999 0.21535433125 0.8440821843749999 0.2114173234375 0.8494955703124999 0.19911417343749999 0.8568774609375 0.1631889765625 0.890834153125 0.14055118125 0.9051058078124999 0.1243110234375 0.9208538390625 0.12529527499999998 0.9262672249999999 0.13464566875 0.9469365156249999 0.1395669296875 0.952842028125 0.14694881875000002 0.972034940625 0.15580708593749998 0.9828617124999999 0.1653283578125 1 0.271015625 1
9 0.1315163265625 1 0.12185039375 0.98630659375 0.12283464531249999 0.9804010828124999 0.10856299218750001 0.9705585624999999 0.1070866140625 0.9602239171875 0.1125 0.9567790359374999 0.12185039375 0.9400467515625 0.1223425203125 0.9228223421875 0.11938976406249999 0.912487696875 0.1144685046875 0.9070743109375 0.10757874062499999 0.9046136812500001 0.0810039375 0.9031373031250001 0.0691929140625 0.9051058078124999 0.0568897640625 0.9100270671875 0.0396653546875 0.9262672249999999 0.0308070859375 0.9316806109375 0.026870078125000002 0.9370939953124999 0.024409448437500002 0.953334153125 0.0352362203125 0.9789247046874999 0.04064960625 0.9823695859375 0.0497030609375 1 0.1315163265625 1
9 0.050038028125 1 0.043602362500000005 0.9848302171875 0.035728346875 0.9784325781250001 0.0239173234375 0.9498892718749999 0.026377953125 0.934633365625 0.0322834640625 0.9302042328125 0.033267717187500004 0.925282971875 0.024409448437500002 0.9188853343750001 0.0101377953125 0.913964075 0 0.91176020625 0 0.9859356078125 0.0017716531250000001 0.9897514765625001 0.014074803124999999 0.9991018703125001 0.014793306249999999 1 0.050038028125 1
9 0.024409448437500002 0.8494955703124999 0.0253937015625 0.865735728125 0.0322834640625 0.8760703734374999 0.0352362203125 0.8844365156249999 0.0416338578125 0.88886565 0.043110235937500005 0.9041215546875 0.04704724375 0.912487696875 0.055413385937500004 0.9119955703124999 0.0691929140625 0.9055979328125 0.0726377953125 0.9011687984375 0.0790354328125 0.880991634375 0.1006889765625 0.8760703734374999 0.10856299218750001 0.8681963578125 0.1208661421875 0.8617987203125 0.126771653125 0.8534325781250001 0.1312007875 0.851464075 0.142519684375 0.8327632875000001 0.16466535468750002 0.806188484375 0.164173228125 0.8012672249999999 0.15974409375 0.7948695859375 0.1508858265625 0.793393209375 0.12037401562500001 0.7948695859375 0.10019685 0.800282971875 0.082972440625 0.8086491140625001 0.0677165359375 0.8214443890625001 0.043602362500000005 0.812586121875 0.039173228125 0.8145546265625001 0.0352362203125 0.825381396875 0.030314960937500003 0.827842028125 0.030314960937500003 0.834239665625 0.0337598421875 0.8401451765625 0.024409448437500002 0.8494955703124999
9 0 0.8332300281249999 0.0098144078125 0.8319643203125 0.0108920171875 0.828009434375 0.014074803124999999 0.8219365156249999 0.0337598421875 0.8214443890625001 0.0416338578125 0.8130782484375001 0.05 0.812586121875 0.055413385937500004 0.809633365625 0.0568897640625 0.8042199796875 0.0493631328125 0.7950789140625 0.049283603125 0.7922131593749999 0.04704724375 0.77370816875 0.048523621875 0.7687869093749999 0.0549842328125 0.7664163796875 0.070118840625 0.767851525 0.072189896875 0.7672136734375 0.07473888125 0.7506299390625 0.065339490625 0.7482380531249999 0.060826771875 0.7451648625 0.058366142187500004 0.7323695859375 0.064271653125 0.724987696875 0.0667322828125 0.7082554140624999 0.0662401578125 0.700381396875 0.063779528125 0.69841289375 0.0559055125 0.6989050203125 0.0524606296875 0.7008735234375 0.050492126562499996 0.7053026578125 0.0475393703125 0.7053026578125 0.0352362203125 0.700381396875 0.0189960625 0.6866018703125001 0.011122046875 0.6836491140625001 0.008169290625 0.6900467515625001 0 0.6958133109375 0 0.8332300281249999
9 0.0568897640625 0.8179995078125 0.067224409375 0.8219365156249999 0.09271332812500001 0.8034751453125001 0.1157563515625 0.7954979921875001 0.13464124375 0.7937638296875 0.156298228125 0.7930701765625 0.15974409375 0.7948695859375 0.1631889765625 0.8012672249999999 0.163681103125 0.8071727359375 0.142027559375 0.8327632875000001 0.1351377953125 0.8440821843749999 0.15334645625 0.8416215546875 0.17057086562499998 0.8337475390625 0.18484252031249998 0.8322711609375 0.18582677187500002 0.828334153125 0.1813976375 0.8194758859375 0.17155511875 0.80471210625 0.16811023593750002 0.803235728125 0.16811023593750002 0.7948695859375 0.1661417328125 0.790932578125 0.154822834375 0.78601131875 0.1489173234375 0.7796136812500001 0.15906060625000001 0.7698040859375 0.164173228125 0.76681840625 0.1651574796875 0.7623892718749999 0.1631889765625 0.755991634375 0.15580708593749998 0.7554995078125 0.1489173234375 0.7623892718749999 0.1321850390625 0.7687869093749999 0.1371062984375 0.7618971453125 0.132677165625 0.747133365625 0.1380905515625 0.7417199796875 0.133169290625 0.737782971875 0.12283464531249999 0.737290846875 0.10757874062499999 0.73925935 0.0962598421875 0.7431963578125 0.092322834375 0.7476254921875001 0.079527559375 0.7554995078125 0.0755905515625 0.7682947828125 0.051476378125 0.76681840625 0.0475393703125 0.7687869093749999 0.04655511875 0.774692421875 0.0495078734375 0.7948695859375 0.057381889062500004 0.8042199796875 0.0568897640625 0.8179995078125
9 0.20748031562499997 0.82931840625 0.21240157499999998 0.831286909375 0.2478346453125 0.82981053125 0.264074803125 0.8234128937499999 0.26998031562499997 0.818491634375 0.287204725 0.8160310046875001 0.2940944875 0.81110974375 0.3270669296875 0.8071727359375 0.3339566921875 0.8243971453125001 0.342322834375 0.837684546875 0.37234252031250004 0.87360974375 0.38120078749999997 0.8765625 0.392027559375 0.8726254921875001 0.3915354328125 0.8583538390625 0.41072834687500004 0.8681963578125 0.4181102359375 0.868688484375 0.42155511875 0.8583538390625 0.42253937031250005 0.8307947828125 0.43582677187499996 0.7992987203124999 0.43730315 0.7801058078125 0.4353346453125 0.7712475390625 0.399901575 0.7491018703125001 0.30639763750000004 0.6998892718749999 0.27244094531249996 0.6880782484375 0.2665354328125 0.687586121875 0.25964566875 0.6890625 0.25620078749999997 0.69201525625 0.25472440937499996 0.7156373031250001 0.2507874015625 0.718590059375 0.24143700781250002 0.719082184375 0.23602362187499998 0.721542815625 0.2212598421875 0.7412278546875 0.216830709375 0.7845349406250001 0.2104330703125 0.81701525625 0.2064960625 0.82636565 0.20748031562499997 0.82931840625
4 0 0.9087817734374999 0.0185039375 0.9164247046874999 0.04064960625 0.92380659375 0.045078740625 0.9218380906249999 0.05344488125 0.9129798234375001 0.04704724375 0.9129798234375001 0.04704724375 0.9085506890625 0.0440944875 0.9055979328125 0.042618110937499995 0.88886565 0.0411417328125 0.8864050203125 0.0367125984375 0.8854207671875001 0.03425196875 0.878038878125 0.0258858265625 0.8662278546875 0.024901575000000002 0.8583538390625 0.021948818749999998 0.8534325781250001 0.013582676562500002 0.8465428156250001 0.006692914062499999 0.834731790625 0 0.83264025625 0 0.9087817734374999
10 0.829078125 1 0.8279296875 0.9958984375 0.84208984375 0.98564453125 0.85478515625 0.96953125 0.86064453125 0.9568359375 0.866015625 0.9373046875 0.87236328125 0.88603515625 0.871875 0.8376953125 0.86845703125 0.811328125 0.8650390625 0.79912109375 0.85771484375 0.78203125 0.84404296875 0.7625 0.75419921875 0.7625 0.7400390625 0.776171875 0.73369140625 0.7859375 0.7234375 0.80693359375 0.717578125 0.82548828125 0.705859375 0.88115234375 0.70244140625 0.9216796875 0.70341796875 0.9421875 0.70537109375 0.95537109375 0.71025390625 0.96904296875 0.71806640625 0.9822265625 0.72587890625 0.991015625 0.7228160515625001 1 0.829078125 1
13 0.6990234375 0.8220703125 0.71318359375 0.81083984375 0.7224609375 0.7986328125 0.7302734375 0.79228515625 0.74150390625 0.7732421875 0.75029296875 0.76298828125 0.4626953125 0.7625 0.47099609375 0.79130859375 0.47978515625 0.80693359375 0.48076171875 0.8123046875 0.50419921875 0.83427734375 0.51787109375 0.83818359375 0.53984375 0.830859375 0.56767578125 0.8298828125 0.5896484375 0.83427734375 0.6130859375 0.8435546875 0.653125 0.8376953125 0.68046875 0.8298828125 0.6990234375 0.8220703125
10 0.455859375 0.9353515625 0.4587890625 0.9177734375 0.46611328125 0.89384765625 0.4744140625 0.87822265625 0.48662109375 0.862109375 0.51396484375 0.83916015625 0.51396484375 0.8376953125 0.4978515625 0.8298828125 0.4919921875 0.8220703125 0.487109375 0.8220703125 0.4390625 0.8614229906249999 0.4390625 0.9876981031250001 0.45634765625 0.97880859375 0.455859375 0.9353515625