15 0.25020619375 0 0.1755454578125 0.0120821828125 0.1700752203125 0.0785119625 0.1571012640625 0.1345521703125 0.1973782640625 0.17761157656249998 0.2319894546875 0.190625 0.2567260578125 0.190625 0.2757819078125 0.18525419062499998 0.293115396875 0.1670194671875 0.321875 0.10509903437499998 0.321875 0.0462656328125 0.3028871203125 0.0175914 0.2686663125 0 0.25020619375 0
15 0.45 0 0.315625 0 0.315625 0.034608834375 0.3244732671875 0.04833736875 0.3611098265625 0.0787124640625 0.409215715625 0.0875 0.422486478125 0.0875 0.45 0.080437896875 0.45 0
15 0.263614440625 0.2561830859375 0.3310279 0.303125 0.3413187671875 0.303125 0.359406865625 0.2975409359375 0.3790591 0.2840784140625 0.38125 0.2794047625 0.38125 0.267943796875 0.3482281 0.2379053984375 0.322844159375 0.195765565625 0.34718414375 0.1281903296875 0.34490630312500004 0.1203125 0.34476474375 0.1203125 0.3029429609375 0.1343406015625 0.2930811625 0.1643901765625 0.27717896875000003 0.182185665625 0.260446103125 0.18847189375 0.2533850125 0.20970099375 0.263614440625 0.2561830859375
15 0.45 0.2148273921875 0.399720534375 0.2416705296875 0.3828125 0.2776757546875 0.3828125 0.28124684843750003 0.4034413734375 0.2953125 0.42633994218750004 0.2953125 0.45 0.27935100625 0.45 0.2148273921875
15 0.3385202375 0.3296875 0.378125 0.30484120312499996 0.378125 0.2969523328125 0.33779241875 0.30422994999999997 0.3123150140625 0.2833755390625 0.2387712265625 0.31021995156250004 0.22390712031249999 0.3296875 0.3385202375 0.3296875
15 0.22213369218749998 0.3296875 0.2341384359375 0.31570143125 0.270501621875 0.29744737187500003 0.2723458578125 0.2752920046875 0.28125 0.2758727140625 0.28125 0.27308102968750003 0.2717548078125 0.2670032203125 0.253348771875 0.2249641359375 0.171531796875 0.206015303125 0.1563174359375 0.2087356609375 0.14362103125 0.22275805625 0.1308180015625 0.307313034375 0.13188189374999998 0.32223285 0.14080715625 0.32735256874999996 0.141726675 0.3296875 0.22213369218749998 0.3296875
3 1 0 0.9055700078125 0 0.90308745625 0.015433206250000001 0.8771416171875 0.1443027921875 0.8719259296875 0.15933314375000002 0.8674540437499999 0.22055446875 0.8686663093749999 0.22407575937500002 0.8868806390625 0.22117011406249998 0.8943273328124999 0.2217156921875 0.8976177406249999 0.224245078125 0.9144161609375001 0.24492649375000003 0.9170036734375 0.24996191250000002 0.9164332265624999 0.256986975 0.9194384093749999 0.26302889375 0.9247497921875001 0.2703125 0.938394040625 0.2703125 0.9713919859375 0.238231315625 1 0.21624049531249998 1 0
3 0.80675735 0.3296875 0.8138145437500001 0.318039371875 0.8368253609374999 0.289362128125 0.8438612890625 0.27727202968750003 0.8594247328125 0.2657371234375 0.866748671875 0.2501104578125 0.8671875 0.24973317343749998 0.8671875 0.23041346875 0.8129088703124999 0.1805479609375 0.758061071875 0.13574730937499999 0.717254378125 0.0981050296875 0.6770854640625 0.06501564374999999 0.6691006859374999 0.05625 0.6548170265625 0.05625 0.6523361109375 0.059311218750000005 0.63806875625 0.0673154359375 0.6129286578124999 0.10356221875 0.5927568843750001 0.12214674375000001 0.5608997046875001 0.160376209375 0.5426926328125 0.17341209375 0.540625 0.1811044265625 0.540625 0.1818112421875 0.542929275 0.18908284687500002 0.5640989875 0.2139740203125 0.5798579296875 0.21861509375 0.5880562890625 0.223212075 0.672796728125 0.2848673484375 0.7087892859375 0.3073176421875 0.7277165078125 0.322591928125 0.7331375015624999 0.3241399328125 0.739102215625 0.3296875 0.80675735 0.3296875
3 0.6984981250000001 0 0.704085325 0.013449742187499999 0.7382949546875001 0.055951229687500006 0.7405392265625 0.06492233124999999 0.750274440625 0.0853835203125 0.7731313734375 0.10293537187499999 0.790377709375 0.122445109375 0.8017000203125001 0.12947858750000002 0.8410248124999999 0.14563364843749999 0.8451661421875001 0.146875 0.8745011546875 0.146875 0.8769730687500001 0.1423600046875 0.9053187953125 0.013132401562500002 0.907484771875 0 0.6984981250000001 0
3 0.45 0 0.45 0.136543425 0.4809994421875 0.144618196875 0.5433884124999999 0.1671875 0.5672876578125 0.1671875 0.596525803125 0.1324437828125 0.6204633421875 0.10842570468749999 0.645871521875 0.072594190625 0.6597438453125 0.0654792984375 0.6653553453125 0.059344096874999995 0.6710607375000001 0.058349459375 0.7014756890625 0.08679741875 0.7109360171875 0.089936753125 0.7296875 0.071409053125 0.7296875 0.03157053125 0.7271862734375001 0.02835160625 0.7223257249999999 0.025239170312499996 0.705032225 0.02411003125 0.685433609375 0.019883400000000002 0.62799369375 0.0030994296875 0.618871821875 0 0.45 0
3 0.45 0.3296875 0.6859375 0.3296875 0.6859375 0.310189703125 0.6857423640625 0.30987890937499996 0.678526846875 0.285798396875 0.674867128125 0.2806624828125 0.5896852734375 0.2187905828125 0.5721873078125 0.2145967921875 0.5512583015625 0.189924765625 0.4779097859375 0.175 0.46895378593750003 0.175 0.46726185156250005 0.176136565625 0.4630511828125 0.196570184375 0.45 0.201410615625 0.45 0.2062869421875 0.45865333750000004 0.20677361093750002 0.4587469234375 0.21188870781250002 0.45 0.2379831421875 0.45 0.3296875
3 1 0.3296875 1 0.28148939375 0.9558347156250001 0.2601403453125 0.9478127421875 0.258036046875 0.9340563562499999 0.2697858171875 0.9299618093750001 0.26976188749999996 0.925856796875 0.2635656421875 0.92239940625 0.2620023734375 0.9156308109375001 0.244474753125 0.8982185203124999 0.23820074062500002 0.8904994671875001 0.23866998437500003 0.8868227140624999 0.23350495 0.8826661765625001 0.2328125 0.8763175421875001 0.2328125 0.8649607953124999 0.2441786421875 0.8586518562500001 0.24619919375000002 0.8591741421875 0.25237450625 0.8547245109375 0.26932221093750003 0.8570329265625001 0.27242183125 0.8532830812500001 0.2744573359375 0.83125 0.3273116171875 0.83125 0.3296875 1 0.3296875
0 0 0.5317497671875 0.041053659375 0.5868126499999999 0.047961554687500005 0.6012451171875 0.06523129062500001 0.6166729265625 0.0728008046875 0.628125 0.1061740671875 0.628125 0.11802734374999999 0.6221473109375 0.12888260625 0.613189228125 0.1390625 0.5922262515625001 0.1390625 0.5763285046875 0.1377641859375 0.5738731968749999 0.13825760625 0.5669058 0.13085629062499998 0.5634221 0.1249352390625 0.550482646875 0.110626028125 0.5315711390625 0.07312602812499999 0.4738412703125 0.0701655015625 0.465380859375 0.0642444484375 0.4628925031250001 0.054376028124999996 0.46339017499999996 0.026744448437500002 0.4738412703125 0.0045405015625 0.4897667515625 0 0.4950694609375 0 0.5317497671875
0 0.14556910781250001 0.633773803125 0.1521783484375 0.6375 0.18838514374999998 0.6375 0.190948096875 0.6373519890624999 0.2253563421875 0.6307067875 0.2597645859375 0.6276397703125 0.27073533125 0.6225280765625 0.2796875 0.60922206875 0.2796875 0.5621184328125001 0.2752233625 0.55096435625 0.2647512875 0.5386962890625 0.2539889421875 0.5328125 0.2265652640625 0.5328125 0.157038521875 0.5596542359375001 0.13958506406249999 0.5790786750000001 0.13011033125 0.6036148078125001 0.13011033125 0.614349365625 0.13459836249999999 0.6230392453125 0.14556910781250001 0.633773803125
7 0 0.486563221875 0.0212009890625 0.47182957812500004 0.0338643578125 0.46620866718750004 0.03639703125 0.46263172187499996 0.045008123437500006 0.4595657703125 0.0657760484375 0.4621207296875 0.0708413953125 0.46569767500000003 0.072867534375 0.4743845390625 0.081985159375 0.48613735468749997 0.10123348125000001 0.49175826718749993 0.12048180156249999 0.4943132265625 0.1326386359375 0.4825604109375 0.1375 0.48126984687499996 0.1375 0.466071803125 0.13719744843749998 0.4651866828125 0.1285863578125 0.451900890625 0.11693605781250001 0.4432140265625 0.1133903140625 0.4365711296875 0.09768773750000001 0.43452716250000006 0.0875570421875 0.41970839375 0.0732549015625 0.415625 0.0163328140625 0.415625 0.008537620312499999 0.4181754171875 0 0.4223428765625 0 0.486563221875
8 0.053838778125 0.3296875 0.051334831250000004 0.3336374390625 0.050346503125 0.343660053125 0.0572648015625 0.37322676875 0.05874729375 0.397782175 0.07950218906249999 0.41632401249999995 0.091362128125 0.42985454375 0.1032220671875 0.4348658515625 0.105819596875 0.4375 0.12276689375000001 0.4375 0.1264477828125 0.43536698124999995 0.14077854375 0.4193307984375 0.15461514062499998 0.39728104374999995 0.17734669218750002 0.39176860625 0.1796875 0.3897339140625 0.1796875 0.3713278390625 0.17784085624999998 0.36570980625000005 0.1796875 0.3554100796875 0.1796875 0.35456273125000004 0.15955678125 0.3356419609375 0.15214431875 0.331632915625 0.1442376921875 0.330630653125 0.14173373281249999 0.3296875 0.053838778125 0.3296875
8 0.20888041875000002 0.35782965624999996 0.1974451859375 0.35782965624999996 0.195366053125 0.354319309375 0.19224735312500002 0.3548207875 0.1865297375 0.35181191875 0.1813319046875 0.35381783125 0.17509450625 0.36234295781250003 0.1740549390625 0.3658533046875 0.1771736390625 0.37036660625 0.17509450625 0.37839025625 0.1880890875 0.3798946890625 0.185490171875 0.3869153828125 0.1901682203125 0.391428684375 0.20212323593749998 0.38892129375 0.2113482828125 0.4109375 0.22353557031250001 0.4109375 0.22447391562500002 0.41048485 0.225 0.4083821125 0.225 0.3929391984375 0.22447391562500002 0.392431640625 0.2229145671875 0.3844079921875 0.21563760156249998 0.3798946890625 0.217716734375 0.3688621734375 0.21407825156250002 0.3618414796875 0.20888041875000002 0.35782965624999996
8 0.202294921875 0.385791015625 0.190648509375 0.3867811421875 0.1531774453125 0.395692275 0.136973740625 0.40757378437499997 0.136973740625 0.41301947656250004 0.12836552343750002 0.429356553125 0.12836552343750002 0.434802246875 0.1400119359375 0.4813381625 0.1521647140625 0.48925916875 0.16077027187499998 0.4984375 0.180354953125 0.4984375 0.215625 0.4928457 0.215625 0.4116683671875 0.21546043125 0.4115342875 0.21546043125 0.40361328125 0.2103967734375 0.4011379671875 0.2103967734375 0.39519721093750004 0.20432038437500002 0.3872762046875 0.202294921875 0.385791015625
0 0.13639160156250002 0.48105246875 0.12562500000000001 0.4865456328125 0.11793457031250001 0.49603382499999993 0.114345703125 0.508018909375 0.11485839843750001 0.5205033734375 0.11280761718750001 0.5269952953125 0.126650390625 0.543974165625 0.1302392578125 0.543974165625 0.13639160156250002 0.5484685718750001 0.140911865625 0.55 0.1675919609375 0.55 0.17433105468750001 0.5469704375 0.178125 0.54242225 0.178125 0.5178816359375 0.175869140625 0.5165083453125 0.17484375000000002 0.5100164234375 0.165615234375 0.5025257453125 0.15228515625 0.48704501093749997 0.14356933593750001 0.48155184687499997 0.13639160156250002 0.48105246875
8 0.13117157968749998 0.6079020187499999 0.10299923124999999 0.6246866859375 0.089416134375 0.62773844375 0.072814571875 0.6262125656249999 0.069293028125 0.62977295 0.07231149375 0.6353678390624999 0.08036073593750001 0.6384195968749999 0.154816228125 0.6841959640624999 0.15921826875 0.6859375 0.16955519531250002 0.6859375 0.21468246875000002 0.6455403640625 0.228125 0.6369831968749999 0.228125 0.6272298171875 0.2242409453125 0.6272298171875 0.21166400312500003 0.6323160812499999 0.1608531609375 0.63740234375 0.148779296875 0.6307902015625 0.138214665625 0.6201090499999999 0.13117157968749998 0.6079020187499999
10 1 0.6339288812499999 0.982315275 0.640293715625 0.9708597015624999 0.6422096546875 0.94919033125 0.6392821468750001 0.9406539109375001 0.6357572171875 0.9177167578125001 0.635018359375 0.9086212124999999 0.631053925 0.907860540625 0.6245406093750001 0.9035370687500001 0.617956896875 0.885202946875 0.6044552421875 0.8761659156250001 0.60099183125 0.8664202249999999 0.600156575 0.8651849484374999 0.5982755140625 0.864983403125 0.59220170625 0.8724405765625001 0.5821374640625001 0.875951365625 0.5730663890625 0.8813280703124999 0.5495360109374999 0.8803658515624999 0.5369488890625 0.8763414453125 0.5242298484375001 0.872499075 0.46524090781250005 0.8698529796875001 0.4599757140625 0.866556740625 0.4578397015625 0.859047553125 0.45876247187499997 0.8313253234375001 0.47792378593749996 0.8235495765625 0.480912171875 0.817685259375 0.487223171875 0.8096169468750001 0.48770643593749996 0.8047928609374999 0.48118424062500004 0.79943565625 0.4787932765624999 0.7789365531250001 0.485886253125 0.7637946515625 0.4953701921875 0.7625 0.4970175515625 0.7625 0.506816071875 0.780646440625 0.5222675859375 0.7830454812500001 0.5428095781250001 0.778780528125 0.575859415625 0.7668568546875 0.6128996890625 0.76380766875 0.6346194046875 0.7645683421875 0.6411327203124999 0.7763294875 0.663573534375 0.7932462921875001 0.6823315015625 0.7959118937499999 0.70080788125 0.800820496875 0.7124018359375001 0.83526524375 0.759498753125 0.8533588125 0.7796367578125001 0.8801383312500001 0.8002320296875001 0.9153697515625 0.8192804718750001 0.9301475734375 0.8240712828125 0.9570028078124999 0.8375 1 0.8375 1 0.6339288812499999
10 1 0.8933155046875001 0.9972997421875001 0.8899395421874999 0.9883373875 0.8833515171874999 0.9813025609375 0.8801150796874999 0.9619158140625 0.8763463796875002 0.9181005859375 0.8607137281250001 0.8430187374999999 0.84482325625 0.8222945218750001 0.842756896875 0.7915917374999999 0.8429424140624999 0.7621411890625 0.8363096015625 0.73880104375 0.8381533203124999 0.7189684734374999 0.8349520671875 0.7081638203124999 0.8301284375 0.7002176765625 0.8147005140625 0.6961913625 0.8125 0.673165075 0.8125 0.6674365718749999 0.81462885625 0.663751975 0.8181576484375 0.658900375 0.83362075625 0.63742875 0.8383106703125 0.621733159375 0.8617711421875001 0.620913634375 0.8854536062499999 0.62531941875 0.9100317062500001 0.6294105015625 0.91875645625 0.64421445 0.9359046375 0.6484759953125 0.9548613578125 0.6680528765625 0.9821884140625 0.6901859765625 1 0.99277879375 1 1 0.9937767046874999 1 0.8933155046875001
1 1 0.838751946875 0.9724230921875 0.8411998515625001 0.9336217640625 0.8333957312500001 0.8981042875 0.8225505171874999 0.8713215953125001 0.8064062062499999 0.8507542953125 0.7721151609375 0.8437744437500001 0.7656138171875 0.7956467046875 0.7895050593749999 0.7824581109375 0.7921999343749999 0.757383821875 0.786371975 0.7341176484374999 0.7782131 0.694119771875 0.760028903125 0.6766998453124999 0.7484375 0.675 0.7484375 0.675 0.77694241875 0.69617385 0.8318971328125 0.700355115625 0.8366410906249999 0.7283476453125 0.84526444375 0.7616780984375 0.8416412796875001 0.782265340625 0.8490807765625 0.801802278125 0.851912965625 0.8354318656249999 0.850884821875 0.8574350203125001 0.857095134375 0.9130345281250001 0.8664930578125001 0.9545315890625 0.8828125 0.987346178125 0.8828125 1 0.8668616453125001 1 0.838751946875
4 1 0.7471848203125 0.9756866531250001 0.7203738390625001 0.9679781359374999 0.715625 0.9615148375 0.715625 0.9547422890625 0.7291786578125 0.9468228265625 0.7285842609375 0.9424208921874999 0.7312041390624999 0.9390625 0.7392188171875 0.9390625 0.7400572750000001 0.9489668453124999 0.7423774437499999 0.964966575 0.7716566953124999 0.9824939140625 0.787214875 0.99272734375 0.803125 1 0.803125 1 0.7471848203125
13 0.784534428125 0.57516209375 0.7888263703125 0.546240115625 0.7870462984375 0.5312395484375 0.7464672968749999 0.5320895703125 0.7329123953125001 0.5306857171875 0.73125 0.5333181265625 0.73125 0.5345014125 0.7338353984375 0.5731784624999999 0.7462827078125001 0.6173206406249999 0.775862184375 0.68125 0.7953125 0.68125 0.7953125 0.677860796875 0.7793920140624999 0.6620071453125 0.770155428125 0.636242878125 0.7721003171875 0.6309357171875 0.7719354921875 0.6121894390625 0.784534428125 0.57516209375
13 1 0.45009252968749996 0.9995704890624999 0.4499108140625 0.9833292015625 0.4395317296875 0.9753113515624999 0.4374201734375 0.9640837078125 0.4300345484375 0.9653835390625 0.4190589625 0.9532274421875 0.408181075 0.94121724375 0.40295135625 0.9258737125 0.4 0.9228266609375 0.4 0.9182977328125 0.40626491875 0.9069241937499999 0.43289300937499997 0.880469934375 0.5030846953125 0.8787987265625 0.5285281296875001 0.8833216171875 0.5449738328125 0.880874484375 0.563815846875 0.8737121375000001 0.5822034078125 0.8662845203125 0.5939271984375 0.8602429453125 0.59981576875 0.85144254375 0.59986011875 0.8509584234375 0.6045550328125 0.8629553578125 0.6272994093750001 0.8725316843750001 0.6338564812499999 0.8985349859374999 0.643558715625 0.908535746875 0.6449130703125 0.9187487234375 0.643666065625 0.923559834375 0.6453125 0.9860986 0.6453125 1 0.6393441109375 1 0.45009252968749996