1 0.2236145015625 0 0.190380859375 0.06767578125 0.147900390625 0.1482421875 0.107861328125 0.23125 0.108349609375 0.23759765625 0.110791015625 0.2400390625 0.202587890625 0.27568359375 0.286083984375 0.31279296875 0.3288278296875 0.328125 0.3386985921875 0.328125 0.374951171875 0.25126953125 0.390087890625 0.21416015625 0.395947265625 0.194140625 0.404736328125 0.17900390625 0.412548828125 0.15751953125 0.425244140625 0.131640625 0.435986328125 0.0974609375 0.4609375 0.032493735937500004 0.4609375 0.026462401562499998 0.451611328125 0.022265625 0.425244140625 0.01982421875 0.396435546875 0.01396484375 0.3541178390625 0 0.2236145015625 0
11 0.2607584640625 0.3796875 0.257373046875 0.3720703125 0.255419921875 0.359375 0.249072265625 0.3505859375 0.247119140625 0.32861328125 0.243701171875 0.3203125 0.234912109375 0.30859375 0.231005859375 0.29833984375 0.221240234375 0.28564453125 0.205615234375 0.27685546875 0.107470703125 0.236328125 0.109423828125 0.22607421875 0.179736328125 0.09326171875 0.183642578125 0.08447265625 0.183642578125 0.07763671875 0.165576171875 0.0751953125 0.134814453125 0.0810546875 0.129443359375 0.076171875 0.112841796875 0.07470703125 0.071337890625 0.08837890625 0.054248046875 0.09765625 0.046435546875 0.10400390625 0.041552734375 0.12060546875 0.038134765625 0.14501953125 0.036669921875 0.19140625 0.032275390625 0.22021484375 0.032275390625 0.2490234375 0.041064453125 0.36767578125 0.042300953125 0.3796875 0.2607584640625 0.3796875
4 0.509375 0.09607421875 0.507421875 0.09560546875 0.49423828125 0.0853515625 0.47763671875 0.08486328125 0.4673828125 0.08779296875 0.4556640625 0.094140625 0.448828125 0.094140625 0.44541015625 0.0921875 0.43955078125 0.0931640625 0.43515625 0.0990234375 0.4126953125 0.1625 0.40634765625 0.1703125 0.38828125 0.21572265625 0.36337890625 0.2708984375 0.35947265625 0.28212890625 0.36044921875 0.28896484375 0.3912109375 0.30361328125 0.40341796875 0.30458984375 0.43369140625 0.29384765625 0.478125 0.262109375 0.48935546875 0.2591796875 0.50400390625 0.24501953125 0.509375 0.242333984375 0.509375 0.09607421875
18 0.509375 0.031847562499999996 0.499560546875 0.02919921875 0.4861165359375 0.0234375 0.4857666015625 0.0234375 0.456591796875 0.04677734375 0.452685546875 0.05263671875 0.451708984375 0.06142578125 0.458056640625 0.09072265625 0.471240234375 0.08828125 0.497119140625 0.0892578125 0.504443359375 0.09658203125 0.509375 0.09746268125 0.509375 0.031847562499999996
1 1 0.0144390203125 0.9858072906250002 0.006396484375 0.9687174468750002 0.035693359375 0.9711588531250002 0.019417317187499998 0.95732421875 0.023486328125 0.95 0.0251139328125 0.9532552078125001 0.0389485671875 0.94267578125 0.035693359375 0.9320963531250002 0.033251953125 0.9190755203125001 0.0389485671875 0.8824544265625001 0.051155598437500005 0.87431640625 0.054410807812499996 0.86455078125 0.08370768281249999 0.8555989578125001 0.123583984375 0.8442057281249999 0.1488118484375 0.8482747390625001 0.16915690156250002 0.84013671875 0.187060546875 0.8458333328125001 0.2057779953125 0.8539713531249999 0.226123046875 0.8507161453125001 0.2415852859375 0.8767578125 0.2879720046875 0.8832682281249999 0.28634440156249996 0.9507766203125 0.375 0.9509738500000001 0.375 0.998828125 0.360400390625 1 0.36020755000000004 1 0.0144390203125
9 1 0.068342028125 0.9994934078124998 0.06796875 0.993084715625 0.0633911125 0.9839294437500001 0.06552734375 0.97965698125 0.07071533125 0.9668396000000001 0.078649903125 0.9579895015624998 0.089025878125 0.9521911625000001 0.101232909375 0.9479187 0.110388184375 0.946875 0.1171722328125 0.946875 0.1183986109375 0.9488342281249998 0.11923828125 0.958905028125 0.11710205 0.9628723140624998 0.11466064375 0.9683654781249998 0.115270996875 0.97965698125 0.108557128125 0.9875915531250001 0.120153809375 0.99430541875 0.120153809375 1 0.12250591875000001 1 0.068342028125
4 0.8707824703125 0.0646911609375 0.866204834375 0.078424071875 0.868773859375 0.08125 0.8700599062500001 0.08125 0.8872619625 0.06987915 0.9037414546875 0.063775634375 0.9156433093749999 0.054925535937500006 0.9254089343749999 0.0485168453125 0.9379211421874999 0.0439392078125 0.946875 0.040021896875000004 0.946875 0.0391414875 0.9424987781249999 0.0363098140625 0.9299865718749999 0.037225342187499996 0.9159484859374999 0.0366149890625 0.8927551265625 0.046685790625 0.8753601062499999 0.0533996578125 0.8707824703125 0.0646911609375
4 0.9035815328125001 0 0.903891225 0.0164137609375 0.9129056484374999 0.0224233765625 0.92079326875 0.022047778125 0.9291316125 0.0234375 0.9301175609375001 0.0234375 0.9380709125 0.020545371875 0.9478365375 0.017916165625 0.9474609375 0.013033353125 0.9504657453124998 0.00439453125 0.9529959296874999 0 0.9035815328125001 0
9 0.8775165265625 0.035494290625 0.88751775625 0.046875 0.8915237578124999 0.046875 0.904559796875 0.042630709375 0.9139498203125 0.0351186890625 0.9171875 0.031418484375 0.9171875 0.0223482578125 0.9105694124999999 0.0223482578125 0.9034329937500001 0.0167142421875 0.8944185703125 0.008451021875 0.8921649640625 0.0163386421875 0.882774940625 0.026104267187500002 0.8775165265625 0.035494290625
9 0.9539611546875001 0 0.9469876796874999 0.0123722953125 0.9488656843750001 0.0191331125 0.9526216937499999 0.021762318750000002 0.9593825125000001 0.024391526562499998 0.9695237375 0.018006309374999998 0.97440655 0.022513521875 0.9685550734374999 0.0359375 0.9689341125 0.0359375 0.9834209734375001 0.01650390625 0.9859375 0.013232421875 0.9859375 0.006353289062500001 0.9856745796874999 0.0052358765625 0.9804161656249999 0.0029822718750000003 0.97418050625 0 0.9539611546875001 0
11 0.44296875 0.8149057546874999 0.439496528125 0.8089533734375 0.43255208125 0.804241071875 0.4211433515625 0.8005208343749999 0.40750247812499996 0.798040675 0.3807167640625 0.797792659375 0.3440104171875 0.801512896875 0.3308655734375 0.804241071875 0.2934151765625 0.8084573421875 0.280022321875 0.8126736109374999 0.26985366875 0.8186259921874999 0.2606770828125 0.82879464375 0.24728422656250001 0.8344990078125001 0.2507564484375 0.8404513890625 0.2505084328125 0.8439236109374999 0.242819940625 0.8531001984375 0.23785962343749997 0.8630208343749999 0.234139384375 0.8684771828125001 0.2311631953125 0.8709573421875 0.2296751 0.8744295640625002 0.22992311562499998 0.8808779765625001 0.2319072421875 0.885590278125 0.23314732187499998 0.8945188500000001 0.23314732187499998 0.901215278125 0.22769097187499998 0.9165922625 0.2279389890625 0.93271329375 0.2336433515625 0.9473462312500001 0.2336433515625 0.9550347218749999 0.2351314484375 0.9614831359375 0.23488343281250001 0.9714037703125001 0.2368675578125 0.9746279765625001 0.23779761718749998 0.975 0.24787327343749999 0.975 0.2529885921875 0.9746279765625001 0.2713417640625 0.9691716281249999 0.289446925 0.9676835328125 0.2921751 0.9649553578125001 0.33706597031249996 0.9535466281249999 0.34227430625 0.9535466281249999 0.3499627984375 0.951314484375 0.373772321875 0.9503224203125 0.3968377984375 0.9535466281249999 0.42932787499999997 0.954290675 0.4365203375 0.9478422625 0.44495287499999997 0.9314732140625 0.449169146875 0.9252728171874999 0.4523933515625 0.907415675 0.45625 0.9008366890625 0.45625 0.8901925234375 0.4526413671875 0.8816220234374998 0.451153271875 0.8652529765625001 0.448673115625 0.8555803578125001 0.44892113125 0.83896329375 0.4476810515625 0.82879464375 0.44296875 0.8149057546874999
0 0.2109375 0.7558159718749999 0.202504959375 0.73820684375 0.2032490078125 0.7265500984375001 0.20052083281250002 0.7176215265625 0.20027281718749998 0.712165178125 0.198288690625 0.7089409718749999 0.19308035625 0.706708828125 0.17919146875 0.7047247015625 0.14868551562500001 0.7047247015625 0.129836309375 0.70596478125 0.11123511875 0.70869295625 0.10106646875 0.7111731140625001 0.093129959375 0.716381446875 0.08494543593750001 0.72431795625 0.08469742031250001 0.727790178125 0.0896577375 0.7578000984375001 0.0943700390625 0.7969866062500001 0.09635416718749999 0.8078993046875 0.09759424531250001 0.8093874 0.10999503906250001 0.811867559375 0.1248759921875 0.8168278765625001 0.151165675 0.8232762890625 0.1766214078125 0.828125 0.182564446875 0.828125 0.189112103125 0.827988590625 0.1953125 0.8262524796874999 0.204737103125 0.8260044640625 0.2186259921875 0.8210441453125 0.21875 0.82042410625 0.21875 0.8173652453125001 0.21688988125000003 0.8113715265625 0.21688988125000003 0.784833828125 0.2146577375 0.77764136875 0.21143353125000003 0.7729290671875 0.2124255953125 0.7637524796875 0.2109375 0.7558159718749999
10 0.509375 0.69368515 0.49859870937500006 0.6945684515625 0.49041418593749997 0.692832340625 0.48570188437499995 0.6940724203124999 0.482477678125 0.69853670625 0.4787574390625 0.6990327375 0.43733878906249996 0.6834077375 0.41328125 0.6724950390625001 0.4026165671875 0.6687748015625 0.395672121875 0.667534721875 0.38203125 0.667534721875 0.3659102171875 0.670262896875 0.314322915625 0.67373511875 0.24487847187499998 0.677207340625 0.2009796625 0.6777033734375 0.1890749 0.6819196421875 0.18461061406249998 0.685887896875 0.18188243906249998 0.6906001984375 0.1784102171875 0.7072172609375 0.17890625 0.7352430546875001 0.1806423609375 0.7416914671875 0.1816344234375 0.754836309375 0.185106646875 0.773685515625 0.18957093125 0.7883184515625 0.19428323281249998 0.7955109125 0.20048362968750003 0.801215278125 0.21139632812500003 0.8061755953125 0.216634425 0.8078125 0.228253771875 0.8078125 0.264471725 0.802207340625 0.2781125984375 0.801959325 0.317547121875 0.8039434515625 0.361197915625 0.799479165625 0.39542410625 0.79873511875 0.41526537656249995 0.79501488125 0.42171378906249996 0.79228670625 0.4400669640625 0.780629959375 0.46710069374999996 0.7662450390625001 0.4745411703125 0.7600446421875 0.47528521718750005 0.755332340625 0.4795014875 0.75186011875 0.4876860109375 0.7506200390625001 0.49686259843749997 0.7533482140625 0.509375 0.7528760484375 0.509375 0.69368515
7 0.37528521718749996 0.940773809375 0.3869419640625 0.9387896828125001 0.3976066453125 0.9350694453124999 0.4134796625 0.9318452390624999 0.417943946875 0.9271329375 0.4246403765625 0.9159722218749999 0.42960069375 0.8956349203125 0.4288566453125 0.8864583343749999 0.427120534375 0.8802579375 0.42340029687499997 0.875049603125 0.411495534375 0.8638888890625 0.4003348203125 0.856200396875 0.38545386875 0.849255953125 0.382477678125 0.847023809375 0.38297370937499997 0.8457837296874999 0.38942212187499997 0.843303571875 0.3923983125 0.8408234125 0.39562251875 0.83487103125 0.3968625984375 0.8271825406249999 0.3951264875 0.8147817468749998 0.3879340265625 0.8078373015625001 0.3795014875 0.8085813500000001 0.3658606140625 0.8070932546874999 0.34254712187499997 0.8083333343749999 0.3286582328125 0.8108134921874999 0.3170014875 0.8135416671875 0.31129712187499997 0.8165178578125001 0.2998883921875 0.8202380953125001 0.29046378906250003 0.821726190625 0.24854910624999998 0.8331349203125 0.24730902656249998 0.8356150796874999 0.2569816453125 0.843799603125 0.25574156718749996 0.862152778125 0.2545014875 0.8641369046874999 0.2500372015625 0.8666170640625002 0.24879712187499997 0.8695932546874999 0.24879712187499997 0.8760416671875 0.2517733125 0.8921626984375 0.252021328125 0.9033234125 0.25425347187499997 0.909027778125 0.254749503125 0.9132440484375 0.2597098203125 0.921924603125 0.26144593125000004 0.93134920625 0.2646701375 0.9380456359375 0.280543153125 0.9583829375 0.2847594234375 0.962351190625 0.290137825 0.965625 0.31035466093749997 0.965625 0.339818946875 0.9549107140625 0.34403521718749996 0.9524305562500001 0.3499875984375 0.9509424609374999 0.3546999 0.9482142859374999 0.3658606140625 0.9452380953125001 0.37528521718749996 0.940773809375
0 0.09286954375 0.8088541656250001 0.0849330359375 0.8093501984374999 0.0755084328125 0.8123263890625001 0.067571925 0.817038690625 0.0611235125 0.8232390875 0.05417906875 0.83291170625 0.0477306546875 0.8468005953125001 0.0440104171875 0.861185515625 0.04425843125 0.8830109125 0.04698660625 0.8936755953125001 0.051450893750000004 0.9028521828125001 0.055419148437499996 0.90830853125 0.0631076390625 0.9150049593750001 0.067571925 0.917237103125 0.08146081250000001 0.92120535625 0.15983382968749998 0.9286458328125 0.1834015546875 0.9296875 0.2074795828125 0.9296875 0.2141493046875 0.9274057531250002 0.22431795625 0.920957340625 0.233742559375 0.907564484375 0.23721478281250002 0.8996279749999999 0.2375 0.8905580593749999 0.2375 0.85818321875 0.233742559375 0.8502728171874999 0.2272941484375 0.842832340625 0.2156374 0.8376240078125001 0.18761160625 0.8319196421874999 0.1052703375 0.8105902765625 0.09286954375 0.8088541656250001
2 0.169763321875 1 0.1733134921875 0.9958581343749999 0.181994046875 0.9784970234374999 0.1832341265625 0.9651041671874999 0.18224206406250001 0.9593998015625 0.178521825 0.9487351187499999 0.17430555625 0.94228670625 0.169097221875 0.9368303578125001 0.1614087296875 0.9316220234374999 0.15595238125 0.92938988125 0.14404761875 0.9276537703125001 0.13685515937499998 0.9276537703125001 0.12867063437499998 0.9286458328125 0.121478175 0.9308779765625002 0.11031746093749999 0.9380704359374998 0.1043650796875 0.9442708328125 0.100148809375 0.9507192453125001 0.096924603125 0.9586557546875 0.0949404765625 0.967584325 0.0946924609375 0.9787450390625001 0.09642857187500001 0.9879216265625 0.100148809375 0.9956101187499999 0.1034412203125 1 0.169763321875 1
0 0.509375 1 0.509375 0.9377515593750001 0.5041666671875 0.93583829375 0.4863095234375 0.9380704359374998 0.4672123015625 0.9430307546875 0.43670634843749995 0.9489831343749999 0.4295138890625 0.9539434531250001 0.4205853171875 0.9546875 0.419097221875 0.9559275796875 0.41810515937500004 0.9591517859375 0.4178571421875 0.9616319437499999 0.4205853171875 0.967584325 0.42579365156250004 0.973040675 0.4270337296875 0.9784970234374999 0.4267857140625 0.9846974203125001 0.42281746093750006 0.9879216265625 0.421825396875 0.9901537703125001 0.42256944374999994 0.995362103125 0.42455357187500004 0.99833829375 0.427995678125 1 0.509375 1
1 1 0.43790545312500007 0.9937830609375 0.4375 0.9789682546874999 0.4375 0.9756944453124999 0.438045634375 0.9697420640625001 0.440773809375 0.909722221875 0.4948412703125 0.8539186515624999 0.5479166671875 0.84970238125 0.5538690468749999 0.8474702390625 0.5608134921875 0.84970238125 0.5883432546874999 0.849454365625 0.5985119046875 0.8482142859374999 0.6049603171875 0.8425099203125 0.6166170640624999 0.8395337296875001 0.6195932546874999 0.834325396875 0.622321428125 0.8323412703124999 0.6243055562500001 0.830853175 0.62802579375 0.8330853171874999 0.6972222218749999 0.837549603125 0.7542658734375 0.8392857140625001 0.7676587296875 0.84052579375 0.7698908734375 0.8643353171874999 0.7852678578125001 0.8710317468750001 0.7922123015625 0.875248015625 0.7989087296874999 0.87822420625 0.8073412703125001 0.8794642859374999 0.8165178578125001 0.8787202390625 0.8259424609374999 0.8759920640625 0.8366071421874999 0.877728175 0.8398313484374998 0.8791170640624999 0.840625 0.9104067453125001 0.840625 0.9236111109374999 0.8400793656250001 0.968171296875 0.840625 0.9897321390624999 0.840625 1 0.8402447093750001 1 0.43790545312500007
1 0.509375 0.3796875 0.509375 0.487816715625 0.5182291671875 0.49126984062499995 0.527405753125 0.49623015937500004 0.548983134375 0.5116071421875 0.5631200390625 0.5200396828125 0.573288690625 0.524751984375 0.58916170625 0.5269841265624999 0.60106646875 0.5314484125 0.607266865625 0.5349206343749999 0.6099950390625001 0.5386408734375 0.6102430546875001 0.5421130953125 0.616939484375 0.5470734125 0.6471974203124999 0.56220238125 0.6788808562499999 0.5765625 0.688206846875 0.5765625 0.68936011875 0.5763392859375001 0.7017609125 0.5701388890625 0.7218501984375 0.5582341265624999 0.7337549609374999 0.5527777781250001 0.745163690625 0.5458333328125 0.7593005953125 0.5391369046875 0.7808779765625 0.5264880953125 0.8029513890625001 0.5173115078125 0.8096478171874999 0.5168154765625 0.8160962296875001 0.5200396828125 0.8247767859374999 0.5267361109375 0.8346974203125 0.538144840625 0.84188988125 0.5507936515624999 0.8436259921874999 0.5520337296875 0.851810515625 0.5517857140625 0.8984375 0.5073908734375 0.9192708328125001 0.4892857140625 0.9234375 0.48373015781250006 0.9234375 0.4795469578125 0.9215029765625001 0.4758928578125 0.908358134375 0.4639880953125 0.8934771828125001 0.45332341249999997 0.8783482140625001 0.4359623015625 0.857762896875 0.42083333281249996 0.849082340625 0.41240079375 0.8359375 0.4047123015625 0.8245287703124999 0.3915674609375 0.81050030625 0.3796875 0.509375 0.3796875
0 0.8014756953125 0.5165922625 0.771465775 0.5309771828125001 0.752864584375 0.54188988125 0.743191965625 0.5461061515625 0.7357514890625 0.551314484375 0.724342759375 0.5562748015625 0.7178943453125 0.5607390875 0.69755704375 0.570659721875 0.6828125 0.5798448484375001 0.6828125 0.5807891015625 0.683916171875 0.5828125 0.703509425 0.6031498015625 0.7201264890625 0.626711309375 0.7285590281250001 0.6430803578125 0.7330233140625 0.6480406750000001 0.7360276875 0.653125 0.7487258203125 0.653125 0.76005704375 0.651016865625 0.7635292671875 0.648784721875 0.771217759375 0.648288690625 0.8242931531250001 0.62646329375 0.8426463296875 0.6167906750000001 0.8481026796875 0.6091021828125001 0.85 0.6006504749999999 0.85 0.5784846203125 0.846614584375 0.564459325 0.8386780765624999 0.545858134375 0.8277653781250001 0.529737103125 0.818588790625 0.5213045640625 0.8109002984375 0.51708829375 0.8014756953125 0.5165922625
0 0.7376860125 0.655406746875 0.7376860125 0.6571428578124999 0.7421502984374999 0.6658234125 0.749342759375 0.6841765875 0.7580233140624999 0.709226190625 0.7609995046875 0.7283234125 0.7605034734375 0.7444444453125 0.75703125 0.7573412703125 0.753559028125 0.7645337296875001 0.749590775 0.7699900796875 0.740166171875 0.77743055625 0.734213790625 0.784623015625 0.7280133937500001 0.787103175 0.7064360125 0.802728175 0.70625 0.8044022890625001 0.70625 0.8051729 0.7079241078124999 0.8109126984374999 0.7109002984374999 0.8163690484374999 0.7129009578125001 0.8171875 0.7320163703125 0.8171875 0.7458705359375 0.8138888890625001 0.7478546640625 0.8076884921874999 0.749838790625 0.793799603125 0.7540550609375 0.7838789687500001 0.762735615625 0.7732142859375 0.768191965625 0.7697420640624999 0.7858010921874999 0.7642857140625 0.800434028125 0.7632936515625 0.8143229171874999 0.7632936515625 0.8368923625000001 0.7680059531250001 0.8390625 0.7667038703125 0.8390625 0.7623081078125 0.8346602187500001 0.7025297625 0.8321800609375 0.6430059531250001 0.8314360125 0.638045634375 0.8306919656249999 0.63680555625 0.8292038703125 0.63680555625 0.7376860125 0.655406746875
0 0.8374255953125 0.767819940625 0.8284970234374999 0.7653397828124999 0.8131200406250001 0.7623635921874999 0.79873511875 0.7623635921874999 0.7823660718750001 0.7640997031250001 0.7717013890625 0.767571925 0.760540675 0.7747643859375 0.7565724203124999 0.7787326390625 0.75186011875 0.785677084375 0.7488839296875 0.7933655765625 0.747395834375 0.8008060531249999 0.7402033734375 0.848673115625 0.7406994046875 0.8618179578125 0.7439236109375 0.8702504968749999 0.7503720234375 0.879923115625 0.757068453125 0.88562748125 0.7724454375 0.895548115625 0.7873263890625 0.9010044656249999 0.7991071390625001 0.903125 0.829978925 0.903125 0.8307291671874999 0.9029885921874999 0.8520585328125 0.8938120046875 0.8594990078125001 0.8876116078125001 0.864211309375 0.8811631953125 0.8676835328125 0.8714905765625 0.8714037703124999 0.8504092265625001 0.8796875 0.8224812265625001 0.8796875 0.8102306468750001 0.87958829375 0.80750248125 0.8773561515624999 0.8000620046875 0.8718998015625001 0.7908854171875 0.8654513890625001 0.7839409734375 0.854042659375 0.77575645 0.8374255953125 0.767819940625
0 0.701909721875 0.5995783734375 0.6820684515625001 0.5794890875 0.6753720234375 0.5740327375 0.66768353125 0.569568453125 0.6540426578125 0.5636160718750001 0.6319692453125001 0.5559275796875001 0.6163442453125001 0.5477430562500001 0.589806546875 0.53856646875 0.5816220234375 0.5373263890625 0.58038194375 0.5398065484375 0.5826140875 0.5432787703125 0.582366071875 0.5455109125 0.5759176578125 0.5556795640625001 0.570461309375 0.560391865625 0.5684771828125 0.5658482140625 0.5662450390625 0.59561011875 0.5692212296875 0.6003224203124999 0.570461309375 0.604538690625 0.5709573406249999 0.617435515625 0.5632688484375 0.6484375 0.5588045625 0.6618303578125 0.5508680546875 0.676215278125 0.5501240078125 0.6876240078125 0.548387896875 0.6898561515624999 0.5431795625 0.6933283734375 0.5411954359375 0.69754464375 0.5414434515625001 0.7034970234375 0.54541170625 0.72061011875 0.5573164687500001 0.757564484375 0.5689732140625 0.7868303578125 0.577405753125 0.8022073421875 0.5843501984375 0.8123759921874999 0.59228670625 0.8215525796875 0.6027033734375 0.8289930562500001 0.6051835296875 0.8296875 0.6190724234375 0.8296875 0.6280009921875 0.826512896875 0.6438740078125 0.8178323421875 0.68603670625 0.814112103125 0.7120783734374999 0.7999751984375 0.7309275796875 0.7873263890625 0.7353918640625 0.7853422625 0.7510168640625 0.769965278125 0.75771329375 0.7595486109375 0.7621775796875 0.7441716265625 0.7625 0.73922784375 0.7625 0.728125 0.7621775796875 0.7245783734375 0.7599454359375001 0.7119295640625 0.7500248015625 0.68291170625 0.7403521828125 0.6593501984375 0.7197668640625 0.6246279765625 0.701909721875 0.5995783734375
0 1 0.8874888390625 0.9965525796874999 0.8824900796874999 0.986383928125 0.8735615078125001 0.9724950390625 0.865376984375 0.957862103125 0.85967261875 0.9509176593750001 0.8559523812500001 0.9196676593750001 0.84404761875 0.904290675 0.8415674609374999 0.8777529765625001 0.84131944375 0.8745287703125 0.8428075390625 0.8727926593750001 0.84677579375 0.8683283734374999 0.8604166671875 0.8663442453125001 0.8740575390625 0.86336805625 0.88125 0.8546875 0.8914186515625001 0.8442708328125 0.896875 0.841790675 0.8991071421874999 0.842038690625 0.90009920625 0.84774305625 0.9055555562500001 0.8777529765625001 0.9288690468749999 0.9060267859375 0.95342261875 0.92686011875 0.968303571875 0.9340525796874999 0.97177579375 0.9457093249999999 0.97450396875 0.960590278125 0.9740079359374999 0.970262896875 0.9710317453125 0.9814236109374999 0.9658234125 0.9901041671874999 0.95887896875 0.998040675 0.9494543656250001 1 0.9459089203125 1 0.8874888390625
0 0.5684771828125 0.824950396875 0.5662450390625 0.8264384921874999 0.5652529765625001 0.828670634375 0.5724454359375 0.8797619046874999 0.6009672625 0.8921626984375 0.627008928125 0.9013392859374999 0.629241071875 0.896626984375 0.6284970234375 0.893402778125 0.6007192453125001 0.8326388890625 0.595262896875 0.8237103171874999 0.5905505953125 0.8199900796874999 0.5870783734375 0.8194940468749999 0.5684771828125 0.824950396875
4 0.641641865625 0.9072916671875 0.645858134375 0.906795634375 0.6515625 0.903075396875 0.660987103125 0.899355159375 0.663715278125 0.896626984375 0.669915675 0.893402778125 0.6753720234375 0.8916666671875 0.6810763890625 0.8884424609374999 0.6843005953125 0.887946428125 0.685788690625 0.8864583328125001 0.6934771828125 0.884226190625 0.69521329375 0.88174603125 0.6962053578124999 0.8770337296874999 0.6974454359375 0.8695932546874999 0.6974454359375 0.85694444375 0.6981894843750001 0.856200396875 0.70438988125 0.85967261875 0.7093501984375 0.8641369046874999 0.7123263890625 0.872321428125 0.7162946421875 0.8767857140625 0.7150545640624999 0.8705853171874999 0.7162946421875 0.8676091265625001 0.7140625 0.862648809375 0.7091021828125 0.8450396828125001 0.6823164687500001 0.8145337296874999 0.6778521828125 0.8140376984375 0.642633928125 0.8167658734375 0.62998511875 0.8239583328125001 0.6158482140625 0.8296626984375 0.6071676593750001 0.8296626984375 0.5999751984375 0.8264384921874999 0.59774305625 0.8264384921874999 0.62080853125 0.878273809375 0.6245287703125 0.8847222218749999 0.6277529765625001 0.8931547625 0.629737103125 0.8956349203125 0.6294890875 0.9003472218749999 0.6349454359375 0.9055555562500001 0.641641865625 0.9072916671875
0 0.7199180375 1 0.726711309375 0.9643353171874999 0.7314236109375 0.9509424609374999 0.736383928125 0.930853175 0.7373759921875 0.9206845234374998 0.7425843249999999 0.909523809375 0.7502728171874999 0.896626984375 0.7525049609375 0.890178571875 0.7530009921875 0.88447420625 0.752008928125 0.881001984375 0.741840278125 0.8666170640625002 0.7348958328125 0.86512896875 0.7205109125 0.8643849203125 0.7157986109375 0.8663690468749999 0.7153025796875 0.8728174609374999 0.7160466265625001 0.8762896828125001 0.7140625 0.8757936515625001 0.7091021828125 0.8663690468749999 0.7026537703125 0.8666170640625002 0.6979414687500001 0.868105159375 0.6962053578124999 0.871825396875 0.6944692453125001 0.88174603125 0.692733134375 0.884226190625 0.6850446421875 0.8859623015625001 0.6783482140625 0.8896825390625 0.6686755953125 0.8931547625 0.6632192453125001 0.89637896875 0.66123511875 0.8991071421874999 0.6627232140625 0.9139880953125001 0.6647073406249999 0.9164682546874999 0.7021577375 0.9333333328125001 0.72001488125 0.9395337296874999 0.72274305625 0.941269840625 0.7242311515625 0.9444940468749999 0.7242311515625 0.9549107140625 0.7232390875 0.9606150796874999 0.7155505953125 0.9814484125 0.708358134375 0.9945932546874999 0.7048346375 1 0.7199180375 1
4 0.7055330875 1 0.7157986109375 0.9821924609374999 0.7247271828125 0.9546626984375 0.7249751984375 0.9447420640625002 0.723983134375 0.9417658734375 0.7190228171874999 0.9385416671875 0.69248511875 0.9296130953125001 0.658258928125 0.9139880953125001 0.6359375 0.906299603125 0.626512896875 0.9013392859374999 0.5883184531250001 0.8884424609374999 0.5709573406249999 0.8792658734375 0.5593005953125 0.8760416671875 0.5588045640625 0.878769840625 0.5630208328124999 0.8899305562500001 0.5659970234375 0.9025793656250001 0.56649305625 0.9454861109374999 0.5682291671875 0.9695436515625001 0.5687251984375 0.9980654765625001 0.5676197562499999 1 0.7055330875 1
10 0.8386133156250001 1 0.8388144843750001 0.9891369046874999 0.8405505953125001 0.9611111109374999 0.84228670625 0.949950396875 0.8430307546875 0.9291170640625002 0.8400545640624999 0.91572420625 0.839310515625 0.8976190468749999 0.816741071875 0.8983630953125001 0.7959077375 0.89637896875 0.7720982140625 0.8916666671875 0.7562251984375 0.8854662703125001 0.748784721875 0.896875 0.7373759921875 0.91944444375 0.7351438484375 0.934821428125 0.72646329375 0.9645833328125001 0.719766865625 0.9978174609374999 0.7196653515625 1 0.8386133156250001 1
6 0.98021583125 1 0.95538194375 0.9794642859374999 0.94893353125 0.9757440468749999 0.9365327375 0.972271825 0.92586805625 0.9668154765625001 0.8859375 0.9355654765625001 0.866840278125 0.92217261875 0.8618799609375 0.9174603171874999 0.8536954359375001 0.9132440468749999 0.84774305625 0.9082837296874999 0.8432787703125 0.9075396828125001 0.8410466265625001 0.9105158734375 0.8403025796874999 0.9142361109374999 0.8405505953125001 0.9184523812500001 0.8440228171874999 0.924652778125 0.8440228171874999 0.9268849203125 0.8427827375 0.9315972218749999 0.84228670625 0.9484623015625001 0.8390625 0.97450396875 0.83955853125 0.99012896875 0.838148384375 1 0.98021583125 1