6 0.30647497968750004 0.13897036406250002 0.2949601953125 0.1503961453125 0.254908771875 0.14741550625 0.24439527343749998 0.1583445140625 0.2363849875 0.18318316875 0.2373862734375 0.192125084375 0.2338817734375 0.2308733859375 0.23488305937499998 0.272105553125 0.24389462968750003 0.287008746875 0.270929340625 0.2914797046875 0.2754351265625 0.2959506625 0.28344541093750003 0.2969442078125 0.2964621234375 0.3029054859375 0.31598719375 0.3078732171875 0.3710579015625 0.3128409484375 0.40218187031249997 0.3171875 0.453308834375 0.3171875 0.4636768203125 0.30389903125 0.478696103125 0.2964474359375 0.48370253124999996 0.2850216546875 0.4859375 0.27522684218750004 0.4859375 0.188525759375 0.4796973890625 0.1836799421875 0.47469096093749996 0.167783203125 0.46718131874999996 0.1568541953125 0.459171034375 0.15387355625000002 0.313984621875 0.134996178125 0.30647497968750004 0.13897036406250002
6 0.5796875 0.013118132812499999 0.5659471765624999 0.015205723437499999 0.5013199828125 0.0182080484375 0.481434690625 0.021710759375 0.45458954843750005 0.0307177328125 0.43122433281249994 0.0472305171875 0.4013963953125 0.061241364062500005 0.3665971375 0.081256859375 0.33279214218750003 0.09676886875 0.29103303125 0.10627622968749999 0.264685021875 0.1207874640625 0.25673090468750004 0.1262917265625 0.252753846875 0.1317959875 0.2515625 0.1347938578125 0.2515625 0.1451684765625 0.25374811249999996 0.147808384375 0.26070796406249996 0.148308771875 0.2626964921875 0.147307996875 0.263193625 0.142804509375 0.2716448734375 0.13629947343749999 0.283078915625 0.1327967625 0.295010090625 0.132296375 0.4640350625 0.15831651875 0.4729834421875 0.1658223296875 0.47447483906250004 0.18133433906250002 0.47894902968749997 0.1883397625 0.48889167499999997 0.1958455734375 0.48971715624999995 0.2 0.5145431734375 0.2 0.5276679921875 0.1963459609375 0.5535188703125 0.1843366640625 0.5649529125 0.173828528125 0.578375484375 0.1663227171875 0.5796875 0.163945625 0.5796875 0.013118132812499999
6 0.2349821171875 0.262956290625 0.2359901828125 0.2202401 0.23951840781249997 0.18994140625 0.21986115 0.175040409375 0.20070792499999998 0.15268891406250001 0.19163534375 0.147721915625 0.1815546984375 0.146728515625 0.1689538921875 0.1511988140625 0.16038534375 0.15815261249999998 0.1578125 0.16286124062500001 0.1578125 0.1697878703125 0.1578651828125 0.1700734109375 0.18004260156250002 0.21427970156249998 0.196675665625 0.235637796875 0.21885308593750002 0.289778084375 0.23347002187500002 0.318089978125 0.2442580203125 0.3296875 0.2578125 0.3296875 0.2578125 0.3179890828125 0.25111115 0.2962351828125 0.2485909890625 0.292261584375 0.24556679531249997 0.291764884375 0.2380063109375 0.2798440875 0.2349821171875 0.262956290625
6 0.4726318359375 0.3078409828125 0.49130859375 0.3151516390625 0.5105041499999999 0.32977295 0.52969970625 0.3506605359375 0.534819215625 0.353125 0.564122346875 0.353125 0.5717224125 0.3470052078125 0.575 0.3409570234375 0.575 0.3158867984375 0.5722412109375 0.3094075515625 0.5561584468749999 0.2937418625 0.550970459375 0.2848646375 0.5473388671875 0.2686767578125 0.542150878125 0.2634548609375 0.5385192875 0.23473442968749997 0.5378249421875 0.2328125 0.5269181203125 0.2328125 0.478857421875 0.26293267187499997 0.4715942375 0.29217529375 0.46900024374999993 0.2963528109375 0.46875 0.29643677031250004 0.46875 0.30182989375 0.4726318359375 0.3078409828125
4 0.5796875 0.5296875 0.5796875 0.43676268125 0.55749405625 0.450547959375 0.5422087296875 0.46343315937499996 0.5360945984375001 0.4716796875 0.53405655625 0.4716796875 0.516223675 0.44951714374999996 0.48871008906249996 0.422715928125 0.4031122625 0.39488389687500003 0.3966669515625 0.39375 0.39008334218749996 0.39375 0.38629840312499997 0.39643012187500004 0.384375 0.40129428437500003 0.384375 0.4407385921875 0.40260275156249997 0.49848090312500004 0.43569961093750004 0.5296875 0.5796875 0.5296875
18 0.290762590625 0.5296875 0.301257325 0.5195845171875 0.3180419921875 0.49661310312499996 0.3424560546875 0.45679598749999994 0.360257975 0.42361505624999996 0.37246500625 0.39349698125 0.3765340171875 0.3342817828125 0.3859375 0.3186733140625 0.3859375 0.311479165625 0.371447753125 0.3082475140625 0.3122842375 0.3015625 0.290673475 0.3015625 0.278369140625 0.3077370390625 0.259041340625 0.3220303625 0.2315755203125 0.3526589140625 0.21072184218749998 0.3883922234375 0.20665283125 0.40472745000000004 0.19088541718750002 0.4470969453125 0.190625 0.4497105859375 0.190625 0.52886496875 0.19102566875 0.5296875 0.290762590625 0.5296875
18 0.5796875 0.1970494515625 0.5409405046875 0.2223060828125 0.540625 0.2382080234375 0.540625 0.249779340625 0.548302284375 0.28518624375 0.553560696875 0.294020646875 0.568810096875 0.3080517578125 0.5751201921875 0.32052385625 0.575646034375 0.3303976 0.571439303125 0.34079101562499997 0.5661808890625 0.3475467359375 0.578275240625 0.371451590625 0.5796875 0.3782555640625 0.5796875 0.1970494515625
18 0.5796875 0.1620719984375 0.57607421875 0.16300307812499998 0.5373513921875 0.1826822921875 0.5276706859375 0.189932528125 0.50576171875 0.1982185125 0.483343240625 0.2028793796875 0.4797766640625 0.24068418593750002 0.4796875 0.24099490937499998 0.4796875 0.2625 0.49273668125 0.2625 0.4965905234375 0.2603634 0.5210470453125 0.24327355625 0.56027938125 0.2199692234375 0.5796875 0.20614614375 0.5796875 0.1620719984375
17 0.5796875 0.5296875 1 0.5296875 1 0.295949834375 0.9215784859374999 0.2980550125 0.8066156015624999 0.2921875 0.5796875 0.2921875 0.5796875 0.5296875
17 1 0 0.5796875 0 0.5796875 0.2999854078125 0.5817997421875 0.3 1 0.3 1 0
15 0.09797809843750001 0.5296875 0.09743227812500001 0.529783271875 0.0873998875 0.53797346875 0.0862692296875 0.5528121828125 0.09460563125 0.566880053125 0.126623596875 0.5911856734375001 0.1298163859375 0.6233683359375 0.1710187484375 0.6506127953125 0.172063725 0.686288334375 0.19876891875 0.70623388125 0.19907941093749998 0.7268539078125 0.20928095781249997 0.7411385796875 0.21496623124999997 0.74375 0.289282409375 0.74375 0.4050655953125 0.715243121875 0.40718558125 0.6874205359375 0.409375 0.6852588109375001 0.409375 0.6227985687500001 0.3831587640625 0.5296875 0.09797809843750001 0.5296875
15 0.3766575765625 0.5296875 0.388550534375 0.5576707609375 0.38843675625 0.5837738531250001 0.4040161890625 0.62661461875 0.418123121875 0.6394380328125 0.417159315625 0.6766355359375 0.43171915624999996 0.7081657640625 0.4352029453125 0.7365501734375 0.44486228125 0.7581866796875 0.4628817265625 0.771875 0.503390028125 0.771875 0.5422242015625 0.76757611875 0.575 0.7394840734375 0.575 0.7246330609375 0.560695053125 0.6988243796875 0.5263056390624999 0.6799254484375 0.5150600265625 0.6543746796875001 0.49453053750000003 0.5296875 0.3766575765625 0.5296875
15 0 0.7293639875 0.045782275 0.79375 0.0636404640625 0.79375 0.0914492203125 0.7834493953124999 0.09748943437499999 0.752544128125 0.1101814609375 0.7317171921875 0.163843090625 0.708256965625 0.1671875 0.6776186625 0.1671875 0.652679325 0.1150258984375 0.6430231515625 0.09905016093749999 0.6337108734375001 0.109487653125 0.61819839375 0.1296940640625 0.6205683609375 0.1282473 0.5906445953125 0.1177824015625 0.5819786703125 0.0934845125 0.584707715625 0.07923392968750001 0.6016325953124999 0.043775165625 0.6049122359375 0.036203798437500004 0.6560938421875 0.022788390625 0.6619588999999999 0.0014958203125 0.69851376875 0 0.7089692515625 0 0.7293639875
15 0.5796875 0.7294344765625 0.5743898171875 0.7315645578125001 0.5372783531249999 0.7624492187499999 0.5002835218749999 0.765906078125 0.4984375 0.771482775 0.4984375 0.7971374375 0.5047869453125 0.8296875 0.5115345796875 0.8296875 0.5796875 0.8141810906250001 0.5796875 0.7294344765625
2 0.7583179109375 0.5296875 0.75441219375 0.5371495171875 0.7509853765625 0.5470081765625 0.7524498265624999 0.57582813125 0.7697312390625 0.6121971312500001 0.8148230375000001 0.6446341921875 0.829981753125 0.646875 0.8800195531250001 0.646875 0.8926422296875 0.644979478125 0.9227868609375001 0.63233010625 0.9553651468750001 0.6066733156249999 0.9796004953124999 0.572986378125 0.9898652171875 0.5296875 0.7583179109375 0.5296875
2 1 0.5296875 0.9899724703124999 0.5296875 0.9825535234375 0.55956273125 0.9696566203125 0.581452159375 0.9282928453124999 0.617340746875 0.8986463734375001 0.6336328124999999 0.87594633125 0.6417217281250001 0.8421875 0.645749734375 0.8421875 0.6616793249999999 0.8551857390625 0.6629986046875 0.8575187062499999 0.6595236453125001 0.9021317625 0.6766716625 0.9317772953125001 0.7080754515625001 0.93566606875 0.709375 0.9602925265625 0.709375 0.97814710625 0.69849160625 1 0.6792178609375 1 0.5296875
2 0.755043090625 0.7789885703125 0.769078334375 0.7859375 0.8540000062499999 0.7859375 0.8754418218750001 0.7779663484375 0.9387050718750001 0.741794340625 0.9484375 0.7306479921875 0.9484375 0.7109581984375 0.9133960671875 0.6802338671875 0.8802204453125 0.66904825625 0.8557409671875 0.6672832296875 0.8480831265625 0.6611213874999999 0.8439558937499999 0.646976459375 0.8261738921875 0.6447846546875 0.7887930937500001 0.6227839875 0.7755020765625 0.6203125 0.775471746875 0.6203125 0.7491528859375001 0.649692578125 0.7328759125 0.6784373265625 0.728125 0.6960014125 0.728125 0.741131921875 0.7376248234375 0.7612573625 0.755043090625 0.7789885703125
2 0.5796875 0.5296875 0.5796875 0.6698566593749999 0.5808120734375 0.6703125 0.63815218125 0.6703125 0.6547712140625 0.65935115 0.67031083125 0.656175690625 0.69717088125 0.6413372515625 0.7421875 0.5773228234375 0.7421875 0.5417255375 0.7403954500000001 0.5411891484375 0.6916927609375 0.545375709375 0.6685635796875 0.542466484375 0.6339848203125 0.5296875 0.5796875 0.5296875
2 0.5796875 0.8397169390624999 0.6070930390625 0.845386078125 0.6443208515625 0.838783578125 0.6657843640625 0.8268520859375 0.6875688578125 0.8011717781249998 0.6987450515625 0.7761692140625 0.7022987953125 0.7146928078125 0.67987410625 0.6770526015625 0.6528851140625 0.653432303125 0.6271782828125 0.66563489375 0.5964142140625001 0.66760034375 0.5796875 0.6648057062499999 0.5796875 0.8397169390624999
2 0.80372235625 1 0.8058597531249999 0.997426971875 0.8194292109375001 0.9606552484375002 0.8066507546875 0.918174671875 0.7994224734375 0.91018828125 0.7805497546875 0.9018898078124999 0.7634777109375 0.907204596875 0.752968175 0.9036519343750001 0.7507230609375 0.909075490625 0.7347612265625 0.912207303125 0.713273025 0.9251963968750001 0.6805345562499999 0.9663608609375001 0.6656088640625 0.9704824999999999 0.6590710468750001 0.9782923531249998 0.6578162015625 1 0.80372235625 1
2 0.7028904953125 0.73471945 0.6950202437499999 0.7542306890624999 0.6968456109375 0.766786353125 0.6800195921875 0.8069342031250001 0.6914171203125 0.8178222984375001 0.7093030828125 0.8230157437500001 0.7156680625 0.8226090984375001 0.7512186562500001 0.7971053296875 0.7725834015624999 0.7894042406249999 0.7780356968750001 0.7827197640625 0.7781344609375 0.7784893593750001 0.7301510906249999 0.7467061375 0.727511803125 0.7236422390625 0.736073403125 0.6745181718750001 0.7266246984375 0.670897734375 0.677678371875 0.6803609515625 0.6914929671875 0.7238313562500001 0.7028904953125 0.73471945
2 0.8374139359375 0.9616182906249999 0.84585119375 0.9631912984375 0.8406220031250001 0.914948296875 0.8369218890625 0.8919521703125 0.8469878718749999 0.8691325828125 0.8370462312499999 0.8412550968750001 0.8365039156249999 0.8191132484375 0.8279925828125 0.8207130421875 0.8137335499999999 0.7962794578125 0.7884464671875 0.7905028296875 0.7693021468750001 0.7938379671875 0.730741903125 0.8121418515624999 0.7199113828125 0.8223380015625 0.76379958125 0.848046715625 0.74865166875 0.8616867656250001 0.7459383078124999 0.8417956703125 0.7234386609375 0.8527373359375 0.7241291249999999 0.8685335750000001 0.713545515625 0.868153715625 0.7014566359375001 0.8868784484375001 0.6957574296875 0.9041389375 0.687961253125 0.9204773703125 0.6812752890625 0.9346328296875 0.6640057171875 0.9484084265625 0.681620078125 0.9652354843750001 0.7056249984375 0.9351892249999999 0.7186512484375001 0.9216847250000001 0.7347365359375 0.9132649046875001 0.7454436 0.9083567578124999 0.7485520171875 0.9113262390625 0.7509205875 0.9006146812499999 0.763428328125 0.9093198000000001 0.785853903125 0.9015509359375 0.8024321265625 0.917388165625 0.8125959859374999 0.9357472421875 0.82034189375 0.9669330796875 0.8374139359375 0.9616182906249999
2 0.9629640140625 0.8469387859375 0.949839884375 0.8192646218749999 0.9018565109375001 0.7874814000000001 0.856512425 0.778762078125 0.815632990625 0.8056623187499999 0.8329757499999999 0.8341229859375 0.8458776609375 0.8713155578125 0.834701465625 0.8963181234375 0.8443715031250001 0.9358292203125 0.8499957515624998 0.96715060625 0.8777748578125 0.9569276703125 0.8941811296875001 0.9347590374999999 0.9251674187500001 0.923275178125 0.95341565625 0.8929578218750001 0.9629640140625 0.8469387859375
2 0.5796875 1 0.6401954875 1 0.640592496875 0.99848133125 0.651423015625 0.98828518125 0.6607244624999999 0.952842153125 0.655174290625 0.918347965625 0.646120640625 0.8978059125 0.6328730546875 0.8754197546875 0.6067967453125 0.858077290625 0.582447040625 0.8575208953125 0.5796875 0.8566763765625 0.5796875 1
2 0.5796875 0.8480685265625001 0.6080551046875 0.8495487078125 0.6171581359375 0.8679755578125 0.6369435375 0.8825518640624999 0.6574934781249999 0.909751609375 0.6779693453125 0.9401241562500001 0.68823285625 0.9088437593750001 0.679574265625 0.8713800890625001 0.7002970421875 0.8911766265625 0.700494571875 0.8827158203125001 0.710387715625 0.8672994375 0.698275034375 0.841672703125 0.68186965 0.818432265625 0.6700523734375 0.8255233875 0.6166652 0.8437185093749999 0.5796875 0.846080934375 0.5796875 0.8480685265625001