10 0.0401165671875 0 0.0401165671875 0.008494542187499999 0.043836804687499994 0.050657240625 0.0562376 0.09406001875 0.082279265625 0.1312624 0.0984002984375 0.1337425578125 0.130642359375 0.141183034375 0.1492435515625 0.15606398593749998 0.164124503125 0.2131076375 0.1664001703125 0.2296875 0.23538477656249998 0.2296875 0.2521701390625 0.21558779687500002 0.2765625 0.1863169640625 0.2765625 0.18496196874999998 0.2658110109375 0.1622643828125 0.21992807499999997 0.0642981140625 0.20380704375 0.049417160937499996 0.1901661703125 0.0109747015625 0.177476671875 0 0.0401165671875 0
12 0.4570142 0.2296875 0.4610615078125 0.22506200468749998 0.47842261875 0.1878596234375 0.4908234125 0.14693700468749998 0.509424603125 0.1122147828125 0.5296875 0.09433575625 0.5296875 0.091362846875 0.5205853171875 0.0663318453125 0.509424603125 0.055171131250000005 0.4796626984375 0.067571925 0.4548611109375 0.073772321875 0.44618055625 0.08617311562499999 0.4201388890625 0.08369295624999999 0.40401785781250005 0.08245287812499999 0.36805555624999997 0.0998139890625 0.353174603125 0.1134548625 0.33953373125 0.13577629062500002 0.320932540625 0.1382564484375 0.3097718265625 0.1531374015625 0.29117063593750003 0.166778275 0.26140873125 0.20026041718749998 0.2297180265625 0.2296875 0.4570142 0.2296875
4 0.66875 0 0.27363775 0 0.273288690625 0.000248015625 0.2373263890625 0.025049603124999997 0.2286458328125 0.078373015625 0.223685515625 0.078373015625 0.24104662656250003 0.1006944453125 0.2683283734375 0.103174603125 0.287239578125 0.1046875 0.309970240625 0.1046875 0.326612103125 0.103174603125 0.3625744046875 0.1006944453125 0.38861607187499997 0.09201388906249999 0.40721726093750005 0.080853175 0.44441964218749996 0.0845734125 0.45186011875 0.070932540625 0.46798114999999996 0.0672123015625 0.495262896875 0.06101190468749999 0.5250248015625 0.04737103125 0.5709077375 0.0386904765625 0.6143105156249999 0.0300099203125 0.6651537703125 0.0200892859375 0.66875 0.0199454359375 0.66875 0
9 0.5735449734375 0.2296875 0.5759176578125 0.21901041718749997 0.58955853125 0.2041294640625 0.59375 0.186315721875 0.59375 0.1759362671875 0.58955853125 0.1371651796875 0.5684771828125 0.12600446406250002 0.5337549593750001 0.12476438593750001 0.5039930546875 0.1198040671875 0.5039930546875 0.1222842265625 0.4953125 0.14584573437499998 0.48167162656249995 0.179327878125 0.46803075312500003 0.2165302578125 0.4560176203125 0.2296875 0.5735449734375 0.2296875
19 0.66875 0 0.66875 0.13498619375 0.68125 0.136279296875 0.7277064734375001 0.1453125 0.7670247390625 0.1453125 0.77158203125 0.143603515625 0.788671875 0.131884765625 0.8033203125 0.116259765625 0.8189453125 0.117236328125 0.823828125 0.115771484375 0.831640625 0.108447265625 0.83798828125 0.098193359375 0.8462890625 0.093310546875 0.8541015625 0.081103515625 0.855078125 0.075244140625 0.855078125 0.066943359375 0.84921875 0.054248046875 0.835546875 0.039599609375 0.80771484375 0.024951171875 0.80185546875 0.018603515625 0.79501953125 0.003955078125 0.79708305 0 0.66875 0
8 0.334375 0.790625 0.66875 0.03125
8 0.334375 0.65859375 0.66875 0.0078125
11 1 0.5597814140625 0.9968698234375001 0.5456956187499999 0.9716875828125 0.49533113906250004 0.9319261515624999 0.46882351718750004 0.9054185312499999 0.45689508906250004 0.8696332421875 0.4595458499999999 0.860355575 0.50195804375 0.8510779078124999 0.5191879984375 0.8457763828125 0.513886471875 0.8166180000000001 0.4820773265625 0.802038809375 0.5059341875 0.7901103796875 0.4979819 0.7834834749999999 0.5390687140624999 0.8113164765625 0.5708778578125 0.8166180000000001 0.6238931 0.8351733343750001 0.62256771875 0.840474859375 0.6212423390625 0.8351733343750001 0.6623291499999999 0.8444510031250001 0.6663052921875 0.8325225734374999 0.7113682484375 0.8524032890625 0.7179951531250001 0.8736093859375 0.7431773953125 0.8948154828125 0.7445027750000001 0.9716875828125 0.7418520125 0.981934434375 0.76875 0.9824051234375 0.76875 0.9902429171874999 0.7047413421875001 1 0.6881967234374999 1 0.5597814140625
1 0.7607521546875 0.7408538359375 0.6772531468749999 0.7898929328125 0.6997846265625001 0.8468843203125 0.7514959125 0.884375 0.7530699734375 0.884375 0.7554506296875 0.8760427015625 0.8164181578124999 0.824352840625 0.8667826359375 0.7713375984375 0.849552684375 0.7355523093749999 0.8150927765624999 0.7050685453125001 0.7607521546875 0.7408538359375
1 1 0.884677959375 0.971535371875 0.7435408390625 0.9410516078125 0.7408900765624999 0.8734571734374998 0.7435408390625 0.8734571734374998 0.9224672796875 0.8724333703125 0.9265625 0.8860042953124999 0.9265625 0.9026155578124999 0.9251180421874998 0.9503292734375 0.9158403749999999 1 0.902180925 1 0.884677959375
9 0.66875 0.72489985625 0.67298863125 0.7200557062499999 0.6968454890625 0.7107780390625 0.71142468125 0.7134288015625 0.723353109375 0.718730325 0.727005503125 0.7296875 0.728138634375 0.7296875 0.740583065625 0.714754184375 0.7484375 0.6956791250000001 0.7484375 0.6903808765624999 0.7273292546875 0.6630643218750001 0.7021470125 0.6551120359375 0.68094091875 0.6643897015625 0.6782901546875 0.6895719421875001 0.66875 0.7020933953124999 0.66875 0.72489985625