3 0.5796875 0.12911061562499998 0.5503733671875 0.121875 0.5430912359375 0.121875 0.5337502859375001 0.126307665625 0.52004720625 0.1524721328125 0.5018279437500001 0.2156044203125 0.5144918984375 0.283076640625 0.5189463171875001 0.2875 0.56509600625 0.2875 0.568702059375 0.28201224375 0.5650837859375 0.262734465625 0.575445690625 0.24165465468749997 0.5796875 0.2111846140625 0.5796875 0.12911061562499998
3 0.2671875 0.4390625 0.2671875 0.42209313281250005 0.19361689843750002 0.3979296765625 0.095419709375 0.375 0.08052815625000001 0.375 0.0677682890625 0.3811586375 0.053005449999999996 0.41265536249999996 0.048298337499999996 0.4390625 0.2671875 0.4390625
8 0.17724636875 0.309375 0.2063010453125 0.309375 0.21587803593750002 0.3031922171875 0.2330501640625 0.30934982031249997 0.253125 0.3002125703125 0.253125 0.2129736109375 0.2465318546875 0.2078125 0.2384934546875 0.2078125 0.22277233437500002 0.20942280468750002 0.180082925 0.22206382656249998 0.1674555640625 0.23215338437500002 0.16189844375 0.25647219374999997 0.1727447078125 0.3058511015625 0.17724636875 0.309375
3 0.41401090625 0 0.3984375 0.0152301109375 0.3984375 0.0156112015625 0.40015546718749995 0.054938009375 0.44612056874999995 0.07287966875 0.46324316249999997 0.096102340625 0.4853717609375 0.10625 0.49444493749999996 0.10625 0.4950706125 0.0866729609375 0.5147872671875 0.0803992703125 0.535211365625 0.082384425 0.5453125 0.10063168281249998 0.5453125 0.089961696875 0.5440693234375 0.0801542921875 0.523632165625 0.0619990625 0.49443547031249996 0.050178570312500004 0.456882634375 0 0.41401090625 0
3 0.22877513125 0.1031678234375 0.220346821875 0.1262934609375 0.24833781875 0.1311866296875 0.2316216734375 0.1406673046875 0.2317011859375 0.1335840140625 0.2273492109375 0.1331677578125 0.22258111875000003 0.1455639578125 0.2274472734375 0.148688478125 0.253124459375 0.141394446875 0.26602136249999997 0.1568097953125 0.27959146874999996 0.16076682656250002 0.27925486718750003 0.16649598593749998 0.2628753234375 0.1702475015625 0.2600473359375 0.155352034375 0.2517780515625 0.1643110859375 0.2551202203125 0.1819148203125 0.27092462031250003 0.20514234843749998 0.3021840515625 0.2328125 0.3136823734375 0.2328125 0.3375 0.22543288125 0.3375 0.2107089546875 0.33499831874999997 0.197532203125 0.3079190671875 0.15993083125000002 0.27599221093750004 0.1418089578125 0.264105115625 0.10920612656249999 0.23876453125000002 0.110771 0.22877513125 0.1031678234375
15 0.5796875 0.4390625 0.701990740625 0.4390625 0.715625 0.41192213750000006 0.715625 0.37464236562500003 0.674450840625 0.31231271875 0.6291621593750001 0.2809406828125 0.6011338187499999 0.2734375 0.5796875 0.2734375 0.5796875 0.4390625
15 0.7673009609375 0.4390625 0.803146878125 0.4155503921875 0.8296875 0.37943885312500003 0.8296875 0.3125 0.8191700187500001 0.3125 0.7647450625000001 0.3405327984375 0.7236540015624999 0.3749355828125 0.6871716484375 0.4390625 0.7673009609375 0.4390625
15 0.7999748203125 0.4234375 0.8141183296874999 0.4234375 0.8295712734375 0.41964095468749996 0.84968908125 0.406254465625 0.8804371671875 0.350239728125 0.90625 0.3224697109375 0.90625 0.3104615328125 0.8876791468749999 0.306975434375 0.8496668109375 0.3084212953125 0.832789078125 0.32413230625 0.82577979375 0.34512840625 0.8289353921875 0.36803264687500004 0.7999748203125 0.4234375
15 0.6596951546875001 0.3104095703125 0.697979575 0.368799196875 0.7089620234375 0.3703125 0.7382429078125 0.3703125 0.767852521875 0.345828796875 0.81332225 0.3234692421875 0.840625 0.28493309375 0.840625 0.260461053125 0.8334471671875001 0.2536662796875 0.7447740578125 0.2338252421875 0.6665810750000001 0.23302493750000003 0.6453125 0.24088353593749998 0.6453125 0.27096218125 0.6596951546875001 0.3104095703125
15 0.5796875 0.1245230078125 0.6683149625 0.1736823140625 0.6935210875 0.196875 0.70625 0.196875 0.70625 0.1888717734375 0.7039652703125 0.18202306562499998 0.70625 0.170217775 0.70625 0.1636574703125 0.6895383828125 0.1297234078125 0.5965445015624999 0.0645236890625 0.5856626 0.0625 0.5799820109375 0.0625 0.5796875 0.062700278125 0.5796875 0.1245230078125
15 0.8447350859375 0.2607970703125 0.8392036765625001 0.2848383796875 0.8256147437500001 0.30404333125 0.8302491062499999 0.328298525 0.8540038125 0.3093074546875 0.9099886171874999 0.3096618015625 0.9376676203125001 0.2847138765625 0.9436373328125001 0.2557404453125 0.9395041062499999 0.2449472359375 0.897128675 0.18695568125 0.8447350859375 0.2607970703125
15 0.8610166734375 0.2303934828125 0.85943 0.2100456828125 0.8336707515625001 0.17518881875 0.8020455015625 0.11083498750000001 0.79000085 0.09356138281250001 0.7737396999999999 0.0855327171875 0.7019116109375 0.11064983749999999 0.68955431875 0.1350965703125 0.6983219109375 0.1701449703125 0.7400705453125 0.177886328125 0.758648875 0.1980425890625 0.766477028125 0.22456113281249998 0.8282650046875 0.236018340625 0.8610166734375 0.2303934828125
15 0.8050507953124999 0.057916020312500004 0.7620500828125 0.08336513906250001 0.781651121875 0.09201311250000001 0.8254042953124999 0.1536024015625 0.871077225 0.155386903125 0.8866283046875001 0.1332035203125 0.8891952984374999 0.08521667656250001 0.8730174203125 0.0571498625 0.8746245328125 0.0390654109375 0.8612649703124999 0.036588176562500005 0.8050507953124999 0.057916020312500004
15 0.5947864968750001 0 0.587144128125 0.045919315625 0.5954105859375 0.067505734375 0.6224847421875 0.0875662265625 0.6706837859375 0.11822839062499998 0.6858593953125001 0.11937123593750001 0.759879003125 0.06959350156250001 0.7014513546875 0.0203233484375 0.6687279 0 0.5947864968750001 0
15 0.7240807671875 0 0.752280221875 0.0213927703125 0.75451413125 0.05355851406249999 0.794008415625 0.06756638125 0.8375102640625001 0.055579245312500004 0.8662748062500001 0.037517139062499996 0.8746449734375 0.0006331578125 0.8751562796875 0 0.7240807671875 0
1 0.5453125 1 0.5453125 0.9561932109375 0.5447995015625 0.95418380625 0.5440695437499999 0.9400051000000001 0.5408219375 0.9262251515625 0.53365930625 0.9202124484375 0.5218138031249999 0.9190255390625002 0.5108877390625 0.915625 0.467048946875 0.915625 0.44686981562500006 0.9201748625 0.4251109859375 0.9282157578125 0.3936088765625 0.9357578015625 0.3768853453125 0.9430011765625 0.35985344218750004 0.9467198109375001 0.34711409375 0.9528216359375001 0.3052140734375 0.9640526093750001 0.2949483234375 0.9692521390625 0.27901158125 0.9738183390625 0.276607146875 0.981346328125 0.2772770859375 1 0.5453125 1
10 0.27116990625000004 0.7710270765624999 0.287083671875 0.7737235218749999 0.299861971875 0.7803865156249999 0.3042002203125 0.7901172484375 0.305553353125 0.8055266937500001 0.307872828125 0.8121042203125001 0.3092259609375 0.827513665625 0.3301312359375 0.8359375 0.35109145937499997 0.8359375 0.35524917500000003 0.8358741125 0.3704112 0.8300097531249999 0.3769126328125 0.8359375 0.4236162390625 0.8359375 0.42443934531250005 0.835522071875 0.4526644453125 0.8343889359375 0.4686424578125 0.8179805 0.471875 0.8104923640624999 0.471875 0.726036496875 0.4709824859375 0.7256093 0.454617678125 0.717776375 0.44856134687500004 0.7083167578125 0.43421531562500004 0.7036370375000001 0.4253884671875 0.6824634125 0.4207495234375 0.669308359375 0.418955059375 0.6671875 0.3840485515625 0.6671875 0.25551314375 0.6919111078125 0.246875 0.7162928046875 0.246875 0.7227048265625 0.25270022187499996 0.7392239046875 0.254203703125 0.756345509375 0.27116990625000004 0.7710270765624999
4 0.11606625468750001 0.80099885 0.126499603125 0.8043799484375 0.156195953125 0.7963800453125 0.17179586875 0.7855733 0.1464292546875 0.8196502234375 0.1486272625 0.8296875 0.15503856875 0.8296875 0.158965971875 0.8277182906250001 0.1764171859375 0.814949084375 0.1823522203125 0.8056574781249999 0.1984375 0.7901761046875 0.1984375 0.7659265328125 0.1657333734375 0.7514067359375 0.156028978125 0.7562725453125 0.14842795 0.7658253234375 0.1358289328125 0.776161625 0.11656592968749999 0.787542625 0.11606625468750001 0.80099885
10 0.24332496093749997 1 0.2507523171875 0.994731621875 0.2711529703125 0.978243796875 0.2870132546875 0.9674522296875001 0.31116653906249997 0.9553628562500001 0.34916919375 0.9477537609375 0.3968331625 0.93530891875 0.3983466203125 0.9334101671875 0.44766918906250003 0.9207057640624999 0.49396484375 0.9117988656249999 0.512790015625 0.9155004625000001 0.5319054750000001 0.9224804421874999 0.5407790453125 0.9277394046874999 0.5534883640625 0.9573266828125 0.5614910796875 0.95275049375 0.5625 0.9429461531250001 0.5625 0.8944573546874999 0.5554570921875001 0.8656137703125001 0.543763778125 0.847500834375 0.5201699750000001 0.82792644375 0.48735028593749996 0.8181053765625 0.48185594218750005 0.794036621875 0.47996908281249995 0.772727128125 0.47933957656250004 0.7495589609375 0.47571899687499997 0.7817017703125 0.46931285625 0.8043090671875 0.46520791875 0.8149229 0.45100623124999994 0.8254549093750001 0.4368045484375 0.8359869156249999 0.41178040625 0.8382411375000001 0.3741300609375 0.8308379453124999 0.37247146249999996 0.8310975046875001 0.3542268625 0.8339526765624999 0.32032914843750004 0.8309479359375 0.3128238890625 0.822151028125 0.3039503171875 0.8168920671875 0.3015660015625 0.8089556671875 0.3034317703125 0.7920446296874999 0.288856684375 0.7793683890625 0.2750073125 0.7748881109375001 0.26432999687500003 0.76824951875 0.2562441671875 0.75289584375 0.2516827046875 0.7203715703125 0.2166449375 0.742473828125 0.1950211125 0.7641387921874999 0.189112428125 0.7733729921875 0.1849454609375 0.8022774968749999 0.1834320046875 0.80417625 0.1562518078125 0.820063128125 0.140536665625 0.8324938875000001 0.1378000390625 0.8395697765625 0.13125 0.852552628125 0.13125 0.9328698656250001 0.1319546265625 0.9634655734375001 0.138464975 0.999008671875 0.13855275312499998 1 0.24332496093749997 1
6 0.5796875 0.7521158906250001 0.583723171875 0.7508691859375001 0.596917728125 0.7435943859374999 0.6204244078125 0.7253878734375 0.6489922015625 0.6986498578125 0.667598665625 0.68591661875 0.676241628125 0.6774889328125 0.6765625 0.676918746875 0.6765625 0.624412740625 0.6641603140625 0.6051608203125001 0.6510418546875 0.5915080625 0.6333997124999999 0.5796875 0.602579525 0.5796875 0.5796875 0.5958153140625 0.5796875 0.7521158906250001
6 0.5796875 0.9391693578125 0.5867987203125 0.93456451875 0.6303216015625 0.9137737000000001 0.666162403125 0.8896072890625 0.6762910640625 0.8762462859374999 0.6855906140625 0.8486793703124998 0.698937925 0.8238567796874999 0.7039200109375 0.818749625 0.7565253453125 0.7845672828125 0.7905204625 0.7556197875 0.8122944984375 0.7399722546875 0.8277638640625 0.7246660515625 0.8429590859375 0.7146043437499999 0.8563382578125001 0.7092168984375 0.870046409375 0.6975360625 0.881278334375 0.6931364765625 0.884375 0.691071503125 0.884375 0.6234375 0.8451803874999999 0.6234375 0.8445632078124999 0.6237830515625 0.8337743671875 0.6397510421874999 0.816706046875 0.6455561140625 0.7953728734375 0.6627922578125001 0.6932689671875 0.7118133546875001 0.64983055625 0.741010625 0.6177292796875 0.7437509140625 0.5874440515625 0.7418169390625 0.5796875 0.744192346875 0.5796875 0.9391693578125
13 0.580911784375 0.4390625 0.5796875 0.43962041406249996 0.5796875 0.59969594375 0.600536590625 0.5837102515625 0.6204679140625 0.58377856875 0.6290372750000001 0.5860566625 0.653082678125 0.6050257453125 0.6556880390625001 0.60408579375 0.666401546875 0.5851058625000001 0.6968526359375 0.5408077140625001 0.7079673546875 0.5142250953125 0.709375 0.5121557390625 0.709375 0.49302188124999996 0.7020235921875 0.48156575312500005 0.6957364546875 0.47478503749999995 0.690712959375 0.4731170234375 0.6897435359374999 0.46242901875 0.682890359375 0.4470024296875 0.64818494375 0.4459995890625 0.6050880421875 0.4390625 0.580911784375 0.4390625