1 0.4890625 0 0.3408213328125 0 0.340585371875 0.022773809375000002 0.3380108578125 0.079777778125 0.3380108578125 0.1550952375 0.3356937984375 0.18888492031249998 0.33517889375 0.2654920625 0.33646615 0.27013492031249997 0.3385257609375 0.27348809531249996 0.3403279203125 0.274519840625 0.3495961640625 0.2758095234375 0.3830648296875 0.27735714218749996 0.390388334375 0.278125 0.4890625 0.278125 0.4890625 0
8 0.4890625 0.10124221093750001 0.4818607609375 0.11513381250000002 0.47337861718749996 0.13832717187500002 0.4664386828125 0.168993946875 0.46823792500000005 0.2017223546875 0.470350384375 0.2046875 0.4890625 0.2046875 0.4890625 0.10124221093750001
14 0 0.321875 0.014681403125 0.321875 0.0331104578125 0.30618970624999997 0.055484870312500004 0.29004301875 0.061769818750000004 0.2865109296875 0.0926917625 0.26304777343749997 0.152273065625 0.2171306265625 0.1633345734375 0.20754353124999997 0.1842006015625 0.192658303125 0.2219102859375 0.16213096875 0.24428470156249998 0.1459842796875 0.29758105625 0.10385151562499999 0.31115654375 0.0945167109375 0.3380561203125 0.07256730624999999 0.3390625 0.0714796578125 0.3390625 0.0472354609375 0.3322739671875 0.050365609374999995 0.29406148593750003 0.0763516859375 0.271435675 0.09401212656249999 0.2591171765625 0.10233776406249999 0.2337259890625 0.12277341718749998 0.22040189843750002 0.131099053125 0.1844519984375 0.15834658906250001 0.1655971546875 0.17121348125 0.1615747875 0.1752501546875 0.1490048921875 0.18382808125 0.12260811406250001 0.20476831875 0.1105410125 0.21284166249999997 0.091183375 0.227979184375 0.085149825 0.231511271875 0.0758481015625 0.2393323234375 0.062272615625000007 0.2484148375 0 0.295065353125 0 0.321875
14 0 0.254007371875 0.0232822328125 0.2390556484375 0.11797972187500001 0.1811690921875 0.1740198796875 0.14938316875 0.233951715625 0.11320407031249999 0.24381063281249998 0.10829405 0.2866190859375 0.0814181484375 0.340625 0.051508370312499996 0.340625 0.0262528890625 0.3229414109375 0.03671111875 0.2814301828125 0.058677 0.26612291875 0.0682386203125 0.188289365625 0.1103614265625 0.14236756875 0.136720484375 0.077506275 0.1692816734375 0.012904426562499998 0.205977615625 0 0.21263808750000002 0 0.254007371875
14 0.3304798046875 0 0.30818521875 0.01263105 0.29299366718750003 0.0197395671875 0.2416567 0.0476470765625 0.1905816546875 0.0734483578125 0.1766997203125 0.08160998750000001 0.153388546875 0.0929309578125 0.080835790625 0.13136960312499998 0.0541196140625 0.14663975 0 0.17402585312500002 0 0.2079505671875 0.004354184375 0.2058773875 0.0795261734375 0.1650692375 0.1206481328125 0.14427024375 0.2070828234375 0.0968801359375 0.29954175 0.0442244578125 0.33018677812499997 0.028427753125 0.3346394734375 0.025268412499999997 0.3390625 0.023363023437499998 0.3390625 0 0.3304798046875 0
14 0.27913359843749996 0 0.2831753609375 0.0265625 0.2930911609375 0.0265625 0.303125 0.0215764859375 0.303125 0 0.27913359843749996 0
14 0.334375 0.2484375 0.334375 0.21644412812499997 0.31693835625 0.097078953125 0.314915915625 0.090625 0.30975332187500004 0.090625 0.302564709375 0.0954800421875 0.2953125 0.1020735 0.2953125 0.12922494375 0.31158346875 0.24684360156250001 0.3120651015625 0.2484375 0.334375 0.2484375
1 0.24757990468750002 0 0.24113756562500002 0.01046123125 0.22491181718750003 0.03330969375 0.20564373906250002 0.0670631046875 0.20565723593750002 0.0671875 0.21253601249999998 0.0671875 0.2127425046875 0.0670631046875 0.21705246875 0.06602453750000001 0.238348765625 0.054600306249999994 0.255335096875 0.043695359375 0.2718143734375 0.0359061109375 0.2751102296875 0.033050053125 0.2765625 0.028993793750000003 0.2765625 0 0.24757990468750002 0
13 0.722730040625 0 0.72601331875 0.0082247296875 0.7047902265625 0.05647249375 0.6822484624999999 0.121915178125 0.702712928125 0.11492123437499999 0.7305722625 0.13022770156250002 0.7584315953124999 0.1455341671875 0.7579515546875 0.12491225624999999 0.765825028125 0.0939294015625 0.7747771515625 0.0354406703125 0.7859694656249999 0.07318751875 0.7829320843750001 0.0903924390625 0.7946044390625 0.1487611953125 0.7936057921874999 0.1797040578125 0.7972174531249999 0.228125 0.8740557078125001 0.228125 0.877223796875 0.22734195000000001 0.8695889062500001 0.194730584375 0.903125 0.20914195625 0.903125 0.19367693125000002 0.8769423359375 0.1414073265625 0.856476434375 0.074496096875 0.8498401906249999 0.01094186875 0.8476801281250002 0 0.722730040625 0
0 0.2088004765625 0.5152437390625 0.20830585468749999 0.5315777500000001 0.2177036828125 0.55088158125 0.22561764375 0.561770921875 0.232542359375 0.5677105625 0.2355100953125 0.5746401437499999 0.2439186796875 0.5850345140625001 0.26271433593750004 0.603843375 0.270628296875 0.6162176265625 0.27903688125000004 0.62314720625 0.301294896875 0.6226522375 0.33888621093750004 0.6107729562499999 0.345810928125 0.6107729562499999 0.36015498125 0.6162176265625 0.373509790625 0.6271069671875 0.383896865625 0.6513604984375 0.3842602125 0.6515625 0.4050183203125 0.6515625 0.40763874843750003 0.650370559375 0.404176390625 0.6404711578125 0.4046710125 0.6345315171875 0.4096172375 0.6345315171875 0.4175312 0.643440978125 0.429402140625 0.650370559375 0.437810725 0.6459158281249999 0.44275695 0.6459158281249999 0.4515625 0.6397476140625 0.4515625 0.5970505171875 0.44819779843749996 0.5924590640625 0.4402838375 0.5642457734375 0.3918108265625 0.46129200625 0.3744990359375 0.43357368437500005 0.3641119625 0.42515919375 0.3467568359375 0.4203125 0.325156421875 0.4203125 0.3003056515625 0.4271390734375 0.26568207187500004 0.443473084375 0.24985415 0.45436242499999996 0.2271015125 0.477131046875 0.2117682125 0.5033644578125 0.2088004765625 0.5152437390625
0 0.4890625 0.4662993734375 0.46750710156249997 0.4751491234375 0.453213778125 0.48435388437500004 0.4435147375 0.496115525 0.438409978125 0.5104340421875 0.4375 0.52547515 0.4375 0.5283933375000001 0.43943092968749997 0.5472530875 0.445556640625 0.5937882703125 0.45015092343749996 0.6086181640625 0.453213778125 0.6341869453125 0.45729758593750003 0.6490168390625 0.46291282031250003 0.7006657781250001 0.46712121093750003 0.703125 0.4890625 0.703125 0.4890625 0.4662993734375
0 0.44890485468749997 0.7003479296874999 0.44890485468749997 0.7038814828125 0.3996382734375 0.7028718953124999 0.33754185312499996 0.7074150343750001 0.32522520781250003 0.7124629656250001 0.3154745296875 0.7195300703124999 0.3134217546875 0.735178659375 0.30931620625 0.9143802359375 0.3072634328125 0.94062948125 0.304697465625 0.9482013796875 0.3082401796875 0.965625 0.4640625 0.965625 0.4640625 0.7051647953125 0.4134945 0.6332104375000001 0.4075153171875 0.63125 0.407326990625 0.63125 0.40630978906250004 0.6377535765625 0.4083625640625 0.6422967140625 0.41657366093750003 0.6528973718750001 0.4242715640625 0.669555546875 0.438640984375 0.6846993421875001 0.44890485468749997 0.7003479296874999
0 0.1359375 0.9371750515624999 0.1444636078125 0.946233 0.175104375 0.96570396875 0.1955315546875 0.9744146656249999 0.1975958078125 0.975 0.281496534375 0.975 0.2864325 0.9728774843749999 0.2935820140625 0.9493073640624999 0.30788103906250003 0.9190761234375 0.31298783281250003 0.9016547312500001 0.3140625 0.8854806125 0.3140625 0.709375 0.244734159375 0.709375 0.244556784375 0.7105318046875 0.2333218359375 0.7212920765625 0.138335453125 0.9072910640625 0.1359375 0.9149902765625001 0.1359375 0.9371750515624999
0 0.291673853125 0.6243838359375 0.2779766125 0.6310337609375 0.2703670359375 0.6417759484375 0.2592063203125 0.68525623125 0.2592063203125 0.7031598765625 0.2637720671875 0.7108328687500001 0.263953659375 0.7109375 0.3522089109375 0.7109375 0.3657404125 0.7082752046875 0.3708134640625 0.705717540625 0.3682769375 0.7021368125 0.371828075 0.697021484375 0.3779157359375 0.6954868859375 0.3794376515625 0.6985560828125 0.3804522625 0.6924176890625 0.3828125 0.6909032046875 0.3828125 0.638409946875 0.3804522625 0.632568359375 0.3723353796875 0.62080310625 0.355087003125 0.6105724515625 0.3413897625 0.6085263203125 0.315517196875 0.6187569749999999 0.291673853125 0.6243838359375
0 0.4890625 0.70044816875 0.472474315625 0.7014771984375 0.4699325765625 0.7040656765625 0.468407534375 0.7118311140625 0.4671875 0.7116240359375 0.4671875 0.720533853125 0.47501605312499995 0.759976821875 0.4755244 0.7884500890624999 0.477557790625 0.7900031765625 0.4760327484375 0.7915562640625 0.47908283437500004 0.7949212859375 0.4734910109375 0.8355604062499999 0.473676153125 0.8359375 0.4888524890625 0.8359375 0.4890625 0.8356716046875 0.4890625 0.70044816875
12 0.1444164375 0.6748659828125 0.112744140625 0.70398105 0.112744140625 0.8140261390625 0.121651975 0.8317912656249999 0.126105890625 0.83475211875 0.12990990156249999 0.8359375 0.17537235625 0.8359375 0.17608873593750002 0.8357390703124998 0.182027290625 0.8308043140624999 0.191924884375 0.8125457109374998 0.197368559375 0.7962610125 0.20281223593750003 0.7863914984375 0.20974055156250002 0.7789893609375 0.2221125421875 0.74987429375 0.2296875 0.74009921875 0.2296875 0.7216540609375001 0.22805109843750002 0.7153309921875 0.20726615312500002 0.68226811875 0.201327596875 0.6600617109375 0.2018224765625 0.5929490109375 0.20281223593750003 0.5875207781249999 0.2077610328125 0.5825860203125 0.20924567187499998 0.5781447390625 0.20627639375 0.551990525 0.19637880000000002 0.5411340593749999 0.1872899453125 0.5390625 0.1690228953125 0.5390625 0.1632218640625 0.5401471078125001 0.1557986703125 0.549523146875 0.15381915156249998 0.5658078453125001 0.15629355 0.6112076125 0.1548089109375 0.6561139046875001 0.1444164375 0.6748659828125
18 0.4890625 0.3390625 0.4890625 0.41638883125000004 0.49145690625 0.42266591406250004 0.5079318828125 0.43272967968750004 0.511993690625 0.43923715 0.5220237734375 0.44804825 0.5318004625 0.46217621875 0.5372038859375 0.4841631265625 0.5378177562500001 0.49589437656249996 0.5334165828125 0.503220075 0.5308080046875 0.5143249937500001 0.533244634375 0.5202526796875 0.5393524296875001 0.5252225 0.5431073 0.5258643484375 0.5519631859375 0.52239544375 0.5691123671875 0.5250248984375 0.586375425 0.5196712921875 0.60049748125 0.5254070828125 0.6299482234375 0.5294598765625 0.6410710578125001 0.538835246875 0.6530076109375 0.5434425 0.6598152468749999 0.551627265625 0.672312128125 0.5567832734375 0.679147665625 0.5655012796875 0.689486946875 0.5700619859375 0.695762159375 0.5782312359375 0.7017862421875 0.5816013390625 0.7075011265625 0.5892218359375001 0.71629894375 0.594802471875 0.7219859234375 0.6018897328125 0.731793678125 0.6078125 0.7435422984375 0.6078125 0.75 0.593236409375 0.75 0.5612151890625 0.7234964859374999 0.48852712968750006 0.6597489125 0.3471739578125 0.6541594796875 0.3390625 0.4890625 0.3390625
18 0.7656034390625 0.3390625 0.747037515625 0.382706465625 0.739304915625 0.4143607703125 0.738741596875 0.45611552343749995 0.7307210671875 0.47182255 0.7245944578125 0.49198129375 0.724911415625 0.5084790296875 0.7276495187500001 0.5184513453124999 0.7341174046875001 0.5362261859374999 0.7412286296875 0.5452257171875 0.7414288078125 0.5453125 0.764904521875 0.5453125 0.7730353609374999 0.5400996453125 0.7770403609375001 0.5453125 0.8138414171875 0.5453125 0.8158886531249999 0.5451861390625 0.8264150578125001 0.5350477640625 0.810441478125 0.5257919624999999 0.8116120390624999 0.506039528125 0.8400004687500001 0.404631284375 0.8515625 0.3768021734375 0.8515625 0.3390625 0.8385329531250001 0.3390625 0.819194021875 0.3666555453125 0.8160157796874999 0.3693117375 0.80884414375 0.3696539765625 0.8070082781250001 0.366303178125 0.8091552140625 0.3390625 0.7656034390625 0.3390625
5 0.4890625 0.7578125 0.500536540625 0.7578125 0.5147474140625 0.752006296875 0.5362647078125 0.738895390625 0.5474191968750001 0.7293307015625 0.5716274328125001 0.7250845125 0.57426244375 0.7224143156249999 0.574908396875 0.713645628125 0.5839257328125 0.7056670484375 0.5863275703124999 0.6985965046875 0.59938368125 0.6934801796875 0.6039226765625 0.6848235218750001 0.6171875 0.6798533796875 0.6171875 0.6147094656250001 0.60944479375 0.600404878125 0.5930273734375 0.58400548125 0.57950491875 0.58032110625 0.569142115625 0.5838673249999999 0.5395716859374999 0.6126734234375 0.5160314578125 0.64000544375 0.500541996875 0.6620770953124999 0.4890625 0.6854013171875 0.4890625 0.7578125
18 0.7924344796874999 1 0.7749059046875 0.9473462781249999 0.749114578125 0.8321172781249999 0.7459051515625 0.8336672593750001 0.742957146875 0.8297473515625 0.742640484375 0.8237129109375001 0.7468621453125 0.820549096875 0.744696075 0.8106266718749999 0.75076714375 0.8113508406250001 0.7511149296875 0.8075267046875 0.7494164671875 0.7751601640625 0.7517887218749999 0.7681083640625 0.7485816296875 0.7592511828124999 0.7493635624999999 0.75324866875 0.7539594640624999 0.757216465625 0.7528873203125 0.7681402875 0.755921684375 0.773705953125 0.7579749421875001 0.7710268734375 0.758070646875 0.7310439859375 0.76423275 0.7125995875 0.7643619125 0.6523509578125 0.7606630984375 0.644574990625 0.756825875 0.640625 0.694564428125 0.640625 0.69411164375 0.6409978078125 0.6890625 0.6494731421875001 0.6890625 0.7274124484375 0.6900681375 0.7520733359375 0.6980920859374999 0.8109156390625 0.7062529640624999 0.90372235625 0.70084400625 0.91561565 0.705003421875 0.9321689875000001 0.7009544859375 0.9386243171875 0.701386296875 0.9468530984375001 0.7087551421875 0.961856453125 0.7178823546875 0.99991635625 0.717910071875 1 0.7924344796874999 1
13 0.4890625 1 0.6101783796875 1 0.6252005296875 0.9921104640625 0.6417824546875 0.9818744046875001 0.6514840796875 0.973045678125 0.66400475625 0.9669790124999998 0.665625 0.9641469546875001 0.665625 0.9249617734375001 0.6594237140625 0.8998485859375001 0.6612297296875 0.8934695390625 0.6606401203125 0.8821968765625 0.65686646875 0.8611838328125 0.646774046875 0.8523139921875 0.6363447093750001 0.8370026312500001 0.6252650531249999 0.8297119343750001 0.6206422703125 0.82314545625 0.6134250531250001 0.8181112671874999 0.5976361046875 0.812827171875 0.589092453125 0.813114059375 0.5731585671875 0.8255129125 0.5589464625 0.8299223390625 0.515180259375 0.8522292515625001 0.5074811828125 0.8584364843750001 0.490082759375 0.863288990625 0.4890625 0.8638915609375001 0.4890625 0.973313375 0.490001546875 0.9742334390625 0.4894073828125 0.9833276906249999 0.4890625 0.9832205078125 0.4890625 1
13 0.4890625 0.8515625 0.5284052078125 0.8515625 0.529551146875 0.8483267515625 0.5274830578125 0.8405781265625001 0.562792053125 0.8179825546874999 0.57824783125 0.7964609453125 0.58778255625 0.788498371875 0.592271790625 0.789726496875 0.5924459625 0.793026759375 0.5875165875 0.8044176296875001 0.587835903125 0.8104681109375 0.6262289875 0.8148726921874999 0.6302514140625 0.8177349453125 0.6364290125000001 0.82999595 0.65 0.8468558250000001 0.65 0.81861663125 0.6425846515625 0.8104024390625 0.629994865625 0.7919149 0.6210791609374999 0.7696890859375001 0.6187498140625001 0.75699006875 0.6175933828125 0.7141186703125 0.610946615625 0.7139266140625 0.6037610171875001 0.7078125 0.5890416234375 0.7078125 0.567856384375 0.725313253125 0.53948915 0.7327316671874999 0.52569741875 0.7438664640625 0.5066593562499999 0.7499068265625 0.4890625 0.758841896875 0.4890625 0.8515625
4 0.6182638921875 0.7804615625 0.6226559671875 0.8010852515625 0.642852475 0.84931283125 0.6454109296875 0.8665594171875 0.6546660281250001 0.8851092703125001 0.6603095156250001 0.9085391421875 0.6656487140625 0.9546875 0.7075331390625 0.9546875 0.7078125 0.9521266468749999 0.7078125 0.8702240625 0.69682374375 0.7722291218749999 0.6908198140625 0.6679144671875 0.6877057890625 0.661176403125 0.6775158515624999 0.65644760625 0.6671519531250001 0.64839013125 0.6592642328125 0.6348655765625 0.64071798125 0.62878508125 0.63563686875 0.621875 0.6201618343749999 0.621875 0.6139290359375 0.6340966765625 0.6107813109375 0.6478531625 0.609375 0.6954489953125 0.609375 0.7223830421875 0.6131712734375 0.7675724984375 0.6182638921875 0.7804615625
4 0.8638788046875 1 0.867832234375 0.9939896171874999 0.86875 0.98970769375 0.86875 0.9356002078125 0.8636297640624999 0.9255133875 0.8561643968749999 0.9173520859375 0.8535749515625 0.8992618296875001 0.8500136984375001 0.8933314390625 0.8288946750000001 0.8927292046874999 0.8160141703124999 0.884413484375 0.8105706578125 0.8837283625000001 0.7855498234375 0.8708272890625001 0.7644354046874999 0.85008919375 0.7556009140625 0.8466579015625001 0.7532906578125 0.8540105453125001 0.7539150078125 0.8656860281250001 0.758013171875 0.8917677234374999 0.7743582765625 0.954761375 0.7839567125 0.9825896000000001 0.7911359828125001 0.9955117937499999 0.8030191140625 1 0.8638788046875 1
10 0.72470514375 1 0.7212422859375 0.9898560156249999 0.7142379546875001 0.958597203125 0.7113717484375 0.9552441312500001 0.6938336734374999 0.953125 0.672754684375 0.953125 0.6647332171875 0.9593190906250001 0.6478988265625001 0.966995290625 0.5989981546875 1 0.72470514375 1
10 0.9250532890625 0.50118594375 0.9104300437500001 0.5097895796875 0.8629493828125 0.558850421875 0.851390759375 0.574441821875 0.8395448484375001 0.6048862859374999 0.8273031609375 0.6278887531249999 0.8224766265625 0.62828111875 0.803003165625 0.61657676875 0.796501821875 0.615859590625 0.7918449093750001 0.6194413875 0.7875012578125 0.6187860781250001 0.784577984375 0.6144561718749999 0.7819939515625001 0.6165051203124999 0.779664346875 0.6233382140625 0.7838620625 0.6415044484375001 0.7833768843750001 0.6526365140625 0.7750525046875 0.67840510625 0.765018165625 0.7327857546875001 0.7601610671875 0.742730940625 0.761093975 0.7602727984375 0.7585359171875 0.7729377109375 0.75497235625 0.83758835625 0.7730231468750001 0.8630516953124999 0.7907064265624999 0.88160460625 0.809329496875 0.8874462046874999 0.841042353125 0.8862324812499999 0.8579906156250001 0.890964534375 0.86341081875 0.9017351687499999 0.87132565625 0.9290309171875 0.8838997031249999 0.9426604812499999 0.8931829687499999 0.9450497078125 0.9027512265625 0.942670259375 0.9256348046875 0.9484375 0.95625 0.9484375 0.95625 0.87511269375 0.948600846875 0.731282515625 0.9466645437500001 0.7252559359375 0.9477315468749999 0.71493669375 0.9358440359374999 0.4914108953125 0.9250532890625 0.50118594375
18 0.7459284875 0.5893939328125001 0.7464798015625 0.59997840625 0.7433005203125 0.6132348015625 0.731494678125 0.630688465625 0.729335684375 0.642306046875 0.7551792859375 0.660861946875 0.764802565625 0.671875 0.7890294765625001 0.671875 0.8047192734374999 0.656750009375 0.8204564734375 0.651092225 0.8234375 0.6477143234375 0.8234375 0.6288690796875 0.8230554250000001 0.62669428125 0.801962703125 0.603827646875 0.80059421875 0.59878153125 0.8223104124999999 0.5699372140625 0.8234375 0.5678375234375 0.8234375 0.5549773765625 0.8012757234375 0.548184734375 0.7941070531250001 0.5485310890624999 0.7850138718749999 0.554383384375 0.777296240625 0.5335770046875 0.728019759375 0.5321343781250001 0.7459284875 0.5893939328125001
18 0.5171875 0.524015015625 0.5266205578125 0.5374838109375 0.5341105109375001 0.54473156875 0.5465275953125001 0.5521212 0.561452446875 0.55525559375 0.5799202734375 0.5633603781250001 0.5942930093750001 0.5870342234375 0.6124692671874999 0.610276659375 0.6228950265625001 0.6316731375 0.6294932265625001 0.6324040546875 0.6356897546875 0.6255503812500001 0.6411930359375 0.626249775 0.6579037203125 0.63214024375 0.6714731046875 0.6406449125 0.67616838125 0.6467303390625 0.6828836734375 0.6393506765625 0.6893957984375 0.6384563265625001 0.6990948625 0.646875 0.7135673265625 0.646875 0.716046821875 0.6462558062499999 0.725 0.6379047375 0.725 0.5950163171874999 0.724184275 0.5934789578125 0.6912863296875 0.5606168140625 0.66210350625 0.5359755953125 0.6122033078125 0.5123606359374999 0.5894705734375 0.5062967687500001 0.556035821875 0.484375 0.5409105000000001 0.484375 0.53616853125 0.490697809375 0.5304310640625001 0.5062195796875 0.52674230625 0.5088180140625 0.5185878015625 0.5096650765625 0.5171875 0.51215145625 0.5171875 0.524015015625
18 0.4890625 0.64375 0.5104655609375001 0.64375 0.5119855249999999 0.6428065453125 0.5505280921875 0.605344565625 0.5578125 0.5950737640625 0.5578125 0.5574420015625 0.55134979375 0.5491376 0.53497348125 0.54010350625 0.515826584375 0.5202800921875 0.49962285 0.5144640671875 0.4890625 0.5075261234375 0.4890625 0.64375
14 0.5859375 0.5484375 0.5859375 0.536658734375 0.51963665625 0.5168229921874999 0.51875 0.5162427968750001 0.51875 0.5267134328124999 0.575066715625 0.5484375 0.5859375 0.5484375