15 0.3890625 0.4890625 0.3890625 0.22411550156249999 0.3753009375 0.228346734375 0.35974142656249997 0.23591891875 0.3472360171875 0.2344991625 0.334971696875 0.22291188437499998 0.3236593875 0.2207514578125 0.319811946875 0.2218876921875 0.2801333546875 0.23858909687500002 0.24190493124999998 0.2602339953125 0.23695171093749998 0.2708223109375 0.2314130140625 0.27718257031250004 0.2144414640625 0.28646616406250003 0.201634690625 0.2977558078125 0.196024646875 0.3112563390625 0.196380109375 0.32105352656249997 0.210635771875 0.3602059234375 0.23418407812500003 0.408198878125 0.264556403125 0.4782523921875 0.27174424375 0.4890625 0.3890625 0.4890625
17 0.2375 0.4890625 0.2375 0.44712159375000005 0.1364182609375 0.4294990453125 0.1142383078125 0.4265625 0.08670635 0.4265625 0.0855626296875 0.44254803593750003 0.0997312265625 0.46354490000000004 0.0925048765625 0.4890625 0.2375 0.4890625
9 0 0.34116209375 0.0016275859375 0.3427592734375 0.032860328125 0.36984329531250004 0.046610556250000004 0.386936175 0.0639792734375 0.39743270937499997 0.07694443125 0.41327524843749996 0.09918850625 0.432909771875 0.1106065484375 0.4366754890625 0.15534054375 0.44375 0.20732599999999998 0.44375 0.21808067812499998 0.43069362031249997 0.221875 0.41902115 0.221875 0.3764333484375 0.21834413281249998 0.3679432875 0.20623821250000002 0.34591628281250003 0.199804228125 0.3294895375 0.171922753125 0.289890534375 0.1467493875 0.247738309375 0.1360601796875 0.2217879640625 0.1228904515625 0.1973800578125 0.1003395203125 0.1648974875 0.08865425 0.1552131390625 0.0728556734375 0.1472172859375 0.0441085421875 0.139884453125 0.028674378125 0.12079628125 0.025349139062499998 0.11875 0 0.11875 0 0.34116209375
15 1 0.4890625 1 0.089635271875 0.9765387953125 0.063713309375 0.95983308125 0.052672037500000005 0.9453385328125 0.0483733609375 0.9187637859375 0.0505387484375 0.8775069249999999 0.04375 0.8708878875 0.04375 0.849839653125 0.04621401875 0.8244278515625 0.057819949999999995 0.8058850328125 0.0708751 0.7801516984375001 0.0921557125 0.7687109359375001 0.10510374375 0.7566020546875001 0.10853318281249999 0.740768853125 0.10241954375 0.7294751203125001 0.104707365625 0.72636034375 0.10722474062500001 0.6961723765625 0.13781888125 0.6692437890624999 0.1724576578125 0.6687764375 0.184181440625 0.6661266015624999 0.19219725468749999 0.6540451921875 0.20727242812500002 0.6484375 0.218827378125 0.6484375 0.24119719375 0.6507797671875 0.2462833453125 0.6791544828125 0.277264690625 0.71954961875 0.3129349484375 0.7748157828125001 0.3665206703125 0.8210328921875 0.3977269859375 0.8272899125000001 0.404337971875 0.8288891109375001 0.41624233125 0.8153769640625 0.463454228125 0.8064136296874999 0.4890625 1 0.4890625
17 0.75625 0.4890625 0.75625 0.3838122203125 0.750200803125 0.3632031484375 0.7455483984375 0.351544615625 0.74386225625 0.35 0.730131659375 0.35 0.6384732984375 0.3699988140625 0.5988680578125 0.380382725 0.591426853125 0.3851721859375 0.596879 0.40135184687500003 0.6180425046875 0.4155673703125 0.627160825 0.4890625 0.75625 0.4890625
9 0.3890625 0.2860932171875 0.4099148078125 0.3088529015625 0.426672528125 0.320051046875 0.47794570625 0.34120884375 0.5173009046875 0.354664690625 0.53663005 0.365451615625 0.5567467828125 0.36863980625 0.57486599375 0.3785526828125 0.5825328609375 0.38125 0.6415594140625 0.38125 0.6886124062500001 0.3699703171875 0.7016210875000001 0.3657548953125 0.7057055562500001 0.36189909062500003 0.7078125 0.354806040625 0.7078125 0.30807975625 0.7020845437500001 0.295756884375 0.6879591203125 0.28146893125 0.6682374375 0.26540707812500003 0.65592691875 0.2524302015625 0.614818946875 0.22591039999999998 0.575224025 0.19594601250000002 0.55529116875 0.1756477671875 0.5336639015625 0.15775557499999998 0.500239140625 0.1358785515625 0.48568886093749997 0.13126640625 0.4679919953125 0.1298263140625 0.43858706875 0.13399495625 0.4251901078125 0.1265625 0.3890625 0.1265625 0.3890625 0.2860932171875
12 0.3890625 0.4890625 0.6078345671875001 0.4890625 0.56549285 0.3565352171875 0.55554025 0.350767865625 0.5426401390625 0.3491363375 0.5243883484375 0.341010403125 0.512330384375 0.3381972140625 0.502377784375 0.3324298625 0.48030670937500003 0.3264803421875 0.43147474375000006 0.3058851421875 0.419447659375 0.29729985625 0.40660930625 0.284124134375 0.396477671875 0.268423515625 0.389737265625 0.2515625 0.3890625 0.2515625 0.3890625 0.4890625
15 0.098431109375 0.4890625 0.0966377203125 0.510664096875 0.0836637640625 0.56624869375 0.12394076406250001 0.6089580234375 0.16276680937500002 0.6234375 0.17766584218749998 0.6234375 0.2023444078125 0.616538503125 0.219677896875 0.598452028125 0.2484375 0.5370350140625 0.2484375 0.4890625 0.098431109375 0.4890625
15 0.179742821875 0.6416058921875 0.1897227515625 0.6876907015625 0.258575884375 0.736413684375 0.2831787765625 0.728695065625 0.30235168749999997 0.7153476078125001 0.30816379375 0.7027478171875 0.2722726625 0.6695692328125 0.24750784375 0.6277895703125 0.27125416874999997 0.5607919 0.269019675 0.5529384875 0.2280920390625 0.5668896046875 0.2184707734375 0.596682346875 0.2029564375 0.6143257375 0.186631690625 0.6205582375 0.179742821875 0.6416058921875
15 0.3890625 0.6395244609375 0.32783460625 0.6728018578125 0.3103982875 0.7106012328125 0.33685354375 0.728964659375 0.35175420625 0.726289640625 0.3890625 0.7006672 0.3890625 0.6395244609375
15 0.3890625 0.6984840609375 0.3787421734375 0.70493555 0.3516384328125 0.7246595124999999 0.34309393125 0.746004390625 0.3559681859375 0.8328423968750001 0.3890625 0.8126444062499999 0.3890625 0.6984840609375
0 0.233903375 0.7903703312499999 0.2245484640625 0.8003043156249999 0.22570619218750002 0.81660559375 0.2333706640625 0.8300878468749999 0.2469630171875 0.8326004359375 0.35376850000000004 0.8018699671875 0.34390434375 0.7574152859375 0.277910721875 0.7725645109375 0.233903375 0.7903703312499999
15 0.209265675 0.8212079640625 0.237098859375 0.7881457562499999 0.2426794203125 0.7722857078125 0.3020853328125 0.7352063671875 0.3049334984375 0.72809140625 0.2602315140625 0.7361164609374999 0.2353161109375 0.7158256828124999 0.1633946125 0.741944571875 0.0943326265625 0.8319356687500001 0.092607378125 0.8784709203125001 0.113516884375 0.8895753796874999 0.209265675 0.8212079640625
15 0.05746915625 0.7378479078125 0.0585111125 0.7525190593750001 0.0672523484375 0.75755345 0.093869534375 0.8254151578125001 0.10049205000000001 0.8242262609375001 0.11531175 0.7968021015625 0.158659271875 0.7460964984375 0.1942727015625 0.7281466734375 0.1960789125 0.7063605609375 0.20955549218749997 0.7072430234375 0.1955000484375 0.6982099234375 0.17747351875 0.656871490625 0.097343490625 0.638238471875 0.082442828125 0.640913490625 0.07000820468749999 0.6547021796875 0.05746915625 0.7378479078125
9 0.2311127078125 0.916340615625 0.2506329390625 0.9078835406250001 0.2507835203125 0.8863946546874999 0.2296424703125 0.8720299406249999 0.21254212187500002 0.8437325281250001 0.2094972203125 0.8244682203125 0.1995634453125 0.826251565625 0.1358852828125 0.8740033453125001 0.1416625796875 0.8845225671874999 0.165536025 0.8901421953125 0.186908621875 0.9077671687500001 0.21209037656250002 0.9081991875 0.2311127078125 0.916340615625
9 1 1 1 0.8766822093750001 0.974147284375 0.8849784234375001 0.9232590015625 0.8945948953125 0.8976627796875001 0.8961401078125 0.8923007593750001 0.8998791374999999 0.8715091812499999 0.9505184171875001 0.8629816984375 0.9619306875 0.846148315625 0.9787107265625 0.8413712234374999 0.9949998453125 0.83678748125 1 1 1
9 0.8350497265625 1 0.838515315625 0.9931126453125 0.8422964984375 0.9746165109374999 0.8632715624999999 0.961169946875 0.8862131187500001 0.9120114843749999 0.8897679937500002 0.8998124328125 0.89375 0.8631151046875001 0.89375 0.7984375 0.8684714734375 0.7984375 0.866661921875 0.799121215625 0.8482156109375001 0.8004113531249999 0.8248059609375 0.8055754578125001 0.8117770171875 0.8129282703125 0.801122209375 0.8159906843750001 0.761127325 0.818175834375 0.7581684375 0.8209185984375 0.75563968125 0.8330750281249999 0.7477062125 0.8506956796875 0.7453125 0.8607282796875 0.7453125 0.9190379359375 0.7522099421874999 0.9380122453125 0.767531509375 0.9583348234375 0.764776446875 0.9767883359375 0.768595596875 0.992872896875 0.7757005015624999 1 0.8350497265625 1
9 1 0.7760017453125 0.980859096875 0.779094928125 0.9033961578125 0.7982153875 0.8941134359374999 0.8078562687499999 0.890625 0.8616713984375 0.890625 0.8744224953125 0.8980765625 0.896875 0.9369930531249999 0.896875 0.981305840625 0.8881490109375001 1 0.882549775 1 0.7760017453125
9 1 0.6418301718749999 0.985447046875 0.64502030625 0.9021921984375 0.65246666875 0.8644996703124999 0.6580687125 0.8352954656249999 0.6587413343749999 0.801698428125 0.6641775984375 0.7729107828125 0.6627952125000001 0.738897184375 0.67028648125 0.7204801078124999 0.6822417765625 0.7171875 0.6890094796875 0.7171875 0.7847973875 0.7206302296875 0.7948431484375 0.734430075 0.8156850578124999 0.743562178125 0.8244870453124999 0.7476037546875001 0.8265625 0.79899273125 0.8265625 0.8257216218749999 0.8155564156249999 0.8614140921875 0.8110544046874999 0.8978443078125 0.8004080984374999 0.9162263218749999 0.798644940625 1 0.7800065843749999 1 0.6418301718749999
9 1 0.6424169656250001 0.9693445640625 0.6288631140625001 0.9389764484375 0.621725515625 0.9025842562499999 0.6015308484374999 0.870958546875 0.5885322203125 0.8519518859375002 0.592755996875 0.84574604375 0.59695055625 0.84066045625 0.6040555890625 0.8379634953124999 0.6095851578125 0.8386838546875002 0.61448270625 0.8362952312499999 0.6160581703125001 0.8342270703124999 0.6245182515625001 0.8309013078125 0.6271173078125 0.8274503296875 0.6376045375 0.8221143093750001 0.6604859203125 0.822297428125 0.6644199890625 0.8243090437500001 0.66532335625 0.846241565625 0.66048759375 0.86697439375 0.661613046875 1 0.6459692078125 1 0.6424169656250001
1 0.3890625 1 0.4060640390625 1 0.41323152968750004 0.9665311015625001 0.4199323953125 0.8989233484374999 0.43436643906250005 0.8211464656249999 0.44358069687499996 0.7370131765625001 0.4584141875 0.6501873234375 0.47876375625000006 0.5715123296875 0.42336658437499997 0.57377096875 0.420713221875 0.5983495125 0.401196303125 0.7256028140625 0.3890625 0.7950379296875 0.3890625 1
1 0.4427053234375 1 0.44382540625000005 0.9890971734375 0.45039387656249996 0.936275571875 0.4713605 0.840166978125 0.5018084296875001 0.665662278125 0.5150449109374999 0.570033084375 0.4788169671875 0.5715101609375 0.4593318296875 0.65181964375 0.4498482640625 0.6949062609375 0.4457168828125 0.7295631296874999 0.43661481875 0.780845725 0.43486443125 0.8137632109374999 0.42806480156250004 0.8263577375000001 0.423913215625 0.8429500671875001 0.41763199999999995 0.9195733921875 0.4079397375 0.9758069671874999 0.404463103125 1 0.4427053234375 1
1 0.5231570890625 1 0.5242724765625 0.9891428781249999 0.5314894984375 0.9502544343749999 0.5345930859375 0.9287779171875 0.5443437015625 0.8914284828125 0.544893490625 0.8503484171875 0.5591390421875 0.8037830312500001 0.5682029562500001 0.751680840625 0.577533921875 0.7053158328125 0.588464934375 0.6580644343750001 0.5947484078125 0.616750596875 0.6031076750000001 0.56714059375 0.5886864234375 0.56703059375 0.5143985921875001 0.5700594375 0.5080564265625 0.6055044234375 0.5034290953125 0.6295065265625001 0.4903661953125 0.701479434375 0.48459661875000004 0.736203096875 0.47890334062499995 0.7725659546875 0.473362665625 0.8122072015625001 0.46959258125 0.8369955046875 0.46184145781249997 0.8644095796875 0.4557487328125 0.9098214078125 0.4474657671875 0.9610706062500001 0.4435377359375 1 0.5231570890625 1
1 0.5643433984375 1 0.5689413578125 0.9791101187500001 0.57907121875 0.9146471734375 0.5986869 0.84240709375 0.6183182703125001 0.7176125859375 0.6305418671874999 0.6276085296875 0.6416052750000001 0.5655709812499999 0.6311293453125 0.565300121875 0.6040611968749999 0.5664037375000001 0.5974704921875 0.5870781046875 0.5927107640625 0.62586635625 0.5883504828125 0.6556056421875 0.5730389859375 0.7145317828125 0.5668699609375001 0.7583044140625 0.554435409375 0.8261459375 0.54249455 0.8693327437499999 0.53626943125 0.9295307218750001 0.5331837890625 0.9337622937500001 0.5305380046875 0.9650739828125001 0.5237539890624999 1 0.5643433984375 1
1 0.686345390625 1 0.687064275 0.9960956546874999 0.6885480625 0.9645028828125 0.6919061265625001 0.9308629265625001 0.694281271875 0.8972630437500001 0.7047486578125 0.8682601453125001 0.713729546875 0.8284786343749999 0.7197374359375 0.7671398984375 0.7195516062499999 0.720834446875 0.731939046875 0.6907678796875001 0.7333985890625 0.6374976562500001 0.7367781875 0.5831637656249999 0.73510856875 0.568451084375 0.7409731171875 0.5608215999999999 0.6902938296875 0.5628878828125 0.6855776296875 0.62565203125 0.6765321375 0.7275153421875 0.661772259375 0.8335531734374999 0.659286728125 0.928251340625 0.649228653125 0.9237345093750001 0.6348160734375 1 0.686345390625 1