0 0.09925648125 0.1324418234375 0.105455221875 0.13778214687499998 0.10799966093749999 0.1481727015625 0.11284568749999999 0.1550066046875 0.12292916250000001 0.1617437859375 0.14567275 0.1829331546875 0.1551506640625 0.184375 0.18530029374999998 0.184375 0.192700778125 0.1825891515625 0.1978097390625 0.184375 0.2243460828125 0.184375 0.2247151234375 0.184200815625 0.2363444984375 0.1733911484375 0.246875 0.1553421890625 0.246875 0.108352715625 0.242931934375 0.10377326093749999 0.2345728078125 0.0987875375 0.2001625984375 0.0659074765625 0.1790367125 0.059375 0.137993740625 0.059375 0.12013915312500001 0.06937843437499999 0.1082595640625 0.0839166671875 0.09866177968749999 0.1050739140625 0.0984375 0.1072978765625 0.0984375 0.12998961250000002 0.09925648125 0.1324418234375
6 0.36875 0 0.1950941921875 0 0.1926437828125 0.002289071875 0.1885378140625 0.0094652375 0.1625 0.014992334375 0.1625 0.064970225 0.1646977484375 0.065625 0.222467071875 0.065625 0.2441019625 0.059773542187499994 0.26213995 0.051078051562500004 0.3360426984375 0.0078484859375 0.3632054046875 0.0031397171874999997 0.36875 0.001426584375 0.36875 0
5 0.25764984062499996 0.409375 0.25044730937500004 0.3847096484375 0.2519103453125 0.37516299062499997 0.23839251250000001 0.36168350781249997 0.2255674265625 0.34235319375 0.213052496875 0.3316428828125 0.20533942968750002 0.31810950312499997 0.1972762734375 0.3163639796875 0.18843029218750001 0.310793334375 0.18250295156250002 0.3038542515625 0.1753651578125 0.3027228984375 0.170505721875 0.2931870359375 0.1620024 0.2935534171875 0.151273190625 0.2894374015625 0.139663653125 0.28954519218749997 0.1322607421875 0.28463181406250004 0.12190669218750001 0.2837698484375 0.112037840625 0.285633959375 0.0951104984375 0.2796875 0.0859986859375 0.2796875 0.0815709296875 0.28524615937500003 0.0589145921875 0.2903428140625 0.046875 0.295579965625 0.046875 0.35058851406249997 0.0488609140625 0.3587964453125 0.055195918749999996 0.3663066015625 0.0768145078125 0.40409446562499995 0.08225665 0.40830747343749996 0.0830540640625 0.409375 0.25764984062499996 0.409375
5 0.147639359375 0.18094192656250002 0.1315048203125 0.16528032343750002 0.1141959234375 0.1527063359375 0.10802234687500001 0.14211264375 0.0992931359375 0.146169159375 0.09136426875 0.14392268125000002 0.08278224687499999 0.169752203125 0.0703679453125 0.1963270265625 0.0421875 0.2389743734375 0.0421875 0.2413822578125 0.06077125 0.25444874375 0.0692287375 0.2641693796875 0.07951881250000001 0.26767219375 0.08048625625 0.2730595453125 0.094137384375 0.2805549515625 0.1080528203125 0.29178743125 0.10937287343749999 0.2921875 0.12984266718749998 0.2921875 0.13016885312499998 0.2914892453125 0.132343053125 0.2911378890625 0.1327614 0.2921875 0.16875750625 0.2921875 0.171875 0.2861569390625 0.171875 0.23109215624999999 0.1712690234375 0.225882615625 0.154825278125 0.20170345156249997 0.155658021875 0.1927493671875 0.148948409375 0.19219574687500002 0.146290490625 0.18985342656249998 0.147639359375 0.18094192656250002
5 0 0 0 0.2777923890625 0.01110395625 0.2715616140625 0.0258741859375 0.259410084375 0.048305 0.23503483749999998 0.07083003125000001 0.202954025 0.085532525 0.171770671875 0.09375 0.1431497859375 0.09375 0.08948328125 0.09281583593750001 0.0839251296875 0.0863513515625 0.063851478125 0.0747032453125 0.041807615625 0.0637487359375 0.02856274375 0.04650380625 0.013770590625 0.040032135937500005 0.010665690625 0.031441076562499996 0.0007010921875000001 0.0302582078125 0 0 0
5 0 0.3854214796875 0.0032678390624999998 0.383607678125 0.014629068749999998 0.3738845171875 0.038570074999999995 0.363615190625 0.05390750625 0.3547593859375 0.059109587500000005 0.34718861093750003 0.06087811562499999 0.336126946875 0.05780220781249999 0.32839557343750003 0.0511521625 0.3203643828125 0.050399790624999996 0.3064221984375 0.07178784218749999 0.2959387140625 0.084182615625 0.2937755984375 0.0953125 0.28806395 0.0953125 0.2796584578125 0.0937826515625 0.277498971875 0.06471835000000001 0.25477608906250004 0.056798007812499995 0.250375009375 0.0403826171875 0.24686274843749997 0.032583164062499996 0.24941134687500002 0.0033759640624999995 0.2725841765625 0 0.27462775 0 0.3854214796875
15 0.8061582875 0.2453125 0.824643034375 0.2453125 0.8405614671875 0.230087709375 0.8420311046875 0.17965236406250001 0.8453125 0.17124107500000002 0.8453125 0.131475503125 0.8450912531250001 0.129198115625 0.83589005625 0.121875 0.7922869125 0.121875 0.781142775 0.14296919531250002 0.7838380265625 0.15432184531249998 0.76951109375 0.1707559484375 0.77567838125 0.21784776250000001 0.7960270984375 0.23061699062500002 0.8061582875 0.2453125
15 0.5725982921874999 0.11880647656250001 0.5772860312500001 0.13177129375000002 0.6145544000000001 0.159375 0.6249213046875 0.159375 0.6410593734375001 0.11478040781250001 0.6546875 0.0947669140625 0.6546875 0.064476659375 0.6303779515625 0.043303709375 0.5912866859375 0.0388627046875 0.5733292140625 0.043946731249999996 0.5671875 0.054512459375 0.5671875 0.07730554218749999 0.5725982921874999 0.11880647656250001
15 0.47044625625 0.215348390625 0.5027499843750001 0.2116888453125 0.5415918390625001 0.1915434140625 0.571875 0.157373109375 0.571875 0.1261574515625 0.5434608734374999 0.09470581875 0.5245445156249999 0.085081296875 0.511685515625 0.084375 0.499159615625 0.084375 0.47281354374999995 0.10701835781249999 0.4328125 0.1859152796875 0.4328125 0.202954284375 0.44388281718750006 0.21875 0.46308223593750003 0.21875 0.47044625625 0.215348390625
15 0.45903807187499995 0.260654290625 0.52398224375 0.2875 0.546519184375 0.2875 0.5771606640625 0.25767339843750003 0.5859375 0.24194067812500003 0.5859375 0.232770709375 0.57908731875 0.21303007499999999 0.5688425718750001 0.20518241406249998 0.5513384890624999 0.20379439531250002 0.4666470078125 0.2095698484375 0.45717247031249997 0.225617084375 0.45903807187499995 0.260654290625
15 0.5573887671875 0.3640625 0.56522708125 0.362959765625 0.6027804343750001 0.3398466015625 0.6450930093749999 0.33286914218749997 0.66875 0.3040951828125 0.66875 0.27126064375 0.6593113828125 0.25012162187500003 0.6219527953125 0.226275634375 0.60259125625 0.225 0.6010001203125 0.225 0.5731080328125 0.247903203125 0.5177064515625001 0.316565196875 0.515625 0.3288029484375 0.515625 0.33692423437499996 0.52593263125 0.3640625 0.5573887671875 0.3640625
15 0.594039834375 0.3859375 0.6032085265625 0.379752921875 0.6420458546875001 0.372727696875 0.6796875 0.3525100015625 0.6796875 0.3466625359375 0.6624470953125 0.321668528125 0.6516441203125 0.3171875 0.6505524609375 0.3171875 0.6215490921875 0.3401925125 0.5934483796875 0.34380990625 0.5602865140625 0.3606014 0.560913046875 0.36715034687500003 0.58371508125 0.3859375 0.594039834375 0.3859375
15 0.708147365625 0.409375 0.7171875 0.3921296328125 0.7171875 0.3796901578125 0.7041204359375 0.36132963125 0.67894823125 0.3504985765625 0.61068844375 0.409375 0.708147365625 0.409375
15 0.7573282609375 0 0.727009759375 0.022043975 0.7266649390625 0.050714042187499996 0.7371983921874999 0.0703125 0.7438441921875001 0.0703125 0.7754981203125 0.054930925 0.798382896875 0.0578532375 0.798395375 0.041927478125 0.8203125 0.027246034375 0.8203125 0.0014414234375 0.8195143406250001 0 0.7573282609375 0
15 0.853125 0.12876734375 0.853125 0.13861488125000002 0.8537252390625 0.14468260156249999 0.8999159421874999 0.1701046125 0.91865785625 0.1734375 0.940625 0.1734375 0.940625 0.1275752859375 0.9403474578125 0.1209555890625 0.9114241140625001 0.12291574062499999 0.9064290203125001 0.1051257640625 0.8802687312499999 0.0859602484375 0.853125 0.12876734375
15 0.36875 0 0.36875 0.0779949609375 0.3785836453125 0.080623859375 0.40932760156250003 0 0.36875 0
1 0.5883364609375 0.22994401718750002 0.614668775 0.2280720546875 0.7070336125 0.26298030781250004 0.7660729906249999 0.27637281874999997 0.79879211875 0.2759909328125 0.8073674453125002 0.2680677359375 0.8081645671875 0.2445891046875 0.796806459375 0.2243815890625 0.6955570953125 0.1942708984375 0.6483516874999999 0.19012799687499998 0.5979117640625 0.1375195703125 0.5737679640625 0.1299782609375 0.5684512796875 0.1550742625 0.5417856390625 0.18511330937499998 0.5427132343750001 0.1944902140625 0.572458790625 0.211353875 0.5883364609375 0.22994401718750002
15 0.36875 0.409375 0.429216378125 0.409375 0.4352173671875 0.385064103125 0.433825975 0.3709987453125 0.4272845625 0.367945853125 0.43041273281250003 0.3522631234375 0.403152825 0.34475818125 0.3735498046875 0.3451036984375 0.36875 0.34601270781250004 0.36875 0.409375
15 0.36875 0.3073063078125 0.3837073125 0.3058695984375 0.41753276093749997 0.28513471562500003 0.41740228906250004 0.25227918125 0.39249755625 0.22127742343749998 0.36875 0.208343384375 0.36875 0.3073063078125
15 0.5421099593750001 0.409375 0.5424259359375 0.3650373421875 0.52157696875 0.3277297609375 0.4977423671875 0.32331408437500003 0.475762953125 0.3376522171875 0.4776181421875 0.35640602499999996 0.47013707031249996 0.359622584375 0.44766973125 0.40056498281249997 0.4489411546875 0.409375 0.5421099593750001 0.409375
15 0.45278578906250005 0.2315261140625 0.435028803125 0.22547488124999998 0.42302817031249995 0.2303088125 0.41647469531250003 0.24290227656250002 0.41800862031249997 0.274176809375 0.45133408125 0.295692553125 0.45504445625 0.3332001703125 0.481210109375 0.345411746875 0.49524465625 0.3296017234375 0.49340153124999997 0.29520155625 0.46164618749999997 0.25802126875 0.45278578906250005 0.2315261140625
15 0.36875 0.21461937656250002 0.3977901140625 0.2274741375 0.41351318593749997 0.2445014640625 0.43112763750000005 0.23334352187500002 0.45590189687500005 0.23148974375 0.448432890625 0.2190599453125 0.41026660625 0.21168230000000002 0.36875 0.1873234078125 0.36875 0.21461937656250002
10 1 0 0.8151012609375 0 0.8169208484375 0.001970525 0.8256266468749999 0.026902862500000003 0.8645538625 0.0577409546875 0.8695251593750001 0.07645839374999999 0.9016017625 0.10111795625 0.9062638609375 0.11670975937500001 0.9226173921874998 0.124341996875 0.9364852765624999 0.1226155140625 0.9515778906249999 0.149037928125 0.9969401734375001 0.1187806625 1 0.108528896875 1 0
10 0.6077581625 0 0.6076657921875 0.0153652265625 0.6289906203125 0.041714901562500004 0.6506367093750001 0.0555438515625 0.6746379734375 0.0458759875 0.6927282859374999 0.023760139062499998 0.7488302828125001 0.00745911875 0.7596355375 0 0.6077581625 0
10 1 0.160649071875 0.9520296218750002 0.16937274062500002 0.89483336875 0.190380396875 0.8357819281250001 0.1926342453125 0.8271824734375001 0.23185016093750002 0.8036450046875 0.2462064765625 0.795806484375 0.3088828375 0.7781558421875 0.36697985625 0.7800110296875 0.385733665625 0.8240882671875 0.4055592953125 0.8490316296875001 0.409375 0.87583460625 0.409375 0.920532996875 0.4028690046875 0.9455758218749999 0.409375 0.9549147328124998 0.409375 0.9968776281250001 0.40197793906249996 1 0.4007805203125 1 0.160649071875
10 0.645699378125 0.1948528203125 0.732319925 0.203229546875 0.739646396875 0.19845016875 0.7356026953125 0.189109634375 0.7661453734375 0.182494665625 0.7804891171875 0.169810275 0.7957845828125001 0.1352100734375 0.8020529890624999 0.08819825625 0.7955236390625 0.069499003125 0.7757448015625 0.0587775015625 0.7515889375 0.06688255 0.7138864500000001 0.06419335468750001 0.7004823640625 0.070608290625 0.6447959093750001 0.15418319687499998 0.6388608296875 0.17302793125 0.645699378125 0.1948528203125
5 0.03707966875 0.409375 0.036334121875 0.41269060625 0.017323284375 0.415637603125 0 0.42994692343749996 0 0.5065738234375 0.006479592187499999 0.5152687578124999 0.0169792078125 0.5567008625 0.009529634375 0.5898307093749999 0 0.609900275 0 0.6984375 0.04442801875 0.6984375 0.11735745625 0.6382381031250001 0.14124020312500002 0.5989370015625 0.171150978125 0.5263000859375 0.18125 0.48779422187500004 0.18125 0.41725618906250006 0.17970657968749998 0.409375 0.15480723125 0.409375 0.151307875 0.4464541609375 0.143763828125 0.46531646875000005 0.1147842015625 0.421206734375 0.1031771953125 0.409375 0.03707966875 0.409375
18 0.36875 0.409375 0.2109299734375 0.409375 0.2115519296875 0.41029778281249996 0.2 0.417578015625 0.2 0.42814238125 0.202445565625 0.430372846875 0.20024385156250002 0.48425249062500003 0.2 0.485069190625 0.2 0.5436330046875 0.2271802859375 0.5808624703125 0.2222095015625 0.6029628765625 0.2680993078125 0.621020503125 0.29380426875 0.6390067953124999 0.30786118125 0.6581583578125001 0.31333665 0.6609375 0.36875 0.6609375 0.36875 0.409375
18 0.36875 0.65599140625 0.3440657859375 0.65830826875 0.326629775 0.65 0.3171230390625 0.65 0.31261312812500003 0.6723654124999999 0.2959805671875 0.6814149734375 0.2666428125 0.6728083359375 0.2463078984375 0.65 0.211068540625 0.65 0.1960350703125 0.691178796875 0.171982390625 0.7336015796875 0.1703125 0.7447289046875 0.1703125 0.7603892578125 0.1964675 0.77882938125 0.20696368125000003 0.8047770156249999 0.2397561 0.8225050265625 0.275947165625 0.819193225 0.3159132796875 0.8523310109375 0.323709803125 0.8764471875 0.32419124374999997 0.8765625 0.36875 0.8765625 0.36875 0.78778661875 0.3584490640625 0.7810278578125001 0.3512753703125 0.765618084375 0.352465003125 0.7528697078125 0.3680781921875 0.739363203125 0.326563975 0.7074344187499999 0.36875 0.6825952703125 0.36875 0.65599140625
18 0.1703125 0.714443321875 0.1454075 0.6752629984375 0.1287331875 0.675 0.11134049374999999 0.675 0.100997328125 0.692294321875 0.10433640468750001 0.7353828703125 0.11077261406250001 0.7421875 0.137068396875 0.7421875 0.1703125 0.7266278875 0.1703125 0.714443321875
18 0.29278701093750004 0.6859375 0.30813229531249997 0.6859375 0.3140625 0.678368615625 0.3140625 0.6419590187499999 0.30631675937499997 0.6285898765625 0.2786913796875 0.616278296875 0.2448128609375 0.6240419921875 0.24384600625 0.649061325 0.2601972859375 0.67374664375 0.29278701093750004 0.6859375
15 0.512487390625 0.409375 0.5156634015625 0.4375 0.5640625 0.4375 0.5640625 0.409375 0.512487390625 0.409375
15 0.7839334953125 0.409375 0.7687047375 0.41455432812500004 0.808360575 0.53125 0.8118957296874999 0.53125 0.8591991390625001 0.5224132703125 0.8609375 0.4659276796875 0.8609375 0.42599876718749996 0.8572514874999999 0.409375 0.7839334953125 0.409375
15 0.60139783125 0.759375 0.612051115625 0.7462460562500001 0.63285865 0.73653709375 0.6375 0.7092281890625 0.6375 0.6863938015625 0.6268916234375 0.6721881171874999 0.6299821328125 0.6612976796875 0.6186603125 0.6367435328125 0.5839891578125 0.63125 0.5775897421874999 0.63125 0.566457825 0.6382266046874999 0.5619598 0.6716542640625001 0.56777371875 0.6888327750000001 0.5674984453125 0.7391868265625 0.5852992921875 0.759375 0.60139783125 0.759375
15 0.8314974796874999 0.6799004171874999 0.8366486859375 0.6671399984375 0.8453125 0.6141952046875 0.8453125 0.60317258125 0.8386446031249999 0.5894273109375 0.8209050093750001 0.58155135 0.8098456921875 0.58125 0.7806820453125 0.58125 0.7546875 0.600378203125 0.7546875 0.6287249296875 0.7684591453125 0.6530334375 0.7829312421875 0.7015625 0.7958393 0.7015625 0.8314974796874999 0.6799004171874999
15 0.9064639703124999 0.7712506703124999 0.939070871875 0.7798231078125 0.9488499640625001 0.7859375 0.9669513484374999 0.7859375 0.9734375 0.7779169359375 0.9734375 0.7440956406250001 0.9405325140624999 0.6682368953125 0.9139003140625 0.640283690625 0.9005168749999999 0.6390625 0.8859577125000001 0.6390625 0.8693757203124999 0.6450645140625 0.8384850578125 0.674037796875 0.8359375 0.6866084171875 0.8359375 0.7019389546875 0.867818709375 0.7447760171875 0.9064639703124999 0.7712506703124999
15 0.8832834765625 0.8421875 0.9493967265624998 0.8249434453125 0.95 0.81823525625 0.95 0.7857138796875001 0.9435712390625 0.7732807046875 0.85901244375 0.7553396265625001 0.8490737078125001 0.7546875 0.840607425 0.7546875 0.8309172265625001 0.7604760171875 0.82120835 0.7843396578125 0.83128141875 0.8049430140625 0.8633209921875 0.8416596171874999 0.871366190625 0.8421875 0.8832834765625 0.8421875
15 0.7359375 0.8153392281249999 0.7371627593750001 0.8391020062500001 0.7603621281249999 0.8719063515624998 0.8024759109375001 0.885027084375 0.8392643 0.9134988625 0.8629957625 0.9203125 0.8785717421874999 0.9203125 0.8875 0.9001113359375001 0.8875 0.8729397578124999 0.83537706875 0.7979278703125 0.8081377312499999 0.770962634375 0.7872338828125 0.7692837828125001 0.7490071265625 0.7875396312499999 0.7359375 0.8127492890625 0.7359375 0.8153392281249999
15 0.7610584453125 0.9104700937499999 0.7996882000000001 0.9230783437500001 0.8114509562500001 0.9328125 0.817748528125 0.9328125 0.840625 0.918101525 0.840625 0.9088422515625 0.8106817968750001 0.889233259375 0.7826813031250001 0.8815492640624999 0.7540733765625001 0.8543551562499999 0.7423812109375 0.8573510437500002 0.7211835171875001 0.883103815625 0.7610584453125 0.9104700937499999
15 0.723860196875 0.9895052218749999 0.7341391703125 0.9921875 0.7428761749999999 0.9921875 0.782197440625 0.976179340625 0.7921875 0.9607037921875001 0.7921875 0.9547891015625 0.7266277750000001 0.8853306921874999 0.7014131921875 0.8926175921875 0.684375 0.9135298390625 0.684375 0.914884734375 0.71248470625 0.9780537140625001 0.723860196875 0.9895052218749999
15 0.6185375328125 0.556224675 0.6179794171874999 0.5722547765625 0.6409877187499999 0.5725978109375001 0.67387168125 0.59375 0.6786596625 0.59375 0.6875 0.5794308203125 0.6875 0.5435893843749999 0.6364602953125 0.49775962968750004 0.6185063765625 0.49658837968749997 0.6024750109375001 0.5053850984375 0.594071740625 0.5185875171875 0.5949090140625 0.5364455703125 0.6185375328125 0.556224675
15 0.465625 0.6671875 0.5145142375 0.6671875 0.5546875 0.6513291578125 0.5546875 0.6313883078125 0.530570646875 0.5877478890625 0.5032336 0.603291871875 0.4975067765625 0.620546228125 0.46811306718749995 0.6143266546875 0.465625 0.646138959375 0.465625 0.6671875
15 0.3941641640625 0.619751009375 0.3953125 0.61154144375 0.3953125 0.58411193125 0.3877014796875 0.5783209250000001 0.3825577890625 0.5775369078125 0.37943425 0.5998674078125 0.3801528171875 0.6296875 0.38773259375 0.6296875 0.3941641640625 0.619751009375
1 0.8352320875 0.7596298828125001 0.8655966046875001 0.7469746140625 0.8668555265624999 0.7376568 0.8412269265625 0.7034770296875 0.8367905828125 0.67739969375 0.8123610703124999 0.6814750484375001 0.7600250515625 0.7271429781250001 0.7126347703125 0.7244229015625001 0.6102406375 0.739986415625 0.5981608109375001 0.7586992171875 0.5981308921874999 0.7824856875 0.6064339546874999 0.7917263296874999 0.639166528125 0.7968916187499999 0.698726590625 0.79201564375 0.7923980171875 0.770317425 0.818685996875 0.7760518187500001 0.8352320875 0.7596298828125001
15 0.9105337140625 1 0.894492971875 0.9926185953125 0.8548961593750001 0.99112835 0.84445988125 1 0.9105337140625 1
15 1 1 1 0.9188613703125 0.9999743750000001 0.9188573265625 0.9724274734375001 0.922440746875 0.975005353125 0.9387083359374999 0.9683509359375 0.9408304093750001 0.9664625515624999 0.9548071312499999 0.974106234375 0.9924931499999999 0.9958328828125002 1 1 1
15 0.9477401171875 1 0.9534534906250001 0.968615059375 0.9324110234375 0.9240564390625 0.9250371921875 0.9197206703125002 0.9275550375 0.901085040625 0.906063009375 0.8834188265625 0.882053140625 0.8843882421875 0.8598718156250001 0.9189538734374999 0.8578037281250002 0.9931732515625 0.8998884656249999 0.9998143359375 0.9002355921875 1 0.9477401171875 1
15 0.954292375 0.797450871875 0.9444906515625 0.82286748125 0.911398471875 0.85571135 0.9083411171875 0.8901226359375001 0.921829853125 0.9081119890625 0.9484475218749999 0.8996236937500001 0.9534832109375 0.8623524359375001 0.9875945749999999 0.845530190625 0.9902322890625002 0.8142248421874999 0.9841173812499999 0.8005712593750001 0.9722772921875 0.7939446234374999 0.954292375 0.797450871875
15 1 0.7825874109375001 0.9975460843749999 0.78365739375 0.9590883265624999 0.785519053125 0.9511749875 0.796958940625 0.975904271875 0.8024473671875001 0.9931398578125 0.81626974375 1 0.8100257718750001 1 0.7825874109375001
10 1 0.409375 0.8763282609375 0.409375 0.8622386828125 0.4419174984375 0.85936123125 0.4985622828125 0.8612196984375 0.50837203125 0.873989021875 0.519903540625 0.9101387562500001 0.5351245406249999 0.9635539953125001 0.540381453125 0.9930792281249999 0.533938059375 1 0.5295174312500001 1 0.409375
10 0.4878529453125 0.6207503109375001 0.5044889875 0.615445125 0.509704578125 0.6004073671875 0.542676890625 0.58023321875 0.5483121234375 0.562089521875 0.58835849375 0.5366873625 0.5979503953125 0.512823721875 0.614286665625 0.49795475624999996 0.618273253125 0.4684483421875 0.59729081875 0.458792940625 0.5900368578125 0.441787453125 0.5795456421875 0.4369597515625 0.5305966640625 0.43399370781249996 0.478710203125 0.452769234375 0.4426504203125 0.44866498125 0.4193599625 0.45609223906249996 0.4100977484375 0.46573319062500007 0.3978980515625 0.4971157125 0.392322853125 0.5501626265625 0.40539194843750004 0.5712579171875001 0.41366509218749997 0.604285028125 0.45799801875 0.641416390625 0.47403451875 0.616983646875 0.4878529453125 0.6207503109375001
10 0.4049768484375 0.409375 0.3967189765625 0.47049499531250005 0.40593125937499996 0.4730061046875 0.42892194687499996 0.4560150671875 0.47205578593749997 0.45489130624999996 0.4855744421875 0.449094190625 0.4935110328125 0.409375 0.4049768484375 0.409375
10 0.683977821875 0.409375 0.669889859375 0.4163225703125 0.6231292375 0.49141974218750006 0.665903471875 0.5283051390625 0.7214769453125001 0.5529355765625 0.7388024812499999 0.577874703125 0.7624826640625 0.5911279765625 0.7846340703125 0.5803488140625 0.8069053453125001 0.5568999328124999 0.8077745421875001 0.5269015875 0.782715371875 0.45315969218749996 0.76943645625 0.43361737187499994 0.7183292437500001 0.41127780156249993 0.7005898828125 0.409375 0.683977821875 0.409375
10 0.5620491734375 0.409375 0.5610511328125 0.4324551890625 0.5694441453125 0.45281258125 0.5668363515625 0.460331459375 0.6078420687499999 0.4985238609375 0.6193823890625 0.4955867171875 0.6219002343750001 0.4769510875 0.66467426875 0.43136032812499997 0.6755756843749999 0.409375 0.5620491734375 0.409375
10 0.3803647984375 0.6365191234375001 0.3860376015625 0.880245853125 0.40374409531250005 0.8897998234374999 0.4510145078125 0.9051896187499999 0.48012010156249996 0.901852165625 0.5383013734375 0.9189637234374999 0.5765493125 0.918655034375 0.6213617156250001 0.905107521875 0.623879559375 0.8864718921874999 0.6082625015625001 0.8253225453125002 0.6026270703125001 0.7609900859375001 0.5795763515625 0.74307790625 0.5723523078125 0.7022859484375 0.5133317546875 0.6913862671875 0.45682904999999996 0.66185095625 0.3803647984375 0.6365191234375001
10 0.7120649453125 0.5990327171875001 0.69887598125 0.5906071453124999 0.6610476843749999 0.5878098953124999 0.6371576812499999 0.5761095921875 0.6169846124999999 0.5840287828124999 0.609790684375 0.6019265140625001 0.61440693125 0.6502373484375 0.6284952109375 0.6873542625 0.6424035890625 0.7022376765624999 0.6727381875 0.713368875 0.6683618765625 0.7221947578125001 0.675525884375 0.7280834953124999 0.762512978125 0.73229381875 0.770126546875 0.71129015 0.7648509203125 0.6914246890625 0.7120649453125 0.5990327171875001