18 0 0.526453815625 0.016280884375 0.5486550218749999 0.037406375 0.56875 0.188812184375 0.56875 0.24369852500000003 0.519962140625 0.2564509171875 0.494457359375 0.2617644125 0.42750730625 0.25538821718750004 0.3881874328125 0.20012785625 0.3403659671875 0.1746230734375 0.32548817812499997 0.159745284375 0.3233627796875 0.13211510312500002 0.3318643734375 0.09704602812499999 0.3276135765625 0.0853563359375 0.33292707187500004 0.03966026875 0.37330964375 0 0.4197411765625 0 0.526453815625
18 0.392476421875 0.4530120875 0.2947080890625 0.44238509531250003 0.2617644125 0.45194938906250004 0.257513615625 0.4795795703125 0.2468866234375 0.5103978484375 0.23200883437500003 0.53377723125 0.2298834359375 0.5614074125 0.2324251 0.56875 0.409375 0.56875 0.409375 0.4580658671875 0.392476421875 0.4530120875
18 0 0.3196304625 0.0470991625 0.3361151703125 0.080042840625 0.3350524703125 0.09279523125 0.3276135765625 0.13742859999999998 0.3308016734375 0.1608079828125 0.3212373796875 0.18737546562500002 0.324425478125 0.21819374374999997 0.31592388437499996 0.2426358265625 0.3052968921875 0.2607017140625 0.2904191015625 0.26707790937500003 0.25428732656249997 0.23200883437500003 0.084255446875 0.21394294687499998 0.057687965625000004 0.16399608125 0.056625265625 0.1491182921875 0.06087606250000001 0.1161746140625 0.0821300484375 0.0683531484375 0.0991332359375 0.0184062828125 0.1129483265625 0 0.114843090625 0 0.3196304625
18 0 0 0 0.1174532125 0.0141554859375 0.1161364234375 0.095983328125 0.09381973906249999 0.1608079828125 0.0598133640625 0.2022532546875 0.0630014609375 0.22669533749999998 0.08000465 0.2235072390625 0.0449355734375 0.2277580359375 0.016242693750000002 0.2244520015625 0 0 0
18 0.3053350828125 0 0.3053350828125 0.043872875 0.2947080890625 0.0619387625 0.2968334890625 0.1076348296875 0.2872691953125 0.12357531875000001 0.2830183984375 0.145892003125 0.2904572921875 0.2107166578125 0.2968334890625 0.2287825453125 0.315962075 0.23409604218750002 0.37866133125 0.22984524374999998 0.40097801562499996 0.23515874062500003 0.409375 0.2398820453125 0.409375 0 0.3053350828125 0
13 0.35209385000000004 0.2245317484375 0.321275571875 0.23515874062500003 0.293645390625 0.261726221875 0.2777049015625 0.30210879375 0.276642203125 0.3435540640625 0.285143796875 0.3626826515625 0.3085231796875 0.37968583906250003 0.3404041578125 0.387124734375 0.387162925 0.3881874328125 0.409375 0.3774643625 0.409375 0.2368351734375 0.382912128125 0.226657146875 0.35209385000000004 0.2245317484375
17 0.79087704375 0 0.7893353171874999 0.048718584375 0.7889219578125 0.076413690625 0.7831349203125 0.067733134375 0.77569444375 0.0635995375 0.769494046875 0.060292659375 0.7265046296875 0.06442625625000001 0.696329365625 0.064839615625 0.6888888890625 0.06442625625000001 0.681861771875 0.069799934375 0.6814484125 0.0838541671875 0.6814484125 0.0937748015625 0.68723545 0.10286871718749999 0.696329365625 0.135524140625 0.7017030421875 0.1628058859375 0.7103835984375 0.2033151453125 0.7120370375 0.2243964953125 0.7103835984375 0.242170965625 0.7145171953125 0.2570519171875 0.716170634375 0.27027943125 0.7112103171874999 0.2814401453125 0.7116236765624999 0.294667659375 0.7198908734375 0.3066550921875 0.7335317453125 0.339310515625 0.7351851859375 0.360391865625 0.7322916671875 0.37320601875000003 0.728571428125 0.3934606484375 0.730638228125 0.41123511874999996 0.728571428125 0.426116071875 0.7818948406249999 0.3566716265625 0.8009093921874999 0.3413773140625 0.8137235453124999 0.33062996093749997 0.8195105828125 0.31492228906249997 0.8281911375 0.3066550921875 0.8352182546875 0.28392030468749996 0.838111771875 0.2723462296875 0.83480489375 0.2541584 0.850512565625 0.23018353125000002 0.8616732812500001 0.21778273750000002 0.881101190625 0.183060515625 0.881101190625 0.1586722890625 0.8777943125000001 0.133457340625 0.87118055625 0.123123346875 0.862913359375 0.1036954359375 0.8546461640624999 0.0991484796875 0.8418320109374999 0.0879877640625 0.8323247359374999 0.0826140875 0.8104166671874999 0.07600033125 0.7947089953125 0.0780671296875 0.79831605625 0 0.79087704375 0
1 0.7491567453125 0.5248263890625 0.7273313484374999 0.426116071875 0.6767361109375 0.1652033734375 0.643998015625 0.1656994046875 0.6712797625 0.3035962296875 0.6410218249999999 0.1661954359375 0.5735615078125 0.1686755953125 0.6276289687500001 0.4087549609375 0.5522321421874999 0.17413194375000002 0.516358475 0.1765890453125 0.552728175 0.2812748015625 0.5894345234375 0.3998263890625 0.606299603125 0.4677827375 0.63180344375 0.56875 0.6784042968749999 0.56875 0.6891369046875 0.5560763890625 0.7491567453125 0.5248263890625
9 0.7285568078125 0 0.743700396875 0.031274801562499996 0.7575892859375 0.061532737500000004 0.775446428125 0.0595486109375 0.7853670640625 0.0679811515625 0.793799603125 0.0779017859375 0.800248015625 0.0754216265625 0.8200892859375 0.0779017859375 0.837450396875 0.083358134375 0.850347221875 0.0937748015625 0.863244046875 0.1036954359375 0.868204365625 0.1160962296875 0.878125 0.133457340625 0.8806051593750001 0.1528025796875 0.881101190625 0.17313988125 0.8890376984374999 0.1726438484375 0.8979662703125 0.16073908750000002 0.9143353171875 0.150818453125 0.9297123015625001 0.1443700390625 0.944097221875 0.145362103125 0.956994046875 0.14387400781249998 0.9693948406249999 0.1473462296875 0.968402778125 0.1408978171875 0.974851190625 0.138913690625 0.9892361109375001 0.1404017859375 0.9956845234375 0.1031994046875 1 0.0751488109375 1 0 0.7285568078125 0
1 1 0.4097979828125 0.9981646828124999 0.4087549609375 0.9381448406249999 0.369568453125 0.83993055625 0.307564484375 0.7789186515625001 0.3596478171875 0.7203869046875 0.439508928125 0.7918154765625001 0.5084573406249999 0.8506568906249999 0.56875 0.9375364296875001 0.56875 0.8736607140625001 0.5094494046875 0.9384488265625001 0.56875 1 0.56875 1 0.47491653749999996 0.9728670640624999 0.45438988125 1 0.4734936828125 1 0.4097979828125
4 1 0.148709490625 0.9976686515625 0.1499917328125 0.9695601859374999 0.14255125625 0.9679067453125001 0.158258928125 0.9571593921874999 0.166526125 0.950545634375 0.1599123671875 0.9431051593750001 0.170659721875 0.9240906078125001 0.1781001984375 0.9009424609375 0.1723131609375 0.894328703125 0.17313988125 0.8918485453124999 0.170659721875 0.8827546296875 0.1814070765625 0.8703538359375 0.20207506562500002 0.8596064812499999 0.223569775 0.87118055625 0.245064484375 0.8802744703125001 0.25746527812500003 0.894328703125 0.2748263890625 0.9083829359375001 0.28970734062500003 0.9224371687499999 0.307895171875 0.93401124375 0.3351769171875 0.943931878125 0.358325065625 0.956332671875 0.376512896875 0.9794808203125 0.3740327375 0.993535053125 0.37981977499999997 1 0.379415715625 1 0.148709490625
15 1 0.42913656875 0.9262400796874999 0.3968501984375 0.7387400796875 0.314012896875 0.71493055625 0.3040922625 0.7139384921875 0.3055803578125 0.7055059531250001 0.31054067500000004 0.7084821421874999 0.32393353125 1 0.458918090625 1 0.42913656875
10 0.180084325 0.596726190625 0.1875248015625 0.6388888890625 0.2048859125 0.64384920625 0.2048859125 0.65625 0.19248511875000002 0.66865079375 0.182564484375 0.7021329359374999 0.182564484375 0.7306547625 0.2024057546875 0.77529761875 0.211086309375 0.8038194437499999 0.227207340625 0.8385416671874999 0.2470486109375 0.8918650796875 0.27929067500000004 0.974950396875 0.297891865625 0.9910714281249999 0.299781509375 0.9972127734375 0.30037202343749997 0.9960317453125 0.3006365734375 0.997222221875 0.32517361093749997 0.9761904765624999 0.3536954359375 0.9451884921874999 0.3859375 0.9166666671874999 0.38097718281250004 0.896825396875 0.36981646874999996 0.8373015875 0.3611359125 0.781498015625 0.34501488125 0.7703373015625 0.338814484375 0.7256944437499999 0.3276537703125 0.699652778125 0.32021329375 0.674851190625 0.297891865625 0.6525297625 0.26812996093749997 0.6364087296875 0.2718501984375 0.61904761875 0.26688988125 0.596726190625 0.2587677609375 0.56875 0.182790178125 0.56875 0.173883928125 0.578125 0.180084325 0.596726190625
1 0.3859375 0.7455357140625 0.3586557546875 0.719494046875 0.33013392812500003 0.7256944437499999 0.33013392812500003 0.744295634375 0.34873511874999996 0.7641369046875 0.35989583281250004 0.7901785718750001 0.367336309375 0.822420634375 0.3722966265625 0.85342261875 0.3747767859375 0.8819444437499999 0.40577877031250004 0.9017857140625001 0.409375 0.9039168125 0.409375 0.7767598796875 0.40205853124999996 0.77157738125 0.3859375 0.7455357140625
11 0.4675958140625 0.5789416265625 0.46393415156250006 0.57650051875 0.44196417656250003 0.6204404671875 0.44684639375 0.6424104421875 0.515197425 0.6387487796875 0.5823279015625 0.6338665625 0.595753996875 0.6167788046875 0.6018567671875 0.59847049375 0.6201650796875 0.592367721875 0.671428353125 0.5862649515625 0.6775311234375 0.5691771937500001 0.677195471875 0.56875 0.5018005171875 0.56875 0.4981096671875 0.5752799640624999 0.4675958140625 0.5789416265625
11 0.409375 0.5886824125000001 0.409375 0.71348036875 0.4151119859375 0.73151089375 0.42365586562499996 0.7534808671875 0.4383025140625 0.7681275171874999 0.45783137968750004 0.7937591546875 0.47980135468749996 0.7949797078125 0.500550775 0.7986413703124999 0.6055184296875 0.8010824796874999 0.6677666906249999 0.8035235875 0.671428353125 0.7827741671874999 0.6824133406249999 0.7742302875 0.7263532890625 0.73517255625 0.7568671421875 0.708320365625 0.7605288046875 0.693673715625 0.7446616015624999 0.6582776453125 0.7263532890625 0.6204404671875 0.678751678125 0.5862649515625 0.6409144999999999 0.57650051875 0.6042978765625 0.57650051875 0.5554757109375 0.5826032890625 0.5213001953124999 0.5996910468750001 0.488345234375 0.6155582515625 0.4529491640625 0.6265432375 0.43952306874999997 0.6277637921875 0.46027248906249996 0.57650051875 0.43960443906249996 0.56875 0.42961075937500004 0.56875 0.41755309374999994 0.5972499390625 0.409375 0.5886824125000001