1 0 0.3939265328125 0.003857421875 0.39541015625 0.006298828125 0.3998046875 0.01201171875 0.4015625 0.012801585937500002 0.4015625 0.039013671875 0.3685546875 0.050732421875 0.3587890625 0.054150390625 0.35244140625 0.0578125 0.3300109859375 0.0578125 0.289734825 0.052197265625 0.258203125 0.052685546875 0.2435546875 0.049267578125 0.2259765625 0.016064453125 0.215234375 0 0.21239947187500002 0 0.2768637609375 0.007275390625 0.2748046875 0.015576171875 0.27529296875 0.021435546875 0.31923828125 0.020947265625 0.35 0.014111328125 0.36708984375 0.000439453125 0.38173828125 0 0.38876953125 0 0.3939265328125
11 0 0.21209798124999998 0.023486328125 0.217578125 0.052783203125 0.22734375 0.054736328125 0.2341796875 0.052783203125 0.256640625 0.056689453125 0.29033203125 0.062548828125 0.30107421875 0.146044921875 0.3220703125 0.153369140625 0.32255859375 0.166064453125 0.31962890625 0.173876953125 0.32158203125 0.182177734375 0.32646484375 0.1890625 0.3237109375 0.1890625 0.31318359375 0.183642578125 0.30595703125 0.1890625 0.283825684375 0.1890625 0.280908203125 0.185107421875 0.27080078125 0.176806640625 0.2625 0.175830078125 0.2458984375 0.172900390625 0.233203125 0.165576171875 0.22099609375 0.157275390625 0.21513671875 0.153369140625 0.2087890625 0.146044921875 0.20634765625 0.141650390625 0.186328125 0.138720703125 0.18291015625 0.125537109375 0.18291015625 0.071337890625 0.19072265625 0.014697265625 0.18828125 0 0.1864849171875 0 0.21209798124999998
9 0 0.1827298984375 0.046819882812500005 0.1859375 0.0625 0.1859375 0.0625 0.18425829375 0.061972540625 0.183203125 0.061972540625 0.1744140625 0.0625 0.172831309375 0.0625 0.155489003125 0.060996209375 0.1509765625 0.0580672171875 0.1451171875 0.04635124375 0.1421875 0.038540595312499995 0.140234375 0.030729946875000004 0.14609375 0.032682609375 0.1509765625 0.032682609375 0.1578125 0.027800953125 0.1626953125 0.01803764375 0.16171875 0.0092506640625 0.1666015625 0.0043690078125 0.1666015625 0 0.1635971578125 0 0.1827298984375
7 0.509375 0.45 0.5984806453125 0.45 0.63203125 0.41005880625 0.6712103546875 0.380208059375 0.6730760265625 0.3503573140625 0.7066581140625 0.283193134375 0.7178521437500001 0.19550656718749998 0.7296875 0.16338203281250002 0.7296875 0.15589602656249998 0.7122551296875 0.0966259703125 0.7178521437500001 0.0406558203125 0.702926771875 0.025730446875 0.6450909499999999 0.008939403125 0.5947178156249999 0.014536417187500001 0.5947178156249999 0.029461790625 0.6077775187500001 0.0443871640625 0.6227028921875 0.08543194062500001 0.63203125 0.1432677609375 0.6189715484375 0.2178946265625 0.5891208015625 0.283193134375 0.5443446828125 0.3410289546875 0.509375 0.3730012359375 0.509375 0.45
7 0.9197269375000001 0.45 0.9203125 0.44831220156249996 0.9203125 0.43906695312500005 0.900725640625 0.30195895625 0.8690092249999999 0.2254664171875 0.8205017625 0.178824628125 0.7719942984375 0.178824628125 0.7645316109375 0.1918843296875 0.7253525062499999 0.21800373281250002 0.7197554921875 0.2441231359375 0.7552032546875 0.264645521875 0.7925166875 0.3112873140625 0.8074420609375 0.3597947765625 0.8037107171875 0.4232276125 0.8170969109375001 0.45 0.9197269375000001 0.45
7 0.509375 0.303279640625 0.5355527062500001 0.27398554062499997 0.56353778125 0.2758512125 0.5784631546875 0.2889109140625 0.59152285625 0.27958255625 0.6213736 0.21801539218750002 0.628125 0.11843225312500001 0.628125 0.1066960109375 0.6213736 0.09488106406249999 0.589657184375 0.0892840484375 0.511298975 0.1396571828125 0.509375 0.1391478953125 0.509375 0.303279640625
7 0.8378731343750001 0.1977423171875 0.8729226296875 0.2125 0.8734466640624999 0.2125 0.8789179109375 0.20520500468749997 0.8796875 0.177499778125 0.8796875 0.1349352609375 0.8695895515625001 0.10632440624999999 0.8136194031249999 0.0727423171875 0.761774434375 0.0671875 0.7609586281249999 0.0671875 0.7240671640625 0.0708766453125 0.71473880625 0.0783393328125 0.7296641796875 0.1585632125 0.765111940625 0.160428884375 0.8285447765624999 0.1772199296875 0.8378731343750001 0.1977423171875
7 0.8264343671875001 0.45 0.7222074546874999 0.31103078281249996 0.7016850671875 0.299836753125 0.6699686484375 0.352075559375 0.6718343203125 0.38192630625 0.6550432749999999 0.4061800375 0.6753882578125 0.45 0.8264343671875001 0.45
14 0 0.8552810328125 0.012841796875 0.85556640625 0.085595703125 0.84189453125 0.104150390625 0.835546875 0.115869140625 0.827734375 0.119287109375 0.82333984375 0.123681640625 0.821875 0.1265625 0.8128723140625 0.1265625 0.79677734375 0.117333984375 0.68076171875 0.111962890625 0.6470703125 0.113427734375 0.6041015625 0.110986328125 0.56552734375 0.106103515625 0.56162109375 0.012353515625 0.56064453125 0 0.5612560921874999 0 0.8552810328125
14 0.198213465625 0.45 0.198876953125 0.483837890625 0.194482421875 0.547314453125 0.196435546875 0.567333984375 0.195947265625 0.605908203125 0.197900390625 0.608837890625 0.214990234375 0.607861328125 0.237939453125 0.602490234375 0.261865234375 0.602001953125 0.304345703125 0.594189453125 0.342919921875 0.591748046875 0.362451171875 0.587353515625 0.368798828125 0.584912109375 0.373193359375 0.580517578125 0.374169921875 0.572705078125 0.368310546875 0.545361328125 0.366845703125 0.522900390625 0.371728515625 0.498486328125 0.371728515625 0.451611328125 0.372131346875 0.45 0.198213465625 0.45
0 0.3711770453125 0.45 0.37099609375 0.45068359375 0.37099609375 0.4970703125 0.365625 0.52490234375 0.37001953125 0.5673828125 0.37587890625 0.5810546875 0.3873046875 0.5828125 0.426318359375 0.5828125 0.44765625 0.58056640625 0.47890625 0.58203125 0.500390625 0.5791015625 0.509375 0.5757585390625 0.509375 0.495423828125 0.499543003125 0.45 0.3711770453125 0.45
14 0.0005933671875 0.45 0.0013671875 0.451318359375 0.03359375 0.485498046875 0.047265625 0.504052734375 0.08486328125 0.547509765625 0.0894287109375 0.55 0.0908935546875 0.55 0.09609375 0.546533203125 0.1078125 0.530419921875 0.1966796875 0.456201171875 0.1984514515625 0.45 0.0005933671875 0.45
6 0.509375 0.5969058390625 0.50576171875 0.592626953125 0.49013671875 0.582861328125 0.47548828125 0.581884765625 0.45693359375 0.583349609375 0.43544921875 0.588232421875 0.4134765625 0.582861328125 0.38173828125 0.583349609375 0.3607421875 0.586279296875 0.34169921875 0.591650390625 0.28896484375 0.597998046875 0.2357421875 0.607763671875 0.20205078125 0.609716796875 0.1439453125 0.617529296875 0.13125 0.620458984375 0.12392578125 0.624365234375 0.117578125 0.630712890625 0.1125 0.64271573125 0.1125 0.645166015625 0.1185546875 0.681494140625 0.125390625 0.764990234375 0.1361328125 0.810400390625 0.1418294265625 0.8140625 0.1550130203125 0.8140625 0.17373046875 0.810400390625 0.24404296875 0.804052734375 0.27724609375 0.799169921875 0.33486328125 0.795751953125 0.3685546875 0.789404296875 0.4154296875 0.783544921875 0.441796875 0.778173828125 0.45107421875 0.774267578125 0.46083984375 0.766455078125 0.47158203125 0.749365234375 0.47451171875 0.747412109375 0.48232421875 0.746435546875 0.48720703125 0.749365234375 0.5072265625 0.749365234375 0.509375 0.7489494078125001 0.509375 0.5969058390625
14 0 0.5601447609375001 0.06728515625 0.56044921875 0.11318359375 0.56240234375 0.117578125 0.5697265625 0.11416015625 0.57607421875 0.11708984375 0.58681640625 0.11611328125 0.6234375 0.11904296875 0.62783203125 0.14052734375 0.61953125 0.16640625 0.61513671875 0.18837890625 0.6087890625 0.19765625 0.60390625 0.1986328125 0.5755859375 0.19521484375 0.5365234375 0.18740234375 0.51064453125 0.18203125 0.50625 0.1732421875 0.5150390625 0.1546875 0.49453125 0.1517578125 0.49404296875 0.141015625 0.50185546875 0.1400390625 0.50625 0.13515625 0.51162109375 0.1234375 0.51748046875 0.10927734375 0.5296875 0.09462890625 0.54873046875 0.0892578125 0.54775390625 0.0462890625 0.4984375 0.04091796875 0.496484375 0.0306640625 0.500390625 0.02529296875 0.51650390625 0.01796875 0.52236328125 0.00185546875 0.52578125 0 0.5258126984375 0 0.5601447609375001