1 0.0652529765625 0 0.070858134375 0.02802579375 0.07581845312499999 0.08134920625 0.0807787703125 0.13219246093749998 0.0882192453125 0.181795634375 0.09244440468750001 0.22087835625 0.0954464140625 0.2246850265625 0.0968998015625 0.22395833281250002 0.0957668203125 0.225091315625 0.159375 0.3057491109375 0.159375 0 0.0652529765625 0
9 0 0.264397321875 0.02373511875 0.26116071406249997 0.0646577375 0.2537202375 0.08325892812499999 0.24131944375 0.08325892812499999 0.21279761874999997 0.0782986109375 0.1855158734375 0.0646577375 0.1483134921875 0.0435763890625 0.1520337296875 0.032415675 0.1470734125 0.0100942453125 0.1483134921875 0 0.1515011484375 0 0.264397321875
0 0.675841509375 0.3725642765625 0.7245559874999999 0.3982746953125 0.8842312250000001 0.4077469546875 0.9058821046875 0.3725642765625 0.9085884640625 0.3279093375 0.9140011843750001 0.3197902578125 0.9045289249999999 0.2724289578125 0.8964098437500001 0.2697225984375 0.8625803453125 0.28460757812500004 0.7705641062499999 0.29543301718750004 0.46880497343750005 0.3130243578125 0.44850727343749996 0.32655615625 0.4444477328125 0.3427943171875 0.45391999375000003 0.3657983765625 0.470158153125 0.3847428953125 0.502634471875 0.396921515625 0.6325397500000001 0.3955683359375 0.65148426875 0.376623815625 0.675841509375 0.3725642765625
13 0.5012812921875 0.433457375 0.46203907343750006 0.3888024359375 0.42279685312500004 0.37391745625 0.3957332546875 0.37121109531249996 0.3591973953125 0.3793301765625 0.32672107499999997 0.399627875 0.3023638359375 0.429397834375 0.2928915765625 0.45916779375 0.29290884375 0.459375 0.45072504531249996 0.459375 0.48233677343750003 0.43887009531250004 0.5012812921875 0.433457375
15 0.5085733968749999 0.4536113421875 0.5091888875 0.44591076406249996 0.505563078125 0.439431978125 0.49687935000000005 0.43697806562499997 0.4873394390625 0.43728609531249996 0.4808769375 0.44252249062500004 0.45518610625000006 0.459375 0.5053883296875 0.459375 0.5064192375000001 0.4585396828125 0.5085733968749999 0.4536113421875
10 0.721849628125 0.3982746953125 0.7096710078124999 0.38744925625 0.6839605890625 0.3752706359375 0.6609565296875 0.3725642765625 0.6474247296875 0.3793301765625 0.6325397500000001 0.3982746953125 0.6176547703125 0.43887009531250004 0.60615201875 0.459375 0.7111778671875 0.459375 0.7245559874999999 0.413159675 0.721849628125 0.3982746953125
13 0.12821537031250002 0.5037331484375 0.1080980203125 0.5003802562499999 0.09859815937500001 0.4981449953125 0.07596613906250001 0.489762765625 0.0497018203125 0.48249816562500003 0.0234375 0.4783070515625 0.0234375 0.6353341546875 0.04718715 0.7342444640625 0.0561281953125 0.781743765625 0.06367220312500001 0.8057728234375 0.07261324687500001 0.82197846875 0.084907184375 0.835110628125 0.1005540125 0.845169303125 0.11089209687499998 0.8504780484375001 0.131009446875 0.8552279796875 0.13408293124999998 0.8591396859374999 0.139671084375 0.8714336234375001 0.1449798296875 0.879815853125 0.157553175 0.893506828125 0.159375 0.8948533937500001 0.159375 0.5074181875 0.151965021875 0.505968409375 0.12821537031250002 0.5037331484375
15 0.4404296875 0.8296223953125 0.513671875 0.8263671875 0.5592447921875 0.8198567703125 0.6471354171875 0.8133463546874999 0.6927083328125 0.8084635421874999 0.7610677078125 0.801953125 0.7626953125 0.7873046875 0.669921875 0.7954427078124999 0.5673828125 0.801953125 0.5104166671875 0.8084635421874999 0.435546875 0.8149739578125 0.4388020828125 0.8328776046874999 0.4404296875 0.8296223953125
15 0.5787760421875 0.9516927078125 0.5787760421875 0.88984375 0.5771484375 0.8166015625 0.58203125 0.7287109375 0.5852864578125 0.5854817703124999 0.5706380203125 0.5838541671875 0.5673828125 0.7254557296875 0.5625 0.8361328125 0.5641276046875 0.821484375 0.5641276046875 0.9419270828125 0.5787760421875 0.9516927078125
15 0.791659471875 0.9155796781250001 0.796875 0.9012369796874999 0.796875 0.9089099703124999 0.8017578125 0.9012369796874999 0.5852864578125 0.6929036453124999 0.5787760421875 0.704296875 0.791659471875 0.9155796781250001
15 0.5800860640625001 0.728234565625 0.6861979171875 0.6896484375 0.8310546875 0.6391927078124999 0.8440755203125001 0.6147786453124999 0.7578125 0.6522135421875 0.6878255203125 0.675 0.5706380203125 0.7140625 0.5800860640625001 0.728234565625
15 0.5283203125 0.5496744796875 0.5183131421875 0.5585697421875 0.7659505203125 0.77265625 0.7789713546875 0.7580078125 0.5283203125 0.5496744796875
13 0.7431640625 0.7352213546875 0.7740885421875 0.7401041671875 0.787109375 0.7189453125 0.7887369796875 0.7205729171875 0.8180338546874999 0.665234375 0.8587239578125001 0.596875 0.8473307296874999 0.567578125 0.8212890625 0.5496744796875 0.7805989578125 0.5464192703124999 0.7447916671875 0.5692057296875 0.7301432296875 0.606640625 0.7431640625 0.6375651046875 0.7317708328125 0.7075520828124999 0.7431640625 0.7352213546875