0 0.15615234375 0.463916015625 0.1498046875 0.467333984375 0.13564453125 0.494677734375 0.13369140625 0.502001953125 0.1345849609375 0.5109375 0.24960395000000002 0.5109375 0.2515625 0.5074121093749999 0.2515625 0.504541015625 0.2513671875 0.502978515625 0.23720703125 0.483447265625 0.223046875 0.468310546875 0.21181640625 0.462451171875 0.183984375 0.461474609375 0.15615234375 0.463916015625
0 0.46875 0.223100975 0.46028684374999995 0.22421875 0.44417356249999995 0.23251953125 0.43245481249999995 0.24326171875 0.42464231249999995 0.25400390625 0.42024778124999995 0.26572265625 0.41634153124999995 0.28232421875 0.41585324999999995 0.29599609375 0.41927121874999995 0.30625 0.45296262499999995 0.3404296875 0.46875 0.35133049375000003 0.46875 0.223100975
0 0.46875 0.169838353125 0.461962890625 0.1689453125 0.442919921875 0.17041015625 0.364794921875 0.169921875 0.357470703125 0.17236328125 0.350634765625 0.18359375 0.338427734375 0.18505859375 0.335986328125 0.189453125 0.334033203125 0.208984375 0.334521484375 0.24462890625 0.336962890625 0.26171875 0.3606059828125 0.2796875 0.368994140625 0.2796875 0.380419921875 0.27880859375 0.408740234375 0.27099609375 0.423876953125 0.26220703125 0.438525390625 0.24072265625 0.454150390625 0.22900390625 0.46875 0.22413737031249997 0.46875 0.169838353125
0 0.46875 0.35238743906250003 0.43388671875 0.32578125 0.40947265625 0.31015625 0.3865234375 0.2994140625 0.36943359375 0.29599609375 0.35673828125 0.30185546875 0.32158203125 0.33701171875 0.31669921875 0.370703125 0.31279296875 0.42001953125 0.30986328125 0.43125 0.28447265625 0.43173828125 0.2234375 0.42587890625 0.20439453125 0.44638671875 0.21123046875 0.4595703125 0.22392578125 0.4703125 0.26396484375 0.51181640625 0.34306640625 0.51181640625 0.3591796875 0.5015625 0.3865234375 0.4888671875 0.46875 0.46129990000000004 0.46875 0.35238743906250003
0 0.333067621875 0 0.330322265625 0.068359375 0.330322265625 0.128125 0.332385253125 0.128125 0.336669921875 0.12548828125 0.353759765625 0.1083984375 0.362548828125 0.09716796875 0.373291015625 0.0751953125 0.3765625 0.061382378125000005 0.3765625 0.0346842453125 0.374755859375 0.02685546875 0.358642578125 0 0.333067621875 0
0 0.377099609375 0.0439453125 0.373681640625 0.07177734375 0.361474609375 0.09716796875 0.347314453125 0.11376953125 0.330224609375 0.1298828125 0.333154296875 0.13330078125 0.347314453125 0.14013671875 0.3571963359375 0.1484375 0.370263671875 0.1484375 0.375634765625 0.1474609375 0.423486328125 0.13330078125 0.436181640625 0.12548828125 0.45 0.1084456375 0.45 0.10560208906249999 0.438134765625 0.07958984375 0.402490234375 0.015625 0.399072265625 0.01171875 0.392236328125 0.01171875 0.370751953125 0.0166015625 0.377099609375 0.0439453125
2 0.46875 0.48981448437499997 0.4829532078125 0.4953125 0.4952200953125 0.4953125 0.514213709375 0.49196068593750003 0.5496975796875 0.47421875 0.5658266125 0.4516381046875 0.5703125 0.43070396093749996 0.5703125 0.42552924062499997 0.5674395156250001 0.3967993953125 0.554536290625 0.372605846875 0.5271169359375 0.3484122984375 0.4867943546875 0.3355090734375 0.46905241875000003 0.30163810468749996 0.46875 0.30150849687500003 0.46875 0.48981448437499997
2 0.5603074609375 0.4625756046875 0.5038558484375 0.498059475 0.55546875 0.5174143140624999 0.6040171437499999 0.525 0.6075236515625 0.525 0.6264364921875 0.5045110875 0.6390625 0.471367815625 0.6390625 0.46842238125 0.634501009375 0.4319304421875 0.60546875 0.41741431406249996 0.584501009375 0.39483366875 0.5667590734375001 0.389994959375 0.5699848796875 0.4335433453125 0.5603074609375 0.4625756046875
2 0.7063004046875 0.4449848796875 0.675655240625 0.4417590734375 0.6563004046875001 0.45466229843750006 0.641784275 0.47079133124999994 0.6353326625 0.49175907343749997 0.6208165328125 0.517565525 0.6224294359375 0.5288558453125 0.665952625 0.5328125 0.7341817828125 0.5328125 0.7724294359374999 0.5288558453125 0.7765625 0.526100471875 0.7765625 0.5199848671875 0.7724294359374999 0.4869203625 0.7643649203124999 0.47724294375 0.7482358875 0.4724042328125 0.7401713703125 0.46433971874999996 0.7143649203125 0.4530493953125 0.7063004046875 0.4449848796875
2 0.757560484375 0.3403981859375 0.7849798390625 0.37104334687499996 0.7817540328125 0.41620463750000003 0.770463709375 0.4291078625 0.7365927421875 0.4452368953125 0.710786290625 0.4403981859375 0.7091733875 0.44684979843750006 0.752721775 0.47588205625 0.8037172437500001 0.48125 0.8156792796874999 0.48125 0.8462701609375 0.46136592812500005 0.8591733874999999 0.4452368953125 0.8640625 0.43056955625000004 0.8640625 0.40556955468749994 0.86239919375 0.38394657187500003 0.8365927421875 0.3403981859375 0.8107862906250001 0.33233366875 0.7930443546875 0.317817540625 0.757560484375 0.309753025 0.757560484375 0.3403981859375
2 0.68302001875 0.272278225 0.6426974390625 0.2867943546875 0.6088264703124999 0.31260080625 0.58302001875 0.3480846765625 0.581407115625 0.3884072578125 0.6039877609375 0.41582661249999997 0.6201167937500001 0.42550403125 0.6297942125 0.427116934375 0.6297942125 0.41905241875000004 0.637858728125 0.41743951562500003 0.6889320234375 0.44375 0.70106436875 0.44375 0.7491490515624999 0.4384072578125 0.78302001875 0.41421370937499996 0.784375 0.37627423125 0.784375 0.3687773015625 0.7604393734375 0.3432459671875 0.7565078406250001 0.3042436609375 0.6959232453124999 0.2884072578125 0.678181309375 0.2900201609375 0.6910845359375 0.2787298375 0.68302001875 0.272278225
2 0.8537077890625 0.2936364171875 0.844086078125 0.28925887499999997 0.837525834375 0.28531908125 0.815658353125 0.283568075 0.7946655953125 0.28531908125 0.7872306328125 0.2953874234375 0.7676228 0.3087395328125 0.7841691984375 0.3120220953125 0.799476434375 0.31727513125 0.8165330734375 0.3299700421875 0.8322776515625 0.33478529687499997 0.8423366734375 0.3452914359375 0.8597961703125 0.375 0.8598608578124999 0.375 0.8672656203125 0.36061283125 0.878199359375 0.342664884375 0.8891331000000001 0.333034290625 0.890625 0.3293010375 0.890625 0.3176996484375 0.8856342906249999 0.3089578125 0.8808234859375 0.3067690421875 0.8707643953125 0.3032670125 0.8615800609375001 0.2993272171875 0.8602680328125001 0.2936364171875 0.8537077890625 0.2936364171875
2 1 0.3436491921875 0.9960685484375 0.3357862921875 0.9751008062500001 0.3228830640625 0.921875 0.31481855 0.8896169359375001 0.3309475796875 0.871875 0.3486895171875 0.860584678125 0.3728830640625 0.8654233874999999 0.42127016250000004 0.8573588718749999 0.4486895171875 0.8686491937499999 0.47288306406249997 0.8976058453124999 0.4921875 0.8979838796875 0.4921875 0.9073588718749999 0.490625 0.9396169359375002 0.45191532187499994 1 0.3583215734375 1 0.3436491921875
2 1 0.2328377 0.9986139109375 0.2318296359375 0.9582913312500001 0.22537802343750002 0.922807459375 0.23505544375 0.9002268140624998 0.2576360875 0.8889364921875 0.28828125 0.8905493953124999 0.33021673281249997 0.92119455625 0.3140877015625 0.9711945562500001 0.3205393140625 0.991138484375 0.3328125 0.9932123640625001 0.3328125 1 0.32873991875 1 0.2328377
2 0.8316028234375 0.1531754015625 0.809022178125 0.182207659375 0.8009576609375 0.2047883046875 0.8009576609375 0.23543346718749997 0.8138608875 0.264465725 0.8633232546875 0.3015625 0.87998991875 0.3015625 0.8880544359375001 0.2934979828125 0.902570565625 0.2515624984375 0.9299899203125002 0.232207659375 0.9574092750000001 0.22736895000000001 0.9625 0.21336945625 0.9625 0.1864919484375 0.9622479828125 0.182207659375 0.9525705656250001 0.162852821875 0.9364415328125 0.1451108859375 0.9106350796874999 0.13059475625 0.8751512078125 0.13059475625 0.8316028234375 0.1531754015625
2 0.46875 0.275945065625 0.4739667328125 0.30985383125 0.48525705625000004 0.335660284375 0.53203125 0.3517893140625 0.5691280234375 0.3888860890625 0.57880544375 0.3840473796875 0.57880544375 0.361466734375 0.59170866875 0.330821571875 0.6223538296875 0.3001764125 0.625 0.2432837453125 0.625 0.2288894515625 0.6207409265624999 0.21469254218749997 0.5884828625 0.174369959375 0.5546118953125 0.15985383125 0.5239667328125 0.16953125 0.49977318437499996 0.18566028437499998 0.47074092656250005 0.23243447499999997 0.46875 0.25433466875 0.46875 0.275945065625
2 0.722127015625 0.196875 0.6656754031250001 0.1904233875 0.6221270156250001 0.20977822656249998 0.6269657265624999 0.2323588703125 0.62373991875 0.29364919375 0.6318044359374999 0.295262096875 0.7059979843749999 0.2630040328125 0.7043850812500001 0.2904233875 0.762449596875 0.308165321875 0.772127015625 0.304939515625 0.7818044359374999 0.28719758125 0.7834173390625001 0.254939515625 0.7705141125 0.2259072578125 0.7495463703125 0.208165321875 0.722127015625 0.196875
2 0.46875 0.189135584375 0.4898689515625 0.1775201609375 0.5479334671875 0.15977822656250001 0.5430947578125 0.15010080625 0.5511592734375 0.1404233875 0.559223790625 0.1130040328125 0.559223790625 0.08558467812500001 0.5495463703125 0.061391129687500004 0.5366431453125 0.045262096875000005 0.5140625 0.0307459671875 0.47212701562500003 0.029133064062500002 0.46875 0.0300085875 0.46875 0.189135584375
2 0.7705141125 0.13719758124999998 0.76728830625 0.1291330640625 0.7318044359375 0.1033266125 0.72373991875 0.08719758125 0.7076108875 0.0726814515625 0.6656754031250001 0.05171370937500001 0.6430947578125 0.05171370937500001 0.6108366937499999 0.061391129687500004 0.5866431453125001 0.07590725781249999 0.562449596875 0.1033266125 0.555997984375 0.1259072578125 0.562449596875 0.15655241875 0.5866431453125001 0.1726814515625 0.612449596875 0.204939515625 0.6205141125 0.20655241875 0.6737399187499999 0.1904233875 0.6979334671874999 0.1904233875 0.7205141125 0.1710685484375 0.75438508125 0.15977822656250001 0.7705141125 0.13719758124999998
2 0.48492943593750004 0 0.4995463703125 0.0146169359375 0.4995463703125 0.0307459671875 0.512449596875 0.0307459671875 0.5430947578125 0.054939515625000004 0.559223790625 0.09526209687500001 0.56728830625 0.096875 0.5898689515625 0.0742943546875 0.6205141125 0.058165321874999995 0.6350302421875 0.029133064062500002 0.6366431453125 0.001713709375 0.6357291671875 0 0.48492943593750004 0
2 0.6350302421875 0 0.6350302421875 0.0242943546875 0.6269657265624999 0.043649193749999995 0.6269657265624999 0.0533266125 0.668901209375 0.0533266125 0.718901209375 0.0823588703125 0.722127015625 0.045262096875000005 0.7398689515625 0.0162298390625 0.7511592734375 0.004939515625 0.762449596875 0.00010080625 0.762449596875 0 0.6350302421875 0
2 0.7366431453125 0.0178427421875 0.718901209375 0.048487903124999995 0.718901209375 0.08558467812500001 0.7382560484375 0.1113911296875 0.765675403125 0.1291330640625 0.8140625 0.1307459671875 0.8495463703125001 0.10655241875000002 0.8640625 0.08719758125 0.8737399187499999 0.058165321874999995 0.8656754031249999 0.0097782265625 0.8447076609374999 0.00010080625 0.76083669375 0.00010080625 0.7366431453125 0.0178427421875
2 0.7672547046875 0 0.76728830625 0.00010080625 0.855997984375 0.004939515625 0.8656754031249999 0.0146169359375 0.8721270156250001 0.038810484374999996 0.8689012093749999 0.08558467812500001 0.8995463703125001 0.08719758125 0.9027721781250001 0.035584678125000005 0.8926051265625 0 0.7672547046875 0
2 1 0.18393817031249998 0.9930947578125 0.151713709375 0.972127015625 0.1146169359375 0.97373991875 0.08558467812500001 0.9511592734375001 0.07590725781249999 0.9463205640624999 0.05655241875 0.9285786296874999 0.07913306406250001 0.91083669375 0.0807459671875 0.9027721781250001 0.088810484375 0.8737399187499999 0.0904233875 0.822127015625 0.12429435468750001 0.81083669375 0.145262096875 0.7963205640625001 0.154939515625 0.8043850812500001 0.1630040328125 0.8076108874999999 0.18397177343749999 0.8366431453125 0.15010080625 0.8656754031249999 0.1339717734375 0.9140625 0.1323588703125 0.9350302421875 0.14364919375000001 0.9592237906250001 0.1726814515625 0.9656754031249999 0.19364919375 0.9608366937499999 0.2259072578125 1 0.2304261 1 0.18393817031249998
19 0.1243873375 0.6 0.07332966875 0.6591804796874999 0.04626606875 0.701129059375 0.054385148437499996 0.7160140390625 0.016496109375 0.7268394796875001 0 0.7394079437500001 0 0.9135477171874999 0.00702385 0.9230505734375001 0.013846840625 0.925 0.0174212515625 0.925 0.0313810890625 0.9135783156249999 0.0773892078125 0.8107366359375 0.1869967859375 0.6659463796875 0.2293908875 0.6 0.1243873375 0.6
19 0.020686912499999998 0.6 0.020417159375 0.6044316640625 0.0150044390625 0.6179634640625 0.01635761875 0.6544993234375001 0.025829878125 0.682916103125 0.040705556250000004 0.6953125 0.044149609374999996 0.6953125 0.056953018749999994 0.688328821875 0.10431431718749999 0.622023003125 0.11018711875000001 0.6 0.020686912499999998 0.6
19 0.2310376265625 0.6 0.1952575265625 0.656827215625 0.20472978749999998 0.6974226156250001 0.2196147671875 0.7123075953125 0.2196147671875 0.720426675 0.20337660624999998 0.73260529375 0.24397200625 0.7407243734375 0.2845674046875 0.7650816140625001 0.3211032640625 0.7786134140625001 0.3549327640625 0.77996659375 0.3847027234375 0.7704943328125 0.41041314218749997 0.73260529375 0.40905996250000004 0.709601234375 0.3982345234375 0.6852439953125 0.3576391234375 0.637882696875 0.3116310046875 0.604053196875 0.308118234375 0.6 0.2310376265625 0.6
19 0.36818314375 0.6 0.358992303125 0.6054063765625 0.3522264046875 0.6189381765624999 0.3549327640625 0.63382315625 0.4009408828125 0.6893035359375 0.4077067828125 0.720426675 0.4144726828125 0.729898934375 0.4374767421875 0.7312521140625 0.4564212625 0.723133034375 0.46875 0.7083385484375 0.46875 0.6487171890625 0.44018310156249996 0.60675955625 0.4276296390625 0.6 0.36818314375 0.6
19 0.1187792046875 1 0.1397771484375 0.9802372296874999 0.154662128125 0.9734713296875 0.168193928125 0.9098718703124999 0.154662128125 0.8706296515625 0.1560153078125 0.8503319515625 0.1641343875 0.8395065125000001 0.15736848750000001 0.8124429124999999 0.1627812078125 0.7610220734375 0.15736848750000001 0.7501966343750001 0.1438366875 0.7488434546875 0.1194794484375 0.7650816140625001 0.07888405 0.8110897328125001 0.0504672703125 0.8611573921875 0.039641829687500005 0.89904643125 0.015284590625 0.9301695703125 0.0166377703125 0.9531736296875 0.030169570312499998 0.97211815 0.0261100296875 0.99106266875 0.031075214062500002 1 0.1187792046875 1
19 0.23720610625 0.8286810718750001 0.2723887859375 0.8449192328125001 0.3048651046875 0.8137960921874999 0.317043725 0.7880856734374999 0.303511925 0.77320069375 0.241265646875 0.73937119375 0.23314656562499997 0.762375253125 0.2087893265625 0.7677879734374999 0.21149568749999997 0.7989111125 0.23720610625 0.8286810718750001
19 0.46875 0.7733125078125 0.41853222187499994 0.756962534375 0.3887622625 0.76643479375 0.3752304640625 0.7880856734374999 0.372524103125 0.8313874328124999 0.37658364375 0.8462724125 0.3955281625 0.8598042124999999 0.43341720156249997 0.8584510312500001 0.44830218125 0.85168513125 0.46875 0.8344659171875 0.46875 0.7733125078125
19 0.22232112656249997 0.8354469718749999 0.2087893265625 0.7745538734374999 0.193904346875 0.74613709375 0.1898448078125 0.7217798546875 0.1654875671875 0.702835334375 0.154662128125 0.7109544140625 0.154662128125 0.720426675 0.1627812078125 0.7258393937500001 0.166840746875 0.7650816140625001 0.15195576718749998 0.8043238328125 0.1492494078125 0.8489787718749999 0.154662128125 0.8801019109375 0.1654875671875 0.89904643125 0.1857852671875 0.9017527906249999 0.20337660624999998 0.8936337109375 0.21826158593749997 0.8936337109375 0.22367430625 0.8706296515625 0.22232112656249997 0.8354469718749999
19 0.46875 0.7162170171875 0.46454034218749995 0.720426675 0.43206402187500004 0.733958475 0.4144726828125 0.7542561734375 0.465893521875 0.7718475140625001 0.46875 0.7737518328124999 0.46875 0.7162170171875
18 0.46875 0.6 0.46875 0.6275788999999999 0.486188740625 0.6351332765625 0.697646165625 0.6449927265625 0.7041226765624999 0.6 0.46875 0.6
12 0.46875 0.7543367453125 0.4938592 0.7590231453125 0.5974771734375001 0.7937083140625 0.7323066765625 0.840625 0.7358205640625 0.840625 0.7522407234375 0.8363944984374999 0.7700929609375 0.8164678265624999 0.7778879359374999 0.8020671703125 0.819613346875 0.814029359375 0.8275624828125 0.8113963562500001 0.832219478125 0.7999437203124999 0.8359029218749999 0.7845330984375 0.8375 0.76730779375 0.8375 0.7670953968750001 0.8345874234374999 0.7564170484374999 0.792039303125 0.7441282140625 0.783320640625 0.70733134375 0.7743723515625 0.6950826515624999 0.6838431828125 0.6738488640625 0.49669578125 0.6375 0.49413906250000006 0.6375 0.47763993750000006 0.6387615703125 0.46875 0.6412094500000001 0.46875 0.7543367453125
1 0.6753020171874999 0.6 0.82495103125 0.69375 0.8283251671875 0.69375 0.835288384375 0.6786727328125 0.8604249015625001 0.691241328125 0.9295999453124999 0.6 0.6753020171874999 0.6