15 0.5 0.1182823078125 0.4915950890625 0.120909009375 0.3168028546875 0.1821861453125 0.30032747031249996 0.2158250078125 0.2898655765625 0.3040845109375 0.2887542015625 0.338030125 0.3087687109375 0.3715103125 0.3213863421875 0.37860648750000003 0.363363178125 0.3790643421875 0.37818031875 0.390625 0.4347909578125 0.390625 0.4593846140625 0.3898536546875 0.5 0.373799525 0.5 0.1182823078125
15 0.5 0.385686334375 0.308106078125 0.398127178125 0.302616228125 0.4046083375 0.32865588125 0.464318396875 0.379392590625 0.51260746875 0.3963578734375 0.515625 0.412281628125 0.515625 0.5 0.509076684375 0.5 0.385686334375
15 0.190753725 0.11102310156249999 0.1186162046875 0.0645881703125 0.103249278125 0.0713791109375 0.09637894999999999 0.0989992125 0.08347765 0.114584821875 0.0757767046875 0.160566440625 0.13362079531249998 0.2721166921875 0.1325123359375 0.2989646125 0.13909025625 0.3153193734375 0.1415290796875 0.31875 0.1684058828125 0.31875 0.169268421875 0.3187102984375 0.25461422031250003 0.2700963046875 0.271104175 0.20096898125 0.2664449375 0.1890886234375 0.20610899843750002 0.132622928125 0.190753725 0.11102310156249999
15 0.0875500875 0.465625 0.0998325484375 0.4352611140625 0.1324595328125 0.37045219218750003 0.151517178125 0.33668595 0.16875 0.3186452109375 0.16875 0.3173062515625 0.126023159375 0.3238006203125 0.1027761328125 0.3412299671875 0.080324009375 0.38797576875 0.05414882343750001 0.46186024843749995 0.0771967078125 0.465625 0.0875500875 0.465625
12 0 0.383659628125 0.025266928124999997 0.3804881109375 0.0458444078125 0.37925125937500004 0.05750706875 0.3734637 0.060671671875 0.35039582343750003 0.0640625 0.3384101140625 0.0640625 0.313209434375 0.0181624609375 0.3101292390625 0 0.3116570640625 0 0.383659628125
15 0.8984925296874999 0.66875 0.8948709593749999 0.6631413609375 0.8729382890625 0.6428239015625 0.8581896703125 0.624701290625 0.8389925171874999 0.6068629671875 0.8358689140625 0.6005089406249999 0.819504303125 0.58611848125 0.8136936890625 0.5777696796875 0.783505946875 0.54953045 0.774366328125 0.5476772265625 0.672251696875 0.5462953609375 0.6475122843750001 0.5525885078125 0.576858028125 0.577252209375 0.558955521875 0.59220770625 0.5268115156250001 0.628871684375 0.502091490625 0.66875 0.8984925296874999 0.66875
15 1 0.66875 1 0.34358057343750004 0.9904379343749999 0.34376786875 0.9620337265625001 0.3482370515625 0.9579732796875 0.3523962328125 0.9539052609375 0.3664134484375 0.9490163500000002 0.3672675078125 0.94681823125 0.365187325 0.9443328359375001 0.355271959375 0.9385669437499999 0.35233653593750003 0.8373179343749999 0.369531203125 0.7934670359375 0.373741803125 0.788283271875 0.3766187125 0.7836331265625001 0.3848235953125 0.7789382578125 0.3876151 0.7737620656249999 0.3806339734375 0.7694105546875 0.38188698906249996 0.7694886484375 0.40750079687499996 0.7787503859375 0.5049427890625 0.7789179328125 0.5413833546875 0.8097363125000001 0.575919278125 0.8258507984375001 0.5977459703125 0.8539859546875 0.6253581015624999 0.8858791390625 0.6606919359375001 0.89520188125 0.66875 1 0.66875
15 1 0.27552528125000003 0.9800835734375 0.20402423125000002 0.9722279437499999 0.1851902953125 0.9497472140625 0.11469935 0.9454517843750001 0.106578690625 0.9391970031250001 0.10372867187499998 0.929811046875 0.1043826640625 0.8632619640625 0.1303005609375 0.8571489296875001 0.13383264374999998 0.8527451218750001 0.139530315625 0.851028325 0.147222759375 0.8456467343749999 0.15309124375 0.84256785625 0.1521505953125 0.8404705421875001 0.14611011875 0.837783534375 0.1441153421875 0.8278601765625 0.144370378125 0.7725070828125 0.167839578125 0.7603295250000001 0.1753881046875 0.7509322125000001 0.19082914687500002 0.7522344296875 0.21376493124999998 0.767604715625 0.377165440625 0.7758112781250001 0.3846028546875 0.7780375296875001 0.3890625 0.7813154734375 0.3890625 0.78270048125 0.38882054843749997 0.787156584375 0.378678221875 0.7942474015625001 0.374975328125 0.9379291484374999 0.35431063749999997 0.9431091234375 0.356362746875 0.9444189093750002 0.36944049687499997 0.9491585062500001 0.3720623703125 0.9570815734375 0.36673558125 0.96026883125 0.3538578984375 0.9639374078125 0.35075284687499997 0.9810000921875 0.347279278125 1 0.3462772609375 1 0.27552528125000003
15 1 0 0.9133771109375001 0 0.8981477234374999 0.034821835937500004 0.8924637140625 0.052571203125 0.8947065578125001 0.0600647625 0.9057494437500001 0.0660210171875 0.909216409375 0.0708365515625 0.9149860828125 0.068842959375 0.9195316375000001 0.0695273890625 0.955306365625 0.07904852968750001 0.9990936156250001 0.0940696375 1 0.0942395609375 1 0
15 0.6486421 0 0.6391234203125 0.0029088875 0.5832442796875 0.01119208125 0.50829459375 0.027735121875 0.50061029375 0.0404127359375 0.503577009375 0.0601007296875 0.5136231875 0.09087287968749999 0.526919575 0.15409722812499999 0.543440375 0.2197153046875 0.5800050171875 0.34639332343749996 0.61860710625 0.49341450781249996 0.620010128125 0.512389996875 0.6182933296875 0.5200824453124999 0.6152591765625 0.5245551765625 0.613881953125 0.5356381515625 0.6253652203125 0.541024634375 0.6498022140625 0.546612375 0.693552309375 0.5463620703125 0.7474232890625 0.55 0.76667523125 0.55 0.770979821875 0.5495924296875 0.7755776703125 0.545832203125 0.779496371875 0.5352909203125 0.7796875 0.5326486375 0.7796875 0.4923188234375 0.7346134125 0.037482346875 0.7312138859375 0.008506084375 0.7285509296875 0 0.6486421 0
15 0.5 0.5391857703125 0.51499685 0.5376318703125 0.556205465625 0.5368398703125 0.6031875421875 0.5291252625 0.6128198359375 0.5259640609375 0.6200599703125 0.51878523125 0.623097909375 0.509383484375 0.6223740359375001 0.4971890515625 0.57494610625 0.3216467078125 0.5400346078125 0.20650795 0.5238571671875001 0.13935138281249998 0.5 0.060503935937499996 0.5 0.5391857703125
18 0.18153315625 0.66875 0.175562565625 0.69211564375 0.1727361640625 0.7177661421875 0.1692003203125 0.7237992875 0.1593901421875 0.7625151953125 0.15474263906250002 0.7732461265625 0.1501140421875 0.7784146453125 0.1385144171875 0.7794617734375 0.10879646093749999 0.7652434421875001 0.09344121093749999 0.7698259109375 0.089817453125 0.774859934375 0.091921196875 0.787214453125 0.10523510625000002 0.8056501875000001 0.111515134375 0.8250273796875 0.1212549359375 0.90105665625 0.127045296875 0.9033142999999999 0.1320255421875 0.9021422640625 0.14218076562499998 0.8962340281250001 0.1539500640625 0.8855607546875 0.1595646 0.88582015625 0.1759492859375 0.9276007390625001 0.1909018703125 0.9877689843749999 0.1946636453125 0.9958580296875 0.197923696875 0.9984375 0.200199925 0.9984375 0.2104145 0.9957716046874999 0.21499914375 0.990103525 0.2182712515625 0.9810730187499999 0.2203754515625 0.9529919625 0.217656321875 0.9336435984375001 0.2204950203125 0.9312418734375001 0.221298984375 0.9230471609374999 0.21474246562500002 0.9178594046875 0.21049717656250003 0.90427519375 0.21597369375 0.891411525 0.22811354375 0.8791723234375001 0.2310841109375 0.87826928125 0.235957540625 0.8816605390625 0.2573163265625 0.9106447015625001 0.26378493125 0.9148333390625 0.272100146875 0.8995679453125 0.2797059171875 0.8646851968749999 0.2823687890625 0.8602852296875 0.311226528125 0.8589499343749999 0.3184111859375 0.8539447421874999 0.33024334375 0.8382086171875001 0.3406372484375 0.82923576875 0.3604452734375 0.8174865375 0.3711090640625 0.8231354390625001 0.386621234375 0.826113625 0.3953125 0.8244622015624999 0.3953125 0.79779029375 0.389076671875 0.726920146875 0.36959656406249997 0.7308416484375 0.36413894999999996 0.7381429046875 0.35961716718750003 0.7387481296875 0.352099765625 0.7341944265625 0.33912475 0.7369419765625 0.336191990625 0.7267201953125 0.34074543125 0.70336575625 0.3545683671875 0.69292305625 0.36246907500000003 0.67872403125 0.360471903125 0.66875 0.18153315625 0.66875
18 0.0846595078125 0.66875 0.08050129375000001 0.674554459375 0.0739069703125 0.6804915265625 0.0581372140625 0.6861403640625 0.0390636875 0.723568921875 0.0423230421875 0.7317252140624999 0.0472843859375 0.7361155937499999 0.0676950421875 0.7485470109375 0.0784216921875 0.7491330609375 0.0908692359375 0.7403907843749999 0.09497651093750001 0.7408519250000001 0.12413533750000001 0.771824740625 0.13703665 0.778125 0.149281865625 0.778125 0.15393505624999998 0.7754178046875 0.1614401609375 0.756722734375 0.18293330937500002 0.66875 0.0846595078125 0.66875
9 0.7041275375 0.66875 0.698687003125 0.6869161421875 0.6925483234375001 0.6959588296875 0.6919018953125 0.7044392078125 0.687241325 0.7144615015625 0.683588990625 0.7523826484375 0.686887090625 0.7633091421875 0.6869766281249999 0.7867330515625 0.69273244375 0.7996245625 0.6982359203125 0.8269727 0.6912071703125 0.858453890625 0.6933081296875 0.8808575890625001 0.7025360734375 0.8947055046875001 0.7143174515625 0.9050348843750001 0.7291507656249999 0.9118399265624999 0.73768183125 0.9125 0.7564760343750001 0.9125 0.7660575015625 0.9104136703125001 0.7776362234375 0.9037996984374999 0.7908670828125001 0.88819524375 0.8011417234374999 0.8706315734375 0.8308058296875 0.8558327078125 0.8480160250000001 0.8406803515625001 0.8590701375 0.8355676937500001 0.866669525 0.828501621875 0.870402696875 0.8145028906249999 0.8785789015625 0.8029444781249999 0.8803180546875 0.78896895 0.8854510234375 0.7804363656250001 0.8841730468750001 0.767991159375 0.8918246421875 0.7579340578125 0.8970533281249999 0.7439179265625 0.9058821390624999 0.694971675 0.9133294390625 0.66875 0.7041275375 0.66875
9 0.5 0.66875 0.5 0.802570578125 0.500363940625 0.8029602578125001 0.5126873296875 0.8107913140624999 0.530520375 0.81706305 0.5353923 0.8234856015625001 0.5385685812500001 0.8413911578125 0.54493601875 0.8477963078125 0.5637747734375 0.8535579406249999 0.5782227 0.8538882250000001 0.5847293640625 0.8523173046875 0.6063564875 0.8411007796875 0.6178307921874999 0.8404688578125 0.63124690625 0.842804765625 0.6515115625 0.8525370296875 0.6629336578125 0.8548961374999999 0.6747933484375 0.8607389765625 0.6770360859375 0.8609375 0.685716771875 0.8609375 0.6897919921875 0.8580724343749999 0.6983249546875 0.8260753359375 0.6951660765625001 0.8071727718750001 0.687564165625 0.7858298875 0.6857503546875 0.7469755421875 0.698216621875 0.6895141125 0.70434590625 0.66875 0.5 0.66875
9 1 1 1 0.8370042140624999 0.9955645359374999 0.8373721859375 0.9764647406249999 0.8465656906250001 0.89685446875 0.8674281687500001 0.870732103125 0.8791954046875 0.8656513421875001 0.8847369609375001 0.862512390625 0.8932463406250001 0.8600310921875 0.92118579375 0.8666385171875 0.9709492328125 0.8677688390625 1 1 1
9 0.866534521875 1 0.8634672328124999 0.9934607281249999 0.8621109406249999 0.9855020578125 0.8614196156249999 0.8823406328125 0.8541682843749999 0.869466525 0.8518236874999999 0.8610209515625 0.8483863640625 0.8580705312499999 0.844922934375 0.8566156203125 0.82945189375 0.8577924484375 0.8164124656249999 0.8624298046875 0.8068364625000001 0.868522071875 0.7998399953125 0.8696002890625 0.7834266765625 0.8962066453125 0.7763170921875 0.9037654234375001 0.7672482953124999 0.9093533828125 0.7532292609375 0.9130053328125 0.7283040359375 0.9132953624999999 0.7272946703125001 0.971121884375 0.7214192921875 1 0.866534521875 1