14 0.528125 0.2755208328125 0.49583333281249997 0.3619791671875 0.48645833281249995 0.3765625 0.4770833328125 0.41510416718750004 0.5 0.4369791671875 0.540625 0.45677083281249997 0.6 0.46880630625 0.6 0.4116786859375 0.5697916671875001 0.3994791671875 0.5270833328125 0.3515625 0.5302083328125 0.3401041671875 0.6 0.24603713749999997 0.6 0.1249296171875 0.56875 0.1848958328125 0.528125 0.2755208328125
14 0.42291666718750004 0.4171875 0.36666666718749996 0.4067708328125 0.3010416671875 0.3869791671875 0.2760416671875 0.4526041671875 0.271875 0.47447916718750005 0.275 0.4817708328125 0.46666666718750005 0.5005208328124999 0.56875 0.5046875 0.6 0.49877533749999997 0.6 0.46736865937500005 0.54375 0.45677083281249997 0.42291666718750004 0.4171875
14 0.1291666671875 0.3807291671875 0.14791666718750002 0.43177083281249995 0.159375 0.43385416718750003 0.2875 0.41510416718750004 0.303125 0.39010416718749996 0.35 0.4015625 0.36666666718749996 0.4015625 0.48333333281249996 0.3776041671875 0.4927083328125 0.3671875 0.5104166671875 0.3192708328125 0.5104166671875 0.2557291671875 0.490625 0.2296875 0.47291666718750003 0.22239583281250003 0.43958333281249995 0.2182291671875 0.371875 0.23697916718749998 0.33645833281250004 0.2609375 0.32083333281250004 0.2578125 0.30625 0.2453125 0.296875 0.2453125 0.253125 0.2692708328125 0.21354166718749998 0.2828125 0.178125 0.3171875 0.1458333328125 0.3401041671875 0.13125 0.3609375 0.1291666671875 0.3807291671875
14 0.3802083328125 0.1546875 0.3770833328125 0.1348958328125 0.38229166718749996 0.1265625 0.3885416671875 0.1244791671875 0.39895833281250004 0.1286458328125 0.40729166718750004 0.1203125 0.43333333281249997 0.1119791671875 0.434375 0.1078125 0.421875 0.0640625 0.4010416671875 0.0161458328125 0.3572916671875 0.0203125 0.2697916671875 0.0442708328125 0.2552083328125 0.0338541671875 0.2479166671875 0.0046875 0.2364583328125 0.0015625 0.2208333328125 0.0026041671875 0.1895833328125 0.013020832812499999 0.1739583328125 0.0390625 0.1979166671875 0.0973958328125 0.2270833328125 0.21614583281250002 0.21979166718749998 0.2578125 0.2208333328125 0.2755208328125 0.24375 0.2703125 0.3114583328125 0.23177083281250002 0.3489583328125 0.2182291671875 0.3802083328125 0.1546875
14 0.5333333328125 0.0140625 0.403125 0.0140625 0.425 0.0744791671875 0.43333333281249997 0.1098958328125 0.409375 0.11822916718750001 0.4 0.12552083281249998 0.4 0.1442708328125 0.4135416671875 0.1463541671875 0.421875 0.1526041671875 0.45104166718750005 0.1536458328125 0.584375 0.1484375 0.590625 0.1442708328125 0.6 0.1271372125 0.6 0.014409721875 0.5541666671875001 0.0182291671875 0.5333333328125 0.0140625
14 0.10625 0.1432291671875 0.1197916671875 0.1484375 0.1822916671875 0.1921875 0.19583333281249998 0.1932291671875 0.20833333281250002 0.1682291671875 0.20625 0.1432291671875 0.1604166671875 0.1390625 0.15625 0.1338541671875 0.1583333328125 0.09635416718749999 0.10625 0.0546875 0.10625 0.1432291671875
18 0.6 0 0.6 0.509375 0.75053726875 0.509375 0.7589610046875 0.4217681625 0.7145643546875 0 0.6 0
18 0.764089209375 0 0.764089209375 0.2303151703125 0.7726362171875001 0.39954594062500004 0.764089209375 0.4474091875 0.7726362171875001 0.486725428125 0.7863114312499999 0.500400640625 0.9709268156249999 0.4884348296875 1 0.4586694265625 1 0.148322078125 0.9999866453124999 0.14826388906250001 0.9785707499999999 0 0.764089209375 0
18 0.16006789375 1 0.15926160625000002 0.9905933171875001 0.1742029078125 0.9511055890625 0.1667322578125 0.9372315234374999 0.138984125 0.8326424093749999 0.128311765625 0.808095984375 0.1091015203125 0.7867512671875 0.08562233124999999 0.7803478515625 0.047201840625000005 0.7803478515625 0.0343950109375 0.7525997203125 0.015184765624999999 0.7504652484375 0 0.75283786875 0 1 0.16006789375 1
18 0.1806063234375 0.944702175 0.22009405 0.9404332312499999 0.21902681406250002 0.8966765609375 0.2553128328125 0.8870714375000001 0.3001367390625 0.881735259375 0.3044056828125 0.8881386734375001 0.3086746265625 0.9180212781250001 0.3204142203125 0.9212229859375001 0.3257504 0.9180212781250001 0.3342882875 0.7622048421875001 0.33535552343749997 0.6490778421875001 0.33001934374999997 0.60745564375 0.319346984375 0.5711696234375 0.3065401546875 0.55836279375 0.246774946875 0.5444887265625 0.24037153125000002 0.529547425 0.2211612859375 0.515673359375 0.19127868125 0.511404415625 0.148589246875 0.5231440093749999 0.141118596875 0.5444887265625 0.12190835156249999 0.5508921421874999 0.0994963984375 0.576505803125 0.08668956718750001 0.5818419828125 0.089891275 0.6672208515625 0.10269810625 0.783549559375 0.11870664375 0.799558096875 0.1315134734375 0.8230372859375 0.1667322578125 0.9415004671875 0.1806063234375 0.944702175
18 0.6 1 0.6 0.68856556875 0.5744163546875 0.68856556875 0.552004403125 0.6939017468750001 0.5199873265625 0.7237843515625 0.4933064296875 0.7846167953125 0.47943236406249995 0.8027598046875 0.4612893546875 0.84224753125 0.4463480515625 0.8966765609375 0.41112926875 0.9852571375 0.41148885156250004 1 0.6 1
18 0.5381303359375 0.55409385 0.523189034375 0.5380853125 0.5061132609375 0.531681896875 0.4751634203125 0.5284801890625 0.442079109375 0.5380853125 0.43247398593749997 0.55836279375 0.3876500796875 0.5636989734375 0.37484324999999996 0.5690351515625001 0.3663053625 0.5818419828125 0.3609691828125 0.6085228781249999 0.35456576875 0.7013723984375 0.3534985328125 0.9020127406249999 0.36417089062499997 0.9180212781250001 0.39725520312499996 0.9393659953125001 0.41753268437499996 0.9596434765625 0.4239361 0.9575090046874999 0.44314634531249997 0.9190885140624999 0.4804996 0.8177011078125 0.5221217984375001 0.72912053125 0.5562733453125001 0.6971034546875 0.5936266015625 0.6917672765625 0.5989627796875 0.6714897953125 0.6 0.661376896875 0.6 0.5959232765625 0.5616095249999999 0.56583344375 0.5381303359375 0.55409385
13 0.6169921875 0.91337890625 0.66240234375 0.92802734375 0.73369140625 0.9265625 0.7625 0.934375 0.780078125 0.934375 0.7966796875 0.93193359375 0.81669921875 0.9236328125 0.830859375 0.9119140625 0.842578125 0.89482421875 0.8533203125 0.8689453125 0.85771484375 0.83671875 0.858203125 0.815234375 0.854296875 0.77958984375 0.84599609375 0.7458984375 0.8318359375 0.7107421875 0.82158203125 0.6921875 0.80400390625 0.66533203125 0.778125 0.6365234375 0.7595703125 0.62138671875 0.7400390625 0.61162109375 0.7244140625 0.60869140625 0.69658203125 0.60869140625 0.68388671875 0.61162109375 0.666796875 0.621875 0.6609375 0.62236328125 0.65556640625 0.619921875 0.651171875 0.621875 0.64482421875 0.6306640625 0.643359375 0.64091796875 0.63603515625 0.64140625 0.63017578125 0.64580078125 0.62041015625 0.64677734375 0.6140625 0.651171875 0.60380859375 0.65263671875 0.6 0.6547790531250001 0.6 0.90360599375 0.60087890625 0.90458984375 0.6169921875 0.91337890625
13 1 0.7029225421875 0.9412109375 0.67998046875 0.9255859375 0.65849609375 0.91875 0.65556640625 0.908984375 0.65556640625 0.89287109375 0.65703125 0.8787109375 0.66923828125 0.8650390625 0.69365234375 0.85087890625 0.7322265625 0.8474609375 0.7546875 0.854296875 0.78154296875 0.85771484375 0.80986328125 0.85771484375 0.8279296875 0.8513671875 0.87138671875 0.84501953125 0.8875 0.83330078125 0.90654296875 0.834765625 0.924609375 0.838671875 0.93828125 0.84306640625 0.9451171875 0.86552734375 0.94755859375 0.89921875 0.95732421875 0.92119140625 0.95341796875 0.979296875 0.95048828125 0.99638671875 0.94072265625 1 0.9367706296874999 1 0.7029225421875