9 0.0244351046875 0 0 0.045678148437499996 0 0.1001938703125 0.0133391046875 0.11165851874999999 0.0386195984375 0.1289504171875 0.049722732812499996 0.1291052828125 0.0653296171875 0.14447916875 0.10124341249999999 0.159375 0.10601578125 0.159375 0.124800809375 0.1542240875 0.1406626328125 0.13639162031250002 0.182588953125 0.0725625578125 0.2066756921875 0.0220806734375 0.2288038453125 0.0034440671875 0.2306980859375 0 0.0244351046875 0
9 0.197070784375 0.36395085312500003 0.17255369843749999 0.3734158421875 0.1552623484375 0.3930114546875 0.1565739875 0.4260167734375 0.17924333125 0.4546875 0.19166339375000002 0.4546875 0.35303704375 0.4339789328125 0.35758583437499997 0.4239170203125 0.390543009375 0.4023110640625 0.4078125 0.382740221875 0.4078125 0.3824663296875 0.40495613593749996 0.34991116875 0.3764643609375 0.31407499843750003 0.3526133921875 0.295019959375 0.23846804531250002 0.3302039296875 0.199518659375 0.355738240625 0.197070784375 0.36395085312500003
0 0.160504571875 0.2680186859375 0.16351985 0.30238507812500004 0.17967496562500002 0.3240074 0.1763457984375 0.3402315921875 0.182188934375 0.3546875 0.1830327640625 0.3546875 0.19855207187499999 0.3405413265625 0.2270246703125 0.340046921875 0.2661111171875 0.31607471875000004 0.3734375 0.1271434578125 0.3734375 0.124621840625 0.2928239765625 0.07885157968749999 0.27559156875 0.081062959375 0.21018568593750003 0.1842381109375 0.1944019765625 0.22101691875 0.1768365109375 0.2374883140625 0.160504571875 0.2680186859375
0 0.31368475625 0.30625 0.3170345015625 0.30625 0.371814546875 0.27973976718750004 0.387461196875 0.24139885 0.4265625 0.20515078125000002 0.4265625 0.2033771734375 0.4163066234375 0.17292963125 0.3791595890625 0.1287259828125 0.37160079218750003 0.1328553734375 0.3 0.253998328125 0.3 0.2547098765625 0.31368475625 0.30625
0 0.459375 0.085899753125 0.45305521718749997 0.08671075 0.41537912187500003 0.0725892375 0.40298352031249995 0.075759621875 0.400124471875 0.07928590937499999 0.40067270468749994 0.08553434531250001 0.4211945078125 0.1208135765625 0.432982934375 0.12877898593749998 0.44020867187499996 0.1389096109375 0.45749440156250004 0.15 0.459375 0.15 0.459375 0.085899753125
17 0.459375 0 0.30650561875000004 0 0.24906836718749997 0.039891954687499995 0.249890715625 0.049264606249999995 0.3074033234375 0.09085480625 0.4132839875 0.142035059375 0.41770961875 0.1383077375 0.41477245468749996 0.1228876828125 0.393780534375 0.10030635624999999 0.3926840671875 0.08780948281249999 0.40425732031250006 0.0752664484375 0.459375 0.04641909375 0.459375 0
15 0 0.2195430703125 0.035501915625000005 0.3261450828125 0.054731254687499994 0.364749565625 0.119180415625 0.4578125 0.12230112500000001 0.4578125 0.12759580312500002 0.4549200046875 0.1256769875 0.4330504796875 0.159300278125 0.38292449687499996 0.1609375 0.3618635625 0.1609375 0.35312493906250003 0.1313965046875 0.29962196093750004 0.062037949999999994 0.1410746375 0.0047994562499999996 0.10260865625 0 0.097328471875 0 0.2195430703125
12 0.459375 0.3885719140625 0.48135600156249997 0.3806462359375 0.49528324062499995 0.3296702296875 0.5029957078125 0.3123006953125 0.4913170546875 0.290278128125 0.512985821875 0.305598475 0.521382825 0.27641539375 0.5293856921875 0.22773184062500001 0.534375 0.2187777703125 0.534375 0.21509221250000002 0.529460359375 0.19488043906250002 0.50987839375 0.177739559375 0.48052205 0.16883828125 0.459375 0.16793015 0.459375 0.3885719140625
9 0.68367234375 0.3410252640625 0.7399397765625 0.3447404984375 0.751682728125 0.343296428125 0.7673611546875 0.3320631046875 0.771867903125 0.316886290625 0.7685883312499999 0.2840563921875 0.7578045578125 0.27341855625 0.738437503125 0.26782422031249997 0.684758459375 0.2730959796875 0.6384989890625 0.293407265625 0.6349302640625 0.3058100734375 0.68367234375 0.3410252640625
9 0.750975765625 0.3437037421875 0.7158610031249999 0.3605332421875 0.6873178125 0.37968244218749997 0.6775434328125 0.3879220484375 0.6801322390625 0.40637067968749996 0.6930098734375 0.43137363281249996 0.7088621390625001 0.4497551234375 0.7227852421875001 0.4488249125 0.7801827796875 0.41830782187500004 0.8181767499999999 0.3886129375 0.8254577453125 0.368168628125 0.84375 0.3607043265625 0.84375 0.3573804703125 0.8374765796875 0.33697624375 0.8228108531250001 0.3270503734375 0.8035981328125 0.340360428125 0.7878164 0.33917333125 0.7748889859375 0.3360713125 0.750975765625 0.3437037421875
12 0.8851665109375 0.2682693328125 0.8714591406250001 0.27073693125 0.8445256453125 0.2568459625 0.811248753125 0.2366974453125 0.8045444249999999 0.24455951874999998 0.7863025078125 0.2647878140625 0.8034740671874999 0.2814431515625 0.802250196875 0.28941323125 0.8119872453125 0.2975993234375 0.8210770921874999 0.3011732625 0.8254291015625 0.315495275 0.8485001437499999 0.3408086265625 0.8720980718749999 0.3754406765625 0.8873031359375 0.38921001093749996 0.9050264734375 0.40423358125000003 0.9299567703125 0.4234375 0.9362646531250001 0.4234375 0.9616772484375 0.4129062015625 0.982715396875 0.3680933625 0.9859375 0.362545603125 0.9859375 0.3578787 0.9791557874999999 0.342726496875 0.9782098734375001 0.3248577953125 0.9531598953125 0.3021336734375 0.916501796875 0.2745813765625 0.9047609187500001 0.27993498125 0.8851665109375 0.2682693328125
9 1 0.1782046640625 0.9789836937499998 0.1856312671875 0.9708522046875 0.1944508015625 0.9596506640625 0.2036478671875 0.960621465625 0.2105661015625 0.9567590109375 0.2219884859375 0.9470095171875 0.219277625 0.9355673515625 0.23788777187500001 0.93509855 0.2512387015625 0.9264401718750002 0.2507395359375 0.90797311875 0.2765625 0.9110077203125 0.2765625 0.9290289796875001 0.26918816562500003 0.94964396875 0.26587111406249997 0.9669607250000001 0.2668694484375 0.982767346875 0.25710607812499997 1 0.2519905765625 1 0.1782046640625
12 0.8484520703125 0.146274271875 0.8201951484375 0.184155253125 0.7952489015624999 0.21224561875 0.790162575 0.23163808125 0.8061475968749999 0.23983780000000002 0.80834226875 0.2387859578125 0.8093255171875 0.2402289578125 0.8283805921875 0.24805114218750002 0.8462242390625001 0.25836817343749996 0.8721744874999999 0.2708161375 0.8851143453125001 0.2684429234375 0.8980293125 0.277020175 0.907951325 0.28125 0.908004184375 0.28125 0.9246184515625 0.249509734375 0.9360108390625002 0.25280052343750004 0.9341771015625 0.23973274375 0.9469385593750002 0.21939644375 0.9520829718750001 0.22267360625000002 0.9608741078125 0.21299099843749997 0.96034721875 0.2036723015625 0.9661761671875 0.1951359203125 0.9727477406249999 0.19745562187500001 0.9765625 0.1906094578125 0.9765625 0.16950673125 0.9690221749999999 0.1486504390625 0.966744525 0.13798312031249998 0.9334427468750001 0.128785071875 0.8941211718750001 0.11563555156250001 0.8692371484375 0.11634974687499999 0.8484520703125 0.146274271875
9 0.5371250796875 0.249926509375 0.5231770859375 0.2618071890625 0.5159790656250001 0.2939706546875 0.5060843734375 0.30691680312499997 0.4887634796875 0.3559642640625 0.47674464531250005 0.387156646875 0.467916178125 0.413264959375 0.486178846875 0.43213199218750004 0.526147625 0.44989367187499996 0.5296394125 0.45 0.5467966078125001 0.45 0.56183905625 0.42048193593749994 0.559300028125 0.3801323734375 0.5590262046875 0.35592535937499997 0.5748577140625 0.335211525 0.58125 0.2970556265625 0.58125 0.2872736546875 0.5778613671875 0.267593803125 0.5789690593750001 0.21428447031250003 0.5618804828125 0.20934828906249997 0.5493596468749999 0.220271509375 0.54537688125 0.2364004359375 0.5371250796875 0.249926509375
12 0.622154925 0.2816217484375 0.6279963203125 0.2676101328125 0.60518665625 0.2719790296875 0.5933379125 0.2765639375 0.5793401421875 0.31034554999999997 0.574228925 0.34068848281249997 0.557401725 0.3654345484375 0.5607207109375001 0.4002144921875 0.56538388125 0.42231781875 0.5661513921875 0.4222234359375 0.5824600140625 0.43272923125 0.6173540859375001 0.4359375 0.6190574015625 0.4359375 0.6338833968750001 0.4264055296875 0.6462576875 0.4359375 0.6581110359375 0.4359375 0.693940275 0.4315314609375 0.6788679656250001 0.40758035000000004 0.6775984515625 0.3874055703125 0.6984375 0.37141971875 0.6984375 0.36875590625 0.682531265625 0.339099553125 0.6546269687499999 0.31829035 0.6370115000000001 0.304035471875 0.6253909328125 0.3046825328125 0.6167325531250001 0.3041833703125 0.622154925 0.2816217484375
12 0.5855047375 0.1782269046875 0.5820861921875 0.1872488265625 0.5769252015624999 0.23949269375 0.5813353015625 0.2764843328125 0.5989881046875001 0.274313509375 0.6101772015625 0.27059167500000003 0.626738890625 0.2662091578125 0.6192172703125001 0.2960665484375 0.6246852859375001 0.30164978750000004 0.631285775 0.303125 0.636822290625 0.303125 0.6472916578125 0.2902682765625 0.676482046875 0.27573122968749997 0.7145341109375 0.268705971875 0.7250884484375 0.2548967484375 0.7242877359375 0.22137103906250002 0.7258849859375001 0.19380610468749998 0.734375 0.1802766546875 0.734375 0.1781722671875 0.7190271453125 0.172754621875 0.6981839765625001 0.1800095203125 0.6794525046875 0.1744934171875 0.65370554375 0.1690580671875 0.6277304078125 0.1675605703125 0.5855047375 0.1782269046875
12 1 0.3749388546875 0.9855110390625 0.3739565375 0.9752350765625 0.38585483125 0.9836702718750001 0.4459666109375 1 0.4458839546875 1 0.3749388546875
12 0.7232090171875 0.147647921875 0.7265097468749999 0.17116992343749998 0.7354597796875 0.16873998125 0.7371101453125 0.1805009796875 0.724887603125 0.1879860015625 0.7230609296875 0.21280320000000003 0.7249334640624999 0.2497941109375 0.7357066578125 0.26508589374999997 0.75079265 0.268548034375 0.7631033625000001 0.2734375 0.766718165625 0.2734375 0.7862965671875 0.26617599062499997 0.788355990625 0.261934753125 0.8076948265624999 0.238952009375 0.7909373171875 0.23303676874999998 0.7905917234375 0.2211153171875 0.80489484375 0.20008115937499998 0.8274145031250001 0.1713899484375 0.849750790625 0.1413919609375 0.8625 0.12107518125000001 0.8625 0.11985438125 0.827245221875 0.12289029843749999 0.76080409375 0.1270727984375 0.7425267015625 0.13397307812499998 0.73179230625 0.14260442499999998 0.7215480765625 0.14054086875 0.7232090171875 0.147647921875
9 0.7681587265625 0.0877515453125 0.7673520125 0.1234375 0.7835780609375 0.1234375 0.7883897624999999 0.12314951249999999 0.7912296046874999 0.1234375 0.825002625 0.1234375 0.8328331359375 0.123001478125 0.8627512156249999 0.1186576890625 0.8701214140625 0.1144280328125 0.8859375 0.11183488125 0.8859375 0.095142078125 0.8778195640625001 0.0888887984375 0.86849220625 0.0933591359375 0.8620811875000001 0.0855068859375 0.8437332640624999 0.0824458796875 0.818300778125 0.080920746875 0.7681587265625 0.0877515453125
6 0.17452799531250002 0.5296875 0.169970703125 0.53310546875 0.164111328125 0.54287109375 0.158740234375 0.5658203125 0.156787109375 0.58388671875 0.144091796875 0.61123046875 0.138232421875 0.6166015625 0.117236328125 0.62685546875 0.109423828125 0.63369140625 0.084521484375 0.6439453125 0.078173828125 0.64931640625 0.061572265625 0.6576171875 0.038623046875 0.67470703125 0.031787109375 0.68544921875 0.004931640625 0.70498046875 0 0.7108984375 0 0.7445068359375 0.002490234375 0.74990234375 0.016650390625 0.766015625 0.031298828125 0.77333984375 0.032421875 0.7734375 0.0484619140625 0.7734375 0.055712890625 0.77236328125 0.088427734375 0.7533203125 0.123095703125 0.73623046875 0.142626953125 0.719140625 0.163623046875 0.70986328125 0.185595703125 0.69619140625 0.196337890625 0.683984375 0.201220703125 0.68154296875 0.206103515625 0.680078125 0.245166015625 0.68056640625 0.276904296875 0.66640625 0.303759765625 0.646875 0.339892578125 0.6107421875 0.347216796875 0.60732421875 0.353564453125 0.60146484375 0.360888671875 0.59951171875 0.365283203125 0.594140625 0.371142578125 0.59169921875 0.38125 0.543359375 0.38125 0.5296875 0.17452799531250002 0.5296875
6 0.1267578125 0.789599609375 0.11357421875 0.803271484375 0.09404296875 0.835009765625 0.084765625 0.862841796875 0.076953125 0.873095703125 0.0701171875 0.887255859375 0.0642578125 0.910205078125 0.0564453125 0.926318359375 0.05498046875 0.956591796875 0.06083984375 0.968310546875 0.07255859375 0.979541015625 0.092578125 0.989794921875 0.102447509375 0.9921875 0.12206217500000001 0.9921875 0.1345703125 0.990771484375 0.1521484375 0.982958984375 0.1658203125 0.964404296875 0.1873046875 0.944873046875 0.1951171875 0.932177734375 0.198046875 0.918505859375 0.24541015625 0.871630859375 0.25419921875 0.822802734375 0.26640625 0.789111328125 0.271875 0.768498346875 0.271875 0.7541782921875 0.2693359375 0.752001953125 0.26298828125 0.751025390625 0.24345703125 0.760791015625 0.21611328125 0.763232421875 0.14873046875 0.777392578125 0.1267578125 0.789599609375
6 0 0.9438661500000001 0.0362265625 0.946875 0.0525390625 0.946875 0.05400390625 0.94599609375 0.0564453125 0.925 0.0671875 0.8993121609375001 0.0671875 0.8879967734375 0.045703125 0.85810546875 0.03447265625 0.83662109375 0.0291015625 0.8078125 0.01884765625 0.8029296875 0.010302734375 0.8015625 0.00013671874999999999 0.8015625 0 0.8015748171875 0 0.9438661500000001
0 1 0.7838657203125 0.98759750625 0.7818482 0.9450624828125 0.7885695109374999 0.9203243999999999 0.7878744624999999 0.8987811625 0.7932820062499999 0.886380546875 0.8266034296875 0.8889127859375 0.8448540734375 0.8865969078125 0.8602390609375 0.8819128218750001 0.8679029828125 0.8766783625000001 0.8706162875000001 0.880699303125 0.8796226109375 0.8891831031249999 0.888029159375 0.9021848 0.89633099375 0.9362327796875001 0.90833631875 0.9665339187499999 0.9228550249999999 0.980446459375 0.9265625 1 0.9265625 1 0.7838657203125
0 1 0.6445380093749999 0.992654378125 0.643592784375 0.950010903125 0.635757378125 0.9261544921875 0.6339389234375 0.902572725 0.639117971875 0.8898996265625 0.6473530999999999 0.8716596890625 0.6734199546874999 0.8671875 0.693683015625 0.8671875 0.69657113125 0.8695056749999999 0.717423309375 0.8806328718749998 0.7360262296875 0.8953423359375 0.7461083859375 0.9169389875 0.75476249375 0.9619506718749999 0.7703189625 0.9915908296874999 0.7834191234375 1 0.78520360625 1 0.6445380093749999
4 0.6582903234375 0.5296875 0.6666704484375 0.5803106375 0.675811990625 0.6172689124999999 0.678786684375 0.6213912578125 0.6868307312499999 0.6213151140625 0.7079331343749999 0.616469275 0.7134422359375 0.6207534734375 0.7184549203125 0.6296265140624999 0.73939005 0.6413842765625001 0.8395003234375 0.6364719843750001 0.8955879515625 0.6384809265625 0.9253403484374999 0.6344824250000001 0.982620775 0.6421875 0.9925340578124999 0.6421875 0.99375 0.6414480765625 0.99375 0.635173721875 0.9855072 0.618859565625 0.9545499421875 0.5622225390625 0.934025878125 0.5296875 0.6582903234375 0.5296875
1 0.459375 0.5296875 0.459375 0.9206802843749999 0.49638022656249997 0.929111809375 0.5053947703125 0.9296875 0.52015438125 0.9296875 0.561945025 0.925827421875 0.6135703359375 0.92391394375 0.6272346390625 0.9200677296875 0.636436625 0.9122990906249999 0.6461377265625 0.8773306296874999 0.6625 0.6245068609375 0.6625 0.592366425 0.6596432812499999 0.5296875 0.459375 0.5296875
4 0.7198801234375 0.62698916875 0.7094684093750001 0.6148220515625 0.6794402875 0.62086744375 0.6767958125 0.61971546875 0.6735459296874999 0.6131178109375 0.6692481812500001 0.615202771875 0.6651150031249999 0.623295115625 0.6636246796874999 0.646106028125 0.6609235421874999 0.6580255796875 0.6567293796875 0.715367034375 0.6564493265625 0.753591503125 0.65413453125 0.7599320921875 0.6492804640625 0.806810609375 0.652252459375 0.833543940625 0.6491666046875 0.837475865625 0.6448100343750001 0.8707211484374999 0.6460764234375 0.8775853703125 0.6501529421875001 0.88256455625 0.6665663875 0.9260824156249999 0.6718558828125 0.9238641718749999 0.6913627546875001 0.9001393437499999 0.6973688109375 0.8953125046875 0.7050286781249999 0.8827265343749999 0.71175238125 0.8662467125 0.7250330453125 0.8453684718750001 0.7534170890625 0.7656826624999999 0.7694533874999999 0.737902128125 0.7669761828125 0.72014655 0.8074732171875001 0.70867454375 0.8372266937500001 0.695631646875 0.8764033796875002 0.6677559671875001 0.896875 0.6416714984375 0.896875 0.6412953140625 0.87591129375 0.636167225 0.8576195625 0.6346058328125 0.8098511625 0.634996053125 0.7719996859375 0.6385756406249999 0.73618728125 0.6378615234375 0.7198801234375 0.62698916875
13 0.7135153875 0.89375 0.7546321234375 0.8757896046875 0.8043306031250002 0.8610711625 0.8262655875 0.80486268125 0.853125 0.7594409000000001 0.853125 0.7589753781249999 0.8175665078125001 0.7537761109375 0.7678691109375 0.7594501593749999 0.7717216953125 0.79410448125 0.7554091312500001 0.8284541015624999 0.7120382484375 0.89375 0.7135153875 0.89375