8 0.5296875 0 0.11404589843749999 0 0.084375 0.1261879359375 0.084375 0.12762573125 0.4562185140625 0.2421875 0.47082802656249995 0.2421875 0.5296875 0.1394751625 0.5296875 0
8 0.5296875 0.5296875 0.5296875 0.028125 0.1171875 0.028125 0.1171875 0.1861762640625 0.11918570937499999 0.1980677578125 0.1238607 0.2432119734375 0.12541902968750002 0.287573340625 0.1306134625 0.36925044375 0.13580789531249998 0.41361181093750005 0.1352884515625 0.4237888296875 0.138145390625 0.432922053125 0.14152177187499998 0.43527059531249995 0.144898153125 0.43605344375 0.18125918125 0.43866293437500004 0.2017771921875 0.44179432500000004 0.24644931250000002 0.4530151421875 0.2794339609375 0.45901697500000005 0.29086171250000004 0.4626702625 0.3217685875 0.46893304531249996 0.33475466875 0.4728472828125 0.37111569843750003 0.4796319609375 0.40695728437499995 0.4879823359375 0.44357803437500004 0.4994641015625 0.46799186875 0.508597325 0.47656268125 0.5135553609375 0.4924057015625 0.51903529375 0.503054290625 0.523993328125 0.5211416875 0.5296875 0.5296875 0.5296875
8 0.2602639765625 0 0.2562508984375 0.0359375 0.31801075624999997 0.0359375 0.33814100625 0.0346817609375 0.34958346093750003 0.0359375 0.3776641046875 0.0359375 0.38393742343750004 0 0.2602639765625 0
8 0 0.2697410078125 0.00009433593749999999 0.270131675 0.0118976 0.35335978749999997 0.029602495312499998 0.45527176562499994 0.0453249765625 0.528125 0.049259440625 0.528125 0.0801879109375 0.4697092953125 0.102951346875 0.420451840625 0.12402860468750002 0.4000694453125 0.146875 0.3984822890625 0.146875 0.3743258546875 0.13358480156250002 0.175 0.08638335781249999 0.175 0.07681555 0.1758630953125 0.024543953125 0.1996425578125 0 0.216841690625 0 0.2697410078125
8 0 0 0 0.209375 0.0275832734375 0.209375 0.014557648437500001 0.167885359375 0.0671875 0.14189169375 0.0671875 0.045331262500000004 0.06465491875 0 0 0
4 0.5296875 0.08439672031249999 0.536119384375 0.08588292812500001 0.5534228515625 0.08588292812500001 0.5583667 0.09241727968749999 0.5652880859375 0.0969410609375 0.570231934375 0.0974437046875 0.5736926265625 0.0949304921875 0.5801196296875 0.09442785000000001 0.5895129390625 0.099956915625 0.5929736328125 0.0974437046875 0.593962403125 0.089401425 0.6087939453125 0.092919921875 0.6109375 0.087253590625 0.6109375 0.070653003125 0.6073107906249999 0.058740234375 0.5909960937500001 0.0582375921875 0.591490478125 0.065777228125 0.5880297859375 0.065777228125 0.5578723140624999 0.046676815625 0.53463623125 0.054216451562500004 0.5296875 0.058461687500000005 0.5296875 0.08439672031249999
0 0.68866811875 0.3104759734375 0.694314653125 0.32386692031250003 0.69698569375 0.345339075 0.7010852859375 0.365460284375 0.703973403125 0.3811319796875 0.711691971875 0.3921875 0.7770791484374999 0.3921875 0.783119240625 0.389791578125 0.790625 0.38157611875 0.790625 0.34259121718749996 0.7559132109375 0.155450021875 0.7523615171875 0.1515625 0.70547039375 0.1515625 0.6707018734375 0.16214549375 0.6625 0.1683174515625 0.6625 0.194317171875 0.676861728125 0.25330693437499996 0.68353490625 0.28935948125 0.68866811875 0.3104759734375
8 0.58830256875 0.24896098281249998 0.5978412468750001 0.2809945046875 0.6078762953125001 0.303125 0.65930506875 0.303125 0.6626038453125 0.301144621875 0.670636415625 0.301144621875 0.68368934375 0.30269463124999996 0.684704921875 0.303125 0.6890625 0.303125 0.6890625 0.2808880734375 0.6872035921874999 0.2763444765625 0.6796730578125001 0.229327534375 0.6681262375 0.191610646875 0.6610977390625 0.18644395 0.6500529546875 0.1869606203125 0.6319796703125 0.1750772171875 0.621436921875 0.170943859375 0.6048697453124999 0.17249386875 0.5912344734375 0.1609375 0.5803978515625 0.1609375 0.5787638921875 0.1621604734375 0.579265928125 0.16939385 0.57675575 0.170943859375 0.5757516781249999 0.176627225 0.5752496421875 0.1962606734375 0.58830256875 0.24896098281249998
10 0.5296875 0.37654719999999997 0.54362710625 0.41177391874999997 0.5491983234375 0.41875 0.5603593890624999 0.41875 0.5747344625 0.40188146874999997 0.5757219984375 0.3855589234375 0.58263474375 0.3830858109375 0.5930038625 0.375666471875 0.625 0.338969778125 0.625 0.3338816171875 0.6157171703125 0.3217526125 0.6028792140625 0.29256988125 0.5949789328125 0.2688279984375 0.5767095328125 0.1956238578125 0.5772033000000001 0.1753443328125 0.5727593921875 0.176333578125 0.5584401328124999 0.18820452031249998 0.5296875 0.206948953125 0.5296875 0.37654719999999997
10 0.5296875 0.20945604843750001 0.5731479375 0.1780598953125 0.5761457578125 0.1785614640625 0.5756461203125001 0.1931069296875 0.578643940625 0.1961163375 0.6246105109375 0.19561476875 0.6390999734375 0.1966179046875 0.6495923421875001 0.19962731250000001 0.650591615625 0.1961163375 0.6605843484375 0.191100659375 0.6670796234375 0.18357714218750001 0.668578534375 0.1770567609375 0.6740745359375 0.16802853906249998 0.678125 0.1401078515625 0.678125 0.11101538281250001 0.6765727203124999 0.10984667343750001 0.6635821671875 0.107338834375 0.65608761875 0.10382785937500001 0.635602515625 0.10784040156250001 0.6276083296875 0.10583413125 0.61961414375 0.100316884375 0.61311886875 0.1028247234375 0.6061239546875 0.1028247234375 0.579143578125 0.0932949359375 0.5441690140625 0.09229180000000001 0.5366744640625 0.08526985000000001 0.5306788250000001 0.083263578125 0.5296875 0.08340574375000001 0.5296875 0.20945604843750001
8 0.5296875 0.5296875 0.7354213171875 0.5296875 0.74658203125 0.519921875 0.74951171875 0.50966796875 0.748046875 0.48037109375 0.74560546875 0.46767578125 0.74072265625 0.4603515625 0.72314453125 0.44423828125 0.71240234375 0.43544921875 0.705078125 0.43203125 0.68798828125 0.43349609375 0.6796875 0.4466796875 0.66455078125 0.45205078125 0.66162109375 0.45546875 0.654296875 0.48037109375 0.65185546875 0.48330078125 0.62646484375 0.49013671875 0.61669921875 0.4955078125 0.599609375 0.4984375 0.57958984375 0.4984375 0.57470703125 0.48818359375 0.57568359375 0.4662109375 0.5703125 0.46572265625 0.5634765625 0.469140625 0.56005859375 0.4759765625 0.54541015625 0.47890625 0.53857421875 0.48232421875 0.53271484375 0.48232421875 0.5296875 0.48423622499999996 0.5296875 0.5296875
8 0.61572265625 0.496484375 0.62744140625 0.490625 0.6533203125 0.48330078125 0.66357421875 0.453515625 0.67578125 0.4486328125 0.6875 0.4505859375 0.6923828125 0.4388671875 0.68896484375 0.433984375 0.689453125 0.42568359375 0.70458984375 0.42275390625 0.71044921875 0.41982421875 0.71875 0.39296875 0.71826171875 0.3900390625 0.71240234375 0.38662109375 0.70849609375 0.3802734375 0.70361328125 0.37685546875 0.6787109375 0.36416015625 0.65283203125 0.3529296875 0.64208984375 0.35048828125 0.63818359375 0.34755859375 0.60986328125 0.3578125 0.58740234375 0.37294921875 0.5810546875 0.379296875 0.57373046875 0.37978515625 0.5751953125 0.40810546875 0.57958984375 0.42373046875 0.5810546875 0.42568359375 0.5869140625 0.42373046875 0.59130859375 0.4251953125 0.59130859375 0.43251953125 0.58544921875 0.45009765625 0.57958984375 0.4623046875 0.57373046875 0.4681640625 0.57373046875 0.4955078125 0.57861328125 0.49990234375 0.61572265625 0.496484375
8 0.68896484375 0.35634765625 0.693359375 0.35048828125 0.69482421875 0.33095703125 0.6884765625 0.32216796875 0.689453125 0.3197265625 0.6904296875 0.320703125 0.689453125 0.31435546875 0.69140625 0.3060546875 0.68505859375 0.2962890625 0.67822265625 0.29140625 0.66162109375 0.2943359375 0.65478515625 0.2982421875 0.64599609375 0.2982421875 0.63623046875 0.30458984375 0.6357421875 0.30703125 0.61865234375 0.3119140625 0.615234375 0.31630859375 0.6171875 0.324609375 0.62548828125 0.3314453125 0.62548828125 0.33486328125 0.6162109375 0.344140625 0.61572265625 0.3470703125 0.626953125 0.3470703125 0.62841796875 0.3490234375 0.6376953125 0.3470703125 0.64306640625 0.3509765625 0.65625 0.35439453125 0.68115234375 0.3568359375 0.68896484375 0.35634765625
17 0.7648512625 0.5296875 0.76513671875 0.5111328125 0.76513671875 0.465234375 0.76318359375 0.45302734375 0.76513671875 0.41689453125 0.76318359375 0.414453125 0.7626953125 0.391015625 0.7294921875 0.3919921875 0.71875 0.39052734375 0.71142578125 0.41787109375 0.70361328125 0.42470703125 0.70458984375 0.42958984375 0.7177734375 0.4388671875 0.72119140625 0.44521484375 0.736328125 0.45791015625 0.7431640625 0.4662109375 0.74755859375 0.4857421875 0.74853515625 0.51064453125 0.74609375 0.519921875 0.7353515625 0.5296875 0.7648512625 0.5296875
4 0.5296875 0.48429594531250003 0.53955078125 0.484765625 0.56103515625 0.4779296875 0.564453125 0.475 0.564453125 0.46865234375 0.578125 0.46376953125 0.58544921875 0.45107421875 0.591796875 0.42666015625 0.58935546875 0.42275390625 0.58447265625 0.42470703125 0.580078125 0.42373046875 0.57421875 0.40078125 0.5712890625 0.39931640625 0.556640625 0.41689453125 0.55078125 0.41591796875 0.541015625 0.40810546875 0.5296875 0.4157346140625 0.5296875 0.48429594531250003
17 0.4859375 1 0.4859375 0.9391637328125 0.4077973359375 0.85625 0.407014853125 0.85625 0.3161604484375 0.8877815609375 0.2871889125 0.91001763125 0.23367049374999999 0.92349943125 0.22411575468749997 0.9338385703124998 0.23275416093749998 1 0.4859375 1
17 0 1 0.23052252968750003 1 0.22084879062499999 0.9441418671874999 0.084370496875 0.8890625 0.0409315015625 0.8890625 0.0325997359375 0.896910315625 0.0133729203125 0.9069272625 0 0.9208222015625 0 1
14 0.5296875 1 0.5296875 0.5296875 0.3903562234375 0.5296875 0.389709971875 0.5473161906249999 0.39225970625 0.5560952171875 0.3976574703125 0.55028511875 0.39808716093749996 0.5624984875 0.3907007546875 0.6073244515625 0.3890625 0.6391579109375 0.3890625 0.8602857687500001 0.389539559375 0.8609397328125 0.40655316875 0.8668258703125 0.477562178125 0.9425031109375 0.48246633125000005 0.9545096281250001 0.47871964375 1 0.5296875 1
14 0.011708034374999999 0.5296875 0.015788579687500002 0.5479963046874999 0.030485510937499998 0.6436642875 0.051467753125 0.7243038203125 0.08041188593750001 0.8703188031250001 0.09082385625 0.9083751546875 0.10149846093749999 0.9214812468750001 0.14912811406249998 0.9421875 0.22376759375000002 0.9421875 0.23586103125000002 0.9333687656249999 0.2821284375 0.9255491171875001 0.322135709375 0.9010174171875001 0.3736738578125 0.88161715 0.389025565625 0.8661670203125 0.38983865 0.75957573125 0.40310724374999996 0.717017346875 0.407730378125 0.6544572078125 0.3993187640625 0.543760775 0.4014843625 0.5296875 0.011708034374999999 0.5296875
14 0 0.5296875 0 0.9329946109375001 0.0002143125 0.9335198171875 0.0056490953125 0.9332668953125001 0.024606995312499998 0.9149791953124999 0.0597174125 0.8915884281249999 0.0894448125 0.901083378125 0.09592859375 0.8996937968750001 0.08754694375 0.8467797015624999 0.031446153125 0.612241396875 0.021408187500000002 0.543086784375 0.01661713125 0.5296875 0 0.5296875
3 0.602572240625 0.5296875 0.5637091109375 0.647545778125 0.5584518359375 0.711269096875 0.5638217703125 0.7586513296875 0.5786636671875 0.776663534375 0.634580175 0.7790371 0.69555330625 0.7901121765625 0.7067581390625 0.78028556875 0.7078134546875 0.7921875 0.7341809781249999 0.7921875 0.771875 0.634813715625 0.771875 0.6107299328125 0.7464375234375 0.5599952765625 0.7227652625000001 0.5296875 0.602572240625 0.5296875
3 1 0.6671906921875 0.9675459265625002 0.6789352296875 0.8560267187499999 0.7319731 0.740625 0.803720703125 0.740625 0.8284593671875001 0.7956501312500001 0.8947879343749999 0.8209877578124999 0.9359375 0.9344695921875001 0.9359375 0.9418303671875 0.9290928796875001 0.9434774921875 0.8971959249999999 0.9623816250000001 0.8827640609374999 1 0.8640510234375001 1 0.6671906921875
16 0.74277464375 0.9043162656250001 0.7193077390625 0.9124315921875 0.6955031968750001 0.942804934375 0.6966415796875001 0.9556960125 0.730643284375 0.9712450828125 0.7725798359375 0.9766697046874999 0.8141160171875 0.9645197843750001 0.8321081093749999 0.9509173390625001 0.83562934375 0.9386289968749999 0.8251717281250001 0.9245324500000001 0.7856952109374999 0.9034962625 0.74277464375 0.9043162656250001
9 1 0.5296875 0.76124056875 0.5296875 0.7869298296875 0.5436429687500001 0.8133198734375 0.5773231828125 0.8669296093749999 0.61930328125 0.9180937578125 0.646630234375 0.9332109921875 0.6613295203125 0.9790691515625 0.672040346875 0.9979536234375 0.6728901359374999 1 0.6721824578125 1 0.5296875