7 0.4390625 0.40374999999999994 0.20656249999999998 0.39375 0.0840625 0.36375 0.0690625 0.38875000000000004 0.0665625 0.41624999999999995 0.0840625 0.44375 0.1915625 0.42625 0.3290625 0.45125000000000004 0.4765625 0.44875 0.5440625 0.46125 0.56875 0.46125 0.56875 0.41624999999999995 0.45406250000000004 0.41624999999999995 0.4390625 0.40374999999999994
7 0.1990625 0.42625 0.1765625 0.5237499999999999 0.14906250000000001 0.5662499999999999 0.14656249999999998 0.61375 0.1715625 0.6287499999999999 0.27156250000000004 0.61125 0.2965625 0.58125 0.27156250000000004 0.55375 0.27156250000000004 0.5237499999999999 0.25906250000000003 0.51125 0.25906250000000003 0.43624999999999997 0.1990625 0.42625
7 0.1990625 0.11125 0.1440625 0.14375 0.1290625 0.19375 0.1840625 0.28375 0.1890625 0.39125 0.26156250000000003 0.39875 0.2790625 0.25875 0.2990625 0.21375000000000002 0.2990625 0.17875000000000002 0.2740625 0.12875 0.2390625 0.11374999999999999 0.1990625 0.11125
7 0.31475 0 0.3040625 0.01125 0.2740625 0.09875 0.2740625 0.12375 0.2940625 0.15375 0.30656249999999996 0.15125 0.3115625 0.13374999999999998 0.32156250000000003 0.13625 0.2790625 0.37625000000000003 0.2690625 0.38375 0.2865625 0.40374999999999994 0.33406250000000004 0.40374999999999994 0.39656250000000004 0.31625000000000003 0.3990625 0.24874999999999997 0.4265625 0.14125000000000001 0.4215625 0.06375 0.44406249999999997 0.03375 0.43351562499999996 0 0.31475 0
7 0.5465625000000001 0.08375 0.5265625 0.07625 0.4690625 0.07125000000000001 0.44656250000000003 0.09875 0.4340625 0.15375 0.43656249999999996 0.19125 0.45906250000000004 0.22625 0.5065625 0.24625 0.5190625 0.30125 0.56875 0.370380434375 0.56875 0.0960795453125 0.5540625 0.09875 0.5465625000000001 0.08375
10 0.5919921875 0.27744140625 0.60908203125 0.30625 0.6232421875 0.321875 0.64716796875 0.3384765625 0.66767578125 0.35947265625 0.67939453125 0.37998046875 0.690625 0.41416015625 0.69990234375 0.43271484375 0.7072265625 0.44248046875 0.7150390625 0.44931640625 0.7287109375 0.45517578125 0.7755859375 0.46298828125 0.7892578125 0.468359375 0.7951171875 0.476171875 0.79169921875 0.48349609375 0.8 0.48642578125 0.80634765625 0.49716796875 0.81220703125 0.50302734375 0.82001953125 0.5044921875 0.83125 0.49716796875 0.8546875 0.47666015625 0.85224609375 0.4673828125 0.84443359375 0.4576171875 0.8419921875 0.45126953125 0.83173828125 0.44638671875 0.829296875 0.44150390625 0.83759765625 0.37509765625 0.83662109375 0.36435546875 0.8302734375 0.34921875 0.80830078125 0.3248046875 0.78291015625 0.30234375 0.76826171875 0.284765625 0.75703125 0.26376953125 0.7482421875 0.230078125 0.735546875 0.20810546875 0.67353515625 0.1216796875 0.63935546875 0.077734375 0.6232421875 0.0640625 0.59541015625 0.04697265625 0.5802734375 0.04208984375 0.56875 0.04208984375 0.56875 0.24380859375 0.5744140625 0.25400390625 0.5919921875 0.27744140625
10 0.6353547640625 0 0.6349609375 0.00400390625 0.62958984375 0.02255859375 0.6232421875 0.0630859375 0.66181640625 0.09482421875 0.68134765625 0.1080078125 0.69990234375 0.11875 0.735546875 0.1333984375 0.75556640625 0.1509765625 0.76630859375 0.1509765625 0.7716796875 0.14853515625 0.78046875 0.13876953125 0.794140625 0.11875 0.809765625 0.10068359375 0.829296875 0.0689453125 0.83466796875 0.0416015625 0.83515625 0.0171875 0.833648575 0 0.6353547640625 0
0 0.5900390625 0.394140625 0.60810546875 0.4146484375 0.62177734375 0.42294921875 0.63740234375 0.4283203125 0.65205078125 0.4283203125 0.6583984375 0.4263671875 0.688671875 0.40634765625 0.688671875 0.40048828125 0.68232421875 0.38095703125 0.6671875 0.3560546875 0.65400390625 0.34189453125 0.62568359375 0.32236328125 0.62373046875 0.31845703125 0.61884765625 0.31796875 0.5890625 0.3326171875 0.57783203125 0.343359375 0.56875 0.3439453125 0.56875 0.38702915781249997 0.57587890625 0.38779296875 0.5900390625 0.394140625
10 0.60712890625 0.53818359375 0.60810546875 0.54599609375 0.63154296875 0.5689453125 0.64326171875 0.5767578125 0.653515625 0.5806640625 0.6623046875 0.5787109375 0.6857421875 0.57919921875 0.69697265625 0.573828125 0.70380859375 0.58603515625 0.70673828125 0.597265625 0.71552734375 0.6080078125 0.73017578125 0.616796875 0.74921875 0.61533203125 0.7541015625 0.612890625 0.7609375 0.60556640625 0.76337890625 0.59189453125 0.76142578125 0.569921875 0.75751953125 0.56357421875 0.7501953125 0.55771484375 0.758984375 0.53623046875 0.7619140625 0.51279296875 0.76044921875 0.49228515625 0.75361328125 0.46494140625 0.75068359375 0.46005859375 0.74677734375 0.45810546875 0.72626953125 0.45224609375 0.71162109375 0.44443359375 0.70234375 0.4341796875 0.696484375 0.4244140625 0.69013671875 0.40732421875 0.6876953125 0.40634765625 0.68330078125 0.4078125 0.66572265625 0.421484375 0.6505859375 0.42783203125 0.637890625 0.42783203125 0.61640625 0.42099609375 0.6095703125 0.4302734375 0.59638671875 0.4380859375 0.58125 0.444921875 0.56875 0.44853298593749996 0.56875 0.47263327187500004 0.59833984375 0.51962890625 0.60712890625 0.53818359375
0 0.60615234375 0.43564453125 0.61494140625 0.4263671875 0.61591796875 0.41953125 0.60517578125 0.41171875 0.58955078125 0.3931640625 0.58173828125 0.3912109375 0.57685546875 0.3873046875 0.56875 0.386316215625 0.56875 0.4495452875 0.58271484375 0.44736328125 0.60615234375 0.43564453125
12 1 0.548980034375 0.99921875 0.5484375 0.993359375 0.5240234375 0.9708984375 0.480078125 0.9513671875 0.43271484375 0.93623046875 0.38779296875 0.93037109375 0.3833984375 0.899609375 0.36923828125 0.8771484375 0.36142578125 0.84931640625 0.3482421875 0.8341796875 0.3443359375 0.82783203125 0.3384765625 0.82294921875 0.3384765625 0.82978515625 0.34580078125 0.837109375 0.36484375 0.83662109375 0.38583984375 0.82880859375 0.4283203125 0.829296875 0.43759765625 0.837109375 0.44296875 0.84345703125 0.456640625 0.8517578125 0.46640625 0.85419921875 0.4751953125 0.85224609375 0.4791015625 0.83076171875 0.49619140625 0.81806640625 0.503515625 0.813671875 0.503515625 0.8078125 0.4986328125 0.80048828125 0.48642578125 0.7921875 0.48203125 0.7951171875 0.472265625 0.790234375 0.46689453125 0.7716796875 0.460546875 0.755078125 0.4595703125 0.7521484375 0.46103515625 0.75361328125 0.47373046875 0.762890625 0.50693359375 0.778515625 0.5298828125 0.78828125 0.5484375 0.80048828125 0.5630859375 0.8224609375 0.57626953125 0.84443359375 0.581640625 0.9064453125 0.58798828125 0.9484375 0.5962890625 0.96455078125 0.616796875 0.9796875 0.63046875 0.98798828125 0.632421875 0.99921875 0.63193359375 1 0.63161530625 1 0.548980034375
12 0.77216796875 0.29208984375 0.78779296875 0.3091796875 0.81220703125 0.32919921875 0.85859375 0.353125 0.87958984375 0.3609375 0.90107421875 0.362890625 0.92353515625 0.36044921875 0.92646484375 0.35703125 0.9220703125 0.3404296875 0.9181640625 0.33310546875 0.9171875 0.3189453125 0.925 0.27890625 0.9240234375 0.1919921875 0.92744140625 0.16806640625 0.93427734375 0.1412109375 0.925 0.132421875 0.9171875 0.081640625 0.90205078125 0.07626953125 0.87568359375 0.0708984375 0.86640625 0.0650390625 0.85419921875 0.0640625 0.83759765625 0.06748046875 0.82197265625 0.07822265625 0.8146484375 0.09482421875 0.78828125 0.12607421875 0.76826171875 0.1578125 0.75751953125 0.18173828125 0.75068359375 0.2037109375 0.74873046875 0.2330078125 0.7521484375 0.25205078125 0.76142578125 0.27548828125 0.77216796875 0.29208984375
7 0.4322115390625 1 0.434375 0.9859375 0.4859375 0.928125 0.5140625 0.915625 0.5328125 0.8875 0.553125 0.8921875 0.56875 0.878966346875 0.56875 0.8592329546874999 0.55625 0.8421875 0.5484375 0.8078125 0.5625 0.753125 0.5609375 0.73125 0.490625 0.73125 0.440625 0.78125 0.4375 0.8078125 0.428125 0.8125 0.403125 0.809375 0.39375 0.815625 0.3625 0.871875 0.365625 0.8875 0.340625 0.8984375 0.334375 0.921875 0.321875 0.9390625 0.290625 0.9390625 0.28125 0.9703125 0.2703125 0.971875 0.2546875 0.9640625 0.2203125 0.971875 0.1921875 0.996875 0.1817708328125 1 0.4322115390625 1
5 1 0.837578125 0.9953125 0.816015625 0.9875 0.79501953125 0.981640625 0.7828125 0.9689453125 0.76669921875 0.93525390625 0.73251953125 0.9279296875 0.73154296875 0.919140625 0.733984375 0.90400390625 0.73056640625 0.87470703125 0.75546875 0.84052734375 0.7701171875 0.82294921875 0.77255859375 0.8 0.7720703125 0.78388671875 0.77548828125 0.74873046875 0.7740234375 0.747265625 0.7759765625 0.747265625 0.7974609375 0.74189453125 0.8033203125 0.72431640625 0.81357421875 0.71748046875 0.83798828125 0.70771484375 0.85166015625 0.68623046875 0.8638671875 0.63740234375 0.88193359375 0.63984375 0.9107421875 0.63935546875 0.915625 0.6359375 0.92099609375 0.6359375 0.92685546875 0.63837890625 0.937109375 0.669140625 0.97666015625 0.68232421875 0.9849609375 0.7277483265625 1 0.905078125 1 0.923046875 0.987890625 0.9455078125 0.96787109375 0.94892578125 0.96201171875 0.97431640625 0.93564453125 0.98603515625 0.915625 0.99482421875 0.8833984375 1 0.8401100859374999 1 0.837578125
5 0.9217084328125 0.6628486765625 0.9195665937499999 0.6742822687500001 0.9159968984375 0.690360753125 0.9092145015625 0.712156028125 0.9017181203125 0.7264480140625 0.9092145015625 0.7300210109374999 0.9202805484375001 0.73109290625 0.9277769031249999 0.7260907203125 0.9391999421874999 0.716443653125 0.945625403125 0.7057246640625 0.9566914234375 0.6928618546875 0.9613320375000001 0.675242978125 0.96740050625 0.660593696875 0.973112040625 0.6484455031249999 0.9740048218749999 0.6390625 0.922279253125 0.6390625 0.9220653953125 0.6456982953125 0.9217084328125 0.6628486765625
5 0.6560864453125 0.668610553125 0.65722545 0.6876113546875 0.6633000828125 0.7039520703125 0.6712730390625 0.7180126375 0.6879782984375 0.7309331890624999 0.7118971953125001 0.7237128796875 0.7240464578125 0.7229528734375 0.73885339375 0.7183926484375001 0.7487246734374999 0.7191527125 0.7418906953125 0.7240928890625 0.7289821125 0.7275130390625 0.7210091281250001 0.7305531796875 0.7073412 0.7324532593749999 0.7020258859374999 0.734353340625 0.697090259375 0.73587338125 0.7012665671875 0.7411936109374999 0.7244261171875 0.7541141625 0.7510026578125 0.7674147234375 0.7661892515625001 0.774255025 0.776819878125 0.775775065625 0.7893488015625 0.7715948953125 0.8022574109375 0.7715948953125 0.8189626703125 0.7719749046875 0.8307322750000001 0.7704548640625 0.8516138421875 0.76551464375 0.8686987609375001 0.7563942531250001 0.8819870296874999 0.7491739421875 0.8888210093750001 0.743853740625 0.89451598125 0.7366334296875 0.9013499609375 0.7282730734375 0.9091694359375 0.7109986453125 0.916905096875 0.6864351734375 0.9187723625 0.6688135484375 0.9203728218749999 0.649589971875 0.9192357640625 0.6390625 0.7623393265625 0.6390625 0.7619248109375001 0.6429151156249999 0.7616580671875 0.6565318171875 0.7616580671875 0.6674785765625 0.7587238484375 0.6730854625 0.7512549109375 0.676823375 0.7435192500000001 0.677090375 0.73311609375 0.6738864421875 0.72564715625 0.6672115875 0.718711725 0.6581337796875 0.7155107640625 0.6463860390625 0.7176012703125 0.6390625 0.6568901953124999 0.6390625 0.6560864453125 0.6511298062499999 0.6560864453125 0.668610553125
5 0.6875800375 0.7402500953125 0.6781656171875 0.7386795734375 0.671575528125 0.737109053125 0.6662406984375 0.7349103203125 0.65996441875 0.7336538984375001 0.654629565625 0.7336538984375001 0.64877436875 0.73224845625 0.6414493875 0.803385053125 0.6700064578125 0.8055837984374999 0.695111578125 0.7996158109375 0.71394041875 0.79113499375 0.7359074 0.7810836531249999 0.7490875796875 0.770090003125 0.7340245203125 0.7641220171875001 0.7186476296875 0.753442478125 0.7082917578125 0.7455898703125 0.6969944578125 0.7389936734375 0.6926010578125 0.73553853125 0.6875800375 0.7402500953125
5 0.7140625 0.6529296875 0.7228515625 0.6626953125 0.7267578125 0.671484375 0.7384765625 0.6763671875 0.74921875 0.67734375 0.75703125 0.67490234375 0.76142578125 0.66806640625 0.761767003125 0.6390625 0.717731584375 0.6390625 0.71455078125 0.64462890625 0.7140625 0.6529296875