2 0.23839873281249999 0.0296083390625 0.23116826875 0.03537545625 0.207597859375 0.0423241484375 0.20243566249999997 0.03155844375 0.18918896406250002 0.0250361375 0.1424083421875 0.01935325625 0.109918390625 0.029833318749999997 0.10023978281249998 0.035899426562499996 0.0858928140625 0.052303817187500004 0.0686615296875 0.0853406953125 0.0679411328125 0.12450122500000001 0.071851109375 0.1517000921875 0.08156838749999999 0.1822597734375 0.101230184375 0.2181170328125 0.1105106078125 0.23000780625 0.13214570625 0.24527378125000002 0.14971717499999998 0.2484375 0.22607791718749998 0.2484375 0.253926725 0.2385408796875 0.2781612328125 0.224998990625 0.29892261875 0.20292714531249997 0.315625 0.16000152343750002 0.315625 0.0692747765625 0.3012730625 0.058560060937500005 0.2865462203125 0.058730615625 0.27453274843750003 0.034963456250000004 0.25794588749999997 0.0255930359375 0.2407139203125 0.02362750625 0.23839873281249999 0.0296083390625
7 0 0.5296875 0.2311107609375 0.5296875 0.23855198125000002 0.5245195828125 0.24252389062500002 0.5166512890625 0.23901443906250003 0.5088689796875 0.23959268437499998 0.4981289390625 0.257389428125 0.4770943328125 0.269613228125 0.43129143125 0.2859375 0.406420103125 0.2859375 0.3676946296875 0.27053744687500003 0.3646973703125 0.2645985375 0.3596718109375 0.264636440625 0.3260158140625 0.2507137265625 0.2645042859375 0.23131595 0.2529023015625 0.188086028125 0.2532172296875 0.15634796875 0.2472147328125 0.12185238437499998 0.23005572812500003 0.10733282656250001 0.21375866718749997 0.0925816890625 0.18764048125 0.07247381562500001 0.1328125 0.057867828125 0.1328125 0.038302368749999996 0.14251095 0.0016095937500000001 0.1732226765625 0 0.17509428124999998 0 0.5296875
10 0.24623852343750002 0.291022596875 0.25046510781250003 0.3519565671875 0.2784947125 0.36086676406249996 0.2858814203125 0.37909215 0.259013959375 0.41919660781249996 0.250306015625 0.46257388749999995 0.26765965625 0.49052120468749993 0.29737471875 0.5046875 0.3670018453125 0.5046875 0.3954853484375 0.4846718796875 0.4128701078125 0.4552682609375 0.4177065671875 0.3659337109375 0.430058859375 0.3002706234375 0.4421875 0.2762138453125 0.4421875 0.236448765625 0.43215369062500003 0.2126319390625 0.3996823953125 0.153125 0.3465289734375 0.153125 0.3353240421875 0.17651377031249998 0.3266806671875 0.2226140828125 0.31764990625 0.252376178125 0.261203315625 0.2182175703125 0.23665781562500002 0.2389264296875 0.24623852343750002 0.291022596875
10 0.55 0.166618246875 0.48418479375 0.2076343390625 0.432410084375 0.282188540625 0.41686202968749997 0.33980469062499996 0.41264925625000004 0.400223925 0.4530256453125 0.43990318124999994 0.48931885937499997 0.48565109062499995 0.5277675000000001 0.5032732296875 0.55 0.5076988796874999 0.55 0.166618246875
18 0.46451125781249997 0.5296875 0.468949934375 0.5204739625 0.4921875 0.4938137546875 0.4921875 0.4822461953125 0.4359405984375 0.42664387656249997 0.41449031718749996 0.4046875 0.411319865625 0.4046875 0.407287078125 0.45951775 0.3875 0.48083745312500004 0.3875 0.48337753125000005 0.40017334687500006 0.5149199578125 0.40183043281249997 0.5259026234374999 0.40753455 0.5296875 0.46451125781249997 0.5296875
17 0.5977381640624999 0 0.5957694734375 0.017674603125 0.5860914 0.0410991921875 0.5922869656249999 0.0761386640625 0.5921778375 0.1043171140625 0.582501975 0.1458543203125 0.556070590625 0.328753759375 0.5546875 0.35573506718750003 0.5546875 0.3811569125 0.5611439078125 0.39200105625 0.5860220468749999 0.39530478593749996 0.60921239375 0.4046950140625 0.659981784375 0.4112731 0.6842965890625 0.410568121875 0.707731253125 0.4171875 0.7791696546875 0.4171875 0.7820066953125 0.4127664421875 0.8802370406250001 0.06577739375 0.9011891140625 0 0.5977381640624999 0
6 0.3668586171875 0.6652963984375 0.3652802890625 0.681524609375 0.3619447 0.6926041921875 0.3484375 0.7150217140625 0.3484375 0.717421253125 0.348963365625 0.7186171984375 0.374903221875 0.721875 0.38271413593750003 0.721875 0.3894122671875 0.7179714171875 0.3996189609375 0.721875 0.42338432187499997 0.721875 0.42551114375 0.6993672953125 0.4464879921875 0.6558200484375 0.453125 0.6304774734375 0.453125 0.563942609375 0.45213831718749997 0.5628990093749999 0.45123593125 0.553125 0.450422115625 0.553125 0.4358405375 0.5613214875 0.41217346250000003 0.5701761578125 0.399955734375 0.5850212234375001 0.386622946875 0.610004503125 0.37512889843749997 0.6396303828125001 0.3668586171875 0.6652963984375
6 0.4128275640625 0.5296875 0.40057842343749994 0.5348170546875 0.39167168750000003 0.542751346875 0.372042478125 0.5539163171875 0.359605228125 0.5648192562500001 0.3491193875 0.576306484375 0.34721846562500003 0.5819101296875 0.3508320625 0.584375 0.375603909375 0.584375 0.41948988906249995 0.570538465625 0.43836977343749994 0.5608936234375 0.4631843328125 0.552488971875 0.4728656359375 0.5461285171875 0.49051347187500005 0.54107986875 0.5033230203125 0.5343141578124999 0.51415119375 0.533664765625 0.526020540625 0.5361451484375 0.5403078140625001 0.5296875 0.4128275640625 0.5296875
6 0.55 0.564173940625 0.5374060046875 0.555545125 0.5149366984375 0.53475391875 0.5067075625 0.5313894203125 0.49790997031249995 0.5315967625 0.48619365 0.5404251265625 0.4694264828125 0.5583134984375 0.45625 0.576777484375 0.45625 0.59142025 0.4601782859375 0.596986590625 0.4940343078125 0.6207389484375 0.5196054671875 0.644716465625 0.5247104515625 0.6484375 0.53928348125 0.6484375 0.548292784375 0.64263491875 0.55 0.641910621875 0.55 0.564173940625
6 0.31875 0.638542415625 0.329584725 0.663963625 0.3298248328125 0.6640625 0.3432798328125 0.6640625 0.3666369 0.6580920171875 0.3718137328125 0.655211696875 0.375 0.64897564375 0.375 0.61780865625 0.374217925 0.6114857953125 0.36866945625 0.590921484375 0.363852928125 0.5851544046875 0.3463544515625 0.586596978125 0.31875 0.5948268125 0.31875 0.638542415625
6 0.2879373140625 0.5296875 0.290927634375 0.541732175 0.29878829375 0.5563869218749999 0.30545855624999996 0.5591898046875 0.3086141203125 0.57470535625 0.31692516406250004 0.5921875 0.32567783125 0.5921875 0.335560225 0.5874666609375 0.34651525625 0.5791244796874999 0.374705046875 0.5482846734375 0.3944272953125 0.5296875 0.2879373140625 0.5296875
1 0.9495755031249999 0.8559991453125001 0.9386611468750001 0.8361101703125 0.9168703734375001 0.7856324078125001 0.9060895421874999 0.7683177078125001 0.900031471875 0.7467889828125001 0.8841624390625 0.7361691328125 0.8691100437499999 0.7165248703125 0.8547000078125 0.716885190625 0.8170795859375 0.7251350140625 0.76155625625 0.7330909906249999 0.749336121875 0.7394698375 0.7443462999999999 0.7385353140625 0.7393691312499999 0.7340341875 0.7372270234375 0.7346527046875 0.728010625 0.7589291234375001 0.726755446875 0.770930528125 0.729857571875 0.7811987265625 0.770329946875 0.8336457312500001 0.80111504375 0.8822390296875 0.8301487812499999 0.9218368187499999 0.8611938953125 0.9373383499999999 0.8705283734375 0.9401062734375 0.8736684453125001 0.9396746578125 0.88018050625 0.9337563296875 0.895442325 0.9345752421875 0.9048878390624999 0.9261471859375 0.9155857296875001 0.9266211906249999 0.9232292875000001 0.9234640437499999 0.9282191078124999 0.92439856875 0.9448063953125001 0.933623375 0.9573644453124999 0.9515625 0.965625 0.9515625 0.965625 0.9262449499999998 0.96260106875 0.9242097359375 0.9592923234375 0.911863425 0.9599149890625001 0.8971942937499999 0.9568381609374998 0.8797928875000001 0.9495755031249999 0.8559991453125001
9 0.9019022124999999 1 0.9036436375000001 0.9920010015624999 0.9084528734375 0.9836855875000001 0.9224644718749999 0.9755647249999999 0.9546875 0.9727490671875 0.9546875 0.9473585374999999 0.9485673390624999 0.9374479703125 0.9330613671875 0.9242861734375 0.9247966703125 0.92119463125 0.9174316906250001 0.9259558375000001 0.9045897125 0.9261010265625 0.8946436859375 0.9344745187499999 0.8822276656250001 0.9352120734374999 0.8762867609375 0.9407534234374999 0.8710037671874999 0.9418084593749999 0.8578215859375 0.93727955625 0.8283771140624999 0.9317401421875001 0.7798447046874999 0.9374644312499999 0.765346696875 0.941908159375 0.7455403953124999 0.9545734140625001 0.7247739265625001 0.9563011546875 0.6863435953125 0.9700727468749999 0.6470486984375 0.986242846875 0.608085525 1 0.9019022124999999 1
11 0.55 0.91734631875 0.6204170953125 0.952676065625 0.6538893 0.9640625 0.7212316875 0.9640625 0.72912933125 0.9606465765625 0.7404371046875 0.9640625 0.747823390625 0.9640625 0.7485931781249999 0.9622263906249999 0.7627687671875 0.950471009375 0.777805403125 0.93990545 0.81026235625 0.93774013125 0.8311784875000001 0.936504646875 0.8375 0.9371956749999999 0.8375 0.9310619531250002 0.8227416812499999 0.9164075765625 0.8106354343750001 0.914145025 0.79897261875 0.9088786265625 0.7908056140624999 0.8939765093750001 0.7872652671875 0.8758234515625001 0.7784108484375001 0.8515327109375 0.7699740421875 0.8314356421875001 0.7533185953125 0.810831484375 0.723556334375 0.7795465328125 0.55 0.6576780359375001 0.55 0.91734631875