2 0.21565732031249998 0.1394835453125 0.2046875 0.15700171406250002 0.2046875 0.18955972968749998 0.20480882656250002 0.19268014687499999 0.2242200625 0.2226072953125 0.2452575171875 0.2328125 0.3101563390625 0.2328125 0.33874443125 0.21509361875000002 0.3509061515625 0.195672059375 0.35625 0.1735952515625 0.35625 0.1474104578125 0.35572197499999997 0.14375808750000002 0.34525898593750004 0.1295294890625 0.3212422015625 0.114738928125 0.29114894062499996 0.108892953125 0.23835211875 0.12203145625 0.21565732031249998 0.1394835453125
2 0.2796875 0.2637349703125 0.2796875 0.309534765625 0.2835904703125 0.31760675781250003 0.3018181921875 0.333643196875 0.30777273906249997 0.359883465625 0.3183952171875 0.37102175625 0.3289919046875 0.375 0.3910080953125 0.375 0.41612775781250005 0.3673643546875 0.411735109375 0.335070834375 0.41875 0.3012099953125 0.41875 0.283768734375 0.416642809375 0.278688909375 0.40143231874999996 0.2688926125 0.360246775 0.26262392343749996 0.3465981828125 0.24677437812499997 0.3237202875 0.2427821421875 0.2796875 0.2637349703125
2 0.46875 0.26144390781250004 0.45104619375 0.27096336718749997 0.424398309375 0.301095846875 0.415625 0.3351247296875 0.415625 0.344377425 0.4178175984375 0.361707909375 0.43634601875 0.38900254375 0.4467866734375 0.39375 0.46875 0.39375 0.46875 0.26144390781250004
2 0.46875 0.1599665453125 0.42946611562500003 0.14181024375 0.3801500390625 0.13516002656249998 0.353837896875 0.15108646875 0.3396910546875 0.196874646875 0.3171875 0.22255666875000002 0.3171875 0.24742100156250002 0.31779848906249997 0.24852867031249998 0.3362841671875 0.2523745171875 0.351614140625 0.26845573125 0.371399871875 0.271875 0.4561805328125 0.271875 0.46875 0.26667675156250004 0.46875 0.1599665453125
2 0.46875 0.05 0.4628734609375 0.05 0.44715426718750007 0.0507372328125 0.4347557015625 0.08125588593750001 0.4039903625 0.117220915625 0.4023738875 0.1326698640625 0.3855613765625 0.1335258015625 0.42542558281250004 0.1453125 0.46875 0.1453125 0.46875 0.05
2 0.3535161515625 0 0.3156696625 0.021500471875 0.29396174375 0.0481150796875 0.289147596875 0.0815220359375 0.2982297 0.1078540546875 0.341710853125 0.13125 0.37842438437500003 0.13125 0.415224625 0.108001809375 0.4375 0.083477309375 0.4375 0.026371103125 0.43268249843750006 0.0185942625 0.4104950546875 0 0.3535161515625 0
15 0.56847694375 0 0.5762276843749999 0.029443034375 0.608431725 0.1061365125 0.6159793171875 0.1359347890625 0.6374007125000001 0.18913545781250002 0.6504599718749999 0.203245415625 0.66895895 0.20477458125 0.67691424375 0.21696355625 0.6828343875 0.2171875 0.7337677359375 0.2171875 0.73888128125 0.208940115625 0.7484375 0.15811718125000002 0.7484375 0.12934606875000002 0.736680059375 0.037171304687500004 0.7290160109375 0 0.56847694375 0
15 0.46875 0 0.46875 0.24075381093749998 0.495624175 0.24414415625000002 0.5287047796875 0.2556532796875 0.5934446796875 0.2578125 0.714514128125 0.2578125 0.7268017953125 0.2519845140625 0.7431245109375 0.22241709531249998 0.753125 0.18659428125 0.753125 0.147444303125 0.7316295265624999 0.1791097375 0.716979909375 0.2262927671875 0.7086369390625 0.22653479999999998 0.69146640625 0.2031343765625 0.65630005625 0.1916857625 0.6450712015625 0.18162084218750002 0.62615475 0.143724125 0.6047165125 0.079923878125 0.5807313437499999 0.035939803125 0.570804184375 0 0.46875 0
1 0.309375 0.5390625 0.309375 0.5499516468750001 0.31062257187500003 0.5554067484375 0.351971721875 0.5734137640625 0.35732735781249997 0.5648219265625001 0.368815440625 0.5586111781249999 0.3873443859375 0.5600794828125 0.4001352734375 0.5643952046875 0.41286633593750005 0.5712904625 0.42397156718750006 0.581588721875 0.4294224890625 0.5911230578125 0.4303806078125 0.5953125 0.4393601140625 0.5953125 0.4481189328125 0.5853686687499999 0.45838796249999997 0.565020103125 0.4639230625 0.5486896671875 0.465668834375 0.5390625 0.309375 0.5390625
1 0.30988176875 0.6816040515624999 0.3112152828125 0.6904661984375 0.3211700328125 0.7040580656250001 0.335292603125 0.715143059375 0.3496465328125 0.721875 0.383583009375 0.721875 0.3911763578125 0.7195593109375 0.3984879203125 0.7144084765625001 0.4083720203125 0.6871267421875 0.4135524265625 0.6633017484375 0.4296875 0.60956888125 0.4296875 0.580250084375 0.42191361406250005 0.569411915625 0.408267328125 0.559923084375 0.38820780625 0.553125 0.36969818125 0.553125 0.35844461562499996 0.5598938265625 0.3491917328125 0.5821520421875 0.33424682968749997 0.6062022859375 0.31658637500000003 0.6584939015625 0.31416876562499996 0.674005115625 0.30988176875 0.6816040515624999
1 0.136658278125 0.6289285859375 0.14268623125 0.6617639140625 0.1491148046875 0.677602125 0.1566715359375 0.6899735515625001 0.1699171703125 0.7051679140625 0.182774753125 0.7146272359375 0.1852394921875 0.715625 0.2256871515625 0.715625 0.239421846875 0.708723671875 0.26835196093749997 0.7022357734375 0.305809575 0.6891312625 0.315625 0.677618421875 0.315625 0.60734486875 0.3155879390625 0.6072459328125 0.30701231562500003 0.593705709375 0.291656053125 0.5792641390625 0.2818308703125 0.5743413359375 0.2140973390625 0.5622374921875 0.196472621875 0.555244546875 0.192282075 0.5546875 0.1794650203125 0.5546875 0.176070009375 0.5551158296875001 0.166560034375 0.5590184546875 0.151094075 0.57142955625 0.144580084375 0.58141389375 0.1373017015625 0.60163018125 0.136658278125 0.6289285859375
1 0.026323585937499998 0.5390625 0.026645754687500002 0.560222409375 0.0244759328125 0.56738176875 0.0247077609375 0.5788348296875 0.026181265625 0.5800248796874999 0.0297200828125 0.578511125 0.0342214671875 0.5999701328125 0.0385839203125 0.6060155890625001 0.043584628125000004 0.60618694375 0.047680417187500004 0.602264521875 0.13029083749999998 0.6008838609375 0.1353612203125 0.598084846875 0.140141715625 0.586308078125 0.1439480328125 0.55205360625 0.14370859375 0.5390625 0.026323585937499998 0.5390625
1 0.12790659375 0.695418440625 0.14102920624999998 0.6907153218750001 0.14970808124999999 0.6834321828125 0.137630571875 0.6435797437499999 0.13550803125 0.6060502624999999 0.131110740625 0.6014899921875 0.1196125921875 0.6009473578125 0.1083578828125 0.6113627218750001 0.0961866390625 0.6181793703125 0.080557865625 0.623044340625 0.0609726484375 0.6258909921875 0.054881221875 0.6295468484375 0.05618054375 0.6381628234375001 0.0724583515625 0.6696372828125 0.0761360984375 0.6835370843749999 0.08690309375000001 0.6939143140625 0.0948624265625 0.6959707046875 0.12790659375 0.695418440625
14 0.0477903984375 0.700542215625 0.051268999999999995 0.7061284703124999 0.1707772109375 0.7041661359375 0.16302863750000002 0.6964786937499999 0.04842820625 0.6953350921875 0.0477903984375 0.700542215625
1 0.1450013578125 0.5390625 0.145232009375 0.554211565625 0.150870559375 0.5698631187500001 0.163598771875 0.560637803125 0.1767213859375 0.5559346828125 0.193208634375 0.5571437390625 0.2100670546875 0.5638651125 0.2160771984375 0.563674690625 0.22027865625 0.5390625 0.1450013578125 0.5390625
1 0.16624425781250002 0.75367695625 0.1816524 0.7582181578125 0.1918047796875 0.752125065625 0.25482998125 0.7535910578125 0.2693796515625 0.7520582359375 0.27916085625 0.7404528234375001 0.28137712812500004 0.7313132171875 0.2860531109375 0.7239920046874999 0.2862040703125 0.7175562015625 0.29280602187500004 0.7134719281249999 0.295428303125 0.70835945625 0.30047588125 0.6851962671875 0.299536121875 0.682587675 0.286355446875 0.689766103125 0.23146334375 0.704284871875 0.2162405796875 0.713176978125 0.203164415625 0.71589985 0.1906916703125 0.71423380625 0.1792864203125 0.7097306765625 0.1655143546875 0.6994486609375 0.15283300625000001 0.68533943125 0.1499204171875 0.70282844375 0.1523564875 0.726991259375 0.1579718125 0.7436329359375 0.16624425781250002 0.75367695625
5 1 0.5695099578125 0.9775716328125 0.549554875 0.9329396921875001 0.5512127062500001 0.8859375 0.58266910625 0.8859375 0.5916958421875 0.8922468515624999 0.662277290625 0.9119881124999999 0.6765625 0.9708922624999999 0.6765625 0.9881776999999999 0.6682028390625 1 0.6549039703125 1 0.5695099578125
17 0.9071206578125001 1 0.96875 0.93243076875 0.96875 0.9188880218750001 0.9628631468750001 0.9144132734374999 0.9004722874999999 0.9049340828125001 0.767579634375 0.9016393468749999 0.6965597703124999 0.89375 0.6691202374999999 0.89375 0.6232305703125001 0.9028968953125001 0.559940975 1 0.9071206578125001 1
5 0.46875 0.8117084531250001 0.48513990625 0.7789331859375 0.5177112125 0.7587592093750001 0.53406338125 0.7602287000000001 0.5454680875 0.753993271875 0.5520298609375 0.7582131015625 0.558496609375 0.7459236812500001 0.578105909375 0.7453757718749999 0.5859375 0.73251086875 0.5859375 0.7177022265625 0.584430125 0.7083224640625 0.5696067453125 0.68850955625 0.5384692078125 0.6738308625 0.46875 0.68447373125 0.46875 0.8117084531250001