8 0.3296875 0.359375 0.3296875 0.2377064796875 0.2924167265625 0.2440277015625 0.2889045546875 0.21804889374999997 0.2148027671875 0.17580688125 0.1967711671875 0.1904914234375 0.2031056796875 0.212669746875 0.18102878125 0.209770425 0.171370096875 0.2246958046875 0.134805278125 0.20100100156249998 0.11733810625 0.2321988671875 0.11012534062499998 0.2898929484375 0.13308028593750001 0.29928696875 0.159986421875 0.3379071515625 0.184508128125 0.359375 0.3296875 0.359375
8 0.059755424999999994 0.2845572421875 0.06151545781249999 0.321875 0.0623531796875 0.321875 0.0797939203125 0.3093940484375 0.108926671875 0.3027921515625 0.1074842015625 0.27978412656249996 0.1094285 0.26948893749999997 0.1109375 0.24898665000000003 0.1109375 0.2368734109375 0.057685929687500005 0.1952193546875 0.04375 0.21211876875 0.04375 0.21348893124999999 0.0529505890625 0.23422329999999997 0.0739612328125 0.2539125125 0.059755424999999994 0.2845572421875
3 0.044721246874999995 0.2125 0.05594175 0.19926195 0.090437075 0.1336188671875 0.081813346875 0.1068460859375 0.10160103437500001 0.10515094843749999 0.1140625 0.0683004984375 0.1140625 0.0662180203125 0.0801200671875 0.057306115625 0.0179033703125 0.04128375 0.02110975 0.08350824531249999 0.038437384375 0.2116771328125 0.0426791 0.2125 0.044721246874999995 0.2125
17 0.3296875 0.359375 0.3751311171875 0.359375 0.3777632109375 0.352369990625 0.39627698593750005 0.26158516249999997 0.40915937968750005 0.182552825 0.4171875 0.157073875 0.4171875 0.14641775937499998 0.41316309687499997 0.146019409375 0.40011923281249995 0.15000395312499998 0.3601971265625 0.1689135765625 0.3326306609375 0.1872876453125 0.3296875 0.1904715109375 0.3296875 0.359375
13 0.620769625 0.359375 0.6219088218750001 0.339181053125 0.6185233703125 0.3142261359375 0.610382296875 0.2911452359375 0.60985829375 0.2688183 0.6167638234374999 0.2536748109375 0.6209846609375 0.249989303125 0.6254612359375 0.23753631875 0.628125 0.200372309375 0.628125 0.1772646234375 0.6236101749999999 0.159976540625 0.6103213593750001 0.1522131203125 0.5939602390625 0.1289047578125 0.5812232515625 0.1223683296875 0.5651537234375 0.14950082656250002 0.5591984171875 0.1723587875 0.5600526171875 0.20351119843749998 0.56488270625 0.2192301328125 0.571892290625 0.2609569875 0.56553408125 0.3177738578125 0.5698975828125 0.32934330625 0.5879994359375 0.3534101609375 0.59109150625 0.359375 0.620769625 0.359375
0 0.620055334375 0.359375 0.622876040625 0.33122793437500003 0.6466371046875 0.32244235468750004 0.670136165625 0.3024933078125 0.6880316750000001 0.2731968109375 0.6940722265625 0.24741635624999997 0.6926661921875 0.2150369515625 0.6828247515625 0.20995950937500002 0.6811522125 0.206863025 0.6683129328125 0.2038335890625 0.6591767609375 0.19472265312499998 0.64071688125 0.1829302671875 0.6310629765625 0.171423340625 0.6351815234375 0.1712448234375 0.6456088921875001 0.17638026406250001 0.660018421875 0.18601317343749998 0.6634487484375 0.18928365 0.663295309375 0.1945441375 0.6736885812500001 0.20084857500000003 0.701227215625 0.20357444687499998 0.7094813609375 0.2026329125 0.71191031875 0.19994240937500002 0.710943046875 0.192812434375 0.7025525109374999 0.1984299546875 0.6914880671875 0.1949900125 0.671639203125 0.150233721875 0.653503253125 0.1273358671875 0.646264396875 0.121875 0.64511238125 0.121875 0.635533278125 0.1390394109375 0.624264246875 0.14261345 0.6026701390625 0.137545059375 0.593568065625 0.1272651265625 0.5819347421875 0.12318268750000001 0.5653474796875 0.14791919375 0.555682796875 0.156927709375 0.504758171875 0.15012845 0.4839608484375 0.15803501874999998 0.45178593125 0.15309167343750002 0.4392938984375 0.15830321249999998 0.42356534375 0.1737457390625 0.41373017343749996 0.188599240625 0.404919690625 0.2287601671875 0.4039138125 0.2632455765625 0.42010444375 0.2923989234375 0.44122118437499996 0.3138332734375 0.46788406250000003 0.3264376234375 0.5534637078125 0.3337362296875 0.5700060953125 0.3306841671875 0.5842621828125 0.3455775640625 0.5921410859374999 0.359375 0.620055334375 0.359375
0 0.5269821359375 0 0.469173696875 0.051783685937500004 0.4352705828125 0.0859437390625 0.43566897656250003 0.09243122031249999 0.45003362812500003 0.1237485703125 0.46059103593749995 0.1265625 0.46960352031249997 0.1265625 0.5002063453125001 0.09588842812500001 0.5246556296875 0.08365385625 0.52544614375 0.076697871875 0.5400198875 0.06055485468750001 0.559127621875 0.050136298437500004 0.580357434375 0.0475482125 0.5859375 0.036066140625 0.5859375 0.0203295390625 0.5826127828125001 0 0.5269821359375 0
17 0.3296875 0.359375 0.0009918828125 0.359375 0.0180335171875 0.4852931765625 0.1270655140625 0.67314205625 0.1669900015625 0.73198416875 0.1864131828125 0.734375 0.1984978953125 0.734375 0.3296875 0.7176009796875 0.3296875 0.359375
17 0.2235820265625 1 0.22786074687500002 0.9769534703125 0.227180921875 0.9380695296875 0.23420734687500003 0.9228253875 0.24170731562499997 0.8651440140624999 0.25674358124999996 0.821381453125 0.26875 0.7395636781249999 0.26875 0.7328125 0.25273157031250004 0.7328125 0.12152404531250001 0.7347002781249999 0.0438845078125 0.7433888578125 0.036873164062500005 0.8290180640625 0.0098221109375 1 0.2235820265625 1
17 0.3296875 1 0.3296875 0.723452809375 0.277357784375 0.7290901734374999 0.27018264375 0.735828453125 0.25138269375 0.8424091109375 0.23972155312500001 0.8706513000000001 0.24123607656249998 0.8877551 0.224246 1 0.3296875 1
18 0.725872490625 0.5693202546875 0.718938184375 0.5642107656249999 0.7160184765625 0.5532618625 0.7109089875000001 0.5488823 0.7094491328125001 0.5437728109375 0.7021498640624999 0.5331888671875 0.693755703125 0.5273494515625 0.6879162875 0.525159671875 0.6831717609375 0.5204151453125 0.6729527828125 0.517130475 0.66346373125 0.5258896 0.6601790609375 0.5364735390625001 0.662003878125 0.5408531015625 0.66528855 0.5412180656250001 0.664193659375 0.5463275546874999 0.6660184765625 0.549612225 0.6725878203125 0.5481523734375 0.680252053125 0.5532618625 0.6919308859375001 0.5674954375000001 0.6912009578125 0.5715100375000001 0.6875513234375 0.576619525 0.6875513234375 0.5828239046875 0.683536725 0.5912180656249999 0.683536725 0.5955976265625 0.6853615421875 0.603626825 0.6893761406250001 0.6098312031249999 0.693755703125 0.6211450734375 0.6992301546874999 0.6229698906250001 0.7017849 0.6211450734375 0.6995951187499999 0.6244297453125001 0.7013058859375001 0.625 0.703404425 0.625 0.706529425 0.621875 0.7244126375000001 0.617130475 0.7273323453125 0.6174954375 0.7287921984375 0.611656021875 0.7359375 0.6098696953125 0.7359375 0.6068111296875001 0.734631615625 0.6047217140625 0.7328067984375 0.6065465328125 0.7298870890625 0.6028968984375 0.7317119078125 0.5988823 0.7244126375000001 0.5828239046875 0.725872490625 0.5693202546875
18 0.6327383671875 0.509317975 0.625439096875 0.5078581203125 0.62434420625 0.5031135953125 0.614125228125 0.49873403281249995 0.6133953 0.48924498281249995 0.6159500453125 0.4896099453125 0.6192347171874999 0.495814325 0.62434420625 0.4965442515625 0.63383325625 0.494719434375 0.641497490625 0.49143476249999996 0.6411325265625 0.48669023750000007 0.632373403125 0.4848654203125 0.6250741328125 0.488515053125 0.616679971875 0.4859603109375 0.6112055203125 0.482310675 0.6082858109375 0.482310675 0.6024463953125 0.4870552 0.5933223078125 0.488515053125 0.582373403125 0.5001938875 0.575804059375 0.503843521875 0.5590157390625 0.508223084375 0.5487967609375 0.505303375 0.545877053125 0.4998289234375 0.5444171984375 0.49946396093749995 0.5414974906250001 0.50274863125 0.5411325265625 0.5060333015625 0.5455120890625 0.517347171875 0.55171646875 0.521726734375 0.564125228125 0.538515053125 0.5685047890625 0.5421646890625 0.577993840625 0.5450843984375 0.5820084390625 0.54800410625 0.5867529656249999 0.57355155 0.5911325265625 0.5797559296875 0.5911325265625 0.586325275 0.5955120890625001 0.5921646890625001 0.5904026 0.6009238124999999 0.589307709375 0.6085880484375 0.591497490625 0.612602646875 0.5962420156249999 0.6166172453125001 0.6013515046875 0.6184420625 0.6137602640625 0.617347171875 0.6203296078125 0.6224566593749999 0.6264336203124999 0.625 0.6440543734374999 0.625 0.652811359375 0.62099680625 0.6524463953125 0.6162522796875 0.64733690625 0.6082230843750001 0.6498916515625 0.5983690703125 0.664490190625 0.5874201625 0.6734375 0.5826023828125 0.6734375 0.5744554093750001 0.6732493156249999 0.5717267343750001 0.6593807015625 0.5439895078125 0.6495266875000001 0.530850821875 0.6429573453125 0.5272011859375001 0.6327383671875 0.5151573890625001 0.6327383671875 0.509317975
8 0.745814325 0.5823791046875 0.7407048359374999 0.580189325 0.7261062953125 0.580189325 0.7235515515625 0.5831090328125 0.7293909671875 0.5966126828125 0.7293909671875 0.5991674265625 0.72756615 0.6013572078125 0.7279311140625 0.6046418796874999 0.733040603125 0.6082915140624999 0.729026003125 0.6097513687499999 0.726471259375 0.6163207109375 0.7129676093749999 0.6203353093749999 0.6939895078125 0.6203353093749999 0.6826756390625001 0.5955177921875 0.676471259375 0.599897353125 0.669536953125 0.60792655 0.669536953125 0.6115761859375001 0.676471259375 0.622525090625 0.6950843984375 0.63712363125 0.7282960765625 0.6842039234375 0.7531135953125 0.7130360390625 0.7633325734375 0.7283645062499999 0.776471259375 0.7422331203125 0.7786610406250001 0.7466126828125 0.7768362234375 0.7571966234375 0.7782960765625 0.7630360390625001 0.785595346875 0.7674156015625 0.813713590625 0.7765625 0.81914005 0.7765625 0.8242814781250001 0.7754447984375 0.83012089375 0.7615761859375 0.85055885 0.747707571875 0.8538435218749999 0.7345688859375 0.851288778125 0.7254447984375 0.8618727187499999 0.70099224375 0.8593179750000001 0.6973426093749999 0.849463959375 0.6911382296874999 0.8407048359375 0.681284215625 0.8319457124999999 0.6765396890625001 0.8261062953125 0.6714302 0.8199019156249999 0.66887545625 0.8140625 0.6637659671874999 0.822091696875 0.6491674265625 0.8352303828124998 0.6334739953125 0.846909215625 0.6258097625 0.8549384124999999 0.6174156015625 0.8728216249999999 0.5893134124999999 0.8731865875 0.5827440687500001 0.8680770984375 0.5707002734375 0.875 0.5679913125 0.875 0.5642069640624999 0.8746749546875 0.5640625 0.8468265203125 0.5640625 0.8104128656250001 0.5663207109374999 0.783040603125 0.569970346875 0.7669822078124999 0.5772696156249999 0.753478559375 0.5871236312500001 0.7498289234375 0.5871236312500001 0.745814325 0.5823791046875
7 0.5252052921875 0.51722741875 0.5219206203125 0.52197194375 0.517906021875 0.53292085 0.51462135 0.554818659375 0.5044023734375 0.5924099 0.501940165625 0.615625 0.5186986765625 0.615625 0.5226505484375 0.6143077109374999 0.522285584375 0.6095631859375 0.5241104015625 0.6051836234375 0.527395075 0.6044536968750001 0.5284899640624999 0.6004390984375 0.538343978125 0.5894901921875 0.5445483578125 0.575256615625 0.551847628125 0.5632128203125 0.5671875 0.5431005453125 0.5671875 0.5388305984375 0.5631614968750001 0.53547559375 0.5533074812500001 0.5216069812499999 0.5401687953125001 0.5132128203125 0.53505930625 0.51248289375 0.5288549265625 0.5143077109374999 0.5252052921875 0.51722741875
4 0.8059249546875 0.78263001875 0.79278626875 0.774235859375 0.78366218125 0.7647468078124999 0.76796875 0.7567176109375 0.7643191140625001 0.762557025 0.763224225 0.76876140625 0.7694286031249999 0.7709511874999999 0.773443203125 0.774235859375 0.7895015984375 0.776060675 0.79497605 0.780075275 0.81139940625 0.7859146906250001 0.8088446625 0.788104471875 0.7683337140625001 0.7964986328125 0.7686986765625 0.8151117718750001 0.7723483124999999 0.8136519171875001 0.773443203125 0.8147468078125 0.7770928375 0.8140168796874999 0.7795050156250001 0.815625 0.79130361875 0.815625 0.8146840781249999 0.8132869515625 0.8263629109374999 0.8096373187499999 0.8265625 0.8083732546875 0.8265625 0.7997932796875 0.8259979484375 0.7979584859375 0.8263629109374999 0.7829949828125 0.8249030562499999 0.7764256406250001 0.8143191140624999 0.7782504578125 0.8081147359374998 0.78263001875 0.8059249546875 0.78263001875
4 0.660315921875 0.5923129546875 0.65922103125 0.5941377734375 0.6552064328125 0.5955976265625 0.6479071624999999 0.605451640625 0.6449874546875 0.605451640625 0.642432709375 0.6003421515625 0.6384181109375 0.5999771890625001 0.628564096875 0.6174954359375 0.6245494984375 0.6211450734375 0.6205349 0.6207801078124999 0.6143305203125 0.617130475 0.60046190625 0.6185903265625 0.5927976734375 0.6138458015625 0.59097285625 0.6101961687499999 0.5924327093749999 0.6003421515625 0.5964473078125 0.591583028125 0.5869582578125 0.5700501812500001 0.5836735859375001 0.5499771890625 0.5771042421875 0.5448677 0.5687100812500001 0.54304288125 0.5654254109375 0.5445027375 0.544622490625 0.5700501812500001 0.535498403125 0.576619525 0.5238195703125 0.5893932484375 0.5154254109374999 0.5992472624999999 0.5132356296875 0.6080063875 0.5008268703125001 0.6134808375 0.485498403125 0.617130475 0.4712648265625 0.6277144140625 0.47089986249999993 0.6295392328125 0.4760093515625 0.6364735390625 0.48622832968749996 0.657276459375 0.490242928125 0.6627509109374999 0.496812271875 0.6795392328125001 0.5121407390625 0.703261859375 0.5274692062499999 0.7138458015625 0.5391480375000001 0.725524634375 0.560315921875 0.7430428812500001 0.5760093515625 0.7499771890625 0.5859741671875 0.7515625 0.5940066125 0.7515625 0.6110458484375 0.7430428812500001 0.6114108125 0.73136405 0.6088560671875 0.714210765625 0.6139655562499999 0.695962590625 0.625279425 0.6777144140625 0.6358633671874999 0.6674954359375 0.646812271875 0.6466925187499999 0.6610458484375 0.6320939765625 0.6694400093749999 0.6160355828125 0.671994753125 0.6069114953125 0.6836735859375 0.5941377734375 0.6875 0.584025109375 0.6875 0.577252815625 0.674184534375 0.5704151453125 0.67308964375 0.5722399625 0.6738195703125001 0.58355383125 0.6716297906250001 0.5893932484375 0.6676151921875 0.5923129546875 0.660315921875 0.5923129546875
10 0.6336678828125001 0.65212135 0.6303832109374999 0.667084853125 0.6143248171875 0.6835082109374999 0.6106751812500001 0.689347628125 0.607755475 0.6970118609375 0.606295621875 0.707960765625 0.6066605828125 0.721464415625 0.61031021875 0.7342381390625 0.6099452546874999 0.7433622265625 0.6019160578125 0.746281934375 0.5971715328125 0.7506614968750001 0.592791971875 0.75869069375 0.59242700625 0.7630702546875 0.5898722624999999 0.7659899640625001 0.5814781015625 0.767084853125 0.5760036484375 0.7700045624999999 0.5683394156249999 0.7809534671875 0.5665145984375 0.7864279203125 0.5665145984375 0.7955520078125 0.570894159375 0.807595803125 0.5785583937500001 0.8083257296875 0.588047446875 0.8061359484375 0.6095802906250001 0.8189096718750001 0.6249087578125 0.8218293796874999 0.6278284671875 0.8243841234375001 0.6314781015625 0.8346031015625 0.6369500203125 0.8375 0.6411724453125001 0.8375 0.644251825 0.8371578468750001 0.6486313859375 0.8331432484375 0.6592153281249999 0.8273038312499998 0.665784671875 0.8200045625 0.70593065625 0.8043111312499999 0.7117700734375 0.7992016421875 0.7121350359375 0.7911724453125 0.7041058390625 0.7630702546875 0.709580290625 0.7550410578125 0.7150547453125 0.7349680656249999 0.72855839375 0.7273038312500001 0.73125 0.72003649375 0.73125 0.714260534375 0.7238138671875 0.710880475 0.7183394156249999 0.7043111312500001 0.723083940625 0.6962819343750001 0.7270985390625 0.6827782843750001 0.72198905 0.6751140515625 0.7190693421875001 0.6765739046875 0.716149634375 0.6732892328125001 0.716149634375 0.6674498171875 0.7081204375000001 0.6539461671875 0.7033759125 0.6528512765625 0.682208028125 0.6641651453125 0.67892335625 0.6630702546875 0.67855839375 0.6561359484375 0.682208028125 0.6502965328125001 0.6814781015625 0.639347628125 0.6854927 0.6353330296874999 0.6869525546874999 0.63168339375 0.6767335765625 0.625843978125 0.6752737234375 0.6229242703125 0.6738138671874999 0.623654196875 0.674543796875 0.6273038312500001 0.67198905 0.6273038312500001 0.670894159375 0.6229242703125 0.672718978125 0.6200045624999999 0.669582571875 0.61875 0.6689430078124999 0.61875 0.6661496343750001 0.6232892328125 0.6661496343750001 0.6273038312500001 0.6635948890625001 0.6276687953125 0.661040146875 0.6320483578125 0.6508211671874999 0.6411724453125001 0.6336678828125001 0.65212135
10 0.6645529203125 0.473597171875 0.648494525 0.46593293906250005 0.6411952546874999 0.46082345 0.6335310234375 0.46045848593750005 0.6163777375 0.46337819375 0.60506386875 0.4695825734375 0.5959397796875 0.478341696875 0.5908302921875 0.48892563906250003 0.60323905 0.48746578437500004 0.6094434296875 0.4823562953125 0.611998175 0.4823562953125 0.6163777375 0.48600593124999997 0.6258667890625 0.48892563906250003 0.6346259125 0.484911040625 0.6415602203125 0.4863708953125 0.642290146875 0.4911154203125 0.6324361312500001 0.49513001875 0.6251368625 0.49622490937499997 0.6196624078124999 0.49513001875 0.617107665625 0.488560675 0.6130930671874999 0.488560675 0.6090784671874999 0.4911154203125 0.60506386875 0.4980497265625 0.6090784671874999 0.500604471875 0.6178375921875 0.5002395078124999 0.62367700625 0.5024292890625001 0.6251368625 0.50863366875 0.6335310234375 0.509728559375 0.6338959859375001 0.5162979015625 0.6448448906250001 0.529071625 0.648859490625 0.5294365875 0.65249831875 0.534375 0.6608281671875 0.534375 0.6656478109374999 0.5250570265625 0.6725821171874999 0.5184876828125 0.68426095 0.5203125 0.6864507296875 0.5148380484375 0.696875 0.5064313796875 0.696875 0.49968493281250004 0.6911952546875 0.49294023750000004 0.6911952546875 0.4900205296875 0.6857208015625 0.4841811140625 0.6798813875 0.48053147812499997 0.6700273734375 0.477976734375 0.6645529203125 0.473597171875
8 0.7905850828125 0.52040944375 0.77890625 0.5233291515625 0.775256615625 0.5233291515625 0.7694171984375 0.5207744062499999 0.7632128203125 0.5207744062499999 0.7460595343749999 0.5236941140625 0.7387602656250001 0.5152999546875 0.7296361765625 0.5142050640625 0.72890625 0.51165031875 0.724161725 0.508000684375 0.724161725 0.5028911953125 0.7216069796875 0.50252623125 0.71284785625 0.505810903125 0.7077383671874999 0.5094605375000001 0.7033588046875 0.5072707578125 0.6942347171875 0.5087306109374999 0.6862055203125 0.5156649171875001 0.6851106296875 0.521869296875 0.6887602656249999 0.526248859375 0.7011690234375 0.5328182015625 0.7066434765625 0.53902258125 0.710658075 0.5452269609375 0.7113880015625 0.5496065234375 0.7168624546875 0.5554459390625001 0.718687271875 0.5649349906250001 0.72635150625 0.57077440625 0.7259865421875 0.57989849375 0.7325558859375 0.57953353125 0.7522639140625 0.5649349906250001 0.7562785125 0.5642050640624999 0.75810333125 0.5660298812500001 0.7602931109375 0.5744240421875 0.7606181578125 0.58125 0.7630206875 0.58125 0.76722741875 0.57734375 0.7690522359374999 0.5550809765625 0.7723369078125 0.5517963046875 0.8205120890625001 0.551431340625 0.820877053125 0.5565408296875 0.8186872718749999 0.5609203921875 0.8194171984375 0.5638401 0.8227018703125001 0.5634751359375001 0.8245266875 0.5656649171874999 0.8314609953125001 0.5645700265625 0.8328125 0.5587135078125 0.8328125 0.5479790140625 0.820877053125 0.545591925 0.8132128203125 0.5459568890625001 0.8033588046875 0.5423072531249999 0.79496464375 0.5339130921875 0.7953296078125 0.52953353125 0.7905850828125 0.52040944375
1 0.7650091234375 0.8433850359375 0.7639142328124999 0.8430200734375 0.7569799265625 0.8488594890625001 0.751505475 0.8495894156249999 0.7467609484375 0.8473996343749999 0.7431113140625001 0.8401003656250001 0.738001825 0.838275546875 0.7328923359374999 0.8401003656250001 0.7266879562499999 0.8386405109374999 0.7175638687499999 0.8280565687500001 0.71318430625 0.8192974453125 0.71281934375 0.8160127734374999 0.714279196875 0.8138229921875 0.7055200734375 0.8123631390625 0.700410584375 0.8192974453125 0.6974908765625 0.8192974453125 0.6945711671874999 0.815282846875 0.6916514593749999 0.8156478109374999 0.6883667890625 0.8189324812500001 0.6876368609375 0.822217153125 0.684717153125 0.8244069343749999 0.6810675187499999 0.819662409375 0.6759580296875 0.8182025546875 0.675593065625 0.8167427 0.6653740875 0.8189324812500001 0.6591697078125 0.8265967156249999 0.6485857671874999 0.8324361312499999 0.6471259125 0.8452098546875 0.657344890625 0.8521441609375 0.66318430625 0.8598083937500001 0.67194343125 0.8645529203125001 0.6887317515625 0.876961678125 0.693476278125 0.8762317515625 0.6945711671874999 0.8736770078125 0.6978558390625 0.8736770078125 0.7000456203125001 0.878786496875 0.7011405109375 0.8736770078125 0.702965328125 0.872217153125 0.70406021875 0.8758667890625 0.7058850359375001 0.876596715625 0.7153740875000001 0.875501825 0.716468978125 0.8806113140625002 0.7241332109374999 0.8846259125 0.7274178828125001 0.8813412406250001 0.7310292296875 0.8859375 0.7337420171875 0.8859375 0.734717153125 0.885720803125 0.7372718984375 0.8828010953125001 0.7442062046875 0.8824361312499999 0.759534671875 0.85725365 0.7653740875 0.8455748171875002 0.7650091234375 0.8433850359375