0 0.1950827203125 0.6296875 0.19765625 0.6234375 0.19765625 0.6126953125 0.2025390625 0.6048828125 0.207421875 0.55361328125 0.2123046875 0.5296875 0.2125 0.52451171875 0.2125 0.5024591625 0.20791015625 0.49453125 0.19375 0.48427734375 0.17666015625 0.4779296875 0.1673828125 0.47744140625 0.1498046875 0.47939453125 0.13955078125 0.48330078125 0.12734375 0.49794921875 0.12001953125 0.50234375 0.1185546875 0.50625 0.11904296875 0.53896484375 0.11708984375 0.54384765625 0.1185546875 0.5697265625 0.115625 0.58291015625 0.11416015625 0.60927734375 0.1078125 0.625390625 0.1080777390625 0.6296875 0.1950827203125 0.6296875
0 0.15608199843749998 0.1256007203125 0.1395750796875 0.13081466718749998 0.1265433015625 0.1360286140625 0.1082988125 0.1447185265625 0.0987421734375 0.152539446875 0.09352946250000001 0.1647053234375 0.0823529265625 0.1794781734375 0.0891855375 0.1985959796875 0.09266067812499999 0.21336882968749998 0.09787338906250001 0.23161764375 0.10395488593749999 0.2507354484375 0.15955714062499998 0.29766097187499996 0.17693284375 0.30548189375 0.178670415625 0.306350884375 0.18735826718749998 0.310695840625 0.2073403265625 0.306350884375 0.2073403265625 0.28897106093749997 0.2073403265625 0.276805184375 0.21081546874999998 0.262032334375 0.2195033203125 0.248128475 0.228191171875 0.2359626 0.24375 0.22285732343750003 0.24375 0.19549736874999998 0.22471603125 0.1681812875 0.21515939374999998 0.15775339375 0.199521259375 0.1412425609375 0.1821455546875 0.1299456765625 0.1682449921875 0.127338703125 0.15608199843749998 0.1256007203125
0 0.2833987015625 0.21197827500000002 0.26949813906250003 0.21719222187499998 0.24619753281249998 0.2241441515625 0.21997738125000002 0.23717901874999997 0.20694560156250003 0.2945324359375 0.21042074375 0.3327680484375 0.22866523437500003 0.36839668593749997 0.254728790625 0.36839668593749997 0.26341664374999996 0.3736106328125 0.28724293749999996 0.3859375 0.3102021015625 0.3859375 0.3259691765625 0.381431553125 0.35290151875000003 0.2988773921875 0.32944431875 0.24239296562499998 0.3155437546875 0.22240616875 0.29729926562500003 0.212847265625 0.2833987015625 0.21197827500000002
0 0.082062615625 0.36686433125 0.0803250453125 0.385113146875 0.0733747625 0.3990170046875 0.0646869125 0.41118288124999997 0.0499175625 0.42421775000000006 0.049048778125 0.4476805125 0.061211771875 0.46940528906249995 0.086406540625 0.48504712968749997 0.11003100156250001 0.4984375 0.12421840312500002 0.4984375 0.127239446875 0.49808199843749995 0.1454839359375 0.4841781390625 0.14982786406249998 0.48157116718750004 0.17415384843749998 0.478095203125 0.188923196875 0.462453359375 0.2071676890625 0.39380305781249997 0.209375 0.37908415781250004 0.209375 0.3745605875 0.2071676890625 0.3642573578125 0.1524342203125 0.319938809375 0.1237643078125 0.3251527546875 0.1037822453125 0.3321046859375 0.0803250453125 0.3564364375 0.082062615625 0.36686433125
0 0.20960665781249999 0.3926209953125 0.1913621703125 0.4621402875 0.1765928203125 0.4769131375 0.19918123593749998 0.48734103281249996 0.2087378734375 0.490816996875 0.21568815468750002 0.50472085625 0.21823527031249998 0.5140625 0.2188889734375 0.5140625 0.26347134375 0.4977689265625 0.2765031203125 0.4829960765625 0.30082910625000003 0.45084340312500004 0.30625 0.4353514609375 0.30625 0.43092707499999994 0.294915740625 0.387407046875 0.2834534015625 0.3839310828125 0.2721591953125 0.3787171359375 0.25652105937499997 0.36828924218750003 0.21047544375 0.36828924218750003 0.20960665781249999 0.3926209953125
0 0 0.23007218749999997 0.046545253125000005 0.24449807968749998 0.091789940625 0.3 0.0928978328125 0.3 0.1046875 0.26226411875 0.1046875 0.2557165171875 0.1012787234375 0.24276009687500003 0.09780358125000001 0.23059422187499998 0.0908533 0.21234540625 0.084771803125 0.19148961874999998 0.0569706765625 0.17063383125 0.0430701140625 0.17150282187500002 0.020481696875 0.1854066796875 0.0057123484375 0.1940965921875 0 0.1998102953125 0 0.23007218749999997
0 0 0.4415227328125 0.0176071 0.4453125 0.01906336875 0.4453125 0.023920721875000002 0.44207349531249995 0.04911549375 0.429038628125 0.0656224125 0.41774174375 0.07778540625 0.4029688953125 0.0796875 0.3788699859375 0.0796875 0.3600852375 0.078654190625 0.3456154765625 0.071703909375 0.3212837234375 0.049984278124999997 0.3082488578125 0 0.291795684375 0 0.4415227328125
0 0 0.29229031562499996 0.02218971875 0.29929925625 0.058678698437499996 0.3114651328125 0.0769231875 0.3331899125 0.08234703593750001 0.346875 0.084300828125 0.346875 0.096875 0.3259930265625 0.096875 0.3227832578125 0.0882173953125 0.3062511859375 0.08474225468749999 0.294085309375 0.0769231875 0.28018145 0.04564691875 0.2419458390625 0 0.2319111703125 0 0.29229031562499996
0 0.0847671625 0.35 0.085143171875 0.35 0.0972630734375 0.336260853125 0.112032421875 0.32670195 0.120720275 0.31279809062499997 0.1671875 0.3043475015625 0.1671875 0.3035440625 0.15634046875000002 0.2988942328125 0.10520537187500001 0.2789074359375 0.0937879328125 0.29281129375 0.0963942875 0.3049771703125 0.0963942875 0.327570940625 0.0847671625 0.35
0 0.27393162968749996 0.6296875 0.2831557984375 0.6246549421875 0.2935812203125 0.582943365625 0.36829675 0.5064721421875 0.384375 0.48797777187499997 0.384375 0.48398964843750003 0.374378246875 0.4647605671875 0.355264971875 0.44911872500000005 0.33441412656249997 0.433476884375 0.307653003125 0.4395598234375 0.297925146875 0.44738074375 0.2935812203125 0.47605745156249996 0.262304953125 0.522113984375 0.21625933593750002 0.562087578125 0.2197344765625 0.5699084984375 0.217128121875 0.582943365625 0.2153905515625 0.5994541984375 0.221472046875 0.6185720031249999 0.232584909375 0.6296875 0.27393162968749996 0.6296875
0 0 0.5472039 0.008791381249999999 0.5434835875 0.02790465625 0.538269640625 0.03746129375 0.5347936765625 0.0331173671875 0.523496790625 0.024429515625000002 0.5165448609375 0.013135306250000001 0.50785495 0 0.5012857390625001 0 0.5472039
0 0.044155221875 0.6296875 0.0697978359375 0.6195834703124999 0.077616903125 0.6108935578125 0.0802232578125 0.6030726375000001 0.081960828125 0.5900377703124999 0.0828125 0.577259675 0.0828125 0.5769618203125 0.0784856875 0.5665750093749999 0.07153540625 0.551802159375 0.065453909375 0.5448502296875 0.054159701562499996 0.5413742640625 0.0307025 0.5413742640625 0.01419558125 0.5457192203125001 0 0.5530816375 0 0.62152744375 0.0037701593749999997 0.623059434375 0.0324400703125 0.62827338125 0.0371526828125 0.6296875 0.044155221875 0.6296875
0 0 0.4734595921875 0.012367190625 0.47476171093749997 0.0236613984375 0.48084465 0.046068407812500003 0.4890625 0.0614044203125 0.4890625 0.075 0.480473784375 0.075 0.47905550625000004 0.060150378125 0.4617268421875 0.0471185984375 0.44608500156249997 0.051462525 0.43044316250000003 0.028005324999999998 0.44434701875 0 0.44021410625 0 0.4734595921875
0 0.0778642078125 0.560466809375 0.0804705640625 0.57176369375 0.0804705640625 0.5865365453125 0.0796017796875 0.6082613234375 0.0772303484375 0.611819315625 0.0908959859375 0.6212961921875 0.1005236078125 0.625 0.10261752500000001 0.625 0.11261561875 0.60999930625 0.11522197187500001 0.5908815 0.11869711406250001 0.5787156234374999 0.12304104062500001 0.5613357999999999 0.1195659 0.5257071625 0.12738496562499999 0.5091963296875 0.128125 0.5051251796875 0.128125 0.49963742812499995 0.11782832968750001 0.49963742812499995 0.1091404765625 0.501375409375 0.08828963281249999 0.5109343125 0.068307571875 0.5274451453125 0.063094859375 0.5430869859375 0.0778642078125 0.560466809375
0 0.023966690625000002 0.47950815625 0.0161476234375 0.47690118125 0.00755973125 0.47690118125 0.007459771875 0.5055778906249999 0.02744183125 0.5186127578125 0.0413423953125 0.5307786343750001 0.0422111796875 0.539468546875 0.059332934375 0.54375 0.0633727828125 0.54375 0.0682747375 0.5290406515625 0.0734874484375 0.5229577140624999 0.0839128703125 0.516005784375 0.1004197890625 0.5090538546875 0.10389493125 0.5047089 0.109375 0.5023597421875 0.109375 0.50168416875 0.078700159375 0.480377146875 0.07088109218750001 0.48993605 0.062193240625 0.490805040625 0.0448175359375 0.48993605 0.033523328125 0.486460084375 0.023966690625000002 0.47950815625
0 0.3216685125 0.6296875 0.328167409375 0.6111862546875 0.330773765625 0.5981513859375001 0.3328125 0.5859160796875 0.3328125 0.5433067031250001 0.3133980609375 0.5633917390625001 0.30123506718750004 0.5781645890625 0.2942847859375 0.588592484375 0.292547215625 0.6033653328125 0.28646571875000004 0.619876165625 0.29250203125 0.6296875 0.3216685125 0.6296875
1 1 0.2738952640625 0.998291015625 0.27294921875 0.964111328125 0.25 0.947021484375 0.2431640625 0.920654296875 0.24169921875 0.903564453125 0.244140625 0.880615234375 0.25048828125 0.859130859375 0.25927734375 0.832275390625 0.27392578125 0.809814453125 0.29296875 0.787353515625 0.31591796875 0.772216796875 0.33544921875 0.757080078125 0.35986328125 0.740478515625 0.39501953125 0.732177734375 0.4326171875 0.732177734375 0.466796875 0.736083984375 0.49072265625 0.742431640625 0.51171875 0.756591796875 0.53955078125 0.780029296875 0.56640625 0.794189453125 0.57666015625 0.811767578125 0.5849609375 0.835205078125 0.5908203125 0.9317508374999999 0.60625 0.9931769125000001 0.60625 1 0.60439801875 1 0.2738952640625
4 1 0.1505949796875 0.99814453125 0.145166015625 0.98984375 0.132470703125 0.98251953125 0.113427734375 0.9673828125 0.086083984375 0.96494140625 0.084619140625 0.944921875 0.085107421875 0.9302734375 0.081689453125 0.91708984375 0.081689453125 0.9029296875 0.077783203125 0.8921875 0.079736328125 0.87607421875 0.086572265625 0.84873046875 0.087548828125 0.843359375 0.090478515625 0.84677734375 0.091943359375 0.8462890625 0.093408203125 0.8267578125 0.088525390625 0.7623046875 0.087548828125 0.72666015625 0.094873046875 0.72568359375 0.097802734375 0.7359375 0.103662109375 0.76328125 0.112939453125 0.773046875 0.121240234375 0.78330078125 0.125146484375 0.8130859375 0.150537109375 0.83359375 0.175439453125 0.83896484375 0.179345703125 0.85849609375 0.180810546875 0.8697265625 0.187158203125 0.87509765625 0.188134765625 0.8951171875 0.177880859375 0.915625 0.176904296875 0.99228515625 0.190087890625 0.9989095046875001 0.190625 1 0.190625 1 0.1505949796875
4 0.8040278843750001 0 0.755029296875 0.032861328125 0.727685546875 0.064111328125 0.715966796875 0.071923828125 0.716455078125 0.078759765625 0.723291015625 0.090966796875 0.725732421875 0.093408203125 0.737451171875 0.095849609375 0.744775390625 0.092431640625 0.763818359375 0.089013671875 0.860498046875 0.089013671875 0.907861328125 0.077783203125 0.915185546875 0.078271484375 0.920556640625 0.081689453125 0.964013671875 0.085107421875 0.967431640625 0.088525390625 0.989892578125 0.129541015625 1 0.15575714062499998 1 0.068998790625 0.990380859375 0.061669921875 0.947900390625 0.032373046875 0.914208984375 0.014794921875 0.8909287390625 0 0.8040278843750001 0
6 1 0.1902569515625 0.973388671875 0.187109375 0.924072265625 0.17734375 0.904931640625 0.1765625 0.899521484375 0.1765625 0.892333984375 0.17880859375 0.878173828125 0.1880859375 0.870361328125 0.187109375 0.860107421875 0.18173828125 0.850341796875 0.1802734375 0.840576171875 0.1802734375 0.833251953125 0.1841796875 0.824951171875 0.20078125 0.820068359375 0.2251953125 0.820068359375 0.2583984375 0.823974609375 0.27744140625 0.829345703125 0.276953125 0.856689453125 0.261328125 0.890869140625 0.24814453125 0.914794921875 0.24375 0.938232421875 0.24326171875 0.957275390625 0.24765625 1 0.2728273375 1 0.1902569515625
0 0.21761175000000002 0.6296875 0.2015625 0.68671355625 0.2015625 0.68877495625 0.205859375 0.764208984375 0.209765625 0.784228515625 0.21513671875 0.790087890625 0.244921875 0.797412109375 0.268505859375 0.7984375 0.2804966515625 0.7984375 0.29326171875 0.795458984375 0.303515625 0.783251953125 0.31669921875 0.772998046875 0.3181640625 0.769580078125 0.319140625 0.743701171875 0.3234375 0.7150553390625001 0.3234375 0.71377740625 0.3103380671875 0.6296875 0.21761175000000002 0.6296875
0 0 0.8781598765625 0.0033203125 0.876025390625 0.0189453125 0.871630859375 0.03896484375 0.860888671875 0.07607421875 0.849658203125 0.1029296875 0.837939453125 0.13369140625 0.821826171875 0.172265625 0.796435546875 0.1927734375 0.788623046875 0.2005859375 0.780322265625 0.20595703125 0.765185546875 0.20595703125 0.752490234375 0.20205078125 0.730517578125 0.18837890625 0.705126953125 0.18203125 0.697802734375 0.168359375 0.689013671875 0.1556640625 0.689013671875 0.1107421875 0.694873046875 0.0765625 0.705615234375 0.0140625 0.718310546875 0 0.7220654546875 0 0.8781598765625
6 0 0.6296875 0 0.7090270999999999 0.015966796875 0.70703125 0.063818359375 0.69921875 0.092138671875 0.697265625 0.165869140625 0.6875 0.178076171875 0.68310546875 0.182470703125 0.67724609375 0.197119140625 0.6708984375 0.206396484375 0.654296875 0.208154296875 0.6296875 0 0.6296875
11 0.3321222484375 0.6296875 0.33173828125 0.64658203125 0.3380859375 0.70224609375 0.3458984375 0.7193359375 0.352734375 0.75986328125 0.3693359375 0.78671875 0.3732421875 0.8052734375 0.380078125 0.81455078125 0.41279296875 0.82138671875 0.44453125 0.8228515625 0.49071377812500006 0.8328125 0.5194384765625 0.8328125 0.54169921875 0.82333984375 0.56708984375 0.8072265625 0.57001953125 0.80380859375 0.5724609375 0.7935546875 0.5880859375 0.77939453125 0.59541015625 0.7701171875 0.6017578125 0.7564453125 0.60419921875 0.7291015625 0.6171875 0.6941675640625 0.6171875 0.68017578125 0.614453125 0.6548828125 0.608264803125 0.6296875 0.3321222484375 0.6296875
12 0.6890625 0.6296875 0.6890625 1 0.8048214281250001 1 0.8111328125 0.99619140625 0.8287109375 0.9830078125 0.8384765625 0.9732421875 0.8443359375 0.9634765625 0.85361328125 0.9341796875 0.85947265625 0.905859375 0.8658203125 0.85166015625 0.8638671875 0.749609375 0.86630859375 0.7076171875 0.874609375 0.65927734375 0.8835759937500001 0.6296875 0.6890625 0.6296875