4 0.6296875 0.5390625 0.6296875 0.4542349578125 0.6212139546875 0.4394895046875 0.6031290671875 0.41202930625 0.545616725 0.3133002875 0.5347982625000001 0.3002518171875 0.5088683734375 0.30184221093749997 0.44291205624999996 0.31529075 0.3591854 0.327516615625 0.33948679843749996 0.3318119296875 0.3300282140625 0.3368754703125 0.32535979843749996 0.3458340796875 0.3322506984375 0.3693883671875 0.332443490625 0.3827722078125 0.3107557140625 0.4000943125 0.29881067968749997 0.41447351718750003 0.2872309734375 0.439542484375 0.28121274375 0.466299328125 0.264132471875 0.4821716203125 0.261148746875 0.48777616406249996 0.2503200859375 0.494560015625 0.24010912968749998 0.4940086734375 0.24614617187499999 0.5390625 0.6296875 0.5390625
4 0.6296875 0 0.5789395421875 0 0.574033434375 0.0194775859375 0.5744697984375 0.0306975109375 0.5825379828125 0.03914764375 0.58592761875 0.0485174265625 0.587317953125 0.0628750359375 0.5855013140625001 0.0732077453125 0.5774229359375 0.084589934375 0.5682383140625 0.111606440625 0.553167475 0.1305298640625 0.5451398109375 0.154235575 0.540887503125 0.1583361875 0.536361165625 0.16835512187499999 0.5206812937499999 0.23449526718749997 0.5187732890625 0.25609117656249997 0.52982513125 0.2868080515625 0.5482347578125 0.3206734515625 0.5927669984375 0.39420358437499997 0.6022559703125 0.4132569265625 0.6296875 0.4574502 0.6296875 0
16 0.320910240625 0 0.3025475078125 0.0152564859375 0.29608277968749996 0.0227544453125 0.28888732968749997 0.0367441609375 0.28714172968749996 0.04760703125 0.29100831875 0.072481296875 0.2903283125 0.091296575 0.2784948359375 0.13836178593749998 0.2711572390625 0.1791624609375 0.263839903125 0.23604106093750002 0.25737497187499997 0.32715286718750003 0.2370265515625 0.457994190625 0.23651907656249999 0.47411538750000004 0.2389628375 0.4923529109375 0.23967527031250002 0.4936880515625 0.24411024218750002 0.4949323203125 0.2528685609375 0.49260613593749997 0.2631694890625 0.4858655609375 0.2798945609375 0.4673424671875 0.2954627421875 0.4242588828125 0.302343578125 0.411902925 0.32402122499999997 0.3865418609375 0.326507675 0.37722619687500003 0.3318154453125 0.3730390296875 0.3315617421875 0.3671639875 0.3271166421875 0.35788075625000004 0.318703459375 0.3269475 0.31815546875 0.31091285625 0.32144367812499997 0.2956355953125 0.33890966875 0.2507884234375 0.356111759375 0.2198985296875 0.3830566578125 0.1581944578125 0.4242300515625 0.0792439921875 0.436104046875 0.0643346265625 0.44115811406249994 0.0542724171875 0.44174675468749997 0.046720340625 0.4378293859375 0.037393834375000004 0.43929082812500003 0.024410325 0.4468730671875 0 0.320910240625 0
16 0.467218140625 0.1106639953125 0.4554050546875 0.1180645625 0.44201890781250003 0.133633915625 0.43041894062499997 0.1426249625 0.38993575156250004 0.182927828125 0.38463804218750003 0.2230252375 0.385419478125 0.22885700312499999 0.38201964374999997 0.23931954375000003 0.38339290937500003 0.2421875 0.3839636484375 0.2421875 0.3940153890625 0.237263859375 0.401078890625 0.23025278437500002 0.48608439375 0.17182724375 0.5039055125 0.1575021546875 0.5216860484375 0.1388925078125 0.5849835156250001 0.081711146875 0.5875 0.0745098828125 0.5875 0.055465418749999995 0.5856533953125 0.0548569109375 0.572013540625 0.064551221875 0.5294194937500001 0.0771559109375 0.49921697343749993 0.0946402796875 0.48434912499999994 0.107115225 0.467218140625 0.1106639953125
12 0.7802671328125 0 0.77638540625 0.0011428453125 0.763541753125 0.0226584109375 0.7337981796874999 0.0412546484375 0.727479615625 0.0492423640625 0.7135765359375 0.091101803125 0.694405159375 0.192015834375 0.7082073453125 0.2994831296875 0.7209857171875 0.3203484890625 0.734959671875 0.32907834375 0.7874723875 0.3376560734375 0.891537759375 0.340188046875 0.89744326875 0.34328060312500003 0.9060051375 0.35990804375 0.9205623875000001 0.37317956875 0.9387640359375 0.3765625 0.969151790625 0.3765625 0.9970834046875 0.3756904453125 1 0.373242009375 1 0.3595176828125 0.97633375 0.3427960859375 0.9549014343750001 0.3403274078125 0.9708680828125 0.3359800625 0.9757331609375001 0.3023787296875 0.9937823734375 0.2785057140625 1 0.275025396875 1 0.10612415312500001 0.996765315625 0.10158189375 0.979408259375 0.0665103453125 0.9687197390625 0.026176084375000002 0.9629040984374999 0.0166350578125 0.943284740625 0.013986118750000002 0.9327033859375 0.0030790749999999997 0.9237186 0 0.7802671328125 0
12 1 0.5390625 1 0.44094655937500005 0.9874965906250001 0.45370348437499997 0.9720864453125 0.455235696875 0.954899628125 0.435786090625 0.93528976875 0.4046182703125 0.9252917046875 0.3982528984375 0.8306678937499999 0.40490142812499996 0.7648448890624999 0.41420593125 0.7323477609375 0.48284435156249994 0.739567940625 0.5390625 1 0.5390625
11 0.4234375 0.84375 0.4234375 0.8421246609375 0.423036640625 0.84375 0.4234375 0.84375
14 0.5609375 0.674685184375 0.5609375 0.6733316828125 0.5510217796875 0.657240434375 0.5378724312500001 0.6512116234375 0.106730225 0.8727656734375 0.1212553078125 0.89375 0.1258954125 0.89375 0.5609375 0.674685184375
14 0.1436089296875 0.852049853125 0.2202419734375 0.56789515625 0.1845004609375 0.5703868359375 0.11151532812500001 0.8640625 0.11407695312499999 0.8640625 0.1436089296875 0.852049853125
14 0 0.81255573125 0.16266355625 0.9433081624999999 0.1712175609375 0.9317974687499999 0.1782366421875 0.93329256875 0.114878971875 0.8861143234375 0.0989812453125 0.8584483921875 0 0.7758553828125001 0 0.81255573125
3 0.5766499375 0.714997315625 0.5534683828125 0.7066912484375 0.5520941921875 0.6958726875 0.5419233046875 0.6896362375 0.5183729890625 0.6992157406249999 0.48120055781250004 0.7176826125 0.46284758437500007 0.790401521875 0.45092430156249996 0.8477889734375001 0.423298696875 0.8546759375 0.37810175625000003 0.842943575 0.338146275 0.8387835265625 0.29254590625 0.8439469374999999 0.2537912640625 0.8456564625 0.285738009375 0.9337208578125 0.30938288593749996 0.9836676390625 0.3725419828125 0.968350209375 0.465300471875 0.9172558203125 0.504042503125 0.8867729515624999 0.559372496875 0.8184217281249999 0.6015531453125 0.744041696875 0.6062391218750001 0.7357554734375 0.5929164250000001 0.724777675 0.5766499375 0.714997315625
3 0.6296875 0.5390625 0.305682584375 0.5390625 0.285158025 0.5477898078125001 0.32793122656249996 0.5755665734375001 0.41851106875 0.6327536265625 0.49165825312500006 0.67528055 0.543445621875 0.6478570968749999 0.5580385 0.6666840609375 0.58972678125 0.63371629375 0.6191173937500001 0.5919787734375 0.6296875 0.56472750625 0.6296875 0.5390625
3 0 0.7727219515625 0.00044570625 0.7730266546875 0.06890615312500001 0.8238180234375001 0.134325084375 0.7309503109375 0.1530594296875 0.669119175 0.1657895734375 0.5779401765625 0.109198846875 0.581885340625 0.07051354374999999 0.5855744609375 0.023239564062500002 0.5997844765625 0 0.6097492703125 0 0.7727219515625
3 0.299139453125 0.5775737609375 0.2497632140625 0.560179465625 0.226178228125 0.568769171875 0.2123953734375 0.6014808953124999 0.1627260390625 0.774612240625 0.143553596875 0.8523493515624999 0.2657838890625 0.7902486046874999 0.3674076546875 0.7365299265624999 0.415705959375 0.6379102578125 0.3687187890625 0.6034817609375 0.34128859375 0.5875341671875 0.299139453125 0.5775737609375
6 0.7125723390625 0.5390625 0.7118234328125 0.5426198046875 0.7118234328125 0.5525453625 0.722741546875 0.59820293125 0.7346522171875 0.6329423859375 0.7356447734375 0.6438605 0.744577775 0.656267446875 0.7679028375 0.673637175 0.7788209515625 0.6850515671874999 0.789739065625 0.701925015625 0.7996646249999999 0.733190525 0.805988290625 0.7390625 0.8154478140625001 0.7390625 0.82001201875 0.7371607484375 0.821500853125 0.733686803125 0.8170343515624999 0.7143319640625 0.8170343515624999 0.69398456875 0.821875 0.6354933953125 0.821875 0.6204451328125 0.811079015625 0.6051508218749999 0.8036348468749999 0.57041136875 0.7927167328125 0.5406346937500001 0.7907187375 0.5390625 0.7125723390625 0.5390625
6 0.760340415625 0.6911193390625 0.7375116312500001 0.66432033125 0.7350302421875 0.643476659375 0.73106001875 0.6325585453125 0.72460840625 0.6290846 0.7166679593749999 0.6290846 0.7112089015625 0.6315659890624999 0.70773495625 0.636032490625 0.70773495625 0.6469506046875 0.7131940140624999 0.666801721875 0.7136902921875 0.6831788921874999 0.7112089015625 0.7010448984375 0.7052535671875 0.718414625 0.7057498453125 0.7228811265624999 0.73106001875 0.7452136328125001 0.7404892984375 0.7511689671875 0.761332971875 0.7715163609375 0.7902335812500001 0.7765625 0.7996180953125 0.7765625 0.8010352046874999 0.776479140625 0.8015625 0.772963840625 0.8015625 0.76532980625 0.7970649812499999 0.7596056921875001 0.7930947578125 0.7437247984375001 0.7940873140625 0.71940718125 0.791605925 0.7124592890625 0.7722510859375 0.7010448984375 0.760340415625 0.6911193390625
6 0.673900821875 0.5849410671874999 0.671875 0.588587546875 0.671875 0.5906362203125 0.6877966046874999 0.633576303125 0.697225884375 0.6717897015625 0.7050374500000001 0.684375 0.7130720328125 0.684375 0.7126104984375 0.660375309375 0.7076477203125 0.6479683625 0.706655165625 0.633080025 0.7121142203125 0.6291098015625 0.7255137265625 0.6286135234375 0.7304765046874999 0.630598634375 0.7349430046875 0.6375465265625 0.7359375 0.632242553125 0.7359375 0.628419665625 0.731469059375 0.617695409375 0.7284913921875 0.6152140203124999 0.716580721875 0.5705490078125 0.7056626078125 0.5695564515625 0.6838263796875 0.5770006203125 0.673900821875 0.5849410671874999
6 1 0.5390625 0.9537968921875001 0.5390625 0.951310484375 0.5409002796875 0.941384925 0.5528109484375 0.973642990625 0.5617439515625 0.9905164390625 0.5786174 0.99349410625 0.57960995625 1 0.5769484546875 1 0.5390625
6 0.88770348125 1 0.8846748796874999 0.9862864968749999 0.868249371875 0.914148746875 0.860204221875 0.89770804375 0.8481365109375 0.8933462296875 0.8333870749999999 0.8930107046875 0.8199785 0.8987146218750001 0.7950103937499999 0.9073678000000001 0.7604786328124999 0.9161658546875 0.7598507921875 0.9287344734375 0.754827971875 0.9381609375 0.7479216296875 0.9507295562500001 0.75294445 0.968954028125 0.7565581046875 1 0.88770348125 1
6 1 1 1 0.9230457968750001 0.9988008296875 0.921637775 0.9816107578125 0.8960494109375 0.9714730156249999 0.877519915625 0.9630983953125 0.860313946875 0.9573683593750001 0.8492844828124999 0.9481121781249999 0.841784446875 0.93709290625 0.836049125 0.9291590171875 0.8351667687500001 0.9119689453125 0.8364903 0.8947789078125 0.8404609109375001 0.8850819281250001 0.845755053125 0.8806742203125 0.853255096875 0.8775888375 0.8576668828124999 0.8700957125000001 0.86207866875 0.8643657109374999 0.8673728015625001 0.8599580015624999 0.8722257687500001 0.856431821875 0.877519915625 0.85555029375 0.8854611437500001 0.8586356765625001 0.8938435171875 0.8626026203125001 0.9026670906250001 0.8678918578125 0.9128142031250001 0.8714180375 0.921637775 0.876707275 0.9331084109375001 0.90863231875 1 1 1