11 0.46219821093749996 0.3685894625 0.44282331406250003 0.40752497343750005 0.427017821875 0.44725979687499995 0.42518239687500003 0.45694374531250004 0.42727646406249997 0.46538982031250004 0.44268303593749997 0.4828125 0.4702394015625 0.4828125 0.48249206874999995 0.479801740625 0.5306808265625 0.46539075937499996 0.5350053734375 0.4626176828125 0.5769539640625 0.39464022499999996 0.5882740562500001 0.3697846515625 0.59421376875 0.3613727640625 0.5961540703125 0.3531947765625 0.606418328125 0.342009815625 0.6120084593749999 0.3285780546875 0.6210631156249999 0.3144396421875 0.6270133390625 0.2989706921875 0.6342780375 0.2879611578125 0.6390625 0.2755228703125 0.6390625 0.2500143890625 0.634026478125 0.24110089375000002 0.61177106875 0.22425731718750003 0.591144759375 0.21639103906249998 0.57118034375 0.2125 0.5658379578125 0.2125 0.549336234375 0.21429985937499998 0.538652475 0.21946096874999999 0.53257293125 0.2258649078125 0.5338069796875 0.2363774078125 0.530901784375 0.24511585624999999 0.46219821093749996 0.3685894625
11 0.68125 0.5 0.68125 0.48779841093750004 0.6723621750000001 0.45382912031249995 0.6640350046875 0.435474728125 0.6597551703125 0.43125 0.6558278203125 0.43125 0.6282861890625 0.43605058906250005 0.5341659453125 0.459924628125 0.39237853437500003 0.5 0.68125 0.5
11 0.3957641828125 0.5 0.413766615625 0.46951311875 0.42240769062499994 0.46079198281249995 0.4325951578125 0.444789934375 0.4651299703125 0.3735553796875 0.4958463125 0.3204039234375 0.5042118 0.3003988421875 0.53125 0.2540736890625 0.53125 0.226397834375 0.5080780171875 0.20874665312500001 0.474100925 0.193260725 0.43660152031250005 0.186197990625 0.42329273125 0.18697265000000002 0.4122104140625 0.190185890625 0.40383065937499996 0.195296365625 0.3958804265625 0.20654547031249998 0.3586098203125 0.2908965703125 0.3408085375 0.33764629375 0.2821427484375 0.47614720625 0.28125 0.4797204953125 0.28125 0.5 0.3957641828125 0.5
11 0.0359375 0.222987109375 0.0359375 0.27072995 0.044140615625000004 0.2876897640625 0.0593682234375 0.3094392078125 0.07312300625 0.32458421406250004 0.1338990015625 0.380192315625 0.15703960625 0.40610754375 0.17382149062500002 0.42828004062499997 0.18078206875 0.440737428125 0.18457393125 0.4441168203125 0.20320049375 0.441474225 0.21827237500000002 0.44624726406250004 0.2417174953125 0.4618502390625 0.26850070000000004 0.484375 0.288268703125 0.484375 0.2920421 0.469176778125 0.324586584375 0.39571221093750003 0.3265625 0.38890959999999997 0.3265625 0.372647825 0.29505902812499996 0.3362024609375 0.277452221875 0.3094461765625 0.2611271109375 0.27180529999999997 0.24928781406249997 0.23287045156250002 0.23648544999999999 0.2094338421875 0.21479291093750003 0.182403790625 0.19298351875 0.161042490625 0.18057210625 0.153125 0.1422096265625 0.153125 0.1370897125 0.1540443765625 0.10680780781250002 0.1645803203125 0.0813303453125 0.1784359359375 0.055665225 0.19693505312499998 0.041938670312499995 0.211641834375 0.0359375 0.222987109375
12 0.1514653125 0.5 0.179689328125 0.46447389375 0.18125 0.46154010312500005 0.18125 0.43301687187500004 0.172374625 0.416655596875 0.1561735203125 0.39901032812500004 0.14947753749999998 0.3888488921875 0.1366418109375 0.3765346078125 0.1143948046875 0.36527476718749996 0.0941955171875 0.36193605624999997 0.074343878125 0.363602709375 0.0587476359375 0.369040434375 0.0395912921875 0.3807178234375 0.027927115625 0.392458453125 0.016148190625 0.409734140625 0.00951469375 0.42922097968750006 0.0082561140625 0.43984886406249996 0.009403353125 0.45636657343750003 0.012052525 0.4657601578125 0.025444490625 0.48608302812500004 0.038298578124999996 0.5 0.1514653125 0.5
12 0.29866704374999997 0.5 0.255465378125 0.46216254375 0.22023425 0.4366967078125 0.20248463125 0.4292197671875 0.194050721875 0.43170389687500005 0.1873416734375 0.43708789374999996 0.179895378125 0.45351065 0.1793803609375 0.4605379515625 0.14729014375 0.5 0.29866704374999997 0.5
10 1 0 0.7390625 0 0.7390625 0.0621753640625 0.7762684 0.0750579046875 0.8072548749999999 0.0800960609375 0.8524924921875 0.0982295359375 0.847664840625 0.138513828125 0.8404514234375 0.1695107796875 0.8242510125000001 0.19891467499999999 0.7996758015625 0.2034228421875 0.85261254375 0.2271260078125 0.8802984078125 0.23601130312500002 0.9014322609375001 0.23737096562499999 0.9144690953125 0.2421875 0.92997495625 0.2421875 0.9440798875 0.20560908437499997 0.9701890296875 0.12102471249999999 0.9815686890624999 0.088266053125 1 0.054813056250000006 1 0
5 0.7390625 0 0.7390625 0.06785206875000001 0.7521480875 0.074203146875 0.7652558265625 0.0786437203125 0.8036483999999999 0.083156065625 0.8383472624999999 0.096182259375 0.8421108421875001 0.0984375 0.9140167078125 0.0984375 0.9240361437500001 0.0959966484375 0.9533739750000001 0.0824305234375 0.9546875 0.0809097109375 0.9546875 0.060830825 0.9425908578125 0.037477181250000005 0.928078103125 0.0015500984375 0.9272485375 0 0.7390625 0
6 0.7390625 0.313901953125 0.8666430609375 0.32708295 0.8755978515624999 0.3302128453125 0.8818364390625 0.3359375 0.9050078453125 0.3359375 0.90636839375 0.33474432656249997 0.915625 0.316782975 0.915625 0.244221440625 0.914453646875 0.2407442015625 0.9081774796875 0.2357427296875 0.8754485171875 0.2300635984375 0.853586621875 0.22201713125000003 0.7958948968749999 0.194297565625 0.7516637640625 0.17817204375 0.7390625 0.174480821875 0.7390625 0.313901953125
1 0.7390625 1 0.7390625 0.9082083640625 0.71379950625 0.884375 0.6923604875 0.884375 0.66918316875 0.9003472218749999 0.6038521046875001 0.929097221875 0.5926980203125 0.9546527781249999 0.5942914609375001 0.9786111109375 0.6022586640625 0.9945833328125001 0.6138032375 1 0.7390625 1
3 0.59755859375 0.8680555562500001 0.6185872390625 0.88125 0.6921875 0.88125 0.6921875 0.8416666656249999 0.67890625 0.7888888890625 0.66728515625 0.7657986109375 0.619140625 0.7196180562500001 0.58442826875 0.703125 0.580078125 0.703125 0.566015625 0.7295138890625 0.559375 0.7592013890625 0.559375 0.7821417296875 0.57431640625 0.8185763890625001 0.59423828125 0.8466145828125 0.59755859375 0.8680555562500001
3 0.1620793265625 0.8039772734374999 0.18155048125 0.8513494312500001 0.2058894234375 0.8480823859375001 0.2174793953125 0.85625 0.22536057656250003 0.85625 0.23509615312499998 0.8464488640625 0.24483173125 0.84318181875 0.24969951875000002 0.831747159375 0.256189903125 0.831747159375 0.2675480765625 0.8366477265625001 0.2675480765625 0.8480823859375001 0.274646934375 0.85625 0.2871003609375 0.85625 0.2967548078125 0.8284801140625 0.2967548078125 0.7958096593749999 0.3 0.7860085234375 0.3 0.7673863625 0.2967548078125 0.7647727265625 0.2740384609375 0.7174005687499999 0.2387469984375 0.7125 0.21684194531249998 0.7125 0.18641826875 0.7174005687499999 0.13125 0.736442775 0.13125 0.7400365265625 0.1409855765625 0.7582386359375001 0.14423076875000002 0.7762073859375 0.1620793265625 0.8039772734374999
4 0.1985842625 1 0.2 0.9973528875 0.2 0.9626479968750001 0.19831851250000002 0.959221284375 0.1950348890625 0.9402166906249999 0.197223984375 0.8911913765625 0.1961294359375 0.8743281218749999 0.1884676203125 0.8620152781249999 0.1632931125 0.8373896078125 0.16165130156250002 0.8513084609374999 0.156999475 0.8588032406250001 0.1460869390625 0.8621583796875001 0.14375 0.8640899609374999 0.14375 0.8707344499999999 0.147422215625 0.8741020984375 0.15125312500000002 0.8845412484375 0.15344222031250002 0.8971217484375 0.1553576640625 0.9252687953125001 0.156999475 0.941061353125 0.162745828125 0.961671965625 0.170954909375 0.9710404296874999 0.17396492187499998 0.9801412468749999 0.1745739546875 1 0.1985842625 1
9 0.6085802218749999 0.6357936875 0.620336175 0.659394434375 0.6406419109375 0.6733403296875 0.6705661515625 0.6733403296875 0.6870558484375 0.684375 0.7088852906249999 0.684375 0.7143837937499999 0.6829951796875 0.7293459140625 0.6701220453125 0.73125 0.6592914578125 0.73125 0.6255026484374999 0.725071021875 0.6143384640624999 0.6780472140625 0.5778645828125 0.65560403125 0.5778645828125 0.6246110671875 0.582155628125 0.6085802218749999 0.6057563734375 0.6085802218749999 0.6357936875
15 0.7390625 0.945064484375 0.7845707843749999 0.9705900703125 0.8120349078125001 0.9832186625 0.8155261421875 0.984375 0.86616076875 0.984375 0.8735867640624999 0.9777232250000001 0.8799870984375 0.9662625796875 0.8897550593749999 0.9346026343750001 0.8982597640625001 0.89070985 0.916079775 0.8776115140625 0.9179478765625 0.8725970796875 0.924275559375 0.84640523125 0.928125 0.817506171875 0.928125 0.7637697390625 0.92201741875 0.7543999421875001 0.928125 0.6958261203125 0.928125 0.6823434046875001 0.9275612796875 0.67688455 0.9228707453125 0.661994078125 0.90897733125 0.646278321875 0.893761796875 0.63508794375 0.8817225234375 0.6296875 0.8071715546875 0.6296875 0.7952798875 0.631183525 0.7717959171875 0.636468225 0.7588568312499999 0.6456718078125 0.7506013921875 0.654021153125 0.749825246875 0.658057475 0.7631925671875 0.681881265625 0.7650017984375 0.6936250484375 0.7634892796875 0.7169356484375 0.756595734375 0.7359975750000001 0.7481758890625 0.7468806812500001 0.7390625 0.754472396875 0.7390625 0.945064484375