12 0.22757593125 0 0.2066527328125 0.021015065625000003 0.1934103359375 0.0407245640625 0.17980116875000002 0.0714465609375 0.1734375 0.1005571453125 0.1734375 0.1402638578125 0.17485279843749998 0.1508879984375 0.18579219375 0.180190803125 0.19399744218749998 0.1962735859375 0.21363564687499997 0.21811368125000002 0.229630984375 0.22918311406249997 0.2544480265625 0.240625 0.3304074671875 0.240625 0.33193725625 0.24032719375 0.36348318281249997 0.22682021093750002 0.385871946875 0.2117165640625 0.4100889453125 0.1887050109375 0.429576375 0.161373803125 0.44236041875 0.132604934375 0.44816869375 0.1099054765625 0.4484375 0.10688116562500001 0.4484375 0.060464365625 0.4447310265625 0.041960199999999996 0.4282261375 0.013300057812499998 0.41958132656249997 0.005716815625 0.41500814531249997 0.0034138874999999997 0.3895724640625 0.0012640578124999999 0.3862495984375 0 0.22757593125 0
1 0 0 0 0.1578125 0.18232259687500002 0.1578125 0.179795134375 0.1364697984375 0.18115395 0.1161712421875 0.184831925 0.09445399843749999 0.1937498953125 0.0694154359375 0.20531468125000002 0.047161075000000004 0.22571823750000003 0.0218173453125 0.25182465625 0 0 0
6 0.4796875 0.6213698328125 0.47303705625000003 0.6161814703124999 0.4263733796875 0.566477490625 0.3618187625 0.49375 0.2784020859375 0.49375 0.2665244203125 0.5026950078125 0.2515625 0.5171672546874999 0.2515625 0.565457503125 0.2586562359375 0.5696656546875 0.26947454375 0.5790018921875 0.3797061921875 0.6971936046874999 0.410648775 0.7224478796875 0.42151590937499994 0.7296904703125 0.44803133749999996 0.741970721875 0.4696801609375 0.7601197859375001 0.4796875 0.776011609375 0.4796875 0.6213698328125
6 0.152712871875 0.41875 0.1523672453125 0.42009735625 0.1413980828125 0.4464614578125 0.1368084171875 0.46564934375 0.1349460109375 0.4788892265625 0.1341760515625 0.53397709375 0.13081152499999998 0.5671893171875 0.12079095468750001 0.6194094 0.11571946875000001 0.703504121875 0.1129801859375 0.70996654375 0.11258339843750001 0.726942378125 0.1125 0.727294409375 0.1125 0.7463783078125 0.11702791406249999 0.75825759375 0.12154500312500001 0.7643212593750001 0.128619915625 0.76875 0.164399303125 0.76875 0.1654675859375 0.7676323375 0.1683752046875 0.7539680453125 0.1804857703125 0.7230641796875 0.18302108125 0.703181853125 0.21000554531249999 0.6338828640624999 0.2289885859375 0.5747115890625001 0.24033005625 0.5545655234375 0.26808275312499996 0.518838803125 0.26875 0.5171598281249999 0.26875 0.473860096875 0.26402300156249997 0.47106217343749995 0.2479484421875 0.47223908750000004 0.24233804375 0.46865750625 0.23291952968750002 0.4508265609375 0.228666965625 0.43344567187500005 0.226651684375 0.41875 0.152712871875 0.41875
6 0.181729053125 0.7227213578125 0.1895056203125 0.7297519671874999 0.2010169296875 0.7359375 0.4037659109375 0.7359375 0.4078125 0.7347733812499999 0.4078125 0.7158284296874999 0.3980519109375 0.707772903125 0.3671792640625 0.6696160359375 0.33867748125 0.6433090046875 0.2772514359375 0.5760196484375 0.2606048671875 0.5634504031249999 0.25701809062500003 0.5625 0.232286975 0.5625 0.2277903796875 0.5632263171874999 0.221733446875 0.5732806140625 0.198303615625 0.6474365890625 0.178125 0.69722144375 0.178125 0.71870970625 0.181729053125 0.7227213578125
6 0.4796875 0.41875 0.2246694796875 0.41875 0.2262496359375 0.42952874999999996 0.2257933515625 0.44899878125 0.23302740156250001 0.47119068750000004 0.23647053593749998 0.47867764062500007 0.24002173437500002 0.481553271875 0.2673879765625 0.48290433750000006 0.2923175484375 0.496875 0.4796875 0.496875 0.4796875 0.41875
6 0.4796875 0.49410029218750007 0.46643571406250006 0.4955370671875 0.46068257343749996 0.49867035312499997 0.45681101562500004 0.5097696515625 0.4582127765625 0.5384940640625 0.4546875 0.5481580125 0.4546875 0.5657495125 0.45869130625 0.5848177156250001 0.46029699218750003 0.6047198078125 0.46717642656249997 0.6198863328125 0.4770647390625 0.625 0.4796875 0.625 0.4796875 0.49410029218750007
2 0.778561990625 0.7390625 0.8086699046875001 0.7390625 0.8150089640625 0.7343753265625 0.8171875 0.7303319937499999 0.8171875 0.6961131984375 0.8124135578124999 0.6880774296875 0.802269384375 0.6790654875 0.796568340625 0.6765625 0.7742405796874999 0.6765625 0.7692769625 0.678361225 0.7613876640624999 0.6898089703125001 0.7589221593750001 0.7028606015625 0.761981953125 0.7187620828125001 0.7707918703125 0.7330538796875 0.778561990625 0.7390625
2 0.7136477 0.7625871156249999 0.7190599453125 0.7690562125 0.7240976609375 0.771875 0.7478454078125 0.771875 0.7518777109375 0.7699285109374999 0.7620670125 0.7615800984375 0.7671875 0.7528653265624999 0.7671875 0.7218554390625 0.7598025125 0.7075549515625 0.7528429390625 0.7046875 0.7429437249999999 0.7046875 0.7354620515625 0.7065516265625 0.7229328828125 0.7158846328124999 0.7175279578125 0.7234693359375 0.7109375 0.74019115 0.7109375 0.75559940625 0.7136477 0.7625871156249999
2 0.64375 0.7337063921875 0.64375 0.743428134375 0.6481711015625 0.7523100125 0.653533559375 0.75752230625 0.6542674765625 0.7578125 0.6991275531250001 0.7578125 0.7071814328125 0.7545751359375 0.71400926875 0.7486659015624999 0.715625 0.7450694546875 0.715625 0.719899271875 0.7062907015625 0.7099351671875 0.6808829765625 0.7066487390624999 0.6652259 0.7097034437499999 0.657635246875 0.71391664375 0.64755208125 0.7245710625 0.64375 0.7337063921875
2 0.6590898546874999 0.7769943796875 0.668867446875 0.7849804687499999 0.6752694828125 0.7875 0.7018795093750001 0.7875 0.708037815625 0.7836352203125 0.7140625 0.7761159109375 0.7140625 0.7582170500000001 0.7095506390625 0.7515625 0.708569625 0.7515625 0.6804936406250001 0.75939843125 0.6690093359375 0.7594038859375 0.657808265625 0.7557994906250001 0.6546875 0.76448941875 0.6546875 0.7659215765624999 0.6590898546874999 0.7769943796875
2 0.7135166390625 0.8273488046875 0.721991171875 0.8328125 0.753120884375 0.8328125 0.7556671375 0.8320590593750001 0.7609375 0.8270129796875001 0.7609375 0.7943263046875 0.7553920843749999 0.7865337953125 0.744036984375 0.7773321546874999 0.7265561437500001 0.771875 0.7220564046875 0.771875 0.7125818203125001 0.7739272640625 0.7040616843749999 0.7845776109375 0.7023503453125001 0.7922512984375001 0.703517621875 0.806221634375 0.7074838328124999 0.8184961421875 0.7135166390625 0.8273488046875
2 0.603125 0.7537183921875 0.603125 0.7622900781249999 0.6049906984375 0.774515603125 0.61071098125 0.78125 0.6434615781249999 0.78125 0.65123014375 0.77449343125 0.65625 0.763846628125 0.65625 0.7548966078125 0.6479523140625 0.7442058078125 0.6463546156250001 0.7329813859375001 0.6314266078124999 0.7292886203125001 0.6218771359375 0.7313940015625 0.61045220625 0.7398340484375 0.603125 0.7537183921875
2 0.619999759375 0.8140625 0.6510019140625001 0.8140625 0.6541907078125 0.8130416437499999 0.665625 0.8002544890625 0.665625 0.7789341703125 0.6582064234375 0.771875 0.65239336875 0.771875 0.6406836203124999 0.7781554796875 0.6123760453125 0.780858753125 0.6046875 0.79563445 0.6046875 0.8024680515625 0.6117255984375001 0.8097428203125 0.619999759375 0.8140625
2 0.7057695609375 0.8213015718750001 0.705444903125 0.8111204859375001 0.7000086828125001 0.794921634375 0.6944311265625001 0.790114040625 0.6810943046875 0.7882317406249999 0.6710263359375 0.7909515671875 0.6619185140624999 0.79806805 0.6542368296875 0.80837101875 0.6510243046874999 0.817402878125 0.6515960406250001 0.8303873781250001 0.655161384375 0.838353596875 0.6620168328125 0.84466563125 0.6713998984375 0.8471695531249999 0.684440225 0.8456877593750001 0.6948259390625 0.8400757171875 0.7010108203125001 0.8322818890625001 0.7057695609375 0.8213015718750001
2 0.6022173640624999 0.7574307250000001 0.5893183703125 0.747521265625 0.5730586078125001 0.74496161875 0.561296171875 0.7479478546875 0.55290141875 0.7566575796875 0.5497383124999999 0.766250121875 0.5528164140625 0.78168281875 0.5624253046875001 0.7932464640625 0.5745123999999999 0.8004413156249999 0.5860559203125 0.8014686609374999 0.6056270375 0.7961178125 0.61161425625 0.7860812546875 0.6109718546874999 0.7787923828125 0.6057120421875 0.7710925718749999 0.6022173640624999 0.7574307250000001
16 0.89647388125 0.8669224328125 0.920895146875 0.8841155484375001 0.9248983171875 0.8840546078125 0.92452424375 0.8733128375 0.92002691875 0.8677669546875 0.8614835781250001 0.83376901875 0.8301080359374999 0.8091425046874999 0.7789568 0.77455080625 0.75871511875 0.765795790625 0.747100928125 0.770464071875 0.7450393015625 0.773062015625 0.7458511999999999 0.7757766234375 0.7532714703125001 0.7819998531250001 0.7619483796875001 0.7959838359375 0.770547709375 0.80259014375 0.7799871015625 0.81872805 0.7835806109375 0.8335112640624999 0.7992330484375 0.848672334375 0.81132014375 0.855867184375 0.8471579343750001 0.8661492875000001 0.89647388125 0.8669224328125
16 0.8063010078125 0.79242126875 0.82575895625 0.80527866875 0.8462264656249999 0.8230934078125 0.8538656484375 0.8253030562500001 0.855065959375 0.8194298234375001 0.850300815625 0.771860621875 0.8404023437499999 0.7700061828125 0.8297201375000001 0.7722541296875 0.8177175375000001 0.7855102546875 0.8063010078125 0.79242126875
16 0.8650781125 0.7575997953125 0.8651487796874999 0.7519041671875 0.8595643109375001 0.7340232703125 0.8533231015625 0.728183115625 0.8402832859375 0.68418869375 0.8341409078125 0.679469903125 0.810609121875 0.672369071875 0.8072696046875001 0.6734625734374999 0.804205328125 0.68417648125 0.8170336546874999 0.6997815703125 0.82011175625 0.7152142671874999 0.8155506765625 0.728437315625 0.8056097015624999 0.739095496875 0.8088573046875001 0.7499539328125 0.8158328312500001 0.7511310218749999 0.83573551875 0.7690345625 0.8462482296875 0.7713608796875 0.8581094953124999 0.7694960078124999 0.8650781125 0.7575997953125
16 0.6297651234374999 0.8815696562500002 0.6362746609375 0.8839569140624999 0.64025658125 0.89015228125 0.6533250734375 0.8954874796875 0.66400728125 0.8932395328125 0.6666905703125 0.858710553125 0.661649671875 0.8469971640625001 0.65000040625 0.8317751515625 0.626962775 0.8302811453124999 0.616443153125 0.8148815265625 0.614720521875 0.80833094375 0.60469505625 0.7985381484375 0.5844108703125 0.8022957546875 0.5768705187500001 0.80120746875 0.573114425 0.8040718218749999 0.5723306890625001 0.808174203125 0.5779151578125 0.8260550999999999 0.586295571875 0.8366749875 0.5921908734375 0.8385903656250001 0.601503271875 0.8467899171875001 0.6020962578125 0.8535181046875 0.60691133125 0.8561717734375 0.607405484375 0.8617785984375 0.6137173609375 0.861923125 0.6307465203125 0.8797100015625 0.6297651234374999 0.8815696562500002