15 0.51875 0.36552684375 0.5071994296875 0.3583059859375 0.420988921875 0.2976039046875 0.4170997390625 0.307479109375 0.45155995625 0.3338357046875 0.5113436921875001 0.3721371078125 0.51875 0.3766004796875 0.51875 0.36552684375
15 0.2390625 0.5102912828124999 0.2390625 0.5119116515625 0.243715278125 0.51914930625 0.2474374984375 0.5203125 0.2560351578125 0.5203125 0.2620486109375 0.5174826390625 0.3078125 0.4542848890625 0.3078125 0.42479745468749996 0.30649305625 0.4230381953125 0.2853819453125 0.44914930625 0.253715278125 0.4808159734375 0.24982638906250001 0.4897048625 0.243715278125 0.4958159734375 0.2390625 0.5102912828124999
15 0.334010415625 0.555034721875 0.3395659703125 0.5578125 0.349010415625 0.5578125 0.35178819375 0.5517013890625 0.3578125 0.4844299578125 0.3578125 0.46644097812499996 0.3523437484375 0.450034721875 0.344010415625 0.43725694375 0.3356770828125 0.4878125 0.3351215265625 0.5455902781249999 0.3323437484375 0.5494791671875 0.334010415625 0.555034721875
15 0.31538194375 0.3443402765625 0.29871527656249997 0.31045138906249997 0.29038194375000004 0.30822916562499997 0.2837152765625 0.31100694375 0.277604165625 0.31711805625 0.2748263875 0.3232291671875 0.2759375 0.32767361093749997 0.28149305468749997 0.33267361093750003 0.2892708328125 0.3465625 0.2998263875 0.3576736109375 0.3159375 0.3821180546875 0.3348263875 0.4204513875 0.3498263875 0.4454513875 0.3609375 0.474895834375 0.3670486109375 0.4765625 0.372604165625 0.4732291671875 0.3734375 0.46781249375 0.3734375 0.45628472656249996 0.36371527656249997 0.4387847234375 0.3570486109375 0.4215625 0.353159721875 0.41711805625 0.3509375 0.40489583281249997 0.343159721875 0.3848958328125 0.31538194375 0.3443402765625
15 0.1824131953125 0.44241319375000004 0.1874131953125 0.44741319375 0.23656249843750002 0.45 0.25 0.45 0.25 0.43708648906249997 0.244635415625 0.43074652812499997 0.19130208437500001 0.42519097187500005 0.185190971875 0.42852430625000004 0.18185763906250002 0.43407986093749995 0.1824131953125 0.44241319375000004
15 0.2492361109375 0.532465278125 0.2520138890625 0.5380208328125 0.2545138890625 0.5390625 0.267766440625 0.5390625 0.2997916671875 0.512465278125 0.2992361109375 0.4985763890625 0.310902778125 0.493576390625 0.3109375 0.493368059375 0.3109375 0.48972222343749994 0.30923611093750003 0.48802083281249997 0.2986805546875 0.48690972343750005 0.2686805546875 0.507465278125 0.260347221875 0.5191319437499999 0.250902778125 0.523020834375 0.2492361109375 0.532465278125
15 0.413315971875 0.389496528125 0.4144270828125 0.3983854171875 0.42437789375 0.4078125 0.42598524375 0.4078125 0.428871528125 0.40616319531249995 0.443315971875 0.350052084375 0.4609375 0.301852021875 0.4609375 0.289739584375 0.45942708281250005 0.28671875 0.4544270828125 0.2822743046875 0.44998263906249997 0.28171875 0.44387152656250006 0.284496528125 0.4399826390625 0.28949652812500004 0.413315971875 0.389496528125
15 0.3046875 0.25602430468750004 0.301909721875 0.2615798609375 0.301909721875 0.267690971875 0.31746527812499997 0.288246528125 0.331909721875 0.3043576390625 0.35190972187499997 0.31713541562500003 0.372465278125 0.32491319375 0.373246534375 0.325 0.3817824078125 0.325 0.3657986109375 0.30102430468749997 0.3563541671875 0.2938020828125 0.3263541671875 0.252690971875 0.32246527812500003 0.2488020828125 0.3163541671875 0.2488020828125 0.3046875 0.25602430468750004
15 0.372777778125 0.258697915625 0.3633333328125 0.26647569375 0.362777778125 0.2759201375 0.377222221875 0.2853645828125 0.41444444375 0.33203125 0.4233333328125 0.34036458281250004 0.424895834375 0.340625 0.42674643437500004 0.340625 0.43125 0.3239618046875 0.43125 0.31953125 0.42444444375 0.313697915625 0.397222221875 0.2748090265625 0.39388888906249997 0.26758680625000003 0.39388888906249997 0.259809028125 0.382222221875 0.255364584375 0.372777778125 0.258697915625
15 0.3028184453125 0.4203125 0.3057783453125 0.4203125 0.30625 0.41802572031249996 0.30625 0.414025515625 0.2836035609375 0.40599035937499994 0.0808894515625 0.34640919062500003 0.07773528125 0.35136463125 0.082868725 0.362334221875 0.0926876765625 0.36163950312500004 0.3028184453125 0.4203125
15 0.25107888125 0.39375 0.251637575 0.39375 0.2578125 0.387036034375 0.2578125 0.3858827828125 0.22888164375 0.38216310625 0.2230267109375 0.3770854484375 0.2253444515625 0.3705186796875 0.188042078125 0.3546875 0.186769353125 0.3546875 0.1780240546875 0.35490028125 0.1696360984375 0.3642027109375 0.17563946875 0.3704756078125 0.20800119218750002 0.38354792031249996 0.25099673437500003 0.39363389375 0.25107888125 0.39375
15 0.1941939125 0.1496362875 0.197348725 0.1595446578125 0.3125774140625 0.2512374609375 0.3251046375 0.24972814375 0.33639531875 0.2690639375 0.346293196875 0.271875 0.3490758921875 0.271875 0.332117371875 0.25128075 0.33734828125 0.2440944875 0.26446715468750004 0.1829131171875 0.2051124765625 0.1351447953125 0.1965961359375 0.1411619734375 0.1941939125 0.1496362875
15 0.51875 0.3106662234375 0.4732910453125 0.35011367031249996 0.46967546562500007 0.40473392343750003 0.47304283125 0.4140625 0.4742770796875 0.4140625 0.482254125 0.40481102656249995 0.4868030046875 0.3636870015625 0.51875 0.33956926875 0.51875 0.3106662234375
15 0.51875 0.1807922125 0.517810146875 0.1601600078125 0.5099915515625 0.03586211875 0.5039258515625 0.033040059375 0.4959784984375 0.0338744078125 0.4926551734375 0.0373212921875 0.4926551734375 0.05815639375 0.508806621875 0.31875 0.509418090625 0.31875 0.51875 0.309415315625 0.51875 0.1807922125
15 0.410268890625 0.1849195671875 0.4375 0.23514925312499999 0.4375 0.2291765265625 0.429666303125 0.1749301421875 0.42100067812499997 0.116986696875 0.4131331484375 0.0809459140625 0.4025088546875 0.08066074375 0.391631959375 0.08804427031249999 0.410268890625 0.1849195671875
15 0.422302275 0.11955789375 0.422302275 0.1348634421875 0.471570284375 0.2671875 0.471875 0.2671875 0.471875 0.2584073515625 0.47115468125 0.1992308078125 0.4520325875 0.14611305000000002 0.4412177203125 0.12232051875000001 0.4333585453125 0.11604911874999999 0.422302275 0.11955789375
15 0.19836935 0.10468949218750001 0.34986025781249996 0.2375 0.3578125 0.2375 0.3578125 0.2373798890625 0.3292111953125 0.19263818906250002 0.23947966406250001 0.115841528125 0.209796196875 0.090047609375 0.200232434375 0.0938644328125 0.19836935 0.10468949218750001
15 0.187816184375 0.23596486093750002 0.1866262484375 0.241659103125 0.1903757859375 0.247689246875 0.209559009375 0.2559516890625 0.24904328125 0.26891649375000004 0.2553440984375 0.266660321875 0.2645700015625 0.2684704703125 0.2970171109375 0.28549395624999996 0.32741483125 0.29928932656249996 0.3300934546875 0.3015625 0.330559809375 0.3015625 0.311677059375 0.27580465625 0.29309020625 0.26826404375 0.2614491609375 0.2532263890625 0.22800297500000002 0.249920809375 0.1996454140625 0.233489571875 0.187816184375 0.23596486093750002
15 0.30077199375 0.3127822328125 0.3115774 0.3267633546875 0.4011842484375 0.35872888281250004 0.4629348453125 0.3734375 0.4697414984375 0.3734375 0.4703125 0.36326384843750004 0.4703125 0.3510863875 0.409202096875 0.33101638125 0.3791597953125 0.3275349828125 0.3326175453125 0.30591488125 0.30882325 0.294659178125 0.3030175375 0.294659178125 0.30077199375 0.3127822328125
15 0.34098065625 0.239058246875 0.33234383749999996 0.2492702484375 0.3828125 0.323178753125 0.3828125 0.2918699234375 0.36328885624999996 0.277145409375 0.36209036875 0.26816523281250004 0.3694862578125 0.26226971875 0.3593307171875 0.244744159375 0.3530243875 0.2346634609375 0.34098065625 0.239058246875
15 0.3309810203125 0.19429357187500002 0.37018124218750004 0.2575156515625 0.381287209375 0.256553240625 0.38583172656250003 0.2578125 0.3890625 0.2578125 0.3890625 0.2568626796875 0.3617387484375 0.2037785375 0.35400904375 0.1866649734375 0.34255787187500003 0.1834640421875 0.331935628125 0.1863955765625 0.3309810203125 0.19429357187500002
15 0.4711964734375 0.325 0.4717705 0.325 0.471875 0.322970165625 0.471875 0.28789491875 0.397431034375 0.16107952187500002 0.37807500781250003 0.1292859046875 0.3663152046875 0.1285892546875 0.35752489375 0.1361826890625 0.3559720734375 0.14312665 0.4711964734375 0.325
15 0.482145584375 0.340625 0.4890625 0.333816396875 0.4890625 0.17753556406249998 0.487730321875 0.1751469234375 0.4768610625 0.172148340625 0.4711312859375 0.181911875 0.4719726921875 0.333668990625 0.481418925 0.340625 0.482145584375 0.340625
15 0.46929475 0.1828125 0.47024310625 0.1828125 0.4758608875 0.170362128125 0.4828125 0.17490835625 0.4828125 0.163995778125 0.4746601859375 0.129427896875 0.46572684999999997 0.090609528125 0.4598995140625 0.0882767484375 0.4520012109375 0.091239696875 0.45347674531250004 0.1012707875 0.46929475 0.1828125
15 0.4421875 0.43690308437500003 0.4228340390625 0.4343380265625 0.355121078125 0.5178200375 0.35248593906250003 0.5546875 0.3532587984375 0.5546875 0.4421875 0.43834367656250006 0.4421875 0.43690308437500003
15 0.43623839062499997 0.5738358296875 0.4536126859375 0.566032065625 0.4546875 0.5593637234375 0.4546875 0.55401745625 0.44657185625 0.5454512828125 0.43793046406249997 0.544005959375 0.38796148124999996 0.564628725 0.38972921718750003 0.5875 0.3938579875 0.5875 0.43623839062499997 0.5738358296875
15 0.38125 0.59375 0.38125 0.5880373015625 0.3720829359375 0.5364821281250001 0.37076924375 0.53332455 0.35502309374999996 0.5530752156250001 0.3554239546875 0.59375 0.38125 0.59375
15 0.1738462890625 0.30031967187499997 0.17877109375 0.3046064609375 0.2496985484375 0.3390625 0.253125 0.3390625 0.253125 0.3383426234375 0.2318870765625 0.307094459375 0.1932614 0.28335716718750004 0.18715609375 0.2818680546875 0.1771361703125 0.2867244203125 0.1738462890625 0.30031967187499997
15 0.42598116875 0.5453125 0.4329520015625 0.542992040625 0.434375 0.5384954109375 0.434375 0.534606521875 0.4316203484375 0.5296619578125 0.35859034375 0.49929775468750004 0.3552754828125 0.514114196875 0.3875921046875 0.5315880296875 0.41570923593750003 0.5453125 0.42598116875 0.5453125
15 0.4609375 0.5093101250000001 0.45589716718749995 0.5011616812499999 0.4038835734375 0.4922665390625 0.40244515156249994 0.4921875 0.399337246875 0.4921875 0.386599325 0.5103260125 0.4500279390625 0.53125 0.4538107390625 0.53125 0.46092340781249996 0.5241062624999999 0.4609375 0.5239401328125 0.4609375 0.5093101250000001
15 0.427889790625 0.4796875 0.45218662500000006 0.46485865468750004 0.46135676718749996 0.4626233046875 0.4672307015625 0.46811929531249996 0.47206066875 0.46666676718750005 0.480728203125 0.4619605625 0.484375 0.456498015625 0.484375 0.450528428125 0.4830079203125 0.444488821875 0.4746735765625 0.44190255624999997 0.4427710875 0.45687933281250004 0.4249090125 0.47514905937499996 0.42606485312500003 0.4796875 0.427889790625 0.4796875
15 0.5140625 0.5745122578124999 0.5108264859375 0.4832232515625 0.49600344218750003 0.5069215609375 0.4982765234375 0.59375 0.5140625 0.59375 0.5140625 0.5745122578124999
15 0.41875743437499996 0.3755191578125 0.4203125 0.366535740625 0.4203125 0.36296165468749997 0.4066643734375 0.3598181640625 0.3642706203125 0.3716970046875 0.36252147031250004 0.38290338125 0.3696435859375 0.3890625 0.3816647703125 0.3890625 0.41875743437499996 0.3755191578125
15 0.51875 0.3652421140625 0.458444215625 0.42679159687499996 0.4743148375 0.4296875 0.4831918625 0.4296875 0.51875 0.3891403625 0.51875 0.3652421140625
15 0.326984675 0.55 0.3328125 0.5444613734375 0.3328125 0.5305192609375 0.32662120625 0.46325275625 0.3198813578125 0.3956778265625 0.303780459375 0.3821229484375 0.3147016078125 0.5488081234375 0.3212453015625 0.55 0.326984675 0.55
15 0.51875 0.43074709687499996 0.5112380484375 0.4325222 0.467371884375 0.509646890625 0.4727153484375 0.5171875 0.4750568734375 0.5171875 0.5159116796875 0.44312275625 0.51875 0.4435314828125 0.51875 0.43074709687499996
15 0.51875 0.44321821562499997 0.5178562578125 0.4428562625 0.5165881375 0.442661671875 0.47518259374999994 0.5155377546875 0.4821392015625 0.521875 0.4824443953125 0.521875 0.51875 0.461982596875 0.51875 0.44321821562499997
15 0.421875 0.2604720296875 0.4211932546875 0.2472300484375 0.398944653125 0.21704599687499998 0.3924036875 0.21515842968749999 0.3881773046875 0.2237266875 0.421875 0.2746870234375 0.421875 0.2604720296875
16 0.51875 0 0.51875 0.611772078125 0.5666046640625 0.6056671625 0.6687872031250001 0.5855778765624999 0.694084821875 0.5788814484375 0.706981646875 0.5729290671875 0.7337673625 0.5570560515625 0.753856646875 0.5478794640625 0.7612971234374999 0.5426711296875 0.7734499015624999 0.5315104171875 0.7833705359375001 0.5201016859375 0.7898189484375 0.5081969234375 0.7918030765624999 0.49654017812499995 0.7921875 0.465017425 0.7921875 0.453061428125 0.7903149812500001 0.406014384375 0.7898189484375 0.35814732031249996 0.7903149812500001 0.21380208281250002 0.7915550578125 0.1708953359375 0.7903149812500001 0.075409225 0.79051395 0 0.51875 0
6 0 0.659375 0 1 0.15814564375 1 0.17419969062500001 0.957421875 0.213262190625 0.777734375 0.295203296875 0.659375 0 0.659375
4 0.8472171453125 1 0.850294396875 0.99638671875 0.8581050453125 0.96904296875 0.8776316671875 0.91240234375 0.9046875 0.82348353125 0.9046875 0.822277090625 0.8991109500000001 0.81669921875 0.8873949765625 0.81474609375 0.850294396875 0.82744140625 0.8424837484375001 0.82158203125 0.7936671953125 0.81083984375 0.7331346703125 0.79521484375 0.6794364625 0.78349609375 0.64819386875 0.77080078125 0.6149986125 0.75029296875 0.5975809609375 0.75029296875 0.591566665625 0.85087890625 0.58473235 0.88017578125 0.5925429984375 0.89287109375 0.5954719921875 0.89677734375 0.599377315625 0.91533203125 0.5935193296875 0.92216796875 0.601329978125 0.93095703125 0.61402228125 0.93681640625 0.6218329296875 0.93486328125 0.6257382546875 0.93681640625 0.6228092609375 0.94853515625 0.616951275 0.95048828125 0.605235303125 0.95341796875 0.591566665625 0.94853515625 0.605235303125 0.96416015625 0.6110932890624999 0.97978515625 0.629643578125 0.97685546875 0.6374542265625001 0.99150390625 0.6412293734375 1 0.8472171453125 1
4 0.7885663890625001 0.7193359375 0.7768504171874999 0.7125 0.7583001265625 0.7271484375 0.7495131468749999 0.7388671875 0.7319391875 0.7505859375 0.701672925 0.788671875 0.8461699218750001 0.8267578125 0.8842468328124999 0.816015625 0.9008444609375001 0.819921875 0.89108115 0.8716796875 0.9008444609375001 0.86484375 0.9008444609375001 0.8755859375 0.9174420890625001 0.862890625 0.9260624265625002 0.8796875 0.9277083890625001 0.8796875 0.9875 0.8421681968750001 0.9875 0.8401202624999999 0.972116628125 0.823828125 0.9604006546875 0.80234375 0.9320870546875 0.7798828125 0.9174420890625001 0.7583984375 0.8061403484374999 0.7154296875 0.7885663890625001 0.7193359375
17 1 0.9293512203125001 0.9551195390625 0.9453125 0.9631925765624999 0.9453125 0.9995120921874999 0.94228515625 1 0.9421423203125 1 0.9293512203125001
9 0.8835211171875 1 0.91875 0.9352520109375 0.91875 0.9204035812499999 0.914896778125 0.9126953125 0.9100151234375 0.91171875 0.8992754812499999 0.9146484375 0.8924411640625 0.913671875 0.8768198671875 0.9205078125 0.8418224296875 1 0.8835211171875 1
17 0.51875 1 0.6373220546875 1 0.6247924734375 0.986328125 0.61600549375 0.974609375 0.58964455625 0.9443359375 0.6013605281250001 0.9462890625 0.61405283125 0.9501953125 0.6277214671875 0.943359375 0.6208871484375 0.935546875 0.6130765 0.9345703125 0.5964788734375001 0.9267578125 0.597455203125 0.91015625 0.5935498796875 0.9013671875 0.5847629 0.8818359375 0.570117934375 0.873046875 0.5505913125 0.87109375 0.55352030625 0.8916015625 0.5564492984375 0.9111328125 0.5242303749999999 0.943359375 0.5252067046875 0.958984375 0.51875 0.972487959375 0.51875 1
17 0.5445497265625 0.86875 0.5613426203125 0.86875 0.5724727953125 0.8576171875 0.5880940921875 0.856640625 0.591999415625 0.8458984375 0.5953125 0.7638801765625 0.5953125 0.752011403125 0.5822361046875 0.813671875 0.573449125 0.829296875 0.5656384765625 0.8263671875 0.537467065625 0.837109375 0.5353722140625 0.8595703125 0.5445497265625 0.86875