13 0.3362505859375 0.659375 0.409375 0.511464253125 0.409375 0.5098958312499999 0.4075520828125 0.5026041671875 0.37838541718749996 0.4765625 0.3440104171875 0.456770834375 0.22109375 0.5276041671875 0.1690104171875 0.5765625 0.14609375 0.6317708343749999 0.15546875 0.6463541671875 0.1915264390625 0.659375 0.3362505859375 0.659375
13 0.295572915625 0.327604165625 0.28619791562499997 0.3515625 0.2403645828125 0.40052083281249995 0.1403645828125 0.5536458328125 0.11223958281249999 0.5848958328125 0.11223958281249999 0.6015625 0.13945732500000002 0.6328125 0.141822915625 0.6328125 0.14765625 0.6286458328125 0.16953125 0.5786458328124999 0.22161458281250002 0.5296875 0.3372395828125 0.461979165625 0.35078125 0.461979165625 0.3830729171875 0.480729165625 0.40390625 0.5036458328125 0.41015625 0.49947916562500005 0.428125 0.45855034687499996 0.428125 0.4562026515625 0.4174479171875 0.4484375 0.3674479171875 0.42864583281249996 0.336197915625 0.4078125 0.3216145828125 0.35989583281250004 0.304947915625 0.3317708328125 0.295572915625 0.327604165625
13 0.1898933515625 0.659375 0.154427084375 0.645052084375 0.11171875 0.5971354171875001 0.11484375 0.585677084375 0.18671875 0.48880208437499995 0.26171875 0.376302084375 0.2625 0.3708333359375 0.2625 0.3685267859375 0.25546875 0.35546875 0.23151041718749998 0.32317708437500003 0.223177084375 0.3190104171875 0.207552084375 0.33359375 0.191927084375 0.3565104171875 0.1533854171875 0.43046875 0.1127604171875 0.52109375 0.08046875 0.607552084375 0.07109375 0.6221354171875 0.0620354734375 0.659375 0.1898933515625 0.659375
13 0 0.6361932671874999 0.0671875 0.622395834375 0.0765625 0.6119791671875 0.09375 0.5654718171875001 0.09375 0.4998355265625 0.0744791671875 0.47447916718750005 0.056770834375 0.4671875 0.0234375 0.46302083437499997 0 0.46951121875 0 0.6361932671874999
13 0 0.39375 0.00625 0.3984375 0.06208330937499999 0.3984375 0.16875 0.3942708328125 0.175 0.390104165625 0.2052083328125 0.3348958328125 0.221875 0.318229165625 0.2260416671875 0.318229165625 0.2364583328125 0.3317708328125 0.2520833328125 0.3640625 0.259375 0.3661458328125 0.265625 0.324479165625 0.2625 0.2598958328125 0.2010416671875 0.25885416562499997 0.1385416671875 0.2640625 0.1177083328125 0.2598958328125 0 0.2598958328125 0 0.2944196421875 0.009375 0.3203125 0.017708332812499998 0.355729165625 0 0.3618885859375 0 0.39375
13 0 0.253098965625 0.049271953125000004 0.24010416562499998 0.133646953125 0.2265625 0.13885528593750002 0.2140625 0.1232302859375 0.1973958328125 0.11698028593750001 0.1817708328125 0.11906361875 0.1630208328125 0.1390625 0.14016496875 0.1390625 0.13534066250000001 0.133646953125 0.12760416562500002 0.127396953125 0.12760416562500002 0.11593861875 0.136979165625 0.08156361875 0.1390625 0 0.1554847046875 0 0.253098965625
13 0 0 0 0.0868719359375 0.0041666671875 0.08723958281250001 0 0.093072915625 0 0.0943632390625 0.03125 0.08932291718749999 0.0614583328125 0.061197915625 0.090625 0.04140625 0.1166666671875 0.0122395828125 0.132506128125 0 0.08578725937500001 0 0.055208332812500004 0.0184895828125 0.051041667187499994 0.0059895828125 0.0466049390625 0 0 0
13 0.3 0.23984375 0.31979166718749996 0.2575520828125 0.3572916671875 0.2815104171875 0.3708333328125 0.3221354171875 0.39375 0.3460937484375 0.39791666718749996 0.3804687484375 0.410416675 0.3828125 0.4153971328125 0.3828125 0.440625 0.3585937484375 0.440625 0.1263020828125 0.40520833281249996 0.09505208281250001 0.3947916671875 0.090885415625 0.384375 0.09505208281250001 0.3729166671875 0.11276041562500001 0.3145833328125 0.20859375 0.3 0.23984375
13 0.2873280265625 0 0.3028645828125 0.0484375 0.32473958281250004 0.06302083281250001 0.3278645828125 0.0723958328125 0.342447915625 0.086979165625 0.36432291562499997 0.10052083281249999 0.3710937546875 0.1015625 0.37835069374999997 0.1015625 0.38515625 0.086979165625 0.3984375 0.0890224359375 0.3984375 0.08126662343749999 0.3692807734375 0 0.2873280265625 0
15 0.46875 0.659375 0.98900113125 0.659375 0.990625 0.6529794046874999 0.990625 0.6447082109375 0.9809909796875 0.5786164203124999 0.968236103125 0.47899369687500004 0.9459198593749999 0.3580292546875 0.91369045625 0.3164353109375 0.9061580656250001 0.2943906015625 0.826631959375 0.2958106140625 0.7261400281249999 0.290195153125 0.604542221875 0.2835098140625 0.5171102734375 0.278793384375 0.46875 0.27823668437500004 0.46875 0.659375
18 0.5944766515625 0.4810340015625 0.605926953125 0.5076383343749999 0.6296444875 0.5260476625 0.632769646875 0.5215132437500001 0.6514272484375 0.4982838046875 0.633494053125 0.447791865625 0.622579753125 0.44121850625 0.5939406500000001 0.46100302656250003 0.5944766515625 0.4810340015625
5 0.46875 0.659375 0.730134371875 0.659375 0.6673488437499999 0.6385461875 0.644984240625 0.6053684968749999 0.62362245625 0.57233644375 0.62971023125 0.5273283656250001 0.5921399609375 0.4989259625 0.550488396875 0.47292380468750006 0.527190159375 0.479516784375 0.5054074 0.5072806421875 0.46942179531250006 0.5399654265625 0.46875 0.5411240234375 0.46875 0.659375
5 0.918134434375 0.659375 0.9142464828125 0.6282879890624999 0.8945410609375 0.5675621046875 0.8704275703125 0.5231562015625 0.8331607312500001 0.48182833125 0.789550209375 0.4535463625 0.7599549718749999 0.471196709375 0.7344176875 0.48744108124999996 0.6970566484375 0.4929893859375 0.653608675 0.5006466578125 0.6360239171875 0.5210389375 0.6253655281249999 0.5464277515625 0.6276037359375 0.579675471875 0.645187653125 0.6021823015625001 0.6606258875 0.63036345625 0.6824078078125 0.6454987078125 0.732943884375 0.659375 0.918134434375 0.659375
18 0.46875 0.45900935625 0.4994544890625 0.45023919531249995 0.5360227765625 0.43559685468750003 0.5589008796874999 0.446900675 0.583271959375 0.43747053437499994 0.6051705828125 0.4476344515625 0.6247601375 0.470432559375 0.6087142015625 0.51100145 0.6121880875000001 0.5125 0.6166545984375 0.5125 0.6303102328125 0.4911917265625 0.6369573484375 0.46522035468749995 0.6437670093750001 0.475188225 0.6519529453125 0.46939346718749997 0.66615579375 0.46447254375 0.6542386734375001 0.4577535453125 0.6475690546874999 0.44182007187499994 0.66401095 0.42724775625 0.6424390953125 0.4031641046875 0.6507650765624999 0.391403746875 0.67322388125 0.3777052609375 0.690625 0.3623972953125 0.690625 0.3598356328125 0.68490843125 0.3514678171875 0.6644552640625 0.365457578125 0.6155030390625 0.393266259375 0.588380253125 0.3913225515625 0.5736647453125 0.3752182359375 0.5553806015625 0.3825394078125 0.5447222125 0.4079282234375 0.5283970234375001 0.41752920781249997 0.49483719062500003 0.4326084671875 0.46875 0.4427327703125 0.46875 0.45900935625
18 0.48125 0.38298680625000003 0.515558903125 0.41377099843750004 0.5318607515625 0.4051642828125 0.5555557828125 0.38166876875 0.5748660890625 0.37349896718750003 0.5973473953124999 0.401705325 0.626685884375 0.3949919109375 0.6301845 0.374549225 0.634375 0.3581762515625 0.634375 0.35715369531249996 0.6086593312499999 0.3484770390625 0.57752526875 0.3459507765625 0.53319118125 0.348491078125 0.49657620937499997 0.3651219546875 0.48125 0.3826139796875 0.48125 0.38298680625000003
18 0.48160992656249996 0.49129573437499996 0.4796875 0.5032287125 0.4796875 0.5102192234375 0.48007026875000003 0.5140182296875 0.4816206546875 0.525 0.48310288437500004 0.525 0.5137001234375 0.4959561703125 0.537371815625 0.47345492343749995 0.550408459375 0.475348225 0.5609375 0.4648293953125 0.5609375 0.446884075 0.5392382453125 0.43681269062499994 0.5219802609374999 0.4432852359375 0.506657890625 0.4530318578125 0.4943673171875 0.46222112656250003 0.4809805640625 0.47524182656249997 0.48160992656249996 0.49129573437499996
18 0.573929453125 0.4896534578125 0.6058114234375 0.509375 0.60625 0.509375 0.60625 0.5071277046875 0.5962248734375 0.48291484218749997 0.580063909375 0.442656846875 0.561873128125 0.4460009546875 0.5624324703125 0.46503765937499997 0.573929453125 0.4896534578125
7 0.7158925546875 0.39686096718749997 0.7002442515625 0.37762821406249997 0.6782522625 0.3714413640625 0.6473741140625 0.40087727500000003 0.662299690625 0.40803318906249997 0.6850144046875 0.42629687812499995 0.69462245625 0.44565006562500004 0.6808155656249999 0.4765675671875 0.6705072890625 0.48704238125000004 0.6801909234375 0.4921875 0.6906065046875 0.4921875 0.7249162453125 0.48396993281249995 0.7452527078125 0.47495150468749997 0.7671875 0.4641182171875 0.7671875 0.45483988281250004 0.766009309375 0.44803627500000004 0.7583135296875 0.43295143124999996 0.7444374546875 0.4239526234375 0.7407296125 0.4104446015625 0.728859175 0.40173707187499996 0.7158925546875 0.39686096718749997
7 0.8061037921875001 0.3420747359375 0.7871436015625 0.33533053281249997 0.772194684375 0.32916888593750004 0.7581552234375 0.3271299453125 0.743042921875 0.3279281671875 0.7307290078124999 0.3381117046875 0.71144204375 0.3452872375 0.714799775 0.3737092609375 0.727299578125 0.3984707 0.730261353125 0.4008961484375 0.7413623796875 0.399515371875 0.7477985890625 0.42539151249999996 0.75969236875 0.43310477656249996 0.7664553484375001 0.44506118125 0.767975534375 0.4625 0.7691518187499999 0.4625 0.793601475 0.446010625 0.7880980609374999 0.42326292343749994 0.79350895 0.40708858125 0.7850904453125 0.3799268984375 0.7926703546875 0.357083965625 0.8061037921875001 0.3420747359375
7 0.8933606515625 0.36168678125 0.8755900046875 0.3471340828125 0.8478845375 0.327147934375 0.8288309828125 0.3243808 0.8196188859374999 0.3310241859375 0.8102900890625 0.34263890625000004 0.7948743546875 0.3563625953125 0.788320603125 0.3783568984375 0.793777334375 0.40309313125 0.7913048796875 0.42268719062500004 0.7926803140625001 0.44982366875 0.8065563890625 0.458822478125 0.841118203125 0.48678796562500004 0.8656284859374999 0.5142913328125001 0.8833637484375 0.53125 0.8852512609375001 0.53125 0.8847287218750001 0.5150699328125 0.9 0.49764060624999995 0.9 0.48175498437500003 0.8998418656249999 0.47137260468750003 0.8924495171875 0.44336229375 0.8939658359374999 0.4216340609375 0.899493428125 0.4004883875 0.8876463328125 0.390786590625 0.8933606515625 0.36168678125
5 0.5335946453125 0.1792303890625 0.55880515625 0.176905753125 0.5554465875 0.1913828390625 0.5604373390624999 0.1931052984375 0.589285671875 0.2072714875 0.613830178125 0.2203125 0.6140625 0.2203125 0.6140625 0.21935353124999998 0.5859979640625 0.1758666625 0.573917459375 0.1761075328125 0.557289678125 0.155734875 0.557032928125 0.1666718078125 0.5335946453125 0.1792303890625
5 0.8862332890625 0.18838737187500001 0.8852771546875001 0.1862532015625 0.8811491765625 0.19064197968750002 0.871875 0.20504590781249998 0.871875 0.2190623515625 0.8720296046874999 0.2362074078125 0.880215540625 0.23041264843749998 0.8920159546875001 0.24210298125000002 0.902650165625 0.260607540625 0.9254059640625 0.2734375 0.9267863312500001 0.2734375 0.940625 0.24556843750000001 0.940625 0.24326936875 0.9305898812500001 0.2277519125 0.924642990625 0.22389528281249998 0.9228707625 0.2136613375 0.9062663234375 0.1922944109375 0.8842043125 0.1890903625 0.8862332890625 0.18838737187500001
5 0.7360294859375001 0.19429575 0.7171393171875 0.18456875 0.698179128125 0.1778245484375 0.6658321812500001 0.184101046875 0.6594184750000001 0.20012974843750003 0.66165668125 0.23337746718750002 0.6906217171875 0.242572321875 0.7167650265625 0.243376125 0.730268484375 0.22538409375000001 0.7394805796874999 0.21874070781250002 0.7360294859375001 0.19429575
5 0.664061628125 0.0880688828125 0.6552696703125 0.07681546875 0.6413002296875 0.07179372656250001 0.6199842890625 0.07967224843750001 0.617815265625 0.0863408390625 0.60587480625 0.080616109375 0.5902023234375 0.10527673281250001 0.5925572359375 0.13355311718750001 0.60631660625 0.147523259375 0.6166248828125 0.13704844375 0.6335794375 0.1435013671875 0.647572215625 0.1475288421875 0.66102899375 0.1315253421875 0.6686555875 0.10669387968749999 0.664061628125 0.0880688828125
5 0.6942162109375 0.08945524375 0.6790338859375 0.09323626406249999 0.68152884375 0.11554704687499999 0.6870322546875001 0.138294746875 0.7039401296875 0.14673620468749998 0.723180409375 0.14154920625 0.7379192578125 0.1566592515625 0.7459184656250001 0.1588186296875 0.7532182875 0.1479068984375 0.7437969640625 0.120599575 0.7431675984374999 0.10454566875 0.7313438421875 0.0938496046875 0.72045288125 0.0862819796875 0.71704763125 0.10274759687499999 0.6942162109375 0.08945524375
5 0.801772040625 0.2227989671875 0.796361990625 0.1960742015625 0.77063881875 0.17737359531250002 0.7455683515625 0.1737326296875 0.735190053125 0.1871902453125 0.73677555625 0.205378325 0.740343353125 0.224851946875 0.7680955046875 0.2428495625 0.793352696875 0.23853639375000002 0.801772040625 0.2227989671875
5 0.6552679921875 0.1626136859375 0.64855169375 0.1486687484375 0.6325999578125 0.1423614640625 0.6145725625 0.1387457 0.6022119671875 0.150917771875 0.60169846875 0.1727916390625 0.610350384375 0.19001065625 0.6242497984375 0.198015196875 0.6400848296875 0.2092938171875 0.6443995359375 0.19695090312500002 0.6617975640625 0.1845127578125 0.6552679921875 0.1626136859375
5 0.82964089375 0.23582525 0.8290115296874999 0.2197713453125 0.8323234171875 0.2072827921875 0.8245809578125 0.1941864828125 0.81077490625 0.182204875 0.7917680328125 0.1774492046875 0.7805969828125 0.1818127828125 0.799300425 0.19949391562500002 0.80370765625 0.226073046875 0.8023780640625 0.2398471421875 0.8125229562499999 0.23633219374999997 0.82964089375 0.23582525
5 0.8427717390625 0.190842378125 0.8552256984375 0.1746932390625 0.8605899046874999 0.16050743125 0.85086515 0.146125578125 0.83293111875 0.13853274843750002 0.8160932687500001 0.1271084890625 0.796083578125 0.122207184375 0.7797817296874999 0.13081389999999998 0.7824867546875 0.1441762828125 0.791162009375 0.1604010328125 0.8110783375 0.1692794046875 0.8357520078124999 0.18982290625 0.8427717390625 0.190842378125
5 0.6698901375 0.18269506562499999 0.6972229890625 0.175690375 0.7201711140625 0.1840113984375 0.719378365625 0.174917359375 0.7146443625 0.16225796406249998 0.7298500265625 0.15748267656249998 0.73407136875 0.1491168296875 0.72325043125 0.1385664046875 0.70491960625 0.147876109375 0.6889912109375 0.1405745578125 0.6783336609375 0.12306426562499999 0.666206471875 0.12529366875 0.66487688125 0.13906776406250002 0.6538692171875 0.1364714734375 0.647572215625 0.1475288421875 0.657250290625 0.16389923125 0.6578796546875 0.1799531359375 0.6698901375 0.18269506562499999
5 0.6173168703125 0 0.614645103125 0.007065575 0.6003955750000001 0.013975034375 0.5804325640625 0.0070851921875000005 0.5790796328125 0.02185355625 0.5604228734375 0.0021838859375 0.5807584984374999 0.03606456875 0.611565784375 0.0525105671875 0.641953775 0.043954256250000004 0.6473646625 0.027779917187499996 0.6407417265625 0.009857909375 0.6349137921875 0 0.6173168703125 0
5 0.7971088984375 0.164257665625 0.781669825 0.1789756203125 0.808792609375 0.1809193296875 0.8304811640625 0.2000316484375 0.8309704859375 0.22205115625 0.8326026687500001 0.2382507015625 0.8424908109375 0.24567268750000001 0.851772928125 0.2360465015625 0.8669552515625 0.23226547968750003 0.8652530453124999 0.219048734375 0.8696377734375 0.203723021875 0.8681222953125 0.1825521421875 0.8522172421875001 0.1742563234375 0.8447540359375001 0.192127921875 0.8239515921875 0.178132575 0.7971088984375 0.164257665625
5 0.6369500203125 0 0.6464318671875 0.0246514765625 0.6429565937499999 0.044099896875 0.628800428125 0.047032289062499996 0.6343738640625001 0.066797190625 0.65030225625 0.0740987421875 0.6631755140625 0.0829519109375 0.6677694734374999 0.10157690625 0.6673493374999999 0.11947370625 0.6794531828125 0.1182385703125 0.6870789390625001 0.136306215625 0.6791972734374999 0.08627639687500001 0.689575571875 0.07281878124999999 0.706506784375 0.0802659703125 0.7093060109375 0.046752178125 0.7356127031249999 0.040596115625 0.6996512796875 0.0293875234375 0.686031953125 0.0094517828125 0.676913221875 0.0121181015625 0.6752803953125 0 0.6369500203125 0
5 0.8625955421875 0.16079870937500002 0.8592836546875 0.1732872609375 0.86313154375 0.1808296828125 0.8740691859374999 0.186408775 0.8911404421875 0.18789036406249998 0.9062060640624999 0.1890806765625 0.9067195625 0.1672068078125 0.9212258421874999 0.149360415625 0.8965054859375 0.1308054453125 0.8750728421874999 0.143655303125 0.8618961531250001 0.147727603125 0.8625955421875 0.16079870937500002
5 0.7546404015625 0.1730548421875 0.7786380265625 0.179532971875 0.7971322390625 0.16326339843749998 0.7862646203125 0.1547015046875 0.779805071875 0.1298196328125 0.7891105296875001 0.1191991796875 0.768424790625 0.1002325015625 0.746129371875 0.1069711171875 0.7457325781249999 0.12387365312500001 0.7532416265625 0.14691263125 0.748973603125 0.1572670109375 0.7349341421875 0.15522807031250002 0.72063793125 0.1641260625 0.722246775 0.181319875 0.7352367359375 0.1852017125 0.7546404015625 0.1730548421875
5 0.8056924671875001 0.0986612625 0.7958743484374999 0.08825647656249999 0.7907435515625 0.09249961718750001 0.7911395062500001 0.11849619062500001 0.8091669015624999 0.122111953125 0.8213641109375001 0.11689975 0.8491162624999999 0.13489736562500002 0.877148503125 0.14096378125 0.8855211640625 0.1272148890625 0.8811372734375 0.0996414921875 0.86294649375 0.10298559843749999 0.8510993953125 0.0932838 0.8349142531249999 0.0969191828125 0.8229271109375 0.09318298593749999 0.8118727640625 0.09257522812499999 0.8056924671875001 0.0986612625
5 0.649320265625 0.2016561625 0.6390586703125 0.21014244531249998 0.62919386875 0.2017261921875 0.625718596875 0.221174609375 0.6425331046875 0.233593134375 0.6584614984374999 0.240894684375 0.6596518828125 0.19018708281250002 0.649320265625 0.2016561625
5 0.7898107546875 0.08937117812499999 0.778663046875 0.0927404875 0.7708272234375 0.0836212421875 0.768542334375 0.052362059375000006 0.7545028734375 0.05032311874999999 0.7416762984374999 0.0394814125 0.7113816703125 0.04406065625 0.708069784375 0.0565492078125 0.7085824437499999 0.0775744484375 0.7144593109375 0.08441388125 0.7263764296874999 0.09113287656249999 0.744123734375 0.106679840625 0.7674919953125 0.0971040625 0.788154390625 0.1170650078125 0.7898107546875 0.08937117812499999
5 0.7923065499999999 0.068782853125 0.8076055796875 0.0600304984375 0.8179605375 0.04756715 0.8071862828124999 0.0350281921875 0.789042184375 0.0363837625 0.77663490625 0.050544367187499994 0.7923065499999999 0.068782853125
5 0.8055299187500001 0.0627220203125 0.8068586718749999 0.0918470359375 0.8189158359375 0.09260043125 0.8373400265625 0.07931365781250001 0.852102215625 0.0934294390625 0.8573263765625001 0.08520923124999999 0.8375034124999999 0.072353790625 0.8244200875000001 0.07244902187499999 0.8055299187500001 0.0627220203125
13 0.4257950453125 1 0.44719140625 0.9436562500000001 0.4578125 0.8949762375000001 0.4578125 0.8896022953125 0.42766015625 0.8801796875000001 0.39738671875 0.8704140625000001 0.37297265625 0.8626015625000001 0.36418359375 0.8538125000000001 0.34562890625 0.8469765625000001 0.31535546875 0.8323281250000001 0.29875390625 0.8860390625000001 0.28801171875 0.9231484375000001 0.26652734375 0.9817421875000001 0.26687183124999997 1 0.4257950453125 1
10 0.2573395265625 1 0.284553515625 0.9330117187500001 0.296272265625 0.8968789062500001 0.283576953125 0.8793007812500001 0.249397265625 0.9125039062500001 0.208381640625 0.9691445312500001 0.1996489609375 1 0.2573395265625 1
15 0.5427230203125 0.659375 0.528402053125 0.6889902515624999 0.5178301203125 0.7256137125000001 0.49963346875000003 0.774314553125 0.49061317187500003 0.8052923171874999 0.46875 0.8638367984374999 0.46875 1 0.8560700375 1 0.8986567843749999 0.7283522890625 0.9069388 0.659375 0.5427230203125 0.659375
15 1 1 1 0.659375 0.9059590734375 0.659375 0.861038896875 0.9840253046875 0.8584776828124999 1 1 1