14 0 0.4249341390625 0.0275390625 0.45439453125 0.0315477328125 0.459375 0.20441228749999998 0.459375 0.22041015625 0.44609375 0.2423828125 0.4236328125 0.2853515625 0.3865234375 0.337109375 0.33525390625 0.36875 0.307675253125 0.36875 0.21943359375 0.36396484375 0.2146484375 0.3556640625 0.209765625 0.34150390625 0.19609375 0.31318359375 0.1560546875 0.3 0.14287109375 0.2814453125 0.1189453125 0.27021484375 0.11064453125 0.2580078125 0.10966796875 0.2501953125 0.1111328125 0.23359375 0.1189453125 0.21455078125 0.1345703125 0.18916015625 0.15947265625 0.1740234375 0.17021484375 0.1369140625 0.2068359375 0.03876953125 0.2947265625 0 0.3279575890625 0 0.4249341390625
14 0.346875 0.33330078125 0.33466796875 0.3376953125 0.2019264921875 0.459375 0.36875 0.459375 0.36875 0.33330078125 0.346875 0.33330078125
14 0.30155165 0 0.3009765625 0.00517578125 0.31318359375 0.1326171875 0.313671875 0.15654296875 0.3166015625 0.16435546875 0.34345703125 0.19658203125 0.364453125 0.21611328125 0.36875 0.2208129875 0.36875 0 0.30155165 0
14 0.0794279953125 0 0.07880859375 0.0994140625 0.08369140625 0.10234375 0.11103515625 0.1072265625 0.21259765625 0.11796875 0.2345703125 0.11796875 0.251171875 0.11064453125 0.2638671875 0.11015625 0.27607421875 0.1140625 0.28779296875 0.12529296875 0.31220703125 0.1267578125 0.31318359375 0.12138671875 0.30927734375 0.0984375 0.30830078125 0.0740234375 0.30439453125 0.05888671875 0.30439453125 0 0.0794279953125 0
14 0.009608678125 0 0 0.0206956125 0 0.21758048749999997 0.04267578125 0.23857421875 0.09150390625 0.24345703125 0.1037109375 0.237109375 0.122265625 0.22197265625 0.1603515625 0.18583984375 0.169140625 0.1736328125 0.17939453125 0.153125 0.1896484375 0.12041015625 0.1857421875 0.11552734375 0.1798828125 0.11357421875 0.0978515625 0.10478515625 0.08076171875 0.0994140625 0.07880859375 0.084765625 0.0806121171875 0 0.009608678125 0
14 0 0.3284323765625 0.0548828125 0.2771484375 0.0841796875 0.2517578125 0.0412109375 0.2341796875 0 0.2170084640625 0 0.3284323765625
5 0.5341796875 0.04716796875 0.5244140625 0.05302734375 0.52294921875 0.06279296875 0.51806640625 0.07060546875 0.5166015625 0.07890625 0.5048828125 0.104296875 0.5068359375 0.11650390625 0.51123046875 0.1267578125 0.51904296875 0.13896484375 0.53466796875 0.1541015625 0.53759765625 0.16484375 0.54931640625 0.16923828125 0.58203125 0.17265625 0.58544921875 0.1833984375 0.58544921875 0.19365234375 0.58984375 0.1990234375 0.64501953125 0.201953125 0.7109375 0.2107421875 0.81591796875 0.2107421875 0.86083984375 0.20439453125 0.8798828125 0.19560546875 0.89501953125 0.174609375 0.8974609375 0.1453125 0.89453125 0.13212890625 0.89453125 0.12041015625 0.8857421875 0.1052734375 0.87841796875 0.0857421875 0.8701171875 0.0740234375 0.86279296875 0.069140625 0.84521484375 0.06376953125 0.8408203125 0.05693359375 0.8271484375 0.04521484375 0.814453125 0.0291015625 0.7880859375 0.0134765625 0.77587890625 0.01201171875 0.7646484375 0.00615234375 0.748046875 0.0017578125 0.689453125 0.00078125 0.66162109375 0.01201171875 0.6103515625 0.0369140625 0.59716796875 0.02958984375 0.57763671875 0.0134765625 0.564453125 0.0056640625 0.55517578125 0.0046875 0.55078125 0.0076171875 0.5458984375 0.02080078125 0.54443359375 0.033984375 0.537109375 0.0388671875 0.5341796875 0.04716796875
5 0.69921875 0.278125 0.7109375 0.29814453125 0.716796875 0.3005859375 0.72998046875 0.31376953125 0.74755859375 0.32353515625 0.78369140625 0.326953125 0.794921875 0.33037109375 0.83447265625 0.334765625 0.85302734375 0.33916015625 0.8798828125 0.340625 0.90234375 0.33916015625 0.9296875 0.330859375 0.94287109375 0.323046875 0.9501953125 0.3142578125 0.95751953125 0.2947265625 0.955078125 0.28447265625 0.95068359375 0.27666015625 0.92578125 0.25810546875 0.88134765625 0.237109375 0.826171875 0.21904296875 0.779296875 0.21416015625 0.70849609375 0.213671875 0.68408203125 0.2068359375 0.66650390625 0.205859375 0.65234375 0.20244140625 0.634765625 0.2029296875 0.62158203125 0.2 0.58984375 0.1990234375 0.5849609375 0.19755859375 0.580078125 0.19267578125 0.556640625 0.18779296875 0.556640625 0.19072265625 0.5634765625 0.19560546875 0.58544921875 0.205859375 0.59716796875 0.2146484375 0.61279296875 0.2205078125 0.6328125 0.2341796875 0.63525390625 0.23857421875 0.65087890625 0.2439453125 0.66015625 0.252734375 0.6689453125 0.256640625 0.681640625 0.2693359375 0.69921875 0.278125
5 0.5654296875 0.17119140625 0.55810546875 0.15751953125 0.537109375 0.153125 0.51904296875 0.13798828125 0.50634765625 0.13310546875 0.49560546875 0.12431640625 0.48291015625 0.12333984375 0.4765625 0.1267578125 0.4697265625 0.11845703125 0.46435546875 0.1169921875 0.46435546875 0.1130859375 0.4599609375 0.1091796875 0.45458984375 0.1111328125 0.45166015625 0.11015625 0.44873046875 0.10576171875 0.44482421875 0.10576171875 0.43310546875 0.10673828125 0.4248046875 0.11650390625 0.421875 0.11650390625 0.421875 0.1267578125 0.43115234375 0.1296875 0.4375 0.135546875 0.455078125 0.14384765625 0.470703125 0.147265625 0.47607421875 0.151171875 0.48486328125 0.15263671875 0.4912109375 0.15654296875 0.5068359375 0.16142578125 0.52880859375 0.166796875 0.5654296875 0.17119140625
5 0.421875 0.14384765625 0.421875 0.20927734375 0.42626953125 0.209765625 0.42529296875 0.213671875 0.421875 0.213671875 0.421875 0.2693359375 0.46728515625 0.27666015625 0.501953125 0.260546875 0.572265625 0.2419921875 0.57763671875 0.237109375 0.57666015625 0.22783203125 0.57373046875 0.225390625 0.5712890625 0.21806640625 0.5439453125 0.19951171875 0.4501953125 0.15947265625 0.421875 0.14384765625
11 0.67138671875 0.4421875 0.6455078125 0.42998046875 0.63232421875 0.42900390625 0.60009765625 0.41875 0.58349609375 0.40361328125 0.57568359375 0.39384765625 0.5546875 0.38701171875 0.5390625 0.3884765625 0.52685546875 0.39580078125 0.50732421875 0.40068359375 0.48193359375 0.40166015625 0.44970703125 0.408984375 0.421875 0.4060546875 0.421875 0.459375 0.682850059375 0.459375 0.67919921875 0.45146484375 0.67138671875 0.4421875
18 0 0.9428424968750001 0.0043704703125 0.9439351140625 0.1613753015625 0.94514284375 0.36875 0.95589560625 0.36875 0.6394676968749999 0.2459163640625 0.6202636171875 0.0236941421875 0.5912781093749999 0.014032306250000001 0.5973167578125 0.0031627421875 0.6854810078125 0 0.7159788796875 0 0.9428424968750001
12 0.8265625 0.60556640625 0.816796875 0.60703125 0.8041015625 0.605078125 0.79482421875 0.5943359375 0.77724609375 0.58505859375 0.7435546875 0.58505859375 0.73818359375 0.58359375 0.723046875 0.56552734375 0.7171875 0.5484375 0.711328125 0.53818359375 0.703515625 0.5337890625 0.582421875 0.55673828125 0.51748046875 0.56455078125 0.51650390625 0.56748046875 0.5404296875 0.593359375 0.551171875 0.601171875 0.5814453125 0.6294921875 0.6478515625 0.68515625 0.6703125 0.702734375 0.67861328125 0.706640625 0.73916015625 0.69296875 0.74208984375 0.68955078125 0.7435546875 0.67197265625 0.74599609375 0.6646484375 0.7806640625 0.65927734375 0.7865234375 0.65146484375 0.79775390625 0.64755859375 0.80166015625 0.644140625 0.80361328125 0.6353515625 0.81142578125 0.6265625 0.83046875 0.6265625 0.83046875 0.6421875 0.836328125 0.64755859375 0.86318359375 0.64462890625 0.879296875 0.6392578125 0.88271484375 0.62900390625 0.883203125 0.59189453125 0.879296875 0.57041015625 0.87783203125 0.54697265625 0.87294921875 0.5318359375 0.86318359375 0.5298828125 0.86025390625 0.53232421875 0.85927734375 0.53671875 0.86416015625 0.5591796875 0.86318359375 0.5767578125 0.85537109375 0.5806640625 0.83681640625 0.581640625 0.8314453125 0.58359375 0.82900390625 0.5865234375 0.828515625 0.59482421875 0.83046875 0.60263671875 0.8265625 0.60556640625
12 0.39296875 0.75986328125 0.492578125 0.74326171875 0.6546875 0.710546875 0.65517578125 0.70908203125 0.64150390625 0.6978515625 0.625390625 0.6802734375 0.58095703125 0.64462890625 0.56337890625 0.6275390625 0.547265625 0.61630859375 0.53408203125 0.603125 0.51650390625 0.5904296875 0.49990234375 0.5748046875 0.490625 0.57041015625 0.4798828125 0.57041015625 0.37001953125 0.581640625 0.36875 0.5820081203125 0.36875 0.7519831734375 0.38076171875 0.759375 0.39296875 0.75986328125
13 0.5425723812500001 1 0.54287109375 0.999609375 0.54775390625 0.98837890625 0.547265625 0.94345703125 0.55947265625 0.90830078125 0.562890625 0.89267578125 0.582421875 0.87119140625 0.590234375 0.8560546875 0.59169921875 0.8365234375 0.58681640625 0.81796875 0.57998046875 0.804296875 0.57119140625 0.79404296875 0.52822265625 0.769140625 0.504296875 0.76279296875 0.47646484375 0.75986328125 0.38564453125 0.77451171875 0.36875 0.7791193187500001 0.36875 1 0.5425723812500001 1
0 0.66494140625 0.9927734375 0.6869140625 0.9888671875 0.7044921875 0.9791015625 0.71083984375 0.97275390625 0.72109375 0.952734375 0.73525390625 0.88681640625 0.746484375 0.84482421875 0.746484375 0.83359375 0.74306640625 0.8228515625 0.734765625 0.8111328125 0.7240234375 0.800390625 0.71279296875 0.79306640625 0.7015625 0.788671875 0.6654296875 0.7857421875 0.6419921875 0.79013671875 0.62392578125 0.79990234375 0.61611328125 0.81162109375 0.6107421875 0.83212890625 0.6126953125 0.874609375 0.61220703125 0.94345703125 0.61416015625 0.96103515625 0.62392578125 0.9869140625 0.62978515625 0.99130859375 0.64296875 0.99326171875 0.66494140625 0.9927734375
15 0.5002554531250001 0.555425396875 0.495559003125 0.5567512625 0.49062171250000003 0.5620547203124999 0.48966780156249995 0.567823359375 0.9736944546874999 0.9828160875 0.9837090546875 0.9767301875 0.9869280093749999 0.968138309375 0.5002554531250001 0.555425396875
15 0.945515459375 1 0.892997528125 0.913504571875 0.8522486171875 0.8784554 0.92171903125 1 0.945515459375 1
15 1 0.7853567390625 0.67727930625 0.749589475 0.6069260187500001 0.7557800921875 1 0.8050498656249999 1 0.7853567390625
15 1 0.6401959125000001 0.43976918749999994 0.753204971875 0.43887412656249997 0.7602527625 0.44280525937500004 0.7655762687500001 1 0.6573498234375 1 0.6401959125000001
15 1 0.6821298921875 0.66049511875 0.7232189984375 0.5414924640625001 0.7467176125 1 0.697532484375 1 0.6821298921875
15 1 0.7014336640625001 0.5392275703125 0.74742426875 0.518803496875 0.7513762640625 0.5637827765625001 0.7586590531249999 1 0.719712071875 1 0.7014336640625001
15 1 0.812608340625 0.60464569375 0.75643336875 0.5849380562500001 0.75838428125 0.601480178125 0.764917278125 1 0.8301702734375 1 0.812608340625
15 1 0.8331626906249999 0.7867035265625 0.797385065625 0.8093325390624999 0.8191803078125 1 0.8547080421875 1 0.8331626906249999
15 1 0.9059271703125 0.859880584375 0.8592104171875 0.8876987171874999 0.8852211656250001 1 0.9251146859375 1 0.9059271703125
15 1 0.882703990625 0.8277063 0.8315432921875001 0.8537322078124999 0.8570094109375 1 0.9007401953124999 1 0.882703990625
15 1 0.7238409875 0.947837725 0.7241769421875001 0.8032037593749999 0.737385678125 1 0.7397603671875 1 0.7238409875
15 1 0.7430628890625 0.8116526734375 0.736446225 0.7220725328125 0.7448337375 0.7242921796874999 0.747814325 1 0.7618554843750001 1 0.7430628890625
15 1 0.8620801468750001 0.9019107375000001 0.8351280390625 0.8112688546875001 0.8190906625000001 0.8221927671874999 0.8291728031250001 1 0.8816655421874999 1 0.8620801468750001