15 0 0 0 0.309375 0.169270128125 0.309375 0.1744642390625 0.304132778125 0.1919312359375 0.19130320781250001 0.1921875 0.189169015625 0.1921875 0.129438709375 0.1911992203125 0.1276812484375 0.183485465625 0.1207225953125 0.1422764078125 0.09587026875 0.129837009375 0.0819529640625 0.1129328359375 0.06853270624999999 0.0885931671875 0.05610654375 0.086444571875 0.0516331234375 0.086971046875 0.038212865624999995 0.084318109375 0.019325096875 0.06433886875 0.0034196078125000003 0.060835348437500006 0.0029225609374999998 0.0560116828125 0.0073959796875 0.0481714515625 0.025289654687500003 0.045733534375 0.0267807953125 0.020843673437499998 0.012863490624999998 0.017733825 0.009384165625 0.000104853125 0 0 0
12 0.4390625 0.309375 0.4390625 0.06368104375 0.42210181249999995 0.055077812500000004 0.398662090625 0.046800565625 0.38338685781250004 0.04375 0.27512680624999997 0.04375 0.2623030484375 0.046283237500000005 0.23743417656250002 0.05611246875 0.222286803125 0.0643897171875 0.20724722812500002 0.0757709328125 0.1953664890625 0.089221459375 0.185089665625 0.11922648281249999 0.1837683171875 0.1404369296875 0.168797353125 0.22786535937500002 0.15900073125 0.30132593281250003 0.155909753125 0.309375 0.4390625 0.309375
14 0.47142423906250003 0 0.4390625 0.1908584484375 0.4390625 0.309375 0.44701889687499996 0.309375 0.5010860578124999 0 0.47142423906250003 0
14 0.5018722734375001 0 0.44605608906249994 0.309375 0.47344505937500003 0.309375 0.5274015624999999 0 0.5018722734375001 0
14 0.5261999703125 0 0.47057036406249997 0.309375 0.4951620375 0.309375 0.5497588312499999 0 0.5261999703125 0
14 0.5523318500000001 0 0.49758333906249996 0.309375 0.5232397859375 0.309375 0.575950709375 0 0.5523318500000001 0
14 1 0 0.9961067531250001 0 0.9939430046875 0.0171081015625 0.953081325 0.309375 0.9771880703125 0.309375 1 0.12482779687500001 1 0
14 0.9569326468749999 0 0.9134111671875 0.309375 0.9404451156250001 0.309375 0.9868893343749999 0.0031393921875000003 0.9870530265624999 0 0.9569326468749999 0
14 0.9290669546875 0 0.9284138468750001 0.0062736421875 0.873461421875 0.309375 0.9041728031249999 0.309375 0.955574915625 0.016152821875 0.9568854 0 0.9290669546875 0
14 0.9065128265624999 0 0.9064458234374999 0.000774740625 0.84959635 0.309375 0.8716723234374999 0.309375 0.9277629749999999 0.0033857609375 0.9280835968750001 0 0.9065128265624999 0
14 0.8754897749999999 0 0.8209787937499999 0.309375 0.8486891125 0.309375 0.9013241031250001 0 0.8754897749999999 0
14 0.8476782828125 0 0.8102152578125 0.204280234375 0.7974710609375 0.309375 0.8198239515625 0.309375 0.8734637796874999 0 0.8476782828125 0
14 0.8132394515625 0 0.7729059968750001 0.309375 0.797922853125 0.309375 0.8378182750000001 0 0.8132394515625 0
14 0.7814458890625 0 0.7805024765624999 0.0031336578125 0.7201281187499999 0.309375 0.74613349375 0.309375 0.803956215625 0.012558746874999999 0.8076873484375 0 0.7814458890625 0
14 0.7476185 0 0.6909468453125001 0.309375 0.717722990625 0.309375 0.770229246875 0.0215324625 0.773567634375 0 0.7476185 0
14 0.7224234093749999 0 0.66807956875 0.309375 0.690181990625 0.309375 0.7468842984374999 0 0.7224234093749999 0
14 0.6964779968749999 0 0.649621815625 0.309375 0.6673394874999999 0.309375 0.7219921515625 0 0.6964779968749999 0
5 0.034375 0.39693197968750005 0.034375 0.39729189531250003 0.10891723281250001 0.56297629375 0.1441095796875 0.620092534375 0.2009284015625 0.6843804062500001 0.2045104609375 0.7104701718750001 0.2481171546875 0.732401315625 0.271102165625 0.759375 0.29840538437499997 0.759375 0.3172037671875 0.7363236718749999 0.3335069609375 0.699085515625 0.329924903125 0.6729957484375 0.318708121875 0.667097196875 0.3260165578125 0.6589374609374999 0.334729740625 0.5921015328125 0.3295507734375 0.48735247656249997 0.3359375 0.4563211421875 0.3359375 0.43381233125000007 0.2581271703125 0.42429631875 0.25849626406250004 0.46659130312499997 0.2436354609375 0.5538003140625 0.19442390781250002 0.4497018703125 0.168057690625 0.41328104374999997 0.034375 0.39693197968750005
18 0 0.659291340625 0.007845356250000001 0.6740016625 0.032017109375000005 0.6935486390625 0.0592559953125 0.703125 0.0669562390625 0.703125 0.1094160765625 0.6608379546875 0.1140625 0.64539013125 0.1140625 0.635649253125 0.0964308578125 0.5778456875 0.0871117421875 0.5103771281249999 0.07513872031249999 0.4998637890625 0.0544073578125 0.4973202125 0.0187686875 0.5034993625 0 0.5186148375 0 0.659291340625
18 0.19676921875 0.9388908656249999 0.22051417812500002 0.9298475828124999 0.19500100781250002 0.8818262000000001 0.1827177484375 0.874329484375 0.13870015625 0.8793799765625 0.126443921875 0.89133420625 0.10438609375 0.8990893124999999 0.0930494796875 0.9246205437499999 0.1380137203125 0.9525979984374999 0.1783358328125 0.9620520734374999 0.180344178125 0.9488356890624999 0.1857538171875 0.9524938921875 0.19676921875 0.9388908656249999
18 0.2861772734375 0.7823538328125 0.262030025 0.7449724765625 0.24376573906250001 0.7277633 0.214360965625 0.7151659171875 0.1865452640625 0.7117400734375 0.12947689843750002 0.724159028125 0.0969750578125 0.7515714140624999 0.0739806203125 0.8145620828125001 0.06617038750000001 0.8659591359375 0.07545464375 0.9030059015624999 0.09952081562500001 0.8820344125 0.13936960468749998 0.8749745140625 0.1562409421875 0.862092715625 0.1869846125 0.8658791749999999 0.176949834375 0.7748850218750001 0.1942134203125 0.7201643546875001 0.198605375 0.7207052765624999 0.18620706250000002 0.7924808421875 0.1926174015625 0.8680688921874999 0.23053891875 0.932578221875 0.27140539218750004 0.9286356031250002 0.286339421875 0.899059525 0.263673146875 0.7930459109375 0.267591775 0.777072859375 0.2821335546875 0.789335653125 0.2861772734375 0.7823538328125
5 0.4390625 1 0.4390625 0.9493409203125001 0.37748171406250003 0.9372122843749999 0.3585750046875 0.9438595187499998 0.362003321875 0.9801850562500001 0.36922518125 0.9915463109375 0.368109434375 0.9988887484374999 0.3661412234375 1 0.4390625 1
18 0.4390625 0.740149034375 0.4344049140625 0.739275075 0.3991712265625 0.7454074125 0.35165428125 0.74404303125 0.3388266578125 0.7499430078125 0.33664921406250004 0.8035297765625 0.3548965125 0.8895515171875001 0.3544772375 0.9119394421875 0.3637344671875 0.9295352609374999 0.399637603125 0.9189974609375 0.4390625 0.9247514140625 0.4390625 0.740149034375
18 0.4390625 0.446638440625 0.385911203125 0.44009220937500004 0.3624434421875 0.48656890312499995 0.360337034375 0.51024500625 0.4390625 0.5940937890625 0.4390625 0.446638440625
5 0.4390625 0.7319967203125 0.3674809078125 0.70859300625 0.35125199218750003 0.697618390625 0.3387185578125 0.6721392125 0.3316217859375 0.6697691875 0.3300867640625 0.699499546875 0.31346560156250003 0.7303638046875001 0.31664374375 0.7487068796874999 0.298085271875 0.76287685625 0.27252808906250003 0.764217090625 0.3016386765625 0.8081936265625 0.3363280015625 0.81545798125 0.3388807078125 0.7888449046875 0.33366719375 0.7642672640625 0.343664909375 0.7475469546875 0.4390625 0.738891640625 0.4390625 0.7319967203125
18 0.4390625 0.724152403125 0.43467207500000005 0.6884449734375 0.3763088265625 0.660313234375 0.3557149828125 0.668248646875 0.36216933125 0.6944750828125 0.3792908453125 0.699575746875 0.3865127046875 0.710937003125 0.412989509375 0.7231737703125 0.4390625 0.7263849765625 0.4390625 0.724152403125
18 0.3555531453125 1 0.36064859375 0.9878733609375001 0.3532886171875 0.9074934421874999 0.3309654625 0.8458402218749999 0.26908007968750003 0.7746395234375 0.2640592140625 0.8076804859374999 0.29237517031250004 0.9280406593750001 0.30067121406249997 1 0.3555531453125 1
3 0.846093040625 0.4272550609375 0.841944334375 0.42507567343749997 0.8375772749999999 0.42398597968749996 0.8214191515625 0.422678346875 0.804824325 0.423768040625 0.7978370296875 0.42681918437499994 0.7923782046875 0.43052414218749996 0.7703245515624999 0.45253596093750004 0.7661758453124999 0.458638246875 0.75918855 0.4647405328125 0.7556949015625 0.4706248796875 0.7500177234375001 0.4760733484375 0.745432309375 0.48348326718750007 0.7382266609375 0.491764940625 0.7181381859375 0.5244557578125 0.7133344203125 0.5292504124999999 0.7080939484375 0.5366603296875001 0.6954294734375 0.5482110859375 0.6875687671875 0.5593259640625 0.68232829375 0.5739278624999999 0.6781795890625 0.599862578125 0.6875687671875 0.6362583546874999 0.6875687671875 0.648680865625 0.688442178125 0.6510781921875 0.6908440625 0.6545652125 0.696521240625 0.659577803125 0.717264775 0.6674236015625 0.727964071875 0.6728720703125 0.7430304281250001 0.6822434375 0.7460873687499999 0.6855125203125001 0.7473974875 0.6885636625 0.7482709 0.7020758671875 0.7490217046875 0.703125 0.7600936453125 0.703125 0.7650840796875 0.6977170906250001 0.7738182 0.690307171875 0.79346996875 0.68115374375 0.8037325609374999 0.6796281734375 0.826004565625 0.6802819890625 0.8493683359374999 0.6787564171875 0.8554822203124999 0.6765770296875 0.8611593984375 0.6724361921875 0.8698935171875 0.6597957421875 0.8742605781249999 0.6558728453125 0.8847415203125 0.6432323953125 0.8971876406250001 0.6247075984375 0.902646465625 0.6096698234375 0.904393290625 0.5994267 0.9048299968750001 0.5841709843749999 0.9098521156250001 0.5724022921875 0.9181495296875 0.5623771062499999 0.91875 0.5604992015625 0.91875 0.5382115421875 0.9107255265624999 0.5174817171875 0.90002623125 0.4956878390625 0.8930389359375 0.4786886140625001 0.8816845796875 0.461035571875 0.8626878687499999 0.44120314374999997 0.846093040625 0.4272550609375
0 0.9292534390625 0.67244695 0.91798358125 0.6722286687500001 0.81633814375 0.673101790625 0.8068021109375 0.6737566312500001 0.79206460625 0.6765942734375 0.78621295 0.6798684796875 0.7803612937500001 0.6877265687499999 0.7745096375 0.701259946875 0.7732092703125 0.7132653624999999 0.7716921734375 0.715448165625 0.7690914375 0.7123922406250001 0.7658405171875 0.71042771875 0.764323421875 0.7071535140625 0.762156140625 0.7051889921875001 0.756737940625 0.7056255515625001 0.752186653125 0.7091180375 0.7482855484375 0.7078083546875 0.745901540625 0.7058438328125 0.7456848125000001 0.7006051046875 0.743300803125 0.698422303125 0.7285633 0.698422303125 0.7175101703125 0.701259946875 0.7090577781249999 0.7064986734375001 0.6999552015624999 0.7165395671875 0.6945370000000001 0.7291998234375 0.6928031765625 0.738585875 0.6928031765625 0.7499364500000001 0.69410354375 0.7571396984375001 0.697787921875 0.7667440328125 0.7049399453125 0.777876325 0.7151261625 0.7870440984375 0.7203276359374999 0.79053658125 0.7289967546874999 0.7946839078125 0.732367015625 0.7953125 0.7547490984375 0.7953125 0.7664907015625 0.7911914234374999 0.7777605578125 0.7828967718750001 0.7820951171875 0.7765666437500001 0.787296590625 0.777876325 0.7905475109375001 0.7818053703125 0.7976995359375 0.7863892578125 0.817421784375 0.7876989390625 0.826957815625 0.7852978562499999 0.8371440328125 0.7850795765624999 0.872253971875 0.78093225 0.8915427640625001 0.7798408484375 0.8993449734375 0.7804956890625 0.90302935 0.7776580453124999 0.90888100625 0.7763483640625 0.9279530703125001 0.7730741609375 0.9513596953124999 0.77089135625 0.9541771609375 0.768926834375 0.9576448078125 0.7639063875 0.9611124562499999 0.7564848578125 0.9628462796874999 0.7501547296875 0.9695648484374999 0.736403071875 0.971875 0.7264315125 0.971875 0.7006220171875001 0.9712986718749999 0.6997319843750001 0.9611124562499999 0.6879448484375 0.9546106156249999 0.681396440625 0.949192415625 0.67790395625 0.93402145625 0.6750663125 0.9292534390625 0.67244695
3 1 0.78230528125 0.9883357 0.7918294 0.9794059875000001 0.8075358749999999 0.97505003125 0.8175705687499999 0.97112966875 0.8230242062500001 0.9656847234375 0.8219334796875 0.9602397781249999 0.8193157328125 0.9550126296875 0.8247693703125 0.9467363109375 0.8380762453124999 0.932361653125 0.8675258890624999 0.9094928796874999 0.9283884828125 0.9031767421874999 0.9382050312499999 0.8957716156250001 0.9475852859374999 0.89664280625 0.953475215625 0.899474178125 0.9615465999999999 0.910799665625 0.9833611484375 0.9164624109374999 0.9988494796874999 0.9174520484375 1 0.949465578125 1 0.9726542546874999 0.9824885671875 0.980712775 0.9752897656249999 1 0.9621070875000001 1 0.78230528125
4 1 0.680406496875 0.998134109375 0.681659446875 0.9860317890625 0.693006215625 0.9823782578125 0.6984526640625 0.9773546546875 0.7032183078124999 0.9727877421875 0.7093455625 0.9691342109375001 0.717742171875 0.9643389531250002 0.7247771671875001 0.96022873125 0.737712484375 0.9522366328124999 0.75541344375 0.9424177703125001 0.7812840765625 0.933512290625 0.7930847140624999 0.9273469578124999 0.798304228125 0.9200398968750001 0.8012543890625 0.9127328359375 0.8019351953125 0.908850959375 0.8012543890625 0.9008588625 0.79807729375 0.8887565421874999 0.7901345562500001 0.8803077546875 0.7880921375 0.8668353609375 0.7869574593750001 0.8606700281249999 0.789680684375 0.8497094359374999 0.8019351953125 0.8410323015625 0.8076085796874999 0.8265625 0.8129856125 0.8265625 0.847382134375 0.8350953156250001 0.8598037140624999 0.844229140625 0.8688811296875001 0.8595313046874999 0.878125 0.9161640671875 0.878125 0.9227800437500001 0.8725120953125 0.92803199375 0.8641154875 0.939677621875 0.8411950156250001 0.94378784375 0.836429371875 0.9465279921875001 0.8303021171874999 0.9524649796875 0.8273519578125 0.960685421875 0.8296213109374999 0.9647956437499999 0.8271250218749999 0.9709609765625 0.8178206703124999 0.98055149375 0.7985311640625 0.9976774171875 0.783780365625 1 0.7824125203125 1 0.680406496875
8 1 0.714659625 0.9942383078125001 0.7215054140625 0.9872942390624999 0.726685090625 0.96444601875 0.7561867375 0.9590699656249999 0.7642940609375 0.9548139250000001 0.7769054515625 0.95 0.7837927734375 0.95 0.8131346859375 0.9530219078125001 0.8183428781250001 0.9516778953125 0.8205949125 0.9518370515625 0.821875 0.953873390625 0.821875 0.9550379281249999 0.820369709375 0.9563819406250001 0.8201445062499999 0.95848570625 0.821875 0.9719322453124999 0.821875 0.98505421875 0.7960477406249999 0.9984943484375 0.786138790625 1 0.7847980625 1 0.714659625
10 1 0.50536598125 0.9960258609375 0.501318246875 0.9775603453125001 0.48759985624999996 0.9612672421875 0.480519396875 0.9532293109375001 0.47587284375000005 0.9425844828125001 0.47277514375 0.9358781734375 0.471875 0.894519003125 0.471875 0.8919672421874999 0.4741027296875 0.8904465515624999 0.47764295937500006 0.8943568953125001 0.4918038796875 0.9058706890625 0.516806753125 0.9108672421874999 0.5325165234375 0.9167327593749999 0.542694684375 0.9165155171875 0.5455711203125 0.91173620625 0.5581831890625001 0.9034810343749999 0.5683613515625 0.8982672421875 0.5809734203125 0.8984844828125 0.5993383609375 0.8965293109375001 0.6095165234375 0.8913155171875001 0.6247837640625 0.8817568953125001 0.6393872125 0.8750224140625 0.6458038796875 0.8715465515624998 0.6524418109375001 0.8663327593750001 0.6579734203125 0.8648120703124998 0.661956178125 0.86546379375 0.6703642234375 0.867418965625 0.673461925 0.8695913781249999 0.674568246875 0.8769775875000001 0.6770021546875 0.88718793125 0.67855100625 0.9058706890625 0.679657328125 0.9345465515625001 0.676559625 0.9434534484375 0.678993534375 0.9512741375000001 0.68452514375 0.9640913781249999 0.6975797421875 0.9710431046875 0.7117406609375 0.9716892328124999 0.7125 0.9786288796874999 0.7125 0.98168793125 0.710855603125 1 0.6859150703125 1 0.50536598125
10 0.5719288796875001 0.696864934375 0.5719288796875001 0.7046235546874999 0.5674030171875 0.7197097625 0.5648168109375 0.7242356234375 0.5650323281249999 0.7272528656249999 0.5689116375000001 0.73307183125 0.5788254312500001 0.7410459687500001 0.581842671875 0.7464339 0.5842133625 0.7546235546875 0.586368534375 0.7757442453125 0.5906788796875 0.7899683828125 0.5932650859375 0.79557183125 0.5949892234374999 0.8048390718749999 0.5980064656249999 0.8097959687500002 0.6023168109375 0.8134597625 0.6049030171875 0.817339071875 0.61460129375 0.8395373484374999 0.6171875 0.8483735546875 0.6186961203125 0.850528728125 0.6232219828125001 0.8526838999999999 0.634644396875 0.8522528656249999 0.6430495687500001 0.8537614859375001 0.6531788796875 0.858502865625 0.6615840515625 0.8673390718749999 0.6671875 0.8673390718749999 0.6893857765625 0.871864934375 0.6939116375 0.8774683828125 0.7092133625000001 0.9175545890624999 0.7156788796875 0.930916659375 0.723868534375 0.9386752796875001 0.740032328125 0.9483735546875 0.745204740625 0.9528994171875 0.757704740625 0.9595804515624999 0.7671875 0.9630287281250001 0.774730603125 0.9675545890624999 0.7816271546875 0.9703563140625 0.7859375 0.9707873484375 0.7941271546875 0.9641063140625 0.797144396875 0.9591494171875 0.7967133625 0.933502865625 0.7954202593749999 0.9259597625 0.7941271546875 0.9233735546874999 0.7876616375 0.9177701062499999 0.7811961203125 0.9095804515625 0.7732219828125 0.9024683828125 0.76352370625 0.88932183125 0.7568426718750001 0.8832873484375 0.7549030171875 0.8802701062499999 0.7527478453125 0.8735890718749999 0.7508081890625 0.8714338999999999 0.745204740625 0.8694942453125 0.7324892234375 0.8699252796875001 0.72882543125 0.8651838999999999 0.726454740625 0.8595804515625 0.7286099140625 0.8550545890624999 0.73227370625 0.8367356234375001 0.7363685343749999 0.8246666593749999 0.738954740625 0.8212183828124999 0.743480603125 0.8106580375 0.7415409484375 0.7985890718750001 0.73960129375 0.7964339 0.7225754312499999 0.79104596875 0.7124461203125 0.7839339 0.7044719828125 0.7757442453125 0.7005926718750001 0.7697097625 0.6964978453125 0.7608735546875 0.6943426718750001 0.7524683828125001 0.6936961203124999 0.7393218312500001 0.6945581890625 0.7311321765625001 0.6962823281249999 0.7242356234375 0.7003771546875 0.7169080375 0.7085668109375 0.7078563140625 0.719342671875 0.70182183125 0.7279633625 0.699451140625 0.7411099140624999 0.6983735546875 0.74477370625 0.696864934375 0.7467133625000001 0.6912614859375 0.7467133625000001 0.6822097625 0.738954740625 0.6748821765624999 0.7316271546875 0.6701407968749999 0.7286099140625 0.6671235546875 0.7214978453125 0.6634597624999999 0.71977370625 0.6613045890625 0.7143857765625 0.6591494171875001 0.70102370625 0.6597959687499999 0.6949892234374999 0.6613045890625 0.6915409484375 0.6658304515625 0.688092671875 0.6684166593749999 0.6790409484375 0.6690632109375001 0.6751616374999999 0.6677701062500001 0.6738685343749999 0.668201140625 0.6686961203124999 0.6720804515625 0.6656788796875001 0.676390796875 0.6633081890625 0.69729596875 0.6615840515625 0.703977003125 0.6611530171875 0.7214339 0.6602909484375 0.7257442453125 0.6585668109375 0.728977003125 0.6570581890625 0.73027010625 0.6490840515625 0.7291925203125 0.6383081890625 0.7257442453125 0.635506465625 0.7238045890625 0.63507543125 0.7158304515625 0.6357219828125 0.7078563140625 0.638954740625 0.698589071875 0.6365840515625 0.6910459687499999 0.6359375 0.6837183828125 0.6387392234375 0.6757442453125 0.6383081890625 0.6546235546875 0.6398168109375 0.6425545890625 0.640032328125 0.6319942453125 0.6387392234375 0.628114934375 0.637230603125 0.6270373484375 0.630118534375 0.62682183125 0.618480603125 0.6229425203125001 0.613092671875 0.622727003125 0.6094288796875 0.624451140625 0.6049030171875 0.6248821765624999 0.5839978453125 0.6315632109375 0.57257543125 0.6363045890625 0.55554956875 0.6401839 0.55382543125 0.6419080375 0.552532328125 0.6470804515624999 0.5557650859375001 0.6548390718749999 0.556842671875 0.6617356234375 0.56007543125 0.6725114859375 0.5719288796875001 0.696864934375
4 0.6307650859375 0.6426185343749999 0.6339978453125 0.6531788796875 0.6342133624999999 0.668480603125 0.6296875 0.6844288796875 0.6307650859375 0.698006465625 0.63054956875 0.7150323281250001 0.6253771546875 0.72710129375 0.6378771546875 0.7320581890625 0.647144396875 0.733782328125 0.6501616374999999 0.7365840515625 0.6585668109375 0.7357219828125 0.6624461203124999 0.7365840515625 0.664170259375 0.73335129375 0.6633081890625 0.7286099140625 0.6643857765625001 0.7165409484375 0.66352370625 0.7081357765625 0.6643857765625001 0.7055495687500001 0.66632543125 0.7046875 0.6695581890625 0.7049030171874999 0.67257543125 0.7029633625 0.680980603125 0.68960129375 0.6855064656250001 0.6848599140625 0.6902478453125 0.6779633625000001 0.6945581890625 0.6730064656250001 0.7051185343749999 0.66352370625 0.707704740625 0.6592133625000001 0.7070581890625001 0.6574892234374999 0.7046875 0.6564116375 0.70382543125 0.6538254312499999 0.695204740625 0.6480064656250001 0.6939116375 0.6357219828125 0.6898168109375 0.629256465625 0.689170259375 0.6253771546875 0.6855064656250001 0.6182650859375001 0.682920259375 0.6107219828125 0.6788254312499999 0.5939116375 0.6794719828125 0.5878771546875 0.6831357765625 0.5753771546875 0.68227370625 0.5719288796875001 0.674730603125 0.5710668109375 0.6359375 0.5706357765625001 0.6311961203124999 0.5710668109375 0.6227909484375 0.5740840515625 0.619342671875 0.57710129375 0.6178340515625 0.5796875 0.61352370625 0.6195581890625 0.61352370625 0.6236530171875 0.618480603125 0.6320581890625 0.6214978453125 0.6342133625 0.6264547406250001 0.6359375 0.6275323281249999 0.638954740625 0.6307650859375 0.6426185343749999