10 0.56875 0.36875 0.56875 0.2814670140625 0.5440104156250001 0.29383680624999997 0.5266493046875 0.321614584375 0.50928819375 0.3233506953125 0.4728298609375 0.302517359375 0.443315971875 0.2521701390625 0.412065971875 0.25043402812500004 0.36171875 0.22612847343750003 0.32526041562499997 0.22092013906250002 0.3009548609375 0.23307291718749998 0.2974826390625 0.2921006953125 0.41245659687499997 0.36875 0.56875 0.36875
12 0.26640625 0 0.26640625 0.018923610937499998 0.2872395828125 0.044965278125 0.2872395828125 0.10399305625 0.3809895828125 0.20295138906250001 0.44175347187499997 0.24635416718749997 0.46085069375 0.2897569453125 0.4782118046875 0.3088541671875 0.49949156562499997 0.3203125 0.5272673609375 0.3203125 0.55460069375 0.2776041671875 0.56875 0.2672642890625 0.56875 0.1891829078125 0.519878471875 0.15607638906250001 0.50772569375 0.13177083437499998 0.48168402656250003 0.107465278125 0.47473958281249995 0.084895834375 0.405295140625 0.018923610937499998 0.3723090265625 0.0015625 0.3306423609375 0.0015625 0.32777777812500003 0 0.26640625 0
12 0.4533203125 0 0.4546875 0.0054687484375 0.47725694374999994 0.024565971875000002 0.4703125 0.0818576375 0.480729165625 0.10442708281249999 0.5310763890625 0.165190971875 0.5640625 0.1790798609375 0.56875 0.1888454859375 0.56875 0.000250771875 0.5681051593750001 0 0.4533203125 0
10 0.1387954890625 0 0.173090278125 0.117795140625 0.18350694375 0.13168402968749998 0.188715278125 0.17508680625 0.2008680546875 0.1924479171875 0.22690972187499997 0.1976562515625 0.23528025624999999 0.209375 0.308816965625 0.209375 0.3171875 0.1976562515625 0.321875 0.14921874531249998 0.321875 0.1431597234375 0.2876736109375 0.0986979171875 0.2876736109375 0.046614584375000004 0.266840278125 0.015364584375 0.2700749265625 0 0.1387954890625 0
17 0.7653738828125001 0.016796875 0.761188615625 0.032840403125 0.7800223203125001 0.048883928125 0.7967633921875 0.053069196875 0.7988560265625 0.0412109375 0.7890904015625 0.027957590625 0.80792410625 0.0314453125 0.8162946421875 0.0446986609375 0.839313615625 0.0398158484375 0.859375 0.03045386875 0.859375 0.029988440625 0.8407087046875 0.028655134375000002 0.8400111609375 0.0119140625 0.8169921875 0.008426340625 0.8016462046875 0.0154017859375 0.7793247765625 0.016796875 0.7653738828125001 0.016796875
17 0.690276228125 0.071637834375 0.6958565859375 0.086286271875 0.6982170765625 0.0921875 0.6991540328125 0.0921875 0.7105050234375 0.0681501109375 0.73701171875 0.08907645 0.7398018984375 0.06884765468750001 0.7523577015624999 0.066755021875 0.7609375 0.0569495375 0.7609375 0.0550627296875 0.74189453125 0.0465262265625 0.7356166296875 0.052106584375 0.7377092640624999 0.0632672984375 0.72724609375 0.0555943078125 0.6965541296875 0.054896762499999995 0.690276228125 0.071637834375
17 0.87290271875 0 0.8671735484375 0.00078125 0.855315290625 0.0147321421875 0.84345703125 0.025892857812499996 0.8622907359375 0.0286830359375 0.845549665625 0.039146204687500005 0.831598771875 0.0412388390625 0.82880859375 0.048911829687500005 0.846247209375 0.059375 0.8539202015624999 0.0537946421875 0.8641808578125 0.075 0.8644908296875 0.075 0.87763671875 0.0238002234375 0.8832170765624999 0.0203125 0.8875 0.00929926875 0.8875 0.0067818765625 0.8833265359375 0 0.87290271875 0
17 0.73525390625 0.13623046875 0.71279296875 0.12158203125 0.69130859375 0.11669921875 0.68740234375 0.13525390625 0.69619140625 0.12744140625 0.69619140625 0.14111328125 0.67373046875 0.13818359375 0.68154296875 0.15185546875 0.69814453125 0.15380859375 0.70107421875 0.16650390625 0.71572265625 0.17041015625 0.73623046875 0.17333984375 0.74111328125 0.16748046875 0.76845703125 0.17626953125 0.792626953125 0.1859375 0.7929865062499999 0.1859375 0.8046875 0.176036659375 0.8046875 0.175 0.78505859375 0.16845703125 0.75576171875 0.16552734375 0.72353515625 0.15673828125 0.71376953125 0.14990234375 0.74013671875 0.15087890625 0.73525390625 0.13623046875
17 0.7740234375 0.1515625 0.7857421875 0.159375 0.7984375 0.137890625 0.816015625 0.1232421875 0.8072265625 0.1125 0.8189453125 0.1056640625 0.804296875 0.087109375 0.7994140625 0.0724609375 0.7876953125 0.0705078125 0.775 0.0802734375 0.757421875 0.075390625 0.7623046875 0.1017578125 0.7828125 0.1115234375 0.7671875 0.14765625 0.7740234375 0.1515625
18 0.56875 0.447319528125 0.5647256375 0.44696180781250006 0.5501536875 0.4524262859375 0.5428677140625 0.4669982375 0.51827755 0.466087490625 0.5055270937499999 0.47246271718749994 0.4982411203125 0.48612391875 0.48822290468749996 0.5243752859375 0.47638319687499997 0.5835738296875 0.468186475 0.6527905859375001 0.465454234375 0.728382571875 0.458168259375 0.7812058859375 0.4517930328125 0.9351220968749999 0.4563467671875 0.9487833 0.46363274062500004 0.9551585265625 0.5073485875 0.9633552484374999 0.56875 0.9668496375 0.56875 0.447319528125
18 0.3867571734375 0.4530282328125 0.3858464265625 0.43754553749999997 0.3803819453125 0.4302595625 0.356702528125 0.425705828125 0.3321123640625 0.431170309375 0.3184511625 0.45484972656250006 0.2911287578125 0.4575819671875 0.2865750234375 0.46122495468749997 0.2783783015625 0.51040528125 0.27382456875 0.572336065625 0.272913821875 0.8246129312499999 0.2792890484375 0.9229735890625002 0.28384278281249997 0.93390255 0.2920395046875 0.940277778125 0.3340968 0.946875 0.35364012499999997 0.946875 0.39859688125 0.9448315109374998 0.44504496875 0.9348132953124999 0.4541524375 0.897472678125 0.45625 0.86531005625 0.45625 0.824161759375 0.455063184375 0.7654143890625 0.44595571562499997 0.618784153125 0.4286515265625 0.4666894359375 0.4222762984375 0.45849271406250003 0.390400159375 0.45849271406250003 0.3867571734375 0.4530282328125
18 0.23083447031249998 0.4586634796875 0.208976546875 0.4550204921875 0.19440459999999998 0.445913025 0.18165414375 0.44500227812500004 0.1561532328125 0.45319899843750006 0.148867259375 0.46321721406250005 0.1470457640625 0.473235428125 0.137938296875 0.482342896875 0.11881261406250002 0.48598588437500007 0.11425888125000001 0.491450365625 0.0896687171875 0.9295195812500001 0.09149020937499999 0.9504667578125 0.11699111874999998 0.9604849734375 0.1543317390625 0.9878073781250001 0.1627846046875 0.990625 0.1666363109375 0.990625 0.1698144359375 0.9887181250000001 0.1698144359375 0.98325364375 0.16343920625 0.9695924421874998 0.164349953125 0.9595742265624999 0.1898508640625 0.9577527328125001 0.2317452171875 0.9431807843750001 0.273639571875 0.94044854375 0.2796875 0.934400615625 0.2796875 0.9297249015624999 0.273639571875 0.8493738624999999 0.26999658593750003 0.7154940812499999 0.272728825 0.56704235 0.26726434375 0.49873633906250003 0.26271061093750003 0.487807378125 0.23083447031249998 0.4586634796875
18 0 0.9611081359375 0.013047871875 0.9634804750000001 0.0722464140625 0.9479977796875 0.0849968703125 0.9479977796875 0.08955060468750001 0.9370688171874999 0.0986580703125 0.7767773796874999 0.1046875 0.53646155625 0.1046875 0.521468725 0.10139031093749999 0.5099285640625 0.071335665625 0.4689449578125 0.041281021875000004 0.46712346406250005 0.0367272875 0.4525515140625 0.02124459375 0.45073002031250003 0 0.45563261875 0 0.9611081359375
7 0.56875 0.760649103125 0.6134232953125001 0.7579416312499999 0.6320183375 0.7455449375000001 0.658877840625 0.743478821875 0.729125775 0.7724044421875 0.7487538734375 0.7734375 0.7692296109375001 0.7734375 0.8344976765624998 0.6938920453125 0.8282993281250001 0.6257102265625 0.8097042875 0.5988507234375 0.80557205625 0.5761234500000001 0.8427621390625 0.5740573343750001 0.85625 0.5586426359375001 0.85625 0.540024534375 0.8365637921874999 0.5203383265625 0.82210098125 0.47488378124999997 0.799373709375 0.4604209703125 0.8262332125 0.4459581609375 0.82210098125 0.43149535156249996 0.80557205625 0.412900309375 0.7642497421875 0.421164771875 0.7249935437499999 0.3984375 0.5968943703125 0.3984375 0.56875 0.40019652343749995 0.56875 0.760649103125
7 0.821655475 0.4348915296875 0.815457128125 0.474147728125 0.8319860546875001 0.5216683890625 0.8505810953124999 0.5381973140625 0.8464488640625 0.579519628125 0.8513881718749999 0.5828125 0.860621125 0.5828125 0.891903409375 0.579519628125 0.891903409375 0.5609245875 0.9146306828125 0.5154700421875 0.9546875 0.47941890625 0.9546875 0.4689996515625 0.9497546484375 0.43282541406249997 0.9352918390625 0.3997675625 0.89810175625 0.38943698437499996 0.8526472109375 0.40389979374999996 0.8361182859374999 0.4348915296875 0.821655475 0.4348915296875