17 0.4390625 0 0.3016492046875 0 0.296875 0.036975859374999996 0.296875 0.20868088437500001 0.4390625 0.2422746203125 0.4390625 0
17 0.18242644375 0 0.180706884375 0.07423569375 0.1883435734375 0.1052645265625 0.274678709375 0.115625 0.2994643734375 0.115625 0.3000139484375 0.11539306406250001 0.3045804046875 0.028603381249999997 0.310062521875 0 0.18242644375 0
14 0.52158644375 0 0.4765625 0.0233738484375 0.4765625 0.0249640546875 0.4794087796875 0.03125 0.48505245625000004 0.03125 0.5468916390625 0 0.52158644375 0
14 0.707108303125 0 0.5816598671875 0.140987990625 0.59165658125 0.14827765625 0.7222938296875 0 0.707108303125 0
14 0.5157007375 0.2065968453125 0.5874117218749999 0.1485703890625 0.5816619125 0.1410476390625 0.5852282046875 0.13494175625 0.51020635 0.196061596875 0.5115559453125 0.20219628125 0.5157007375 0.2065968453125
14 0.4751851953125 0.20927691249999997 0.5329779015625 0.176315465625 0.59460990625 0.1259524546875 0.47046194531249996 0.199621440625 0.4751851953125 0.20927691249999997
14 0.754949053125 0 0.65001301875 0.08352896875 0.5996587640625 0.1396984140625 0.7739558703125 0 0.754949053125 0
14 0.8035192875 0 0.690463603125 0.067466978125 0.6222945875 0.12323573750000001 0.8250171515625 0 0.8035192875 0
3 0.8402475593750001 0 0.8384337265624999 0.0026738375000000003 0.8346861000000001 0.009653140624999999 0.8229187625 0.0240868 0.8149816453125001 0.0307915046875 0.8060242140625 0.0332394609375 0.7852149546875 0.0351178671875 0.77829706875 0.0370776859375 0.754457375 0.0506904578125 0.7295147671875 0.060796131249999996 0.7064465156249999 0.0719129703125 0.6684409359375 0.094694396875 0.6596770390625 0.102144390625 0.6617168578125 0.1039066609375 0.6740650765625 0.10672952656250001 0.6966660921875001 0.1066119375 0.722216571875 0.10901208437500001 0.789304596875 0.12190752187500001 0.8706686375 0.1246347703125 0.8948678734375001 0.12127595937499999 0.9121764890625 0.117376675 0.9225118812499999 0.1136865671875 0.9301183406250001 0.10773006249999999 0.9347480796875001 0.10175610937499999 0.94637694375 0.0818206453125 0.9481403578125001 0.0770801203125 0.9444181015625001 0.065806271875 0.9326183609375001 0.039982462499999996 0.9223358656249999 0.0251695328125 0.91588440625 0.009378876562500001 0.91125709375 0 0.8402475593750001 0
6 0.54309838125 0 0.5409268625 0.00168040625 0.5048501578125 0.020472410937499998 0.49051880781249996 0.028889956249999998 0.4880109453125 0.0313757125 0.48544855781249996 0.0388620515625 0.48167340156250005 0.0460912375 0.4785317546875 0.049823503125 0.47365368593749996 0.053545593749999995 0.45199065781250003 0.0609199890625 0.4390625 0.064014165625 0.4390625 0.1518298265625 0.45437114218749997 0.145199178125 0.4753445125 0.1328198328125 0.49210167031249996 0.127167 0.4956571109375 0.1264377015625 0.5037880359375 0.12698544375 0.51269094375 0.12953807343749998 0.52561788125 0.13161419531250002 0.5400059171875 0.13619933125 0.5544212171874999 0.1382841734375 0.5686432484375 0.13761738750000002 0.578510053125 0.13367448906249998 0.5952666703125 0.12352084062499999 0.602211546875 0.11681032031250001 0.6326910984375 0.081232484375 0.6676905312500001 0.042930640625 0.6751863218749999 0.033472853125 0.7055835484375 0.0008950765625000001 0.7063250249999999 0 0.6012695906250001 0 0.5987799703125 0.0015193687500000001 0.5816924265625 0.0101708078125 0.533351721875 0.038892746875 0.5165673015625 0.047045871875 0.5072519515625 0.052742318749999996 0.5028972656249999 0.0539670234375 0.4980183859375 0.0509378875 0.497632125 0.047685035937499995 0.5020138000000001 0.0417096296875 0.5186052250000001 0.033055282812499996 0.541782525 0.011937275 0.5488380703125 0.0087280359375 0.5610748078125 0.0012983937500000002 0.5626415140625001 0 0.54309838125 0
6 0.096875 0.5164063624999999 0.096875 0.5272766875 0.11235313124999999 0.5387582140625 0.096875 0.542623528125 0.096875 0.5938621749999999 0.11477636875 0.6103228265625 0.1470885078125 0.600280209375 0.1785222125 0.615625 0.20051692656250003 0.615625 0.21524685937500002 0.6067989453125 0.31433753593749997 0.5262344890625 0.3390625 0.5042694937500001 0.3390625 0.4943725546875 0.33786488124999997 0.49005340625000005 0.26888561875 0.428125 0.245938615625 0.428125 0.2246043125 0.43728765 0.1373615171875 0.47373405 0.14015518124999998 0.46810291406250004 0.13712591093749998 0.47196045 0.12500883125 0.4873905953125 0.096875 0.5164063624999999
12 0.14963462031250002 0.5981073890624999 0.125571196875 0.6052878296875 0.09938366875 0.5840159671875 0.1057245546875 0.5565003703125 0.1197695140625 0.5367275484375 0.12018171875000001 0.5147899484374999 0.143325796875 0.47568132968750004 0.1281395734375 0.4618608828125 0.09177494375 0.4768671265625001 0.0788396078125 0.5049654296874999 0.0353415359375 0.5290255359375 0.0689160765625 0.5681764218750001 0.06476279375 0.587075184375 0.034421985937499996 0.5847020828125 0.0333440046875 0.601644396875 0.030870981250000002 0.645665271875 0.069613284375 0.686044221875 0.12311134531250001 0.728125 0.1466121578125 0.728125 0.16650089375 0.7246546703125001 0.160762496875 0.7066299703125 0.1813067671875 0.6980757843750001 0.2151667296875 0.7018226296875 0.244936903125 0.6873990953125 0.2861205859375 0.6584893796875 0.2890625 0.6224981921875 0.2890625 0.6022028171875 0.27030044062499997 0.5773367125 0.25381430781250003 0.578793484375 0.22350514375000002 0.6016881734374999 0.1904377421875 0.6164030625000001 0.153914684375 0.59267506875 0.14963462031250002 0.5981073890624999
1 0.55718755 0.422154384375 0.5685921109375001 0.4380753765625 0.6245194609375 0.4383596578125 0.5573719031250001 0.450228065625 0.5722187546875 0.49452771562500003 0.5622659156250001 0.5100998 0.5579302875 0.5790098078125 0.5709249203125 0.6078125 0.5727101250000001 0.6078125 0.6359400125000001 0.5879627515625 0.7534012640625 0.552747834375 0.8382849078125 0.5293366953125 0.846875 0.4783782484375 0.846875 0.47166630937500004 0.80859120625 0.440737390625 0.7892190453125 0.39271336562500003 0.7577226781249999 0.36500929375 0.7133789125 0.36415898593749996 0.595010109375 0.377834034375 0.55718755 0.422154384375
8 0.7513745375 0.359375 0.7787951109375 0.3765978421875 0.8108931296874999 0.4349276265625 0.8718745312500001 0.4609375 0.8847829546875001 0.4609375 0.906428534375 0.4354606515625 0.9178581640625 0.392931075 0.9431214906250001 0.3617533890625 0.941596353125 0.359375 0.7513745375 0.359375
12 0.586933934375 0.6571200484374999 0.600220303125 0.671875 0.6112949640625 0.671875 0.6281935125 0.6643080984375 0.6415130453125 0.6504646968750001 0.67796011875 0.6404475765625 0.7157027296875 0.6339024546875001 0.7171875 0.6263511562499999 0.7171875 0.577952046875 0.7094044234375 0.569637615625 0.655011946875 0.589716465625 0.6307755015625001 0.5958416859375 0.589887371875 0.60041855 0.5750874890625 0.612448534375 0.586933934375 0.6571200484374999
8 0.7002591703125 0.6417430859375 0.71148293125 0.65929753125 0.822249284375 0.6399596765625001 0.8352757078125 0.5966188921875 0.8654958203125 0.5466357359374999 0.77119818125 0.5510114640625 0.7083951328125 0.5682376984374999 0.7188939203125 0.577472390625 0.71763365625 0.6334672609374999 0.7002591703125 0.6417430859375