9 0.1640081859375 0 0.162779909375 0.002799428125 0.15980260156249998 0.025136346875 0.15502525312499998 0.0407012 0.1461434296875 0.0565138140625 0.139228490625 0.063748825 0.1251745046875 0.08486059375 0.10954789375 0.12020750468750001 0.10325408437500001 0.1494990953125 0.1021318859375 0.16888336875 0.10415934843750001 0.19666264218750001 0.1015752 0.21544077968750003 0.08381210624999999 0.2516741640625 0.0810021921875 0.2632695734375 0.075 0.2745005734375 0.075 0.31346680312499997 0.0826959765625 0.32174818906249997 0.1000119875 0.33125 0.1434838171875 0.33125 0.14994291875000001 0.326589675 0.1631533234375 0.3038875515625 0.1723170765625 0.29474926562500003 0.179119134375 0.28392289375 0.1890703015625 0.2768833609375 0.193173671875 0.26741928125 0.19778363125 0.26259594062499997 0.2405138625 0.249474559375 0.2641269640625 0.23409835625 0.276776265625 0.22108836874999999 0.298813434375 0.1922983484375 0.31882810156249997 0.17720248593750001 0.33619859218750003 0.14913604375 0.374254421875 0.0722240125 0.393477809375 0.022772284375 0.406314596875 0 0.1640081859375 0
8 0.8143552375 0 0.8135481671875 0.0040674796875 0.804472346875 0.0095175515625 0.8098778890624999 0.0168092171875 0.811968946875 0.022578671875 0.8155393484375001 0.0362412015625 0.8199063828125001 0.0487667484375 0.8286264093749999 0.0575806203125 0.8328654828125 0.06403600468750001 0.8406039609375 0.07300023125 0.853065265625 0.080226059375 0.8604908640625 0.0821334875 0.8633645109374999 0.070528740625 0.861273453125 0.0647592859375 0.8644599781250001 0.060211334375 0.8618711250000001 0.046398446875 0.8627247140625001 0.0401779328125 0.859097353125 0.031598928124999995 0.8541755640625001 0.0161134796875 0.8511029562499999 0.010494378125 0.8428360218750001 0 0.8143552375 0
9 1 0 0.8585014203125001 0 0.8587930500000001 0.0020274953124999997 0.903264296875 0.13970900625 0.9182169218749999 0.1683452703125 0.9318125531250001 0.18704949531249998 0.9492677578125001 0.2021205421875 0.9712072234375 0.227658584375 1 0.2494258125 1 0
1 0.09260530156249999 0.5296875 0.092973965625 0.542710665625 0.097442340625 0.559856159375 0.0657055640625 0.6167659875 0.08774254687500001 0.737016446875 0.197460121875 0.81875 0.207134396875 0.81875 0.34375 0.7313026890625001 0.34375 0.6708106 0.34032091875 0.599455496875 0.3287224109375 0.5296875 0.09260530156249999 0.5296875
17 0 0.8995863203125 0.0087907203125 0.9 0.07112969375 0.9 0.0828125 0.8180859312500001 0.0828125 0.7868149859375 0.0242810328125 0.740625 0 0.740625 0 0.8995863203125
11 0 1 0.1678834984375 1 0.15914498593749998 0.9631084734375002 0.1500595578125 0.950668396875 0.05814296875 0.9291028296875 0 0.9178066328125001 0 1
1 0.187233965625 0.672585259375 0.1638003859375 0.6637804625 0.14757391875 0.6601625359375001 0.023761346875 0.8186725671874999 0.0403847046875 0.8343311203124999 0.0301067125 0.8455002125 0.197409375 0.9503096203125001 0.2051297484375 0.9335929046875 0.230266265625 0.9461615 0.363118425 0.7709305656250001 0.330282890625 0.742666696875 0.32278463749999997 0.721638446875 0.30627546875 0.698481415625 0.284543859375 0.680200309375 0.25314764218749997 0.6672886828125 0.2262574125 0.66493785 0.20104421874999998 0.6683250109375 0.187233965625 0.672585259375
2 1 0.5296875 0.7959171140625 0.5296875 0.7925511375000001 0.54006015625 0.79204681875 0.5539300390624999 0.79443373125 0.5654904000000001 0.8076400625 0.5748050390625 0.8319305031249999 0.60354644375 0.86210678125 0.630616315625 0.87987393125 0.64285294375 0.9272832781249999 0.6669306453124999 0.951171196875 0.67006955 0.9778814359375 0.6689339249999999 0.9950628203124999 0.6644679984375 1 0.6644552796875 1 0.5296875
18 1 0.7567886796875 0.9947099078124999 0.7391552515625 0.9827252265624999 0.7222995828125 0.9779059796875 0.7120088203125 0.9563579843750001 0.6908403453125 0.94471786875 0.68380970625 0.932819328125 0.6694102953125001 0.8808491609375 0.6424106046875 0.8716930640625 0.6355841234375 0.8566166734374999 0.6294466703125 0.8347194140624999 0.6265693421874999 0.809965378125 0.6269840375 0.7823373359375 0.63019950625 0.7592528875 0.6358457125 0.7270875203125 0.65093415625 0.7013874921875 0.666749909375 0.680672728125 0.683465225 0.66871780625 0.6957082375 0.6611169640625001 0.7049782171875 0.654181765625 0.719103296875 0.6455440921875 0.7694342546875 0.6321780109375 0.7838145296875 0.6291552171875 0.7964977531249999 0.64074521875 0.8444745296875 0.651273321875 0.8762974218749999 0.6656104625 0.9037309499999999 0.683211596875 0.9253587781249999 0.7173864218749999 0.9534430515625001 0.764744084375 0.976047 0.7933823359375 0.9875116578124998 0.8053435234374999 0.9895723624999999 0.8191747734374999 0.9884558796875 0.8314570343749998 0.9855466484375001 0.8490111765625 0.9775845437499999 0.871274928125 0.962661975 0.9057692578125 0.943356421875 0.9443764640625 0.9142003187500001 0.9769427796875 0.88229448125 0.9877559296874999 0.8657450437499999 0.9894020203124999 0.8561815859374999 0.9884027718749999 0.827688996875 0.9912470140625 0.7957895421875 1 0.7784594375 1 0.7567886796875
18 0.5796875 0.9136915359375 0.5856635156250001 0.9123778390625 0.6125397718750001 0.901851015625 0.6240185640625 0.8901566750000001 0.6294564625 0.8757126015625 0.6404246687499999 0.8635844296874999 0.6388803765625 0.8336755 0.62868430625 0.7830702109375001 0.610245246875 0.7516747718750001 0.6005785640625 0.74441445625 0.5930748234375 0.7423282328124999 0.5876651171875 0.7434510953125001 0.5796875 0.7501519562500001 0.5796875 0.9136915359375
18 0.5796875 0.5296875 0.5796875 0.6252521390625 0.5813391578125 0.6336978375 0.5839516140625001 0.6940643609375 0.5890637421875 0.7127064015625 0.5938657609375 0.7225059125 0.598443809375 0.7259191546875 0.6028840296875 0.72540238125 0.61843655 0.7309911640625 0.6268753203124999 0.7314887953125 0.6326922453125 0.72785225625 0.6374018546875 0.7208917953125 0.6494711078125001 0.6977838296875 0.6534633890625 0.68449451875 0.660691471875 0.678720715625 0.6719525609375 0.67494381875 0.687613146875 0.6553639328124999 0.690756540625 0.6461194703124999 0.6909852062499999 0.6243895625 0.6814829671875 0.56531815625 0.669985375 0.534101353125 0.666417778125 0.5296875 0.5796875 0.5296875