17 0.022045354687499998 0 0.02102916875 0.057567040624999996 0.0111187953125 0.117699896875 0.010874521875 0.19237421875 0.002209078125 0.2330842703125 0 0.2600289390625 0 0.4084187078125 0.006358190625 0.4360573171875 0.0097786296875 0.4375 0.2425264875 0.4375 0.2503060453125 0.40552839687500003 0.273837209375 0.207690125 0.271030153125 0.19636870312500002 0.2522349109375 0.190403278125 0.249598715625 0.180352975 0.2869941359375 0.1047796328125 0.2984375 0.01969333125 0.2984375 0 0.022045354687499998 0
17 0.3921875 0.3167727734375 0.3921875 0.2555690984375 0.2865650703125 0.196875 0.2711831078125 0.196875 0.2511902375 0.36555830624999996 0.258196115625 0.41746330625 0.266278009375 0.4285362390625 0.271304090625 0.4296875 0.37288055937500003 0.4296875 0.3921875 0.3167727734375
13 0.4 0 0.37594786406249997 0 0.29402962499999996 0.1402156359375 0.31226721875 0.15953693124999999 0.4 0.21362564218750002 0.4 0
9 1 0.37779095156250003 0.98021686875 0.37377764375 0.9721300124999999 0.3794539703125 0.8822413093750001 0.346584953125 0.8779612359375001 0.29031753125000004 0.8636327484375 0.2665054453125 0.8445677625 0.24695882187499998 0.8312808781250001 0.24217284375 0.43039833281249995 0.1171875 0.4 0.1171875 0.4 0.3085482046875 0.778042765625 0.4874630625 0.7966442265625 0.49228191718750003 0.8277227296875 0.490224525 0.8390436171874999 0.474751603125 0.8444727437499999 0.4643550484375 0.8520969640625001 0.45335853437500007 0.85937486875 0.445427565625 0.868617878125 0.448347915625 0.9497262078125001 0.48361676875 0.94938078125 0.49608989843750007 0.9511503968749999 0.496875 0.9937089421875 0.496875 0.9998679203125 0.4822908390625 1 0.4818558015625 1 0.37779095156250003
13 0.500442765625 0 0.4984375 0.0213780984375 0.4984375 0.07165148593750001 0.6288339359374999 0.1 0.6703851546875 0.1 0.6796851281249999 0.04301591875 0.6915678609375 0.0320255359375 0.6948598125000001 0 0.500442765625 0
13 0.8421875 0.0914829015625 0.8421875 0.0657667234375 0.695523421875 0.0265625 0.686699815625 0.0265625 0.6753655640625 0.0354132515625 0.640625 0.179380715625 0.640625 0.191066346875 0.7808005875 0.234375 0.8045342906249999 0.234375 0.8421875 0.0914829015625
13 0.69269620625 0 0.686732496875 0.025630825000000003 0.8393044296875001 0.0635479984375 0.8565925968750001 0 0.69269620625 0
13 0.4 0.1025495953125 0.5873981328125 0.10240918437499999 0.5904137328125 0.08620283749999999 0.496707978125 0.0612324234375 0.502058228125 0.0494577 0.4 0.032381015624999995 0.4 0.1025495953125
13 0.41816824218750004 0 0.4 0.020546943749999998 0.4 0.0310933953125 0.5016209078125 0.0444221296875 0.50567874375 0 0.41816824218750004 0
4 0.4 0.511914428125 0.3899125875 0.5125605734375 0.3808031625 0.5115025703125 0.36525514375 0.51912764375 0.3648174890625 0.522072503125 0.369115503125 0.5347208828125 0.377431028125 0.6588983390625 0.3836901015625 0.7207041015625 0.38875261562499996 0.73860051875 0.3942626109375 0.770806175 0.398560625 0.7834545546875 0.383558278125 0.79780009375 0.38218499375000003 0.803576503125 0.388925184375 0.8101842874999999 0.4 0.8253757109375 0.4 0.511914428125
8 0.3199362703125 0.75795533125 0.327830075 0.7536749546875 0.32396924843749997 0.7517969156250001 0.324262759375 0.7498441546875 0.33077508125 0.7513093546875 0.33622482656249997 0.7495072875 0.33705738125 0.7370771234375 0.3396481984375 0.73362243125 0.3379379171875 0.731218840625 0.3288728796875 0.72261821875 0.328738821875 0.720064559375 0.3090071203125 0.710073459375 0.29443165625 0.7002330546875 0.2869174390625 0.6985424421875 0.2587782875 0.6962490453125 0.227362521875 0.708864128125 0.22574820468749998 0.7196043109375 0.22727363125000002 0.7335743953125 0.24414358749999998 0.762604909375 0.258987171875 0.7775526296875 0.2761280546875 0.7909984203125 0.2946377234375 0.8022286765625001 0.30837075 0.8073372484375 0.3435965484375 0.8107203593750001 0.34589385 0.8092184281250001 0.34813064374999997 0.8109375 0.3515625 0.8109375 0.3515625 0.7858849796875 0.3511389734375 0.7846588578125 0.34628895000000004 0.7790253640625 0.3374920234375 0.7755320578125 0.32956293593749997 0.7697105093750001 0.3199362703125 0.75795533125
8 0.2566374890625 0.7771693234375 0.228125 0.77982630625 0.228125 0.820311925 0.22878809531250002 0.8222268734375 0.24242400156250002 0.8277892125000001 0.2443220625 0.8363976531249999 0.243889234375 0.8531951640625 0.2513191625 0.8712122593749999 0.2576743 0.8787545968749999 0.2659669796875 0.8841640921874999 0.28600923749999996 0.890625 0.3168786125 0.890625 0.3176006265625 0.8904155125 0.31913456562500003 0.87693190625 0.3166413515625 0.86870430625 0.3085270671875 0.8551436390625 0.3085402265625 0.8515632109375 0.317721971875 0.8372042390625 0.334375 0.8241881140625 0.334375 0.821551484375 0.32751203125 0.8188839968749999 0.3205748953125 0.8081420734375 0.30633068125 0.8065410046875 0.2900992 0.800407084375 0.26899388750000003 0.7875689359375 0.2566374890625 0.7771693234375
10 0.4 0.768961103125 0.392612515625 0.7353352296875 0.376362259375 0.6652710265625 0.3767155078125 0.6234375 0.368621696875 0.6234375 0.36195587812499996 0.6305633015625001 0.32380739687500004 0.6236704390625001 0.3015355296875 0.6535652203125 0.30064758281250004 0.695290778125 0.3173248125 0.7147903062500001 0.3440850484375 0.7383203609375 0.3572298421875 0.7814770828125 0.3529404546875 0.8102036781249999 0.3167231765625 0.8142298578125 0.341804521875 0.8251510703125 0.36511965 0.84790088125 0.4 0.8847497171875001 0.4 0.81085239375 0.3862609265625 0.7897989390625 0.4 0.7751117843750001 0.4 0.768961103125