11 0.3282292140625 0.5 0.3258000046875 0.49612650937499997 0.32360091875 0.47330069999999996 0.31898008125 0.45459858437499995 0.292169959375 0.366512684375 0.278782534375 0.32996797031249997 0.2719978828125 0.30343651718750003 0.2670461109375 0.2926785609375 0.2608119953125 0.2637335375 0.2555670109375 0.249932140625 0.24577295625 0.23442953281249998 0.2348042171875 0.226241215625 0.2319432609375 0.2193037296875 0.19148286406249998 0.1585942859375 0.17592917187499998 0.1402043046875 0.13693605625 0.0817200296875 0.0974635609375 0.04914625 0.08322931875 0.044451753125 0.073396925 0.046432765625 0.065985671875 0.050786103125 0.060518631249999996 0.0574381875 0.05310615 0.07478356093750001 0.049363721875 0.0782038046875 0.0451078640625 0.07954603593750001 0.021848478125 0.0754579859375 0.006915864062500001 0.084647375 0 0.1149666765625 0 0.1548284875 0.014721232812500002 0.18029503281249998 0.022828403125 0.18804188125000001 0.0275599609375 0.19976526562500002 0.0638016140625 0.2573253546875 0.0853710453125 0.286137734375 0.09692498125 0.31340497031250003 0.12370351093750001 0.3475182921875 0.1379736390625 0.3607132421875 0.1697435109375 0.375108865625 0.183720428125 0.3852603734375 0.23038089374999998 0.44692633437499996 0.269925771875 0.49000500156250004 0.2734838703125 0.4960506390625 0.2725830171875 0.5 0.3282292140625 0.5
4 0.391354728125 0 0.3477277125 0.0395139703125 0.335876271875 0.05467541875 0.3210154265625 0.08086571249999999 0.3170162828125 0.08324695 0.301791071875 0.08289688125 0.27442059375 0.1011608359375 0.23791364218750002 0.1335059890625 0.22734699374999998 0.140870434375 0.22231976874999998 0.15208768125 0.240217925 0.2078172265625 0.24549879375 0.230119075 0.257602653125 0.2614687578125 0.2697782828125 0.309819346875 0.28543962968750003 0.35371068437500003 0.290463784375 0.3749735265625 0.31870469218749997 0.4632801609375 0.324668334375 0.5 0.36334611875 0.5 0.39574626562500004 0.4826612859375 0.45903543437499994 0.4454533484375 0.487800196875 0.42540569218749996 0.4890625 0.424862953125 0.4890625 0.181278053125 0.4765627890625 0.15433321875 0.4619994515625 0.138094828125 0.4626600953125 0.13519854375 0.47076849374999996 0.1299533546875 0.47095221093750006 0.1269834921875 0.46489935937500004 0.12105267812500001 0.4619282953125 0.1145979046875 0.45668208281249995 0.1137885453125 0.454847978125 0.1110070828125 0.43533409375 0.0710187015625 0.42513794687499995 0.0399633328125 0.40608293125 0 0.391354728125 0
1 0.4890625 0 0.4112131375 0 0.4109362984375 0.0079207015625 0.414603278125 0.0264756609375 0.445854815625 0.0907614125 0.45403498124999997 0.10251713124999999 0.46210565312499996 0.10825954374999999 0.4656631390625 0.12080120000000001 0.4739775671875 0.1234375 0.47489352343749996 0.1234375 0.4756427515625 0.1138458921875 0.48250408125 0.10541010625 0.4869801546875 0.103102446875 0.4890625 0.10358215625 0.4890625 0
1 0.16678627968749998 0 0.16629313437499998 0.0057946875 0.20848059531250002 0.037288218750000005 0.258128178125 0.06493565 0.31455272500000003 0.08125 0.32084852812500003 0.08125 0.3664834515625 0.0083627125 0.370926121875 0 0.16678627968749998 0
2 0.694939296875 0.5 0.7026317125 0.4935309140625 0.7089927874999999 0.48523773124999997 0.7105494718750001 0.47967657812500003 0.70914760625 0.4579599640625 0.6970154671875 0.4243341140625 0.6909435453125 0.419300959375 0.6698977078125 0.4137772453125 0.654451625 0.4158642890625 0.6361754703125 0.4275270765625 0.6298114703125 0.44171014687500004 0.62735620625 0.45511369375 0.6282917578125 0.467628140625 0.636051775 0.486941459375 0.64574620625 0.49863154062500004 0.647706603125 0.5 0.694939296875 0.5
13 0.571873115625 0.5 0.5523775625 0.4826258375 0.527803646875 0.46992967343750003 0.5047805624999999 0.46345212656249996 0.5043083953124999 0.466029734375 0.5101885265625 0.47798381562500003 0.514039803125 0.49807665625 0.5138040953125 0.5 0.571873115625 0.5
12 0 0.5 0 0.7881862265625 0.017021690625 0.7978582750000001 0.02853036875 0.8074910687500001 0.045622173437500003 0.8176743234374999 0.0555856953125 0.8269299562500001 0.0996377421875 0.8505176125 0.11024823749999998 0.861230903125 0.1273400390625 0.871414159375 0.12961614375 0.8734375 0.1395411 0.8734375 0.347533925 0.8564280609375 0.3477539765625 0.85389245625 0.35734875625 0.8239035296875 0.37755474843750003 0.7386664546875 0.39554930625 0.6767722390625 0.403125 0.63701908125 0.403125 0.5272087265625001 0.40131815 0.5 0 0.5
17 0.7433730125 0.5 0.7288632609375 0.5705959140625 0.72731765625 0.60004375 0.8677177328125 0.6203125 0.8716498109374999 0.6203125 0.883653675 0.5946502640625 0.8922886468750001 0.563233353125 0.9088248968750001 0.521671578125 0.91426619375 0.5 0.7433730125 0.5
17 0.5702129203124999 0.5 0.559432978125 0.5073268078125001 0.540007521875 0.51550483125 0.534760796875 0.5197447109375 0.528431521875 0.5348856484375 0.5197807125 0.5456362125 0.5771425031249999 0.6622087328124999 0.5839665109375 0.6698537078125 0.611980396875 0.6584952171875 0.618444990625 0.641991646875 0.61945988125 0.631771903125 0.623478178125 0.626018153125 0.664801784375 0.6333561921875 0.6712769375 0.6306301828125 0.676107146875 0.6167006390625 0.6786782015625 0.590810621875 0.666732228125 0.5722653328125 0.6637911984375 0.560229240625 0.6398210359375 0.5100424109375 0.6371043734375 0.5 0.5702129203124999 0.5
17 0.7791651546875 1 0.7904415859375 0.9648353984375 0.7943763875000001 0.9390966203125 0.794495865625 0.9170676421875001 0.7882184125 0.9108609203124999 0.75569149375 0.9051872484375 0.7501064718749999 0.9128337078125 0.746640009375 0.9269144921875 0.6998930984375 0.9603041874999999 0.6982639921875 0.9697669968749999 0.7015485984375001 0.9852852875 0.710953175 1 0.7791651546875 1
17 0.6744156640625001 0.6337335453125 0.6235458375 0.6253368359375 0.6204123921875 0.62912225625 0.6148484875 0.6643238421875 0.583780346875 0.7827994765625 0.6806168484375 0.8073149718749999 0.7210229515625001 0.685053175 0.722292640625 0.651441821875 0.720517659375 0.6484896984375 0.68157796875 0.6379719375 0.6744156640625001 0.6337335453125
17 0.752289765625 0.6478802859374999 0.7449297625 0.652574625 0.722657334375 0.6824791484375 0.721845421875 0.69065494375 0.708707978125 0.7188172515625 0.7085779390625 0.7270686671875 0.7008902 0.7489471484375001 0.8215509890625 0.8112345421875 0.88469355 0.73075691875 0.8846829921874999 0.7169793546875 0.8803729375 0.6979032453125 0.8722528437499999 0.689425715625 0.8352858328125 0.672927346875 0.8238240343750001 0.6633904046875 0.8053405281250001 0.655141221875 0.7912918359375001 0.6508279515625001 0.752289765625 0.6478802859374999
17 0.4890625 0.7778058859375 0.49391372968749997 0.778343884375 0.5342795453125 0.7814427875 0.5779088484375 0.7725048578125 0.587382128125 0.7673560593750001 0.6078478984375 0.693166725 0.6120533375 0.6647026828125 0.6031889890625 0.66371963125 0.5847160437500001 0.6692480109375 0.57768905625 0.6636469843749999 0.56268785625 0.6619833609375 0.499825515625 0.6632778046875 0.4890625 0.6647365640625 0.4890625 0.7778058859375
17 0.664976009375 0.86068598125 0.6496566546875 0.7997485890625 0.5870543921875 0.7845402046875 0.58384800625 0.7821181609375 0.58336383125 0.7731098109375 0.5766127625 0.771672303125 0.5483906171874999 0.7781859609375 0.5420042421875 0.807785778125 0.5461165984375 0.8357946187499999 0.5523993328125 0.8488901234374999 0.555767434375 0.88439344375 0.5620607265625 0.911266509375 0.5656783484375 0.9164894390625001 0.5759064406250001 0.9176237265625 0.6026971796875 0.9116401468750001 0.61081199375 0.91322889375 0.6369885203125 0.9064883796875 0.664242315625 0.8819580234375 0.66628265625 0.8752960999999999 0.664976009375 0.86068598125
17 0.7789260171875 0.796175165625 0.7819918046875 0.7930710609375 0.7481582421875 0.7727872703124999 0.7204668140624999 0.7600728359375 0.698792759375 0.7700679515625 0.7000528625 0.8129145109374999 0.7102862375 0.8209375828125001 0.736973334375 0.8576493234375 0.7382070390625 0.8660519765625001 0.781758125 0.844017796875 0.7779787875 0.8057135921875 0.7789260171875 0.796175165625
17 0.6568400750000001 0.8315421093750001 0.6743086921875 0.8500110375000001 0.693078675 0.8762013 0.6945830171875 0.8818786890625001 0.7330226953125 0.86272175625 0.7339752046875001 0.8600721109375 0.6999852046875 0.8135958265625 0.697866646875 0.8071615046874999 0.6985221218750001 0.7727932171875 0.6949045015624999 0.7675702859375 0.68068450625 0.80663365625 0.652998359375 0.8008080015625 0.651296315625 0.80406334375 0.6556687515624999 0.815569359375 0.6568400750000001 0.8315421093750001
17 0.7501170328125 0.9266112703125 0.75376535625 0.8829314125 0.7351359734375 0.8622672984375 0.6947183359375 0.88051605625 0.68503151875 0.8739312375000001 0.678691684375 0.8752946140625 0.6604946546875 0.8849865062500001 0.639918990625 0.9047469078125001 0.6395806937499999 0.9081534874999999 0.6489292125 0.9181448890624999 0.69368858125 0.9603049296874999 0.69839403125 0.9615155828125002 0.7501170328125 0.9266112703125
17 0.4890625 0.66501118125 0.5294790640625 0.6562340703125 0.546723584375 0.6491918203125 0.555436771875 0.6308711609375 0.5557021296875 0.6212571125 0.53712456875 0.5792453375 0.526407021875 0.562213915625 0.4890625 0.5651502984375 0.4890625 0.66501118125
17 0.6522182484375 1 0.6541557953125 0.976585359375 0.653806940625 0.966214378125 0.6441719421875 0.9382818984375 0.6285406874999999 0.9151949937499999 0.623153365625 0.9139087234375001 0.6060441640625001 0.9195883421875 0.5968468 0.9289006546875 0.5737984421875 0.9249669671875 0.5515725546875 0.9266350484375 0.5196027515624999 0.936177190625 0.515792709375 0.9467757734374999 0.517437653125 0.9579793109375 0.5312780859374999 0.957447746875 0.54896551875 0.9945390703125 0.560510396875 1 0.6522182484375 1