10 0.49761939843749997 0.46875 0.4984375 0.4615234375 0.5013671875 0.45615234375 0.50576171875 0.43466796875 0.50625 0.39560546875 0.50966796875 0.35654296875 0.5091796875 0.3443359375 0.5052734375 0.33798828125 0.49892578125 0.33310546875 0.4935546875 0.3140625 0.519921875 0.2525390625 0.521875 0.2310546875 0.521875 0.21412760468749997 0.52138671875 0.21103515625 0.5150390625 0.2076171875 0.49013671875 0.20322265625 0.4740234375 0.20322265625 0.44228515625 0.19833984375 0.39638671875 0.1978515625 0.36708984375 0.19443359375 0.363671875 0.1978515625 0.3568359375 0.21298828125 0.3509765625 0.2310546875 0.3509765625 0.2369140625 0.35439453125 0.24619140625 0.36025390625 0.25302734375 0.35927734375 0.2701171875 0.36513671875 0.29306640625 0.36513671875 0.31162109375 0.36806640625 0.32431640625 0.363671875 0.33994140625 0.3763671875 0.35849609375 0.3734375 0.386328125 0.37294921875 0.43173828125 0.37978515625 0.4625 0.38271484375 0.46591796875 0.3998046875 0.468359375 0.4005673359375 0.46875 0.49761939843749997 0.46875
10 0 0.348181534375 0.043798828125 0.3587890625 0.095556640625 0.3744140625 0.131201171875 0.38125 0.154150390625 0.38125 0.158056640625 0.3802734375 0.155615234375 0.3744140625 0.141943359375 0.359765625 0.131689453125 0.32314453125 0.128759765625 0.289453125 0.129248046875 0.2591796875 0.130712890625 0.254296875 0.135595703125 0.2484375 0.143896484375 0.24501953125 0.158056640625 0.2455078125 0.170263671875 0.2396484375 0.173193359375 0.23525390625 0.182958984375 0.16787109375 0.184375 0.12928466875 0.184375 0.11357421875 0.183447265625 0.11171875 0.178564453125 0.109765625 0.127783203125 0.1087890625 0.118017578125 0.11025390625 0.104833984375 0.115625 0.091650390625 0.12685546875 0.075537109375 0.13515625 0.012548828125 0.15029296875 0.006201171875 0.1537109375 0 0.16010002343750002 0 0.348181534375
8 0.55 0.46875 0.55 0.12938290624999998 0.523486328125 0.1037109375 0.500537109375 0.09052734375 0.475634765625 0.083203125 0.471728515625 0.0802734375 0.467822265625 0.0724609375 0.458056640625 0.0646484375 0.440478515625 0.0578125 0.389208984375 0.0578125 0.394580078125 0.09150390625 0.415576171875 0.16279296875 0.423388671875 0.1759765625 0.438525390625 0.19306640625 0.445849609375 0.196484375 0.461962890625 0.19794921875 0.473681640625 0.20380859375 0.480517578125 0.20380859375 0.487353515625 0.19990234375 0.497607421875 0.19794921875 0.518115234375 0.20576171875 0.522998046875 0.20966796875 0.523486328125 0.221875 0.517138671875 0.2560546875 0.494189453125 0.3126953125 0.494189453125 0.315625 0.497607421875 0.31953125 0.505908203125 0.3234375 0.509814453125 0.34296875 0.506884765625 0.41865234375 0.49935128281249996 0.46875 0.55 0.46875
16 0.55 0.24212239531250002 0.5786458328124999 0.23951822968749997 0.6030598953124999 0.24928385468749997 0.5509765625 0.10930989531249999 0.55 0.10861235 0.55 0.24212239531250002
16 0.55 0.10598958437499999 0.5574869796875 0.12395833281249999 0.58515625 0.1272135421875 0.6323567703124999 0.1369791671875 0.6828125 0.1320963546875 0.6876953125 0.1125651046875 0.66328125 0.1027994796875 0.6209635421875 0.0702473953125 0.5688802078124999 0.0800130203125 0.55 0.0766565390625 0.55 0.10598958437499999
16 0.5623697921875 0.1369791671875 0.5721354171875 0.179296875 0.5884114578124999 0.1760416671875 0.5884114578124999 0.1272135421875 0.5611318953125 0.13202758125 0.5623697921875 0.1369791671875
16 0.737055121875 0 0.7381510421875 0.0263020828125 0.692578125 0.0311848953125 0.6518880203124999 0.0197916671875 0.6453776046875 0.0442057296875 0.6470052078124999 0.0474609375 0.7104817703124999 0.058854167187499994 0.7381510421875 0.0490885421875 0.7674479171874999 0.0214192703125 0.7934895828125 0.0149088546875 0.7957485 0 0.737055121875 0
16 0.6893229171875 0.1386067703125 0.7137369796875 0.1467447921875 0.7365234375 0.1386067703125 0.7690755203125 0.1272135421875 0.8 0.1109375 0.8309244796874999 0.0930338546875 0.8634765625 0.0653645828125 0.8520833328125 0.0458333328125 0.8341796875 0.053971354687499994 0.7886067703125 0.0653645828125 0.731640625 0.0865234375 0.692578125 0.1076822921875 0.6893229171875 0.1386067703125
16 0.7723307296874999 0.1434895828125 0.7658203125 0.1369791671875 0.7267578125 0.1532552078125 0.6909505203124999 0.1809244796875 0.7072265625 0.21022135468749997 0.7072265625 0.21510416718749997 0.7088541671875 0.20696614531250002 0.7397786453124999 0.1825520828125 0.7837239578125 0.1809244796875 0.7951171875 0.1516276046875 0.7723307296874999 0.1434895828125
11 0.0545201046875 0.46875 0.10879759687499999 0.538776209375 0.1201522 0.5744751375 0.133915628125 0.5976835203124999 0.1520599546875 0.6179947515624999 0.18397046875 0.6441146734375 0.3426001171875 0.8271358484375 0.3570392296875 0.8391910140625001 0.3702948703125 0.84375 0.3859498125 0.84375 0.4019029515625 0.8374350906250001 0.521875 0.734955625 0.521875 0.73131456875 0.503822990625 0.563745053125 0.4758401796875 0.5392337640625 0.440466159375 0.4983888125 0.4075726640625 0.46875 0.0545201046875 0.46875
12 0.45414391875 1 0.4609375 0.9871819828125 0.4609375 0.985145171875 0.45746607499999997 0.9610903203125 0.43205964999999996 0.89950595 0.4013576875 0.8410412171875 0.39639999375 0.8385842468749999 0.3703096 0.8403521640625 0.34864955468750003 0.8309692609375 0.20181124375 0.6615630703125 0.168120909375 0.62763445625 0.15738702031250001 0.6238353578125 0.1050139671875 0.6255864843750001 0.0770970671875 0.6103996890625 0.0623567078125 0.6078125 0.06155994687500001 0.6078125 0.037575565625 0.6181819953125001 0.021543378125000002 0.6349022234375 0.0108534109375 0.6576488375 0.0097904375 0.68263233125 0.0184533515625 0.69334536875 0.044637115625 0.7098694953125 0.031348825000000004 0.725922259375 0.0314421953125 0.7442143046874999 0.07276810781250001 0.8925842296875001 0.1161321203125 0.9378957437500001 0.12657209062500002 0.9738171640625 0.1452932109375 0.9994825140625 0.1458929 1 0.45414391875 1
1 0.55 0.8054283484375 0.5683821390625 0.8050609218750001 0.5879341640625 0.7956042609375 0.6039485203125 0.7911282843749999 0.6706669203125 0.7639545125 0.692481271875 0.7575863 0.78125 0.7231759484375 0.78125 0.7071868890624999 0.7787770468749999 0.6481604296875 0.7798747468749999 0.6268396015625 0.7760920546875 0.61218529375 0.77538100625 0.5985253203124999 0.7722175359375 0.5852495156249999 0.7652404640625 0.5794567921875 0.7537018390625001 0.57831330625 0.7388770109375 0.5737499265625 0.735143234375 0.5708919828125 0.7177617015625 0.5711556203125 0.68069940625 0.57942058125 0.6595042765625 0.5871672968749999 0.6288182843750001 0.5944334125 0.6125280046875 0.6014117859375 0.5959373421875 0.6049943703125 0.5835280296875001 0.6108729578125 0.55 0.619761365625 0.55 0.8054283484375
10 0.596204753125 0.8604956406250001 0.58825689375 0.8830534859375 0.60273216875 0.8890625 0.6082033265625 0.8890625 0.6438320109375 0.874347671875 0.678505025 0.8541611343750001 0.72987086875 0.8166046437500001 0.777498078125 0.7850075546874999 0.7766191015625 0.7830503953125 0.7782536656250001 0.7827943421875 0.7799822421875 0.785474565625 0.7828125 0.7807462921875 0.7828125 0.77812768125 0.7812978375 0.7610046546875 0.7828125 0.7431849046875 0.7828125 0.72349918125 0.6486122140624999 0.7785108968750001 0.6518202125 0.7960422875 0.6419517109374999 0.81562210625 0.6204982343750001 0.835377259375 0.6051538890625 0.8492570765625 0.596204753125 0.8604956406250001
10 0.6999199078125 0.46875 0.6994190093749999 0.47004642343749997 0.68542314375 0.4804361078125 0.6714272828125 0.49082579062500004 0.646765809375 0.49304955 0.609661121875 0.4857464 0.6080265609375 0.48600245312499996 0.590046375 0.488819040625 0.5566399328125 0.4858549046875 0.55 0.47806451250000004 0.55 0.6081095515625 0.58506200625 0.6010822734375 0.6320351921875 0.5888056046875001 0.633526715625 0.5869325109375 0.682134465625 0.5743997890625 0.72775916875 0.5656132546875 0.7463115109375 0.5692648296875 0.765149934375 0.5761504859375 0.773894903125 0.5813383812499999 0.786420028125 0.61052583125 0.7943067625 0.6060114828125001 0.79876054375 0.5626881625 0.788360225 0.5200522828125 0.7768363781250001 0.502184115625 0.7535845140624999 0.48287424375 0.7212404734375 0.47318589375000003 0.720228865625 0.46875 0.6999199078125 0.46875
8 0.55 0.8235015265625 0.5551924390625 0.825447303125 0.567206534375 0.830123090625 0.5729684578125 0.8390571734375 0.5638762828125 0.848678696875 0.57944558125 0.8560764593750001 0.5771777328125001 0.8679078499999999 0.5697201187500001 0.87727331875 0.5861476531250001 0.8943733250000001 0.5850033375 0.8814370015625 0.5933803140625 0.863730275 0.627052053125 0.8322244546875 0.6394133515625 0.8220908250000001 0.6376968765625 0.8026863390625 0.6354159734375 0.7800913749999999 0.6358373625 0.7816648125000001 0.6354082453125 0.7768136906249999 0.5699646281249999 0.8050993234374999 0.5598711765625 0.8034015625 0.55 0.803723684375 0.55 0.8235015265625