3 0.24583333281250003 0 0.26764322812499997 0.043619790625 0.2953125 0.1233723953125 0.30670572812499997 0.20149739531250002 0.3342773453125 0.209375 0.3427734359375 0.209375 0.3571614578125 0.19498697812500002 0.36041666562499997 0.17545572812500002 0.3425130203125 0.1038411453125 0.3490234375 0.06640625 0.378125 0.0679379109375 0.378125 0.0012369875000000001 0.37799950781249997 0 0.24583333281250003 0
3 0.2008879484375 0 0.1900390625 0.0278971359375 0.214453125 0.0523111984375 0.207942709375 0.12392578125 0.237239584375 0.1597330734375 0.2915690109375 0.2140625 0.29289920625 0.2140625 0.303125 0.1819242953125 0.303125 0.1744280109375 0.292578125 0.11416015625 0.2600260421875 0.0392903640625 0.24409751562499998 0 0.2008879484375 0
1 0.609375 0.051725260937499996 0.5951497390625 0.051725260937499996 0.58212890625 0.08427734375 0.50888671875 0.16240234375 0.5121419265625 0.19169921875 0.55283203125 0.2275065109375 0.5603298609375 0.25 0.566731771875 0.25 0.609375 0.235785590625 0.609375 0.051725260937499996
1 0.609375 0.23108724062500002 0.54697265625 0.25188802187500003 0.57138671875 0.2746744796875 0.5844075515625 0.3039713546875 0.59580078125 0.3625651046875 0.6002929671875 0.3640625 0.60732421875 0.3640625 0.609375 0.36201171875 0.609375 0.23108724062500002
9 0.49986979062500003 0.4796875 0.5056640625 0.44781901093750004 0.49264322812500005 0.43479817656249997 0.5078125 0.390807290625 0.5078125 0.3840928828125 0.49915364531249995 0.3566731765625 0.4958984375 0.3111002609375 0.4421875 0.3078450515625 0.3819661453125 0.3078450515625 0.365690103125 0.3403971359375 0.3103515625 0.29970703125 0.295703125 0.3208658859375 0.2647786453125 0.3257486984375 0.258268228125 0.37294921875 0.2517578125 0.42177734375 0.26640625 0.42991536406249997 0.2843098953125 0.45921223906249997 0.3233723953125 0.46572265625 0.3373372390625 0.4796875 0.49986979062500003 0.4796875
9 0.4568359375 0.242220053125 0.49427083281249995 0.291048178125 0.502408853125 0.325227865625 0.5179302781249999 0.359375 0.5228352859375 0.359375 0.559375 0.344759115625 0.565885415625 0.33173828125 0.5828125 0.3086558953125 0.5828125 0.30374348906250004 0.5740234375 0.271516928125 0.541471353125 0.261751303125 0.551236978125 0.2308268234375 0.512174478125 0.1966471359375 0.45032552031249995 0.198274740625 0.4568359375 0.242220053125
9 0.236848959375 0.2966471359375 0.2205729171875 0.27548828125 0.241731771875 0.24944661406250002 0.2140625 0.23317057343749997 0.1619791671875 0.22014973906250002 0.10989583437499999 0.22991536406250002 0.106640625 0.23479817656250002 0.075716146875 0.2527018234375 0.139192709375 0.28525390625 0.165234375 0.2933919265625 0.1701171875 0.3373372390625 0.158723959375 0.34384765625 0.1758549203125 0.3734375 0.1789155515625 0.3734375 0.1961588546875 0.36337890625 0.2189453125 0.3666341140625 0.222200521875 0.3422200515625 0.236848959375 0.3454752609375 0.241731771875 0.32431640625 0.236848959375 0.2966471359375
9 0.42884114531249995 0.2392903640625 0.37350260468749996 0.25393880156250004 0.39303385468749996 0.2278971359375 0.37838541718749996 0.22138671875 0.3474609375 0.20185546875 0.3360677078125 0.21650390625 0.2970052078125 0.2620768234375 0.28072916718749996 0.2571940109375 0.27096354218749996 0.26370442656250004 0.2888671875 0.2913736984375 0.29049479218749996 0.31741536406250004 0.31490885468749996 0.29788411406250004 0.362538471875 0.3328125 0.3645124859375 0.3328125 0.38815104218749996 0.3060221359375 0.4418619796875 0.30439453125 0.47278645781249995 0.2718424484375 0.4565104171875 0.26370442656250004 0.45325520781249995 0.2344075515625 0.42884114531249995 0.2392903640625
13 0.1344075515625 0.22744140625 0.1737141984375 0.2296875 0.190625 0.2296875 0.190625 0.041239421875 0.152311196875 0.00771484375 0.13603515625 0.092350259375 0.13125 0.1641275796875 0.13125 0.1674479453125 0.1344075515625 0.22744140625
19 1 0 0.609375 0 0.609375 0.15377419375 0.6322496125 0.161126746875 0.6844235249999999 0.16982239999999998 0.88939246875 0.17106463593750001 0.9254173140624999 0.1660956921875 0.960199921875 0.15243109531250001 0.7452930906249999 0.15118885937499998 0.7440508546875 0.146219915625 0.7626843953125 0.127586375 0.7800756984375 0.082865878125 0.8334918484375 0.10149941874999999 0.8732434015624999 0.1077105984375 0.9167216609375 0.1077105984375 0.971380046875 0.1002571828125 1 0.11782586718750002 1 0
4 0.343505859375 0.674462890625 0.255615234375 0.567529296875 0.249267578125 0.556787109375 0.241943359375 0.528955078125 0.237548828125 0.519189453125 0.229736328125 0.508935546875 0.220947265625 0.506982421875 0.168701171875 0.533837890625 0.088623046875 0.580712890625 0.019775390625 0.614892578125 0.018798828125 0.619775390625 0.020751953125 0.627587890625 0.033447265625 0.648583984375 0.064208984375 0.672021484375 0.070556640625 0.694482421875 0.083251953125 0.714501953125 0.099365234375 0.734033203125 0.106201171875 0.756494140625 0.115966796875 0.765283203125 0.130615234375 0.791162109375 0.162841796875 0.836572265625 0.176513671875 0.865869140625 0.199462890625 0.902001953125 0.201416015625 0.908349609375 0.199951171875 0.927392578125 0.201416015625 0.933251953125 0.206298828125 0.944970703125 0.21264105937500002 0.953125 0.2178955078125 0.953125 0.220458984375 0.952783203125 0.249267578125 0.936669921875 0.265869140625 0.932763671875 0.269287109375 0.925927734375 0.278076171875 0.918603515625 0.304443359375 0.904931640625 0.311767578125 0.903955078125 0.325927734375 0.894677734375 0.333251953125 0.896142578125 0.340576171875 0.885400390625 0.396728515625 0.854638671875 0.411376953125 0.845361328125 0.415625 0.8392252609374999 0.415625 0.83740234375 0.414794921875 0.828271484375 0.401611328125 0.778955078125 0.390869140625 0.752587890625 0.375732421875 0.726708984375 0.371337890625 0.715478515625 0.343505859375 0.674462890625
4 0.3233629015625 1 0.325244140625 0.996435546875 0.333544921875 0.971044921875 0.3375 0.911279296875 0.3375 0.886181640625 0.337451171875 0.884130859375 0.335009765625 0.883642578125 0.313037109375 0.892919921875 0.275439453125 0.917333984375 0.259814453125 0.924658203125 0.217822265625 0.954443359375 0.214892578125 0.954443359375 0.201708984375 0.927099609375 0.201708984375 0.915380859375 0.206103515625 0.897802734375 0.204150390625 0.892431640625 0.200244140625 0.889501953125 0.173876953125 0.851416015625 0.162646484375 0.827001953125 0.141650390625 0.796240234375 0.140185546875 0.791357421875 0.126025390625 0.774755859375 0.118212890625 0.771826171875 0.116259765625 0.799169921875 0.115283203125 0.965673828125 0.108447265625 0.998388671875 0.10718622656250001 1 0.3233629015625 1
4 0.42530959062499996 1 0.4275390625 0.99638671875 0.444140625 0.97490234375 0.49443359375 0.88994140625 0.51298828125 0.86259765625 0.52666015625 0.84599609375 0.54423828125 0.83720703125 0.5671875 0.80888671875 0.580859375 0.78837890625 0.590625 0.7812766328125 0.590625 0.7208509296875001 0.573046875 0.715625 0.54228515625 0.70048828125 0.52470703125 0.694140625 0.5056640625 0.68828125 0.4734375 0.68193359375 0.44755859375 0.67021484375 0.42265625 0.6658203125 0.3650390625 0.6453125 0.34599609375 0.64189453125 0.32890625 0.63408203125 0.3162109375 0.6326171875 0.30888671875 0.63505859375 0.30791015625 0.6384765625 0.31669921875 0.64482421875 0.32158203125 0.6521484375 0.330859375 0.66044921875 0.3494140625 0.6853515625 0.36162109375 0.70732421875 0.3689453125 0.7166015625 0.3728515625 0.7263671875 0.37822265625 0.73271484375 0.38505859375 0.74736328125 0.41142578125 0.82548828125 0.41142578125 0.84306640625 0.4080078125 0.84794921875 0.39775390625 0.85478515625 0.34697265625 0.88115234375 0.33720703125 0.889453125 0.33037109375 0.971484375 0.3227401515625 1 0.42530959062499996 1
1 0.10852864531249999 1 0.1087890625 0.999658203125 0.115625 0.967919921875 0.1146484375 0.932275390625 0.11708984375 0.906396484375 0.1171875 0.892724609375 0.1171875 0.768212890625 0.11513671875 0.764794921875 0.11025390625 0.763818359375 0.08828125 0.775537109375 0.06826171875 0.781396484375 0.0638671875 0.785791015625 0.05068359375 0.790673828125 0.00869140625 0.819482421875 0 0.8267252609375 0 0.9939408734375 0.015380859375 1 0.10852864531249999 1
4 1 1 1 0.6830981171875 0.98671875 0.678385415625 0.9408854171875 0.6669270828125 0.9138020843750001 0.66484375 0.86484375 0.6700520828125 0.7533854171875001 0.6731770828125 0.65234375 0.67109375 0.63046875 0.68046875 0.61796875 0.6981770828125 0.609375 0.7016145828125 0.609375 0.9580255671875001 0.616927084375 0.9690104156250001 0.6281960234375 1 1 1