15 0.23714843437500002 0 0.1962642546875 0.0082922828125 0.19182073125000002 0.0128243703125 0.1564588 0.0179218484375 0.1140784875 0.026517584374999997 0.10992852812500001 0.025803221874999997 0.04729104375 0.03850759375 0.038239053125 0.0481239140625 0 0.0494431203125 0 0.4953125 0.08032354375 0.4953125 0.0995881359375 0.49316598906250003 0.2258568015625 0.4789668921875 0.3302011984375 0.4671397984375 0.41327317187499996 0.4637767828125 0.41926100625 0.44077730156249995 0.4493522078125 0.396290984375 0.4515625 0.3750649359375 0.4515625 0.0375781296875 0.3926716375 0.014619659375 0.26885211249999996 0.0220977234375 0.24468854687500002 0 0.23714843437500002 0
18 0.09354530625 0.3203125 0.10477374375 0.3203125 0.1106413734375 0.316372875 0.121875 0.27594665625000003 0.121875 0.2597141890625 0.1034856203125 0.24059796875 0.099763459375 0.23612483125 0.0760893203125 0.2565022140625 0.0661941640625 0.284560784375 0.06735772031250001 0.30519434843750004 0.09354530625 0.3203125
5 0 0.2910864625 0.00010775468749999999 0.291203425 0.011919459375 0.29375 0.027946384375 0.29375 0.064198021875 0.2680232171875 0.09985925 0.2374945265625 0.0900027234375 0.1929900546875 0.10889124218749999 0.15880316562500002 0.128781971875 0.1244119203125 0.2 0.096208671875 0.2 0.09443845937499999 0.14841087343749998 0.0779399015625 0.0868577578125 0.06723382812499999 0.0258855109375 0.05236459375 0 0.052609079687500004 0 0.2910864625
5 0.2348902609375 0.0869965734375 0.19739138125 0.0987977140625 0.14278850468749998 0.11719926562500001 0.1215285609375 0.1339710796875 0.10792784531249999 0.16368078125000002 0.09163039375000001 0.187726053125 0.0921106046875 0.221811259375 0.1052710546875 0.2470918765625 0.1251764359375 0.2668516671875 0.1707655265625 0.272043828125 0.2098805890625 0.27545049375 0.23766378906250002 0.29049397187500003 0.253370578125 0.2984375 0.281004565625 0.2984375 0.3124983796875 0.2752118609375 0.3475745296875 0.23075805 0.36878524375 0.18395644375 0.3765625 0.15178573125 0.3765625 0.0715065359375 0.3641645609375 0.0616330828125 0.363952165625 0.039923464062500004 0.3261854703125 0.0393490171875 0.2893330640625 0.057233284375000006 0.25636569374999996 0.072252465625 0.2348902609375 0.0869965734375
18 0 0.3509093125 0.005723799999999999 0.353047840625 0.023878478124999998 0.3621448390625 0.037380767187500004 0.388229040625 0.057417876562500005 0.39480188125 0.0716466421875 0.376916771875 0.1002652296875 0.3731769796875 0.1546187234375 0.399421890625 0.163580678125 0.4046875 0.1734375 0.4046875 0.1734375 0.3940050328125 0.16286856875 0.38597101562499997 0.1378506125 0.37293960312499996 0.1279994625 0.3610685375 0.148816734375 0.334348875 0.13010933125 0.32002147187499996 0.1358134796875 0.30281826875 0.14788186875 0.29499588593750004 0.1323834296875 0.2906972953125 0.123195546875 0.285102715625 0.1168281328125 0.29602943125 0.10753287812500001 0.2690812359375 0.0919231484375 0.2484375 0.08512225625 0.2484375 0.082903415625 0.249557340625 0.10343321093749999 0.29129884375000004 0.084608915625 0.31654042968749996 0.062244021875 0.32861495937499996 0.035564726562499996 0.32019986875 0.01225861875 0.3335364796875 0 0.32951524375 0 0.3509093125
18 0 0.41400714375 0.00844425 0.4171875 0.07945782031250001 0.4171875 0.092937353125 0.41530462031250004 0.115625 0.40615722187500003 0.115625 0.39552215468749996 0.1128621 0.387544425 0.10756393125000001 0.36700289062499997 0.0768809046875 0.36195131875 0.05615256875 0.3919354234375 0.0356442578125 0.38480271093749996 0.0093550109375 0.36237606875 0 0.358218884375 0 0.41400714375
18 0 0.3296875 0.027344632812500002 0.3296875 0.0359375 0.325165025 0.0359375 0.30318561875 0.025305467187500003 0.2942421796875 0.0113457546875 0.2970369453125 0 0.287952290625 0 0.3296875
18 0.0765625 0.2615075078125 0.0765625 0.25502356875 0.0458586453125 0.2767813796875 0.035936115625 0.303027096875 0.03683801875 0.3203125 0.0577881125 0.3203125 0.06972738125 0.282403234375 0.0765625 0.2615075078125
7 0.12705368749999998 0.3610357609375 0.1567721953125 0.3859375 0.172580503125 0.3859375 0.183662471875 0.38203757656250004 0.1982230828125 0.3609934 0.21121779375 0.3551018203125 0.2227573703125 0.34527838125 0.225455384375 0.3309482375 0.23904384531249998 0.320696771875 0.24375 0.309281515625 0.24375 0.28683329999999996 0.2220129390625 0.27766032812499997 0.20023204687499999 0.269502978125 0.169769003125 0.2640625 0.1527069203125 0.2640625 0.1437278421875 0.2696585546875 0.1552643265625 0.279956040625 0.1721352671875 0.3113773203125 0.1638289734375 0.3321738828125 0.14188193437500002 0.3526432203125 0.12705368749999998 0.3610357609375
7 0.24390449687500002 0.2907842546875 0.2437911078125 0.30953665468749997 0.23766267343749997 0.3222114640625 0.2257396359375 0.3308455484375 0.22115431718749998 0.357778440625 0.209287975 0.35703632343749997 0.206362328125 0.3597040640625 0.1953125 0.3857483984375 0.1953125 0.41555958593750003 0.2151833 0.42140798906250004 0.22033442343749998 0.425 0.2663116125 0.425 0.27512281562499996 0.42083454062500003 0.290625 0.4144144734375 0.290625 0.40902122968750004 0.2791003265625 0.398185675 0.269114103125 0.3752152765625 0.2756865953125 0.3468433703125 0.2685693234375 0.33058143281249996 0.2724366109375 0.3069141359375 0.24390449687500002 0.2907842546875
7 0.272117959375 0.3531761484375 0.26875 0.3771675390625 0.26875 0.3801290171875 0.277337715625 0.401919434375 0.29496443125 0.4153007625 0.3041589578125 0.425 0.3415096578125 0.425 0.3642021078125 0.40656698125 0.3796875 0.392296271875 0.3796875 0.3825898375 0.37327412187500003 0.3602253046875 0.3796875 0.3543149953125 0.3796875 0.3342233 0.37733892812500003 0.327613571875 0.3738389890625 0.3050117078125 0.379293621875 0.2752971109375 0.37746275156250003 0.2481185984375 0.359391796875 0.23058890468749998 0.35856695312500003 0.2140625 0.35626553437499997 0.2140625 0.33909329375 0.2325834234375 0.3153423984375 0.2628271640625 0.280913925 0.29417523437500004 0.26875 0.303077596875 0.26875 0.3373921890625 0.272117959375 0.3531761484375
5 0.36873350625 0.5424273015625001 0.379384434375 0.5565813312500001 0.3807142625 0.5578125 0.3833119671875 0.5578125 0.40452209687499996 0.5534164765625 0.41948194375 0.53088655625 0.4204281703125 0.520464475 0.42609649843749997 0.516221865625 0.434375 0.5009918828125 0.434375 0.497054378125 0.4181794484375 0.4698007171875 0.395296528125 0.484769409375 0.3861098140625 0.504057596875 0.3751923640625 0.51654631875 0.3664817734375 0.5111935046875 0.36873350625 0.5424273015625001
5 0.2328125 0.559375 0.2328125 0.533764709375 0.2269148359375 0.530092246875 0.21091504687499998 0.5117884125 0.183035484375 0.51429214375 0.153125 0.5258083984375 0.153125 0.5442809109375 0.15333578750000001 0.559375 0.2328125 0.559375
5 0.2920435046875 0.559375 0.2953125 0.55670521875 0.2953125 0.5171428687499999 0.2906222546875 0.5099397703124999 0.27084244062499996 0.5078125 0.261640265625 0.5078125 0.234281053125 0.5277907703125 0.23212611875000003 0.54867844375 0.232061978125 0.559375 0.2920435046875 0.559375
5 0.3210306484375 0.559375 0.325112309375 0.5554206671874999 0.328125 0.54948103125 0.328125 0.5298258125 0.327635578125 0.52847530625 0.326910559375 0.5117004671875 0.3084940421875 0.512228578125 0.2979790671875 0.509375 0.2973331015625 0.509375 0.2999277625 0.5234677265625 0.2975162796875 0.5514481578125 0.29001652031249997 0.559375 0.3210306484375 0.559375
5 0.365625 0.559375 0.365625 0.533595403125 0.363456646875 0.52787670625 0.36411186875 0.51418024375 0.347948975 0.51121614375 0.337446984375 0.5018812765625 0.3277585578125 0.51011656875 0.327429384375 0.5268764390625 0.3287863640625 0.5495522765625 0.31894799687500003 0.559375 0.340991353125 0.559375 0.3443499375 0.5568117703125 0.34568024531249997 0.559375 0.365625 0.559375
5 0.15625 0.559375 0.15625 0.5533998578125 0.1525511640625 0.5179238546875 0.13645035 0.526633396875 0.11985585000000001 0.5408038640624999 0.1247057203125 0.559375 0.126945275 0.559375 0.134803690625 0.551623715625 0.1455122453125 0.559375 0.15625 0.559375
14 0.5 0.37433108437499996 0.5174028749999999 0.378125 0.5390625 0.378125 0.5390625 0.35826938125 0.5 0.350265365625 0.5 0.37433108437499996
12 0.5 0.45812171562500004 0.508153125 0.4653537109375 0.508983896875 0.465625 0.5455730859375001 0.465625 0.5543860125 0.459699875 0.652295625 0.4653537109375 0.6526801765625 0.465625 0.7027358046875 0.465625 0.71250185 0.46021385937500003 0.71875 0.45163826562500003 0.71875 0.4123434578125 0.70292205 0.3990496390625 0.7006389234375 0.39442377500000003 0.6993041453125001 0.37694828281250004 0.6948100875 0.3692385078125 0.6846089234375 0.361014746875 0.6735429234375 0.35638888125 0.654871703125 0.35484692500000004 0.636909625 0.35741685156249997 0.6316951015625 0.35638888125 0.6061376968750001 0.3291476734375 0.602219721875 0.31167218124999996 0.593724175 0.2957386453125 0.57368279375 0.2870008984375 0.559168753125 0.2859729296875 0.544775028125 0.287514884375 0.520974215625 0.2977945859375 0.50267668125 0.315270078125 0.5 0.32008180625 0.5 0.35399989375 0.5259283203125 0.35947279062500004 0.533557603125 0.3569028640625 0.542232909375 0.3656406109375 0.54350681875 0.3707804625 0.5352051999999999 0.38106016249999997 0.520715221875 0.380546178125 0.5 0.375453284375 0.5 0.45812171562500004
4 0.5 0.559375 0.3555865375 0.559375 0.3473428046875 0.6375 0.39372392968750003 0.6375 0.3978119390625 0.636292565625 0.40430379843750003 0.6321520234375 0.40996310156250004 0.6375 0.429786953125 0.6375 0.44269108749999997 0.6306790125 0.46005433125 0.6216601546875 0.47022007187500003 0.6154618890625 0.482325225 0.611052878125 0.49138473437499997 0.6069876187500001 0.5 0.6060151171875 0.5 0.559375
4 0.5 0.6806706375 0.4980766296875 0.67939234375 0.484886646875 0.6644945124999999 0.48123670937499996 0.6573820140625 0.45560346249999994 0.651127159375 0.443906925 0.644779903125 0.4272279359375 0.6427904109375 0.420603975 0.6355908484375 0.41316891718750004 0.635373184375 0.40450433906249994 0.628614284375 0.373946571875 0.6262184890625 0.357801875 0.6367547171875 0.34045340468749996 0.6362468359375 0.33310846875 0.6395346328125 0.33022456875 0.642953028125 0.3255704109375 0.6573284671875 0.31814179062500003 0.6656178453124999 0.3048359296875 0.690248471875 0.2913305140625 0.7208780953125 0.2878415078125 0.733786434375 0.25589971718750004 0.7903976937499999 0.23973570624999999 0.8139438390624999 0.20118283125 0.8803696203125 0.198446984375 0.8867947671875 0.1983118015625 0.9008020984374999 0.2168897859375 0.9463822578125001 0.22383560937500002 0.955092453125 0.23770913125 0.965625 0.254064325 0.965625 0.4339097984375 0.91920856875 0.46652749375 0.9081537859375001 0.47494745937499994 0.899893428125 0.5 0.8931355359375001 0.5 0.6806706375
4 0.292281996875 0.559375 0.2788174546875 0.565763103125 0.2613038953125 0.5733283046875 0.2506376453125 0.5806670078125 0.23772527656250003 0.5926142515625 0.23058921875 0.609827365625 0.22505312968750002 0.6279366078125 0.212014109375 0.63733090625 0.21989727499999998 0.6395302390625 0.268843446875 0.661628021875 0.29126114531249997 0.663127271875 0.302854003125 0.6587895406250001 0.3105753078125 0.675 0.317083540625 0.675 0.33386336875 0.6524651078125 0.3488313640625 0.6121108125 0.3515625 0.6010882296875 0.3515625 0.559375 0.292281996875 0.559375
17 0.7786780312499999 0.732484778125 0.7767576046875 0.727245015625 0.7668988578125 0.726363990625 0.75920993125 0.7342195640625 0.6740903453125 0.7696659359375 0.663166246875 0.775534309375 0.660358609375 0.7795416859375 0.659375 0.784517934375 0.659375 0.786615978125 0.6619155328125 0.8086005765625 0.6799226421875 0.8586706218749999 0.6937291296875 0.8715298109375 0.7145974359375 0.88219864375 0.7167791875 0.8828125 0.7683161125 0.8828125 0.7824934906250001 0.879958596875 0.8224452109375001 0.8545830015625 0.8784517171875 0.8229876765625 0.892147825 0.8126123765625 0.9125 0.801817271875 0.9125 0.7852592640625 0.8679339671875 0.776721853125 0.8457865375000001 0.7698051296875 0.82624718125 0.77054081875 0.8070606140625 0.7545361421875001 0.7958622015625 0.7493293609375 0.7786780312499999 0.732484778125
17 0.6578125 1 0.6578125 0.992046725 0.6541834125 0.9768656390625001 0.6434840562499999 0.9492463921875001 0.622177234375 0.9522759296875 0.60375340625 0.9383892781250001 0.5943891828125001 0.9364526421875 0.591233515625 0.9424547343749999 0.5852656875 0.9663575828125002 0.5785541421875 0.979922471875 0.5771303515625 0.9886267078125 0.5715840359375 0.9970171999999999 0.5711809640625 1 0.6578125 1
17 0.5 1 0.5108314218750001 1 0.523984575 0.9765936609375 0.5796875 0.9188679343749999 0.5796875 0.9080990906249999 0.565790121875 0.900347003125 0.5517320515625 0.89375 0.5338641921875 0.89375 0.5141465578125 0.9119483468749999 0.5 0.9300774609375001 0.5 1
17 0.5 0.7895446609375 0.530239759375 0.8368616703124999 0.5401915796875001 0.8429915343750001 0.540625 0.8428462359375001 0.540625 0.8047695703125001 0.5392856796875 0.8005224203125 0.51476058125 0.7604495 0.5113702421874999 0.7573789140625 0.5066683234375 0.7581663421875 0.5 0.7632418546874999 0.5 0.7895446609375
17 0.5118208890625 0.7629291859375 0.5336148703125 0.7979977 0.5416323734375 0.8249416093749999 0.550488140625 0.8423196359375 0.5513020578125001 0.8484375 0.5595312796874999 0.8484375 0.5649871296875 0.8463549625000001 0.5708758484375 0.8364442390625 0.5821412015625 0.8236537625 0.5828125 0.8213173234375001 0.5828125 0.7973189171875 0.5621081078125 0.7138738421874999 0.560463209375 0.71216325 0.5510392 0.7152208203125 0.5421974125 0.7122279859375 0.5225251078125 0.7422942031249999 0.5118208890625 0.7629291859375
17 0.8267348234374999 1 0.8340991359375 0.9905485546874999 0.8390625 0.970998346875 0.8390625 0.964432659375 0.8245049 0.9470285281249999 0.8187634750000001 0.943574328125 0.7988877015625 0.9380694953125 0.7836037140625 0.9268919296875 0.74993881875 0.92418356875 0.7470905562500001 0.9192645703125001 0.7528631203125 0.902113253125 0.7520932359375 0.8983181343750001 0.7419084984375 0.8956069984375 0.7236622984375 0.8849248124999999 0.7108813406250001 0.8738191421874999 0.7031651109375 0.8706951921874999 0.692590240625 0.8695207515625001 0.6320824640625 0.875715734375 0.600485565625 0.8809997562499999 0.592265253125 0.8848268749999999 0.5882258359375 0.8982549703125 0.5897656062500001 0.905845209375 0.593601271875 0.9105990796875 0.61661186875 0.9180320875 0.6407375828124999 0.9341073171875 0.7260200125 0.9811557890625 0.735137921875 0.989931134375 0.7427640203125 1 0.8267348234374999 1
17 1 1 1 0.9322204015625001 0.9995185656250001 0.9319635640625 0.9938590640625 0.9324058640625001 0.970498815625 0.9532513609375 0.9668735671875 0.96052250625 0.9443213187499999 0.9781580203125 0.9390908203125001 0.98467535625 0.9199028203124999 0.9986697265625001 0.9059918218749999 0.9994792390625001 0.8817593171875 0.9933208671875 0.869857565625 0.9932791984375001 0.8461935625000001 0.9731933015625 0.8403553109375 0.9711043374999999 0.8368123125 0.9722142187500001 0.82947995 1 1 1
17 0.7766518828125 0.6110137765625 0.7682905609375 0.614418084375 0.7654894343749999 0.6248804531250001 0.7637373578125001 0.6501534109375 0.7756270546875 0.6751306375 0.780697696875 0.67527709375 0.7890240515625 0.6713791 0.7929441640625 0.6767146937499999 0.80233008125 0.68063159375 0.8175769734375 0.68156464375 0.8274734765625 0.6784017484375 0.8333239328125 0.682413603125 0.8663180640625001 0.6838592453125 0.8695978468749999 0.684375 0.9134321109375 0.684375 0.916905621875 0.6693576484375 0.928125 0.6497423390625 0.928125 0.6125114671875 0.9257217671875001 0.6009332046875 0.922581471875 0.5994630078125 0.8507322375000002 0.5995555671874999 0.8125170781250001 0.6029844265625 0.810366409375 0.6083417484375 0.7766518828125 0.6110137765625
17 0.8460470140625 0.9529628234375 0.8407187109375001 0.9518094937499999 0.8441295625 0.9481976640625 0.9104035984374999 0.9362444374999999 0.931510240625 0.9307286671874999 0.9307381906250001 0.9272989640624999 0.9202737078125001 0.9203871749999999 0.9228364687500001 0.8904910515625 0.90628608125 0.8937304453125 0.9075873609375 0.8899585906249999 0.895013303125 0.8828867765625 0.8915046125 0.8778760578125 0.889826428125 0.861891921875 0.8819427093750001 0.8616684609374999 0.8801339968749999 0.858409834375 0.8806632265625 0.8512082781250001 0.8944769703125001 0.8463878625 0.9092295406249999 0.8327738234375 0.9074570718749999 0.8300173734375 0.8844910234375 0.817038121875 0.87819854375 0.817060225 0.8151830359375 0.85235916875 0.7891721359374999 0.86986375625 0.7828125 0.8760968390624999 0.7828125 0.8851610765625001 0.792782221875 0.9053472656249999 0.8037178921875 0.918787359375 0.8157880671875001 0.9406789281249999 0.8439772359375001 0.9751552109375 0.870808078125 0.9953125 0.9332690140625001 0.9953125 0.9716935421875 0.9642419296875001 0.975887340625 0.9569437828125 0.9875 0.9475505562500001 0.9875 0.9343152390625 0.9852500140625 0.9340560374999999 0.978740065625 0.9310650765625 0.9025343296875 0.9507551937500001 0.8896594125 0.9467819796875 0.8684440359375 0.9507912171875 0.8460470140625 0.9529628234375
17 0.6946644546874999 0.738541790625 0.7026887921875 0.75 0.7231088578125 0.75 0.7367497593750001 0.7203447046875 0.754549159375 0.689968453125 0.778125 0.6794635890625 0.778125 0.678771503125 0.774644596875 0.6797453890625 0.767155521875 0.6453125 0.7640123796875 0.6453125 0.71534761875 0.6631798015625 0.6900484796875 0.673421478125 0.6765625 0.7050909828125 0.6765625 0.7112812546875 0.6794910046875 0.732533540625 0.6946644546874999 0.738541790625
17 0.5733370796874999 1 0.5791337234375 0.9827266953125001 0.5865468484375 0.9651789390625 0.598927971875 0.93221170625 0.6279584359375 0.95132405625 0.6421875 0.936824078125 0.6421875 0.9267529328125 0.6227036515625001 0.9136160421875001 0.6075263609375 0.9078125 0.5848021359375 0.9078125 0.5393065046875 0.9577185828125 0.521335746875 0.9727609015625 0.5089231 1 0.5733370796874999 1