12 0.40360576875 0.444671475 0.410016025 0.4536458328125 0.406169871875 0.472876603125 0.41770833281249997 0.485697115625 0.45584936249999997 0.4890625 0.46274038281249996 0.4890625 0.484375 0.4818509609375 0.4890625 0.4815037390625 0.4890625 0.42076284062499997 0.4048878203125 0.429286859375 0.40360576875 0.444671475
12 0 0.1896788703125 0.007451923437500001 0.1908253203125 0.0241185890625 0.1818509609375 0.088221153125 0.1831330125 0.093349359375 0.172876603125 0.106169871875 0.166466346875 0.149759615625 0.1587740390625 0.1459134609375 0.14979967968750002 0.131810896875 0.144671475 0.088221153125 0.135697115625 0.056169871875 0.135697115625 0 0.1419382125 0 0.1896788703125
12 0.21770833281250002 0.20620993593749998 0.2356570515625 0.16262019218749998 0.23693910312500002 0.13954326875 0.2215544875 0.11646634687499999 0.2138621796875 0.11646634687499999 0.186939103125 0.129286859375 0.1766826921875 0.1472355765625 0.1612980765625 0.198517628125 0.15360576875 0.20620993593749998 0.156169871875 0.244671475 0.1395032046875 0.31005608906250004 0.15488782031249998 0.3190304484375 0.16514423125 0.316466346875 0.1959134609375 0.24851762812499997 0.210016025 0.23954326875 0.21770833281250002 0.20620993593749998
12 0.17027243593750002 0.39851762812499997 0.1612980765625 0.4036458328125 0.149759615625 0.4331330125 0.15360576875 0.46774839687499997 0.161931590625 0.4890625 0.21630902187499998 0.4890625 0.20360576875 0.4369791671875 0.17027243593750002 0.39851762812499997
12 0.3139029109375 0 0.31258012812499997 0.011338140625 0.3164262828125 0.058774039062500005 0.3241185890625 0.06390224375 0.331810896875 0.0626201921875 0.35104166718749996 0.043389423437500005 0.3638621796875 0.0215945515625 0.365191075 0 0.3139029109375 0
12 0.38215776875 0 0.3664262828125 0.013902243750000001 0.360016025 0.0318509609375 0.3330929484375 0.0600560890625 0.334375 0.06390224375 0.349759615625 0.0651842953125 0.380528846875 0.045953525 0.4074519234375 0.045953525 0.41899038437499997 0.028004807812499997 0.4330929484375 0.024158653125 0.4504871796875 0 0.38215776875 0
12 0.3330929484375 0.41518429531249995 0.30360576875 0.4036458328125 0.26129807656250004 0.37287660312500004 0.24334935937500002 0.3972355765625 0.27668269218749997 0.4331330125 0.2856570515625 0.4562099359375 0.318509615625 0.4890625 0.40200320468750006 0.4890625 0.3971955125 0.47544070468750005 0.3330929484375 0.41518429531249995
12 0.2895032046875 0.2997996796875 0.28693910312500004 0.3280048078125 0.2959134609375 0.342107371875 0.3241185890625 0.34723557656250004 0.368990384375 0.366466346875 0.3984775640625 0.36390224375 0.4074519234375 0.3433894234375 0.40232371718750004 0.31005608906250004 0.375400640625 0.2997996796875 0.3074519234375 0.28954326875 0.2895032046875 0.2997996796875
12 0 0.461984890625 0.0138621796875 0.472876603125 0.030528846874999998 0.46903044843749997 0.0920673078125 0.4074919875 0.138221153125 0.33569711562500004 0.1612980765625 0.3215945515625 0.156169871875 0.31518429531250003 0.131810896875 0.3087740390625 0.088221153125 0.342107371875 0.057451923437499997 0.3562099359375 0.026682692187500003 0.38954326875 0 0.4110615703125 0 0.461984890625
12 0 0.411704059375 0.05873397500000001 0.354927884375 0.0856570515625 0.3433894234375 0.108733975 0.32544070468749997 0.11514423124999999 0.3190304484375 0.11386217968750001 0.31390224375 0.1023237171875 0.298517628125 0.0959134609375 0.2972355765625 0.030528846874999998 0.3344150640625 0.0023237171875000002 0.33954326875 0 0.341107309375 0 0.411704059375
12 0.3702724359375 0.245953525 0.338221153125 0.24210737187500003 0.32540064062499996 0.23056891093749998 0.26514423125 0.22800480781250002 0.24334935937500002 0.2344150640625 0.24206730781250002 0.2497996796875 0.23181089687499998 0.2574919875 0.23181089687499998 0.2651842953125 0.24206730781250002 0.274158653125 0.24206730781250002 0.2882612171875 0.3202724359375 0.28954326875 0.3484775640625 0.2754407046875 0.368990384375 0.2715945515625 0.3741185890625 0.2626201921875 0.3702724359375 0.245953525
12 0.42540064062500005 0.25108173125 0.37796474375 0.25620993593749997 0.3702724359375 0.274158653125 0.38181089687499997 0.2869791671875 0.40873397499999997 0.285697115625 0.45616987187499997 0.295953525 0.4890625 0.2921288015625 0.4890625 0.2371669671875 0.45104166718750005 0.23954326875 0.42540064062500005 0.25108173125
12 0.45104166718750005 0.192107371875 0.43181089687499996 0.192107371875 0.38181089687499997 0.21646634687500002 0.3766826921875 0.22287660312500002 0.3741185890625 0.25108173125 0.42540064062500005 0.2523637828125 0.45360576874999997 0.2408253203125 0.4830929484375 0.19595352500000002 0.4830929484375 0.1882612171875 0.4715544875 0.1831330125 0.45104166718750005 0.192107371875
12 0.45745192343749996 0.148517628125 0.44463141093749997 0.144671475 0.42796474375000004 0.14979967968750002 0.3959134609375 0.1472355765625 0.388221153125 0.1536458328125 0.3548878203125 0.16133814062500001 0.343349359375 0.1715945515625 0.343349359375 0.20108173125 0.3638621796875 0.2151842953125 0.41514423125000005 0.2036458328125 0.4420673078125 0.17672275625 0.4612980765625 0.166466346875 0.45745192343749996 0.148517628125
12 0.2946314109375 0.011338140625 0.26129807656250004 0.004927884375 0.20360576875 0.0215945515625 0.188221153125 0.0369791671875 0.1612980765625 0.0497996796875 0.1638621796875 0.061338140625 0.175400640625 0.0703125 0.2138621796875 0.0690304484375 0.23181089687499998 0.0600560890625 0.284375 0.054927884375 0.2959134609375 0.048517628125000004 0.3023237171875 0.033133012499999996 0.2946314109375 0.011338140625
12 0.3548878203125 0.0818509609375 0.35360576875 0.0703125 0.34078525625 0.058774039062500005 0.3241185890625 0.0626201921875 0.31514423125 0.058774039062500005 0.306169871875 0.0651842953125 0.29975961562500003 0.0831330125 0.2946314109375 0.16390224375 0.3177083328125 0.1844150640625 0.318990384375 0.2087740390625 0.306169871875 0.22159455156250002 0.3215544875 0.2254407046875 0.330528846875 0.2203125 0.33565705156250003 0.185697115625 0.35360576875 0.15236378281250001 0.3548878203125 0.0818509609375
12 0.2895032046875 0.31005608906250004 0.28693910312500004 0.28954326875 0.2446314109375 0.28954326875 0.2292467953125 0.2997996796875 0.1971955125 0.36133814062499997 0.1984775640625 0.38441506406250003 0.20616987187500002 0.3908253203125 0.22027243593749998 0.3908253203125 0.22668269218749998 0.40108173125 0.24078525625 0.3972355765625 0.256169871875 0.3831330125 0.2728365390625 0.344671475 0.281810896875 0.3369791671875 0.2895032046875 0.31005608906250004
12 0.1971955125 0.3715945515625 0.2023237171875 0.3523637828125 0.21514423124999998 0.35108173125 0.21514423124999998 0.34723557656250004 0.20616987187500002 0.3497996796875 0.20616987187500002 0.3433894234375 0.2292467953125 0.3062099359375 0.22540064062499998 0.2972355765625 0.2395032046875 0.2831330125 0.24078525625 0.274158653125 0.2330929484375 0.26774839687499996 0.23181089687499998 0.2523637828125 0.22540064062499998 0.244671475 0.208733975 0.24210737187500003 0.2010416671875 0.244671475 0.19078525625 0.2587740390625 0.18052884687499998 0.317748396875 0.18950320468749998 0.3523637828125 0.186939103125 0.4126201921875 0.2010416671875 0.4190304484375 0.2138621796875 0.41646634687499995 0.2292467953125 0.404927884375 0.2241185890625 0.3908253203125 0.2023237171875 0.38954326875 0.1971955125 0.3715945515625
12 0.41899038437499997 0.095953525 0.3984775640625 0.10108173125 0.386939103125 0.094671475 0.36770833281250004 0.094671475 0.35616987187500004 0.10364583281249999 0.35104166718749996 0.12159455156250001 0.35360576875 0.1369791671875 0.36514423125 0.148517628125 0.388221153125 0.14979967968750002 0.40232371718750004 0.13954326875 0.4074519234375 0.144671475 0.41770833281249997 0.144671475 0.45360576874999997 0.12672275625 0.449759615625 0.10877403906250001 0.41899038437499997 0.095953525
12 0.4702724359375 0.048517628125000004 0.4664262828125 0.03954326875 0.4459134609375 0.0344150640625 0.42027243593749997 0.045953525 0.3895032046875 0.0497996796875 0.35616987187500004 0.066466346875 0.3548878203125 0.0715945515625 0.3715544875 0.094671475 0.3856570515625 0.094671475 0.40232371718750004 0.1023637828125 0.41899038437499997 0.092107371875 0.4459134609375 0.0626201921875 0.460016025 0.058774039062500005 0.4702724359375 0.048517628125000004
12 0.27465945468749997 0 0.2728365390625 0.0036458328125000003 0.2946314109375 0.010056089062499999 0.3010416671875 0.0369791671875 0.2920673078125 0.0523637828125 0.2728365390625 0.06390224375 0.268990384375 0.0754407046875 0.29847756406250003 0.0869791671875 0.3074519234375 0.0626201921875 0.3164262828125 0.0562099359375 0.3151771734375 0 0.27465945468749997 0
12 0.343349359375 0.27928685937500003 0.32796474375 0.2908253203125 0.4010416671875 0.3062099359375 0.4228365390625 0.3408253203125 0.4664262828125 0.35108173125 0.47796474375000003 0.311338140625 0.47411858906250004 0.3036458328125 0.4356570515625 0.2908253203125 0.39078525625 0.28954326875 0.36514423125 0.27800480781250003 0.343349359375 0.27928685937500003
12 0.186939103125 0.3780048078125 0.18950320468749998 0.34723557656250004 0.18181089687500002 0.3318509609375 0.1856570515625 0.30108173125 0.18052884687499998 0.298517628125 0.1612980765625 0.3215945515625 0.136939103125 0.33569711562500004 0.093349359375 0.40236378281249996 0.088221153125 0.429286859375 0.09078525625 0.4331330125 0.10745192343750001 0.4331330125 0.112580128125 0.4472355765625 0.14334935937499999 0.442107371875 0.15360576875 0.429286859375 0.162580128125 0.404927884375 0.186939103125 0.3780048078125
12 0.29847756406250003 0.22672275625 0.3177083328125 0.2126201921875 0.318990384375 0.185697115625 0.3074519234375 0.1715945515625 0.2677083328125 0.1433894234375 0.2395032046875 0.1382612171875 0.23693910312500002 0.1780048078125 0.27540064062499997 0.22287660312500002 0.29847756406250003 0.22672275625
12 0.24078525625 0.0908253203125 0.2523237171875 0.122876603125 0.2677083328125 0.144671475 0.29078525625 0.15236378281250001 0.2959134609375 0.144671475 0.29975961562500003 0.10108173125 0.268990384375 0.0754407046875 0.2356570515625 0.0651842953125 0.22668269218749998 0.072876603125 0.24078525625 0.0908253203125
12 0.11514423124999999 0.4472355765625 0.108733975 0.43954326874999994 0.088221153125 0.43826121718750005 0.0766826921875 0.466466346875 0.0723972140625 0.4890625 0.138263575 0.4890625 0.14206730781250002 0.445953525 0.11514423124999999 0.4472355765625
12 0 0.26412806093749996 0.0023237171875000002 0.2651842953125 0.025400640625 0.26390224375 0.057451923437499997 0.28056891093749997 0.07283653906250001 0.28056891093749997 0.06770833281250001 0.2600560890625 0.08309294843750001 0.244671475 0.084375 0.23056891093749998 0.0241185890625 0.21646634687500002 0.018990384375 0.2087740390625 0 0.2075871390625 0 0.26412806093749996
12 0.156169871875 0.2023637828125 0.14719551250000001 0.2023637828125 0.106169871875 0.2318509609375 0.0895032046875 0.23313301250000001 0.0702724359375 0.2536458328125 0.0664262828125 0.26390224375 0.0702724359375 0.27800480781250003 0.084375 0.2869791671875 0.088221153125 0.2972355765625 0.112580128125 0.294671475 0.14847756406249998 0.26774839687499996 0.1574519234375 0.23056891093749998 0.156169871875 0.2023637828125
12 0.280528846875 0.472876603125 0.2728365390625 0.4472355765625 0.27540064062499997 0.4369791671875 0.2664262828125 0.4331330125 0.256169871875 0.411338140625 0.23181089687499998 0.404927884375 0.208733975 0.42159455156250003 0.20616987187500002 0.454927884375 0.2138621796875 0.4818509609375 0.21866987187500003 0.4890625 0.267287659375 0.4890625 0.2677083328125 0.485697115625 0.280528846875 0.472876603125
16 0 0.5485139453125 0.033788357812499996 0.5903711640625 0.0626692234375 0.6327899375 0.0680843859375 0.6580606953125 0.0771096578125 0.6743061828125 0.12313853749999999 0.734775496875 0.1438966609375 0.751020984375 0.16555731093749998 0.76094878125 0.1809002703125 0.7636563625 0.37043095625 0.75011845625 0.40743456718750004 0.73658055 0.41916741875 0.73658055 0.41916741875 0.5515625 0.40833709375 0.5362195390625 0.36118005468750003 0.4890625 0 0.4890625 0 0.5485139453125
16 0.3461424015625 1 0.36501579375 0.9883856046874999 0.41916741875 0.9234036546875 0.41916741875 0.7311653875 0.41014214843749996 0.7311653875 0.3749435921875 0.7483134031249999 0.22151398906250003 0.7564361468749999 0.1619472015625 0.75553361875 0.134871390625 0.742898240625 0.11862590312500002 0.726652753125 0.078012184375 0.672501128125 0.0653768046875 0.6499379515625 0.056351534375 0.6472303703125 0.0301782484375 0.667085965625 0 0.6817881890625 0 0.8449709750000001 0.0274706671875 0.8674469765625 0.17458258124999998 0.9613097921874999 0.21248871875000003 0.982067915625 0.26359516250000004 1 0.3461424015625 1
16 0.24514214843749998 1 0.23685695 0.9974108749999999 0.067181859375 0.8927177343749999 0.0473262640625 0.8854975187499999 0 0.8443061406249999 0 1 0.24514214843749998 1
5 0.7125 0.50966796875 0.71494140625 0.5169921875 0.7232421875 0.52578125 0.72861328125 0.5365234375 0.74521484375 0.5599609375 0.7564453125 0.57119140625 0.76279296875 0.582421875 0.7671875 0.58486328125 0.7828125 0.5638671875 0.792578125 0.54775390625 0.79306640625 0.54287109375 0.79794921875 0.5375 0.7955078125 0.5306640625 0.79892578125 0.52333984375 0.800390625 0.51357421875 0.79965893125 0.4890625 0.70146484375 0.4890625 0.70419921875 0.4984375 0.7125 0.50966796875
5 0.6119140625 0.5228515625 0.5845703125 0.5541015625 0.569921875 0.57705078125 0.5669921875 0.59560546875 0.57626953125 0.60537109375 0.58212890625 0.60537109375 0.5806640625 0.61171875 0.593359375 0.6126953125 0.593359375 0.61611328125 0.59580078125 0.61708984375 0.60068359375 0.6166015625 0.60849609375 0.61171875 0.612890625 0.61220703125 0.62265625 0.62880859375 0.628515625 0.6283203125 0.636328125 0.61806640625 0.6412109375 0.62978515625 0.64609375 0.63515625 0.65634765625 0.62490234375 0.66318359375 0.63369140625 0.66416015625 0.641015625 0.665625 0.641015625 0.67392578125 0.63466796875 0.67685546875 0.6263671875 0.687109375 0.63173828125 0.69052734375 0.63076171875 0.69345703125 0.625390625 0.69931640625 0.62734375 0.70126953125 0.6234375 0.70126953125 0.61611328125 0.698828125 0.590234375 0.694921875 0.5814453125 0.67978515625 0.52138671875 0.67978515625 0.50380859375 0.68271484375 0.49013671875 0.6837219234374999 0.4890625 0.6517578125 0.4890625 0.6294921875 0.50576171875 0.6119140625 0.5228515625
5 0.6744140625 0.63759765625 0.76669921875 0.6400390625 0.7779296875 0.6390625 0.79453125 0.6341796875 0.790625 0.617578125 0.78525390625 0.61123046875 0.780859375 0.609765625 0.76865234375 0.59951171875 0.76376953125 0.594140625 0.76083984375 0.58681640625 0.74619140625 0.570703125 0.71201171875 0.54873046875 0.68515625 0.53994140625 0.6841796875 0.54189453125 0.68955078125 0.5638671875 0.6978515625 0.59072265625 0.70029296875 0.625390625 0.696875 0.62734375 0.69345703125 0.625390625 0.68955078125 0.63173828125 0.6861328125 0.63173828125 0.6802734375 0.6263671875 0.67587890625 0.6263671875 0.6744140625 0.63759765625
5 0.50888671875 0.6576171875 0.50888671875 0.6625 0.503515625 0.664453125 0.50205078125 0.67275390625 0.4947265625 0.67861328125 0.4966796875 0.69375 0.49375 0.69912109375 0.49375 0.72451171875 0.499609375 0.7396484375 0.507421875 0.7708984375 0.5220703125 0.78017578125 0.5484375 0.769921875 0.57578125 0.769921875 0.597265625 0.76455078125 0.6421875 0.74892578125 0.65341796875 0.740625 0.65732421875 0.7328125 0.675390625 0.7142578125 0.67734375 0.70693359375 0.69052734375 0.6869140625 0.6900390625 0.67861328125 0.6861328125 0.67177734375 0.67587890625 0.664453125 0.6685546875 0.6625 0.66611328125 0.64931640625 0.65732421875 0.6498046875 0.65390625 0.646875 0.64951171875 0.646875 0.6421875 0.6498046875 0.63388671875 0.64931640625 0.62216796875 0.64541015625 0.61826171875 0.6380859375 0.60556640625 0.63955078125 0.5923828125 0.62587890625 0.5875 0.625390625 0.57919921875 0.62880859375 0.57041015625 0.6244140625 0.5669921875 0.62685546875 0.5611328125 0.625390625 0.5552734375 0.63466796875 0.55087890625 0.63125 0.54453125 0.633203125 0.5396484375 0.63125 0.53671875 0.6419921875 0.5240234375 0.64345703125 0.51962890625 0.648828125 0.51767578125 0.6556640625 0.50888671875 0.6576171875
5 0.585546875 0.80751953125 0.59677734375 0.80556640625 0.60361328125 0.80703125 0.60361328125 0.7904296875 0.57822265625 0.77138671875 0.5494140625 0.76943359375 0.526953125 0.7796875 0.52353515625 0.7796875 0.50888671875 0.7708984375 0.4947265625 0.7259765625 0.4927734375 0.7083984375 0.49375 0.70107421875 0.49716796875 0.6947265625 0.4947265625 0.678125 0.503515625 0.67080078125 0.50400390625 0.66201171875 0.50693359375 0.65615234375 0.515234375 0.6576171875 0.51767578125 0.65615234375 0.52109375 0.64248046875 0.5240234375 0.63857421875 0.52109375 0.63173828125 0.51328125 0.629296875 0.4890625 0.6342303234375 0.4890625 0.77227033125 0.530859375 0.79140625 0.585546875 0.80751953125
5 0.6158203125 0.77138671875 0.62216796875 0.77578125 0.62900390625 0.77578125 0.6353515625 0.77919921875 0.64755859375 0.77822265625 0.64951171875 0.773828125 0.66416015625 0.766015625 0.69443359375 0.7591796875 0.69638671875 0.7552734375 0.71005859375 0.75087890625 0.71689453125 0.7435546875 0.73251953125 0.73720703125 0.7359375 0.7337890625 0.7525390625 0.72548828125 0.7525390625 0.72353515625 0.7447265625 0.72353515625 0.73642578125 0.72060546875 0.73056640625 0.7103515625 0.72470703125 0.707421875 0.726171875 0.70595703125 0.72373046875 0.70546875 0.7232421875 0.70302734375 0.7203125 0.7044921875 0.71591796875 0.70205078125 0.7154296875 0.6927734375 0.70517578125 0.695703125 0.70322265625 0.6947265625 0.7017578125 0.68935546875 0.69150390625 0.687890625 0.68369140625 0.69619140625 0.6763671875 0.7083984375 0.67734375 0.71376953125 0.6666015625 0.7220703125 0.6646484375 0.726953125 0.65341796875 0.740625 0.6392578125 0.7513671875 0.6109375 0.75966796875 0.61142578125 0.762109375 0.616796875 0.766015625 0.6158203125 0.77138671875
5 0.72421875 0.8138671875 0.728125 0.8216796875 0.73935546875 0.82705078125 0.74228515625 0.83095703125 0.76328125 0.82900390625 0.776953125 0.81728515625 0.80087890625 0.7884765625 0.8169921875 0.76552734375 0.81943359375 0.75283203125 0.81650390625 0.746484375 0.80771484375 0.740625 0.7623046875 0.73916015625 0.72568359375 0.7416015625 0.6841796875 0.75625 0.651953125 0.77333984375 0.64951171875 0.7767578125 0.65048828125 0.7826171875 0.655859375 0.78505859375 0.68369140625 0.78359375 0.7232421875 0.79140625 0.72958984375 0.79775390625 0.72861328125 0.80654296875 0.72421875 0.8138671875
5 0.491796875 0.871484375 0.50205078125 0.89541015625 0.511328125 0.90224609375 0.5123046875 0.90615234375 0.52255859375 0.90419921875 0.530859375 0.910546875 0.54111328125 0.91494140625 0.55380859375 0.91689453125 0.56943359375 0.91640625 0.58505859375 0.9134765625 0.6275390625 0.89931640625 0.64267578125 0.88955078125 0.66025390625 0.88271484375 0.6841796875 0.86708984375 0.691015625 0.85830078125 0.6958984375 0.8568359375 0.7056640625 0.84853515625 0.72373046875 0.8255859375 0.72666015625 0.8119140625 0.73251953125 0.79873046875 0.73251953125 0.79384765625 0.7203125 0.78798828125 0.70029296875 0.78359375 0.68466796875 0.7826171875 0.67587890625 0.7796875 0.64462890625 0.7796875 0.64658203125 0.7826171875 0.67001953125 0.78994140625 0.67392578125 0.7953125 0.6744140625 0.801171875 0.63291015625 0.8041015625 0.61728515625 0.808984375 0.60458984375 0.80947265625 0.58994140625 0.8138671875 0.58603515625 0.812890625 0.581640625 0.80751953125 0.57529296875 0.8041015625 0.56455078125 0.801171875 0.54892578125 0.8001953125 0.51572265625 0.8119140625 0.49033203125 0.8265625 0.4890625 0.8312174484374999 0.4890625 0.8631510421874999 0.49130859375 0.8646484375 0.491796875 0.871484375
5 0.8379825375 1 0.82578125 0.97890625 0.81748046875 0.96962890625 0.80673828125 0.94228515625 0.79599609375 0.92421875 0.78671875 0.8978515625 0.7798828125 0.887109375 0.77109375 0.86611328125 0.74765625 0.8353515625 0.73837890625 0.82705078125 0.72666015625 0.82021484375 0.72568359375 0.82509765625 0.7193359375 0.83046875 0.70810546875 0.84560546875 0.69638671875 0.865625 0.69345703125 0.88173828125 0.69443359375 0.90126953125 0.70029296875 0.9271484375 0.71689453125 0.961328125 0.72421875 0.96962890625 0.72568359375 0.97548828125 0.7232421875 0.9798828125 0.72421875 0.98427734375 0.733984375 0.98671875 0.735546875 1 0.8379825375 1
5 0.7089029953125 1 0.710546875 0.99013671875 0.71689453125 0.98134765625 0.71591796875 0.957421875 0.70810546875 0.94375 0.7056640625 0.933984375 0.694921875 0.9115234375 0.68466796875 0.90859375 0.68076171875 0.90419921875 0.67099609375 0.90419921875 0.6685546875 0.8978515625 0.65537109375 0.8978515625 0.6158203125 0.90322265625 0.58505859375 0.91396484375 0.56845703125 0.92568359375 0.5591796875 0.9359375 0.5455078125 0.9466796875 0.51767578125 0.9779296875 0.5044921875 0.99990234375 0.504484375 1 0.7089029953125 1
5 0.6014973953125 0.49485677031249997 0.5803385421875 0.5404296875 0.5901041671875 0.5404296875 0.6373046875 0.5013671875 0.649609375 0.4890625 0.5819957375 0.4890625 0.5803385421875 0.48997395781249997 0.6014973953125 0.49485677031249997
5 0.5038411453125 0.5485677078125 0.5282552078125 0.5469401046875 0.5184895828125 0.5794921875 0.534765625 0.5729817703125 0.5331380203125 0.5632161453125 0.5396484375 0.5762369796875 0.554296875 0.5583333328125 0.5852213546875 0.5306640625 0.5949869796875 0.496484375 0.5266276046875 0.48997395781249997 0.5228298640625 0.4890625 0.4890625 0.4890625 0.4890625 0.5394731562499999 0.5038411453125 0.5485677078125
5 0.503399884375 1 0.5217447921875 0.9587239578125001 0.5315104171875 0.9229166671875 0.5022135421875 0.91640625 0.4890625 0.92232421875 0.4890625 1 0.503399884375 1