5 0.46875 0.61875 0.46875 0.4531269203125 0.44475377031249996 0.4482377296875 0.339645184375 0.4409102 0.294409525 0.44411075312500004 0.274984753125 0.45155456875000005 0.25897299375 0.47145575468749995 0.2553333953125 0.5005286718749999 0.2577288109375 0.5138926578125 0.25725072656250003 0.5255899859375 0.2654329875 0.541312503125 0.27196933749999996 0.5613192765624999 0.2798021625 0.5735959921875 0.2869361171875 0.5789811031250001 0.304316571875 0.585569315625 0.3084375828125 0.5926994921875 0.3216480578125 0.6053511031250001 0.331165046875 0.61875 0.46875 0.61875
5 0.46875 0 0.2699992859375 0 0.2608110171875 0.005057585937499999 0.2413372765625 0.02569498125 0.2378860875 0.038162596874999996 0.234038159375 0.08432820156250001 0.233521896875 0.12095051875 0.2375939390625 0.141274271875 0.2483907421875 0.1649994984375 0.27111066875 0.1968875953125 0.2964542625 0.2245596 0.3173074890625 0.2421430171875 0.3457329171875 0.254388990625 0.3636872875 0.25625 0.3827560046875 0.25625 0.39820213125000004 0.2541366046875 0.4255286171875 0.24528853750000001 0.440084540625 0.237016515625 0.45640589374999996 0.221535909375 0.46875 0.2062612421875 0.46875 0
5 0.46875 0.3871336140625 0.459632609375 0.3818454515625 0.44871628750000003 0.3610445578125 0.4429493640625 0.358198634375 0.43028752656249997 0.3441189375 0.4130863546875 0.333144228125 0.3770488875 0.3272104734375 0.3659441546875 0.3230148765625 0.3265243875 0.315867771875 0.30812633749999996 0.31018617656249997 0.28129785625000003 0.30684952499999996 0.258749746875 0.3067439390625 0.231033984375 0.3131209828125 0.217515578125 0.31999900000000003 0.20982385625000002 0.328260775 0.201693890625 0.3472451 0.20371995156249997 0.357650671875 0.207801121875 0.365755625 0.23197688906249997 0.3860145546875 0.2756081390625 0.410073690625 0.3301142078125 0.4319582859375 0.3768472109375 0.4401040015625 0.44771447656249996 0.4455332125 0.46875 0.4529563890625 0.46875 0.3871336140625
6 0.46875 0.33125 0.469391940625 0.33125 0.48302609687500003 0.3270902515625 0.496298634375 0.3202157 0.50323910625 0.323566715625 0.5082923593750001 0.322685834375 0.5358789984375 0.3153431 0.5371887265625 0.312580965625 0.525143503125 0.290862753125 0.5227200421875 0.2801363859375 0.5224107140625 0.2639738390625 0.516264396875 0.23920026718749998 0.507261459375 0.2108705453125 0.49610313906250003 0.187477434375 0.48526447812500006 0.1741638890625 0.46875 0.16997957187499999 0.46875 0.33125
6 0.46875 0.16784254375000002 0.47959457343749995 0.172056340625 0.530250371875 0.18125 0.5373239578125 0.18125 0.5412957453125 0.1805576375 0.55 0.17373597031250002 0.55 0.1717788609375 0.5489787890625 0.1680695015625 0.5394395265625 0.1580768 0.5279202109375001 0.148936028125 0.509285096875 0.14052891875 0.501045228125 0.13385705781249999 0.46875 0.1244826265625 0.46875 0.16784254375000002
6 0.4967633875 0 0.46875 0.0123019265625 0.46875 0.0621818828125 0.501540971875 0.07430141875 0.5365103609374999 0.0839072578125 0.573361221875 0.0890625 0.5869219921875001 0.0890625 0.6279250453125 0.0874818921875 0.6271808156249999 0.0885756171875 0.6440762609374999 0.0686392875 0.6536337375000001 0.028490490624999996 0.6673607171875 0 0.4967633875 0
6 0.517030878125 0.24738754218749998 0.52017624375 0.2544407109375 0.524971665625 0.256645359375 0.5460957953125 0.259375 0.5571198453124999 0.259375 0.560416596875 0.25756129843750003 0.5743182890625 0.22726589531250002 0.5765625 0.1997353234375 0.5765625 0.1864678203125 0.550062846875 0.1818311703125 0.5332221171875 0.1827397890625 0.52811728125 0.1892040765625 0.521176728125 0.21068454375 0.5161646421875 0.2368964859375 0.517030878125 0.24738754218749998
6 0.46875 0.11242830625 0.4734375109375 0.11249287187499998 0.504901671875 0.12727862031249998 0.525331175 0.1450014609375 0.5511335953125001 0.1719229890625 0.5614360125 0.17874206718750002 0.57780233125 0.1845040890625 0.5892908125 0.1622308265625 0.5936119109375 0.14627463125 0.6004802171875 0.1425435234375 0.6094317390625 0.12679368124999998 0.6171354499999999 0.10213959531250001 0.5914361125 0.08888274375 0.566262684375 0.088203334375 0.5503191078125 0.1061855625 0.5431001390625 0.11808603124999999 0.5406147625 0.119026046875 0.5277444703125 0.1121478359375 0.507438715625 0.09592371718750001 0.483533765625 0.091982596875 0.46875 0.08758965625000001 0.46875 0.11242830625
1 0.0895464796875 0.61875 0 0.6235643265624999 0 0.8596653562500001 0.049472840625 0.8370492015625001 0.09234223124999999 0.8227594046875 0.1323536640625 0.8013247078125 0.1723650953125 0.7956087890625 0.205231628125 0.799895728125 0.226666325 0.8199014453125001 0.2623908171875 0.858483896875 0.3166920453125 0.9185010437500001 0.3324108234375 0.9327908421875 0.35384551875 0.9327908421875 0.3809961328125 0.9613704359374999 0.41957858437500006 0.9713732937499999 0.42815246250000005 0.9513675781250001 0.46387695625 0.8599128765625 0.4124336859375 0.8341912421875 0.42243654375000006 0.818472465625 0.4295814421875 0.818472465625 0.4510161390625 0.79703776875 0.46875 0.7858720046875 0.46875 0.6397779015625 0.4538740984375 0.6355630624999999 0.4238655234375 0.6855773515625 0.4095757265625 0.6912932703125 0.4124336859375 0.632705103125 0.402430828125 0.6312761234375001 0.4046676359375 0.61875 0.0895464796875 0.61875
4 0.25730494375 1 0.264233084375 0.9653592984374999 0.287096759375 0.9396376640625 0.325 0.93402236875 0.325 0.9331167546875001 0.287096759375 0.8881943937500001 0.235653490625 0.8281772468749999 0.1870681796875 0.803884590625 0.14562776875 0.8010266312500001 0.112761234375 0.816745409375 0.072749803125 0.8381801046875001 0.02416449375 0.8438960234374999 0 0.8627745328125 0 0.9341577109375001 0.018448575000000002 0.943924603125 0.06560490468749999 0.9882229734375001 0.0816644859375 1 0.1650414609375 1 0.1856392 0.9925099140625001 0.22136369218750002 0.9996548109375001 0.221629221875 1 0.25730494375 1
0 0.3739053421875 1 0.3726345921875 0.98856325 0.3783505109375 0.9757024328125 0.36406071406249996 0.9528387578124999 0.334052140625 0.934262021875 0.29404070781249997 0.9385489609375 0.2726060125 0.9628416156250001 0.2654611140625 0.9671285546874999 0.2597451953125 0.9871342703125 0.257907234375 1 0.3739053421875 1
6 0.70302059375 0.61875 0.6940117375 0.6291149359375 0.6753023375 0.654245090625 0.6617899312500001 0.667696575 0.6185286624999999 0.72077065625 0.6054816953125 0.7327580140625 0.5870491265625 0.745603159375 0.576940540625 0.757167346875 0.5765951265625 0.765517490625 0.5872009578124999 0.782481084375 0.60319239375 0.7985868890625 0.608238634375 0.8015625 0.6160855328125 0.8015625 0.6194349375 0.8009321109374999 0.633532809375 0.792902515625 0.641719621875 0.7837518265625001 0.645968590625 0.7740176937500001 0.653715684375 0.76780670625 0.669338471875 0.7627626046875 0.6805065328125 0.7556480375 0.7057210265625 0.7375527265625 0.7381400171875001 0.710283825 0.7678349515624999 0.6957345546875 0.8351887390625 0.64469700625 0.8624021609374999 0.6286149203125 0.8765600453125 0.6240283328125 0.8856035734375001 0.61875 0.70302059375 0.61875
6 1 0.61875 0.937406421875 0.61875 0.9366498703125 0.6192884609375 0.9067491765625 0.622033134375 0.8782447984375 0.620385425 0.8538325859375 0.6281746109374999 0.833443953125 0.6414658203125 0.7636943859375 0.6958891359375 0.7388767453125 0.7085854546875 0.72202053125 0.7273672437500001 0.6924113249999999 0.7468350984375001 0.673047875 0.762608496875 0.6542184515625 0.7808526375 0.64469533125 0.7978387125 0.64352191875 0.8150194093750001 0.6478369828125 0.8372446171875 0.6565296187499999 0.8571135671875 0.6750883015625 0.879670771875 0.6954915953125 0.89538775 0.7097010562499999 0.9015625 0.7238006390624999 0.9015625 0.7363006703125 0.8987972375 0.7499245265625 0.8917399109374999 0.7683485234375 0.8784029078125 0.7878491453125 0.8704992421875 0.8004392453125 0.8604678703124999 0.83788985 0.8401994671875 0.8548146515624999 0.8253525453125 0.8902320343749999 0.8011034859375 0.9296558484374999 0.7813727359375 0.9616608375 0.7585191140624999 0.970278796875 0.7459368640624999 0.9771918046875001 0.7200400984375 0.9880769515625001 0.69669420625 0.99241165 0.69187865625 1 0.6866644843749999 1 0.61875
13 0.61003791875 0.61875 0.6120063359375 0.623515953125 0.617003659375 0.62854901875 0.6161670875 0.6368877125 0.6284092859375 0.6632309578125 0.6354912718750001 0.67519583125 0.6458245203125 0.6875 0.646264775 0.6875 0.6571279921875 0.6771751234375001 0.705575071875 0.61875 0.61003791875 0.61875