6 0.5390625 0 0.43151962031249996 0 0.3925913984375 0.11946923125 0.37755247812500004 0.296875 0.38328164062500003 0.296875 0.5170820125 0.27666670781249997 0.5390625 0.24918683437500003 0.5390625 0
6 0.4015625 0.0876871625 0.4015625 0.079386584375 0.3077965015625 0.059553570312500005 0.291876253125 0.0694156703125 0.23823049062499999 0.31875 0.240843459375 0.31875 0.3794170265625 0.2978207984375 0.4015625 0.0876871625
6 0.10032570156250001 0 0.10456839843750002 0.05891528593749999 0.08574222031249999 0.11694500625 0.0864864375 0.1750019921875 0.10051383124999999 0.205696890625 0.1125905953125 0.2993303578125 0.126102209375 0.3359375 0.126974515625 0.3359375 0.24219195781249997 0.3185358453125 0.2828125 0.11760775937500001 0.2828125 0.116586084375 0.2676676 0.0670954 0.23508287968750002 0.028762614062500004 0.22661175312499998 0 0.10032570156250001 0
6 0 0.30704547656250003 0.030160315625 0.3053024296875 0.11680851562500001 0.3328125 0.11937655312499999 0.3328125 0.1203125 0.32354248281250003 0.1203125 0.3123533046875 0.11119451250000001 0.2781483546875 0.11486467656249999 0.2417974890625 0.1049273171875 0.2045187671875 0 0.02341614375 0 0.30704547656250003
6 0 0 0 0.0249620546875 0.0664560984375 0.1439328140625 0.083728109375 0.165625 0.0850630671875 0.165625 0.0885680359375 0.1599829734375 0.0871928640625 0.11544498750000001 0.1046875 0.064201815625 0.1046875 0.060444075 0.1003471328125 0 0 0
0 0.788500596875 0.45 0.8478669703125 0.4393811890625 0.8540715390625 0.43278143125 0.8605777874999999 0.41877792343750003 0.8609375 0.41245875625000006 0.8609375 0.381433925 0.852423175 0.33970320625 0.843063521875 0.3144808140625 0.8408154828125 0.3125 0.8401240453125001 0.3125 0.745335684375 0.33359635 0.7352830078125 0.33752125 0.731092996875 0.34323730937499997 0.6996955625 0.3490114015625 0.685452875 0.358652359375 0.680003346875 0.3588614 0.6707459328125001 0.3554084140625 0.657468621875 0.34135736875 0.64358795 0.3421138265625 0.6340288562499999 0.34606459375 0.6283782062500001 0.3512094671875 0.62043143125 0.36414820468750003 0.61473134375 0.3826456984375 0.6136746234375 0.3964401671875 0.616345340625 0.4158709921875 0.6188040406249999 0.42836578437500006 0.6228842765625 0.43748309374999994 0.6313186078124999 0.45 0.788500596875 0.45
0 1 0.45 1 0.3418532875 0.998576665625 0.33780830625 0.994668221875 0.336614196875 0.9842627453125001 0.3370581453125 0.977685265625 0.34067053125 0.9676744921874999 0.3678455875 0.955164796875 0.383513015625 0.9270137875 0.43100679062499997 0.9163330390625 0.45 1 0.45
11 0.8554670625 0.35236415 0.858993378125 0.36293634375 0.8730567375 0.3819749578125 0.8966993015625 0.396569221875 0.899823378125 0.417013084375 0.9035105890625001 0.42363660937500003 0.9295256437500001 0.425 0.9296747265625 0.425 0.9344747765625 0.4163559 0.9370524703124999 0.40165186875 0.94088968125 0.39245485625 0.9582547640625 0.3790204359375 0.9698175203125 0.36231410468749997 0.9734375 0.35002660625000004 0.9734375 0.308129975 0.9166680484375 0.3070970890625 0.9098785515625 0.3037734421875 0.9071181703125 0.2986824015625 0.901708865625 0.297904275 0.8492390234375 0.3109828453125 0.8554670625 0.35236415
11 0.2404467671875 0.5127976234375 0.20008019843749997 0.51574345 0.17529854218750002 0.52231435 0.1689008125 0.5271297921875 0.16145581874999998 0.539125125 0.1569526265625 0.5542845562500001 0.144852025 0.6177213546875 0.12911463750000002 0.6765684875 0.10922626875000001 0.7681597703125 0.10759817187500001 0.8121779968749999 0.1112444 0.8505115218749999 0.1166233734375 0.8755370328125001 0.1250393609375 0.9006929937500001 0.1408907765625 0.9324901109375 0.1403956515625 0.9587411187499999 0.1388004296875 0.96875 0.140918565625 0.96875 0.22147843125 0.9588503796874999 0.2218618453125 0.9582996093750001 0.2249845671875 0.94784273125 0.2377514578125 0.94174095625 0.24764319218750003 0.9329705531249999 0.25629730156249997 0.9112571515625 0.2889048609375 0.8543661765625 0.286639040625 0.8375202734375 0.2879433703125 0.8247685671875 0.303947325 0.767903303125 0.319180084375 0.7277534875 0.33327037187499997 0.6978172062500001 0.347665296875 0.6738873703125 0.36845795312499996 0.6451420953125 0.378125 0.6004777062500001 0.378125 0.5841193546875 0.3770169765625 0.5740819953124999 0.36921026874999996 0.5609389281249999 0.342248503125 0.5400765953125 0.3040621703125 0.518075309375 0.28226995 0.513198396875 0.2404467671875 0.5127976234375
11 0.5390625 0.507734103125 0.4446717546875 0.5828262234375 0.40466689999999994 0.6109104515625 0.3729828859375 0.640994115625 0.347572821875 0.6728250875 0.32570433125 0.7122793640625 0.3086246078125 0.7536634578125 0.2869940546875 0.8248188875 0.28634664062500004 0.8349715874999999 0.28918366406249996 0.859805809375 0.2765976328125 0.8784767859375 0.2740651828125 0.8858391843749999 0.27479824375 0.891289328125 0.28054856250000004 0.896626584375 0.288421909375 0.9102651203125 0.32078171875 0.945070165625 0.3213830625 0.9453125 0.3320269546875 0.9453125 0.3487241703125 0.932066965625 0.3820360921875 0.9365355906249999 0.46898609843749994 0.91325929375 0.506201440625 0.89810928125 0.5390625 0.8800719812499999 0.5390625 0.507734103125
11 0.180023228125 0.45 0.1805140109375 0.46041683125 0.1906246734375 0.46824020624999996 0.23161001875 0.4848609625 0.24991773906249998 0.501246525 0.251050646875 0.5096694765625001 0.25422094375 0.5107908625 0.3096202234375 0.5185891625 0.3202450140625 0.5152689031250001 0.3367153328125 0.5142522578125 0.387068784375 0.525692559375 0.4023871265625 0.527335759375 0.448484946875 0.5408099828124999 0.47711484375 0.546875 0.48161345468750005 0.546875 0.49582044999999997 0.5410370312499999 0.5086159125 0.5314061453125001 0.5308746859375 0.5135611609375 0.5390625 0.504483740625 0.5390625 0.4673217765625 0.5376152515625 0.4663964 0.497743746875 0.4692813921875 0.473314365625 0.46724682968750003 0.45660604843749997 0.46275249531250007 0.42890377187500006 0.45 0.180023228125 0.45
15 1 0.6069571328125 0.9860345546874999 0.5775797671875 0.980477625 0.578546078125 0.9692664093750001 0.58688410625 0.946283225 0.5948735140625 0.9352637999999999 0.596290615625 0.9363911453125 0.6018841359375 0.9499456375000002 0.615997396875 0.95573133125 0.6284669984375 0.9642954937500001 0.640453446875 0.9633511625000001 0.64560865625 0.9410806171874999 0.6408968296875 0.9215826843749999 0.6474816203125 0.9100307078125001 0.6782385718749999 0.9027739796875001 0.6884842609375 0.896461584375 0.693574740625 0.8857225328125 0.6993351624999999 0.8786118453124999 0.699972740625 0.8661817734374999 0.697342884375 0.844949996875 0.686960325 0.8401942859375 0.6864896515625001 0.82493414375 0.6934355390625 0.8009579484374999 0.7097828609375 0.795638565625 0.706515425 0.7842044343750001 0.6896377703125001 0.7344735124999999 0.605752525 0.7301899703125 0.6027042453125 0.725431334375 0.60812345625 0.7228816359375 0.6220425234375 0.7261663140625 0.6452284890625 0.7363669609375 0.6805876921875 0.750882275 0.7511317890625 0.7575120171874999 0.7707414734375 0.7604189609375 0.7959895234375 0.7725880765625 0.849972215625 0.776490959375 0.8609724671875 0.7870781171875001 0.8765999250000001 0.7987984765625 0.886041134375 0.8162646312499999 0.8934849906250001 0.8183024484375 0.89375 0.843337703125 0.89375 1 0.8542755968750001 1 0.6069571328125
2 0.8980667046875 0.6267834296875 0.8874220859375 0.6320283296875 0.8858108703124999 0.6525719609375 0.8790263078125001 0.66024004375 0.8538799390625 0.662416778125 0.8441338984375001 0.6598192859375 0.8305764828125 0.651595909375 0.8174396250000001 0.6498875171874999 0.8254829390625 0.667654275 0.8342359687500001 0.6786096796875001 0.852451734375 0.693709140625 0.8687876156250001 0.701449359375 0.8767075640625 0.703125 0.8801777375000001 0.703125 0.8831491781249999 0.702345865625 0.9033110703125 0.6862625421875 0.9126881578124999 0.673252459375 0.9171875 0.6512120953125 0.9171875 0.6395929796875001 0.9166631328125 0.6339309171874999 0.9106914953124999 0.6166024703125 0.9068771921875 0.616866471875 0.9027309078125001 0.6218797390625 0.89952895625 0.6217377953125001 0.8980667046875 0.6267834296875
2 0.7873327437500001 0.6176333515625 0.79730755 0.63366675625 0.8231489968750001 0.6541281 0.841133071875 0.66168153125 0.8585233625 0.6640625 0.8653343171875001 0.6640625 0.8816768421875001 0.6606204578125 0.8874255640625 0.65273321875 0.8873885906249999 0.632376378125 0.8890625 0.621532315625 0.8890625 0.6069710796875001 0.8862788015625 0.5914435390625 0.8718345124999999 0.5675030140625 0.8579967234375001 0.5549363140625 0.8519277265625 0.544013275 0.8473151296874999 0.5398243734375 0.84215613125 0.5390625 0.8350357546874999 0.5390625 0.819673596875 0.5409377015625 0.7983356796875001 0.5546302062499999 0.7858481484375 0.5728727140625 0.782216859375 0.5838854437500001 0.7814097875 0.5971021999999999 0.7873327437500001 0.6176333515625
13 0.88125 0.5786407609374999 0.88125 0.580571896875 0.886872375 0.5920019671875 0.89072365 0.612094809375 0.8885487578125 0.629841675 0.8980144250000001 0.6280958453125 0.9004180828124999 0.6237848890625 0.9078607515625 0.6183980421874999 0.9125220296875 0.6193842390625 0.9197674859375 0.6484375 0.9258537718750001 0.6484375 0.9416111796875001 0.6426747109375001 0.9525819249999999 0.6444603140625 0.96082644375 0.6484375 0.9671875 0.6484375 0.9671875 0.6473774578125 0.9503360125 0.615603615625 0.9290614093749999 0.5966439890624999 0.9044874937499999 0.583947825 0.8814644093750001 0.5774702781250001 0.88125 0.5786407609374999
13 0.78704295 0.5728278687499999 0.7835119484374999 0.57154530625 0.7645806140625 0.5750369703125 0.7388189671875 0.5835095359375 0.733825709375 0.58727260625 0.73125 0.5931743671875 0.73125 0.5939492484375 0.7335852375 0.5973962375 0.7332990109375 0.6048326859375 0.7364036031250001 0.6113800359375 0.7978293234375 0.7125 0.8024055515625002 0.7125 0.8307758968750001 0.692393640625 0.8421875 0.6874835734375 0.8421875 0.6846160328125 0.8284326249999999 0.6699423515625 0.817330471875 0.6483154265625 0.799961678125 0.6344661640625 0.787022465625 0.614057071875 0.783076753125 0.594479753125 0.78704295 0.5728278687499999