10 0.4296875 0.4296875 0.944594853125 0.4296875 0.944594853125 0.426901490625 0.9592415015625001 0.42446038125 0.97510870625 0.4000492984375 0.973888153125 0.39028486562500003 0.996875 0.3856874953125 0.996875 0.3835934875 0.9531387328125 0.3280366046875 0.8982137968749999 0.271891115625 0.8542738453125001 0.235274490625 0.8017900203125 0.21086340781250001 0.7663939484375 0.22306895 0.7236745546875 0.20109897499999999 0.6724112812499999 0.1730262296875 0.6260302234375 0.185231771875 0.5735463968750001 0.1730262296875 0.5393708796875 0.1986578671875 0.518621459375 0.21452507031249998 0.49543093124999993 0.203540084375 0.447829321875 0.235274490625 0.46491707968749996 0.2706705609375 0.4392854421875 0.28409665624999997 0.4296875 0.30409237031249997 0.4296875 0.355000171875 0.4307415625 0.363432675 0.4307415625 0.39272597343750004 0.4296875 0.389493515625 0.4296875 0.4296875
18 0.722611703125 0.4296875 0.7114690140625 0.4142115421875 0.6882784828125 0.411770434375 0.6675290625000001 0.38613879687499997 0.6467796437500001 0.41665264999999996 0.6333535484375 0.42031431250000006 0.6346925750000001 0.4296875 0.722611703125 0.4296875
1 0.17475998125 0.4296875 0.17111354843749998 0.4946280265625 0.1540132515625 0.67388406875 0.1300471046875 0.9165282390625 0.4164531203125 0.9265625 0.4296875 0.9265625 0.4296875 0.6374165171875 0.42591097187500004 0.5071300187500001 0.325856565625 0.4296875 0.17475998125 0.4296875
4 0.4296875 1 0.4296875 0.925452259375 0.2577847921875 0.92302610625 0.23849490312500002 0.9226965421875001 0.23800206875000002 0.9233641218749999 0.239790790625 0.9432690406249999 0.22711189375 0.9742623937499999 0.22156652656250003 1 0.4296875 1
2 0.4296875 0.7843079078125 0.44369263124999997 0.7839302390625 0.46416304999999997 0.7794424203125001 0.49363245156249996 0.7632569703125001 0.5118520296875 0.74461395 0.5234375 0.6492502531250001 0.5234375 0.6388831375 0.5107743609375001 0.619167159375 0.4779460734375 0.59743621875 0.4296875 0.5938229359375 0.4296875 0.7843079078125
2 0.495203621875 0.4296875 0.46965778125 0.45466588750000003 0.4587034359375 0.4585446328125 0.43631677968750004 0.490164825 0.4477882125 0.49737463281250005 0.4518119234375 0.5495477328125 0.47269081249999995 0.5879315640625 0.505740709375 0.6144147421875 0.5317078625 0.6254631765625 0.56161061875 0.628125 0.5759875 0.628125 0.6138850140625001 0.6138482140625 0.6456400046875 0.5784507921875 0.6539741625 0.55249645 0.659375 0.4959576140625 0.659375 0.48130654375 0.64865554375 0.43844274843750003 0.6398500734375 0.4296875 0.495203621875 0.4296875
2 0.6327936140625 0.4296875 0.6516495 0.44652912499999997 0.6598402890624999 0.48572505625 0.6604632718750001 0.5328125 0.6803634078125 0.5328125 0.7462627640624999 0.53103543125 0.798305684375 0.52134920625 0.7998525750000001 0.4862964390625 0.8057534078125 0.476385915625 0.8006607718750001 0.4354028796875 0.8036216078124999 0.4296875 0.6327936140625 0.4296875
2 1 0.4296875 0.8038862046874999 0.4296875 0.8015625 0.4366364359375 0.8015625 0.44191238281249995 0.8055840828124999 0.4681875203125 0.8245076109374999 0.49875246874999996 0.8492580984375 0.5178228109375 0.8809044734375 0.5142084828125 0.94437245625 0.5375 0.9761256453125 0.5375 1 0.5255132609375 1 0.4296875
2 0.9023042171875 0.6320076875 0.89721158125 0.5910246546875 0.8785096640625 0.5652119453125 0.8522470328124999 0.5478271953125 0.822112803125 0.5497559296875 0.777448103125 0.5812132140624999 0.7945640093749999 0.6071274359375 0.796962590625 0.62445079375 0.7771569984375001 0.6431953265624999 0.754952828125 0.6446165 0.736620259375 0.6267241875 0.7207601374999999 0.6277393109375 0.735294978125 0.6665291921875001 0.753627546875 0.68442150625 0.7748366625 0.6957744765625 0.8019466078124999 0.697216925 0.8475716125 0.68635266875 0.875455003125 0.670268734375 0.8838630312500001 0.645898471875 0.8964033875 0.6419182140624999 0.9023042171875 0.6320076875
2 0.4296875 0.810954240625 0.44166986875 0.8171936078125001 0.47541934062499996 0.824566321875 0.5166556578125 0.8219269984375 0.5729395265624999 0.8008476812499999 0.6065021374999999 0.7701009843750001 0.6062066609375 0.76376466875 0.5882434375 0.7537927484375 0.600414446875 0.7418920953125 0.5922627781250001 0.7376474203125 0.58835205625 0.722009653125 0.5681379953125 0.6978825359374999 0.5784275140624999 0.679747078125 0.5721920828125 0.6483700296875 0.527488265625 0.6448760609375 0.527931484375 0.6543805359375 0.515760475 0.6662811921875 0.5051059796875 0.74481468125 0.4931565796875 0.7614675734375 0.46217503281249994 0.7793386140624999 0.4296875 0.7833959671875 0.4296875 0.810954240625
2 0.625430040625 0.8689843609375 0.6246174734375 0.8515594890625 0.616022584375 0.8378103390625 0.6060632921875 0.8289149375000001 0.5964733499999999 0.8279399328124999 0.5853712671875 0.8286505203125 0.558852278125 0.8398807062500001 0.5547938171875 0.8210747796875 0.5481542906250001 0.8151445140625 0.5087255953125001 0.8224345625 0.45782546718750006 0.8225148000000001 0.46018929843749995 0.8732053343749999 0.467493653125 0.8933923140625 0.4829496765625 0.9178239687499999 0.5175855859375 0.9442056328125 0.5605556546875 0.9446329562500001 0.5839764875 0.9351898750000001 0.585267021875 0.9287520453125001 0.5979551187500001 0.927939946875 0.6144409453125 0.90623028125 0.625430040625 0.8689843609375
2 0.5918628484375 1 0.5895862125 0.9872614640624999 0.5793314421875 0.9720297453125 0.5643186375 0.9571025640624999 0.5383514859374999 0.9460541296875 0.503311478125 0.9451192453124999 0.49349992656249997 0.9393920015624999 0.46653772031249996 0.9411177140625 0.45411035312500003 0.98163330625 0.45343800468750006 1 0.47013922968750005 1 0.47683161093750004 0.9913006859374999 0.47638839375 0.9817962109374999 0.49217464375 0.9791970078125001 0.4971542890625 0.9836447078125001 0.49269173281250006 0.9902855625000001 0.49313494999999996 0.9997900359375 0.49327630781250004 1 0.5918628484375 1
2 0.7572085671875 1 0.7567084453125 0.9892752937499999 0.7184572921875001 0.9535921796875 0.706025553125 0.925789340625 0.7033314953125 0.902129665625 0.6483729078125 0.8834039796875001 0.6144409453125 0.90623028125 0.5963691046874999 0.9280414578125 0.5887736453125 0.96983659375 0.5916893125 0.9982485046875 0.5926244281249999 1 0.7572085671875 1
2 0.8814311 1 0.896942340625 0.994598915625 0.9196244765625 0.969315040625 0.9175952453124999 0.9599120781250001 0.9000752421874999 0.9594446359374998 0.8868700578125001 0.9491681812500001 0.8565489671875 0.912977503125 0.8563273578124999 0.9082252656249998 0.8813342046875 0.898680671875 0.8868656859375001 0.8808497515625 0.9064496671875 0.85735298125 0.9160743578125 0.8249608109375 0.90644529375 0.7890345515625 0.8681202734374999 0.7517673578125 0.845605159375 0.7325340125 0.796159078125 0.7159720140625 0.7578283625 0.7214939625 0.7456795859375001 0.733669234375 0.732846978125 0.7217777921874999 0.7178823796875 0.739393753125 0.6966093515624999 0.7579784609375 0.69565341875 0.8057038609375 0.6743356859375 0.8261339843750001 0.6686564640625 0.8407967453125 0.6779161796875 0.8688026093750001 0.698056371875 0.8913456484375001 0.7165758 0.9473573734375 0.7484090359375 0.981862459375 0.771351903125 0.9962820781249999 0.783864240625 1 0.8814311 1
2 1 0.858673421875 0.9752000265625 0.8307093250000002 0.945065796875 0.8326380624999998 0.95001069375 0.8704529390625 0.8938745609375001 0.8947004140625001 0.863114625 0.9173236906250001 0.8933618453125 0.9519302906250001 0.9206195312500001 0.9565408953125001 0.9199938265625001 0.9772354374999999 0.89390081875 1 0.9614887921874999 1 1 0.9879781515625 1 0.858673421875
2 0.675330740625 0.8133598390625 0.6834085390625 0.8160204343749999 0.6957272890625 0.8072879390625 0.6977521453125 0.748372471875 0.7164888140625 0.7408180062499999 0.7375849390625 0.7156356453124999 0.7461059578125 0.727800715625 0.7694529203125 0.7167735546875 0.7733983890625 0.6990441484375 0.745549746875 0.6817609078125 0.7370287281250001 0.6695958375 0.70818503125 0.6650867437500001 0.7042743093749999 0.6494489765625 0.68623721875 0.6378929796875 0.680740484375 0.622356725 0.656285475 0.6096226984374999 0.62441749375 0.6084847890625 0.577945175 0.635291346875 0.57300465 0.665794903125 0.5767676328125 0.6782645109375001 0.568211865625 0.699466615625 0.5972424234375 0.7420951203125 0.588391178125 0.7569609078124999 0.5998626109374999 0.76417071875 0.6428326796875 0.764598040625 0.6681002546875 0.7947569375000001 0.675330740625 0.8133598390625
2 0.668026384375 0.793172859375 0.644344821875 0.76291245 0.6062805296875 0.765348746875 0.5973554140624999 0.7786304546875 0.5775498234375 0.7973749859374999 0.5805393609375 0.827370978125 0.6077970453125 0.831981584375 0.644905403125 0.8772706875 0.67102029375 0.8914872796874999 0.6869542859375001 0.8920562343749999 0.6899785703125 0.8886850515625 0.68817095 0.884034328125 0.66998611875 0.869310171875 0.664341646875 0.8506057578124999 0.659362 0.8461580578125 0.660209315625 0.8302157546875 0.673818596875 0.8150454296875 0.668026384375 0.793172859375
2 1 0.7572470921875001 0.9974736921874999 0.7625538031250001 0.9791802437499999 0.77961274375 0.9553900625 0.7811354296874999 0.9431060625000001 0.75650075 0.9224879062500001 0.7578204109375 0.9252167109375 0.7481129109375 0.9408552234374999 0.74234555 0.940264265625 0.729672915625 0.947898846875 0.7228290375 0.9332162671875001 0.6808709984375 0.911711675 0.6631817109375 0.8879214906249999 0.6647043968749999 0.8855620328124999 0.682332290625 0.8690023374999999 0.7024578781249999 0.8709229484375001 0.7436439375 0.8875956359374999 0.760053684375 0.8971855796875001 0.7610286890625 0.902903921875 0.78131718125 0.915739759375 0.783673240625 0.9145969640625001 0.7932792281250001 0.93525424375 0.8269108203125001 0.9545818687499998 0.8320289875 0.9847160984375 0.8301002515625001 1 0.822881409375 1 0.7572470921875001
2 0.7800451265625 0.62553359375 0.791823621875 0.6279573265625 0.795659015625 0.61923820625 0.7836835343749999 0.6125902609375 0.7763806375 0.615176090625 0.7705753859375 0.5816531015625 0.7720006171875 0.5667330140625 0.7505583109374999 0.561750196875 0.716060015625 0.572431890625 0.7104546640625 0.58867873125 0.700422959375 0.6009720609375 0.6928999109375 0.6215784640625 0.6876392843750001 0.6452176734374999 0.7003766296875 0.645461628125 0.70438584375 0.6632115031250001 0.73654930625 0.670685728125 0.7269086578125 0.645881859375 0.7174157515624999 0.6242461515625 0.7300053546875 0.6213219453125001 0.7476615140625 0.6360799375 0.7597354890625001 0.6448399890625 0.7735301734375 0.6450162687500001 0.7753493765625 0.6385446015625 0.7774148125 0.6373531984375 0.7805868375 0.637150171875 0.7800451265625 0.62553359375
2 0.9720380500000001 0.6037122796875 0.9626175531250001 0.5608878421875 0.9411984125 0.5336602390625 0.883166290625 0.5172496828125001 0.8556754140624999 0.51900923125 0.8484970921875 0.547008003125 0.862784240625 0.5577448109375001 0.8848175062500001 0.5754002625 0.901810296875 0.59867435 0.900434309375 0.6146504921875 0.9251963828124999 0.6225984421875 0.9431451062499999 0.5981471328125 0.949242921875 0.5924608203125 0.9720380500000001 0.6037122796875
2 0.6891137640625 0.6313536375 0.7014310546875 0.5998483343750001 0.7135774421875001 0.587419653125 0.7162077546875001 0.5756000484375 0.7421488249999999 0.563347646875 0.7709432749999999 0.5668006875 0.7628031890625 0.551433621875 0.7721715234375 0.5476563890625 0.776919434375 0.5812470515625 0.8106790343749999 0.5547245671875001 0.8094739531249999 0.5516240828125 0.78810405625 0.5254525328125 0.7185165078125 0.5341432890625 0.6581987984375 0.5369447078125 0.678511353125 0.563183934375 0.650751078125 0.581908 0.6486132296875 0.60428813125 0.6681870875 0.614686565625 0.6891137640625 0.6313536375
2 1 0.6369008468749999 0.9875563609375 0.64085040625 0.9792714484375 0.6678608015625 0.9769597812499999 0.6637719390625 0.9612966453125 0.669011275 0.9577567281250001 0.6840667125 0.9750189171875 0.690376284375 0.9655028453125001 0.6909853578125 0.9416764578125001 0.7031024078125 0.9625538875 0.7187134281249999 0.9554972234375001 0.726579525 0.9439157125000002 0.7283799999999999 0.9456625046875 0.743097065625 0.9287450421875001 0.744179865625 0.9251066359374999 0.7571231984375 0.9399094156250001 0.7561757484375 0.951812484375 0.7840124234375001 0.9707461375000002 0.78068216875 0.9674987843749999 0.75652830625 0.9782923515625 0.7378309859375 0.9840483562500001 0.7702979203125 0.9974722359375001 0.7397809953125 0.9875361078125 0.7086408093750001 0.9920348734375001 0.6914055890624999 0.9976633906250001 0.652913965625 0.9998765671874998 0.6548907203125001 1 0.6447870203124999 1 0.6369008468749999