6 0.17146061875000002 0 0.0574806421875 0.1152055671875 0.048631084375 0.13142975625 0.0427313796875 0.1668279875 0.053055862499999995 0.19042680625 0.0766546828125 0.2169754796875 0.1017284296875 0.2317247421875 0.1386015859375 0.23467459375000002 0.17252488906250002 0.215500553125 0.2978936203125 0.0694828546875 0.30969303125000003 0.0488338859375 0.31264288281249997 0.0149105828125 0.3052682515625 0.0075359515625 0.29163176874999996 0 0.17146061875000002 0
6 0 0 0 0.0442116828125 0.019132559375 0.0665330015625 0.0515809359375 0.12258019843750001 0.129752028125 0.0444091078125 0.129752028125 0.0370344765625 0.08992901875 0.009010878125 0.081819228125 0 0 0
6 0 0.6190518984375 0.0235573375 0.6432291671875 0.159250553125 0.6432291671875 0.13270188125 0.466238015625 0.0810794609375 0.3393943578125 0.0692800515625 0.29219671875 0.029457042187499997 0.1874769546875 0.010283001562500001 0.1550285765625 0 0.1529719765625 0 0.6190518984375
6 0.2978936203125 0.6432291671875 0.2285720875 0.4013412609375 0.21234789843750002 0.3939666296875 0.12090247031250001 0.427889934375 0.1577756265625 0.6432291671875 0.2978936203125 0.6432291671875
6 0.43653668906250004 0.47508757343749997 0.43358683593749997 0.41756545 0.41146294218749996 0.362993178125 0.41293786875 0.1579784296875 0.41883757343749994 0.11668049375 0.39671367968750004 0.09898137968750001 0.3465661875 0.0960315265625 0.3303419984375 0.10193123125 0.3259172203125 0.1093058625 0.32444229375 0.156503503125 0.2816694328125 0.3526686953125 0.25217090781249996 0.39544155625 0.240371496875 0.447063975 0.29346884218749997 0.641754240625 0.40703816406250004 0.6432291671875 0.41883757343749994 0.60193123125 0.424737278125 0.5075359515625 0.43653668906250004 0.47508757343749997
6 0.47488477187499994 0.0709577796875 0.44243639375 0.1034061578125 0.41293786875 0.156503503125 0.41146294218749996 0.3674179578125 0.432111909375 0.41609052343749997 0.43358683593749997 0.4603383109375 0.43801161562499996 0.466238015625 0.454235803125 0.44116427031249994 0.5 0.3397651671875 0.5 0.061169248437500004 0.4955337390625 0.060633296875 0.47488477187499994 0.0709577796875
6 0.2757697265625 0.3231701703125 0.29346884218749997 0.3025212015625 0.3259172203125 0.1579784296875 0.3273921453125 0.1107807890625 0.3347667765625 0.10193123125 0.36869008124999997 0.0960315265625 0.350990965625 0.07980733749999999 0.30969303125000003 0.0739076328125 0.2816694328125 0.0857070421875 0.26544524375 0.10193123125 0.1607254796875 0.22435011093749999 0.1238523234375 0.24057430000000002 0.09730364999999999 0.2936716453125 0.07517975625 0.31137075937500003 0.11942754375 0.427889934375 0.16220040625 0.40576603906250003 0.1872741515625 0.3733176625 0.23889657031249997 0.348243915625 0.2757697265625 0.3231701703125
6 0.300915903125 0 0.3111679578125 0.011960729687500001 0.3922889015625 0.0473589609375 0.42916205781250005 0.0694828546875 0.46751014062499996 0.0783324109375 0.4881591078125 0.0621082234375 0.5 0.0614117 0.5 0 0.300915903125 0
18 0.5460975234375 0.3899230078125 0.55817481875 0.5420969203125 0.5569670890625 0.5976524765625 0.619769021875 0.5976524765625 0.62580766875 0.537266003125 0.6330540453125 0.509488225 0.6511699875 0.29572010937500004 0.6475468 0.2449954703125 0.6342617749999999 0.2220486109375 0.6306385875 0.20393266875 0.5992376203124999 0.1966862921875 0.577498490625 0.20393266875 0.5702521140625 0.21117904531249998 0.5678366546875 0.22567179999999998 0.5593825484375 0.23171044687500003 0.5545516296875 0.257072765625 0.5509284421875 0.25465730625 0.552136171875 0.22325634062500002 0.530397040625 0.22446407031249999 0.52435839375 0.22929498750000002 0.5400588765625 0.36818387656249996 0.5460975234375 0.3899230078125
18 0.7646965578125 0.47084088125 0.6644550125 0.47446407031250004 0.6439236109375 0.48050271718750004 0.6330540453125 0.6061065828125 0.63909269375 0.6375075484375 0.6584163640625 0.672531703125 0.662039553125 0.7123867749999999 0.6741168484375 0.7305027171875 0.8407835140625 0.7292949875 0.8311216781249999 0.47567180000000003 0.8262907609375001 0.47084088125 0.7646965578125 0.47084088125
18 0.8238753015625001 0.4491017515625 0.8371603265625 0.44306310312499997 0.844406703125 0.3766379828125 0.8359525968750001 0.3476524765625 0.8347448671875 0.201517209375 0.8323294078125001 0.1906476453125 0.8142134656250001 0.189439915625 0.6656627421875 0.1954785625 0.6644550125 0.214802234375 0.6523777171875 0.23774909375000003 0.662039553125 0.3259133453125 0.662039553125 0.3826766296875 0.6572086359375 0.42736262031249994 0.6499622578124999 0.4491017515625 0.6523777171875 0.4575558578125 0.7103487312500001 0.4611790453125 0.7477883453125 0.45393266875 0.8238753015625001 0.4491017515625
18 1 0.4690203984375 0.9180782000000001 0.47084088125 0.8854695046875 0.4768795296875 0.8311216781249999 0.47567180000000003 0.8323294078125001 0.49016455312499996 0.8468221625 0.4949954703125 0.85044535 0.52156551875 0.8480298906250001 0.557797403125 0.852860809375 0.562628321875 0.8492376203124999 0.5759133453125 0.8540685390625 0.6290534421875 0.8480298906250001 0.6604544078125001 0.8516530796874999 0.680985809375 0.8601071859375 0.684608996875 0.8601071859375 0.697894021875 0.8685612921875 0.7111790453125 0.903585446875 0.7329181765625 1 0.729245240625 1 0.4690203984375
18 1 0.1865025984375 0.8709767515625 0.193063103125 0.8576917265624999 0.20272493906250003 0.8625226453125 0.36214522968749996 0.85889945625 0.3826766296875 0.8468221625 0.3850920890625 0.844406703125 0.3899230078125 0.844406703125 0.456348128125 0.9555178140624999 0.456348128125 0.99416515625 0.464802234375 1 0.463890540625 1 0.1865025984375
5 0 0.7952007578125 0.0716666671875 0.8772916671875001 0.10833333281249999 0.9089583328125 0.16 0.9356249999999999 0.22999999999999998 0.9589583328125 0.255 0.9622916671875 0.2866666671875 0.9522916671875 0.29 0.8972916671875 0.24 0.795625 0.1960044640625 0.75 0 0.75 0 0.7952007578125
5 0.24018939375 1 0.1983333328125 0.9539583328125 0.1166666671875 0.9122916671875 0.0783333328125 0.8822916671875 0 0.8571658796875001 0 0.996696428125 0.0043166671875 1 0.24018939375 1
5 0.25166666718749997 0.8089583328125001 0.3916666671875 0.8139583328125 0.43833333281250003 0.8089583328125001 0.4583333328125 0.8189583328125 0.5 0.8155799546875 0.5 0.75 0.195983796875 0.75 0.25166666718749997 0.8089583328125001
5 0.335 0.815625 0.3233333328125 0.8189583328125 0.32 0.8272916671875 0.43833333281250003 0.8872916671875 0.5 0.9307386359375001 0.5 0.812327128125 0.48333333281249996 0.8172916671875001 0.335 0.815625
0 0.9172223765625 1 0.93193359375 0.956640625 0.95732421875 0.89072265625 0.9578125 0.86826171875 0.95537109375 0.85654296875 0.95537109375 0.84384765625 0.959765625 0.83115234375 0.96025390625 0.82138671875 0.9578125 0.812109375 0.9529296875 0.804296875 0.9392578125 0.79111328125 0.9275390625 0.78330078125 0.88701171875 0.76474609375 0.86015625 0.75888671875 0.83330078125 0.757421875 0.80009765625 0.76083984375 0.7908203125 0.76474609375 0.78203125 0.77548828125 0.77861328125 0.78623046875 0.76591796875 0.80185546875 0.75517578125 0.81064453125 0.7517578125 0.81796875 0.74345703125 0.87705078125 0.73662109375 0.9078125 0.7341796875 0.937109375 0.729296875 0.9576171875 0.7225944765625 1 0.9172223765625 1
0 1 0.8648828125 0.987109375 0.86337890625 0.967578125 0.86728515625 0.96123046875 0.87216796875 0.95244140625 0.9078125 0.92509765625 0.97568359375 0.91670270625 1 1 1 1 0.8648828125