12 0.2230104078125 0 0.21734138125000002 0.004861246875 0.1621190609375 0.04631755625 0.14273711875 0.06441210625 0.1349228796875 0.0702704125 0.1328125 0.1422651234375 0.1328125 0.2377309640625 0.21777707343750002 0.3390625 0.55 0.3390625 0.55 0.20051221406250003 0.541045475 0.1902257625 0.5250544796875001 0.1621651234375 0.46540613124999997 0.09389231875000001 0.4620727640625 0.0859388578125 0.46067674218750004 0.06403790781249999 0.456475425 0.0509313484375 0.424322553125 0 0.2230104078125 0
0 0.73853505 0.3390625 0.905184865625 0.2987533859375 0.9111177109374999 0.29622510625 0.9248205921875 0.2855525796875 0.9390625 0.28246561875 0.9390625 0.20788474375 0.932695315625 0.1788694390625 0.9230116125000001 0.15599771093749998 0.916933503125 0.1535881859375 0.9033957578124999 0.1528576671875 0.890211990625 0.1471432453125 0.88340181875 0.146875 0.8818882531250001 0.146875 0.8226830578125 0.1489222328125 0.7438022046875 0.1562054625 0.6697975984375 0.15907748593749999 0.655363046875 0.1618956203125 0.649973028125 0.16585914531249998 0.57331624375 0.19769310625 0.56798433125 0.2036317546875 0.564295421875 0.2143699140625 0.5625 0.22203071406250002 0.5625 0.30148701718750004 0.56696296875 0.3220601515625 0.5701182359375 0.3272151578125 0.578280490625 0.3324029828125 0.5836434671874999 0.3390625 0.73853505 0.3390625
0 0.762982903125 0.055096282812499994 0.7549751984374999 0.0553411703125 0.7363112203125001 0.0680143 0.7144899046875001 0.07550860000000001 0.710139109375 0.080886009375 0.7056138796875 0.08031066875000001 0.6994736421875001 0.075905759375 0.6915240828125 0.0781348953125 0.6809986328125 0.095027696875 0.6730146546875 0.11317714062499999 0.669997334375 0.1298713640625 0.6951358828125 0.133012578125 0.6972504640625 0.13679583906249998 0.6940151015625 0.14604912812499998 0.6891938046874999 0.15246496874999999 0.6815257765625 0.1472068609375 0.6671875 0.1462441375 0.6671875 0.15874561250000002 0.6674015609375 0.1609513953125 0.886490715625 0.15009305781249999 0.9042519562500001 0.1578974125 0.9212665109374999 0.15731501875 0.92696531875 0.1637504875 0.9314240874999999 0.1796875 0.937065821875 0.1796875 0.938862509375 0.17657511718750002 0.9390625 0.175655165625 0.9390625 0.130671303125 0.933824671875 0.1243166734375 0.9144338874999999 0.1121866859375 0.878397296875 0.0961282203125 0.8642784296875 0.092960325 0.8358081140625 0.0786875328125 0.762982903125 0.055096282812499994
0 1 0 0.82222334375 0 0.8136133046874999 0.005599996875 0.7962968421875 0.019513796875 0.7578125 0.057581614062499994 0.7578125 0.058176021875 0.7676870765625 0.063146115625 0.8320593046875 0.0836781515625 0.8587657500000001 0.0970195265625 0.8843156484375001 0.10535345 0.9143061812500001 0.1096867421875 0.9268298375 0.1125 1 0.1125 1 0
0 0.5980588703125 0 0.5985422078125 0.00162264375 0.6156295765625 0.030484953125000002 0.6388851375 0.05140484375 0.647865265625 0.055480309375 0.65723635625 0.056081014062500004 0.66307073125 0.0535728 0.6673465125 0.048262609375 0.6685051125 0.037348464062499996 0.66381505 0.028452667187500003 0.641481646875 0 0.5980588703125 0
0 0.55 0.1102565875 0.5628849125000001 0.1125150421875 0.6152694890625 0.11942428281249999 0.6181152484375 0.11572086875000001 0.6279502031249999 0.064703184375 0.6268163984374999 0.04270514375 0.6206248875 0.032966817187500004 0.6077313671875 0.029747057812499998 0.596573115625 0.0185065921875 0.5890944375 0.01527365625 0.577673796875 0.011916703125 0.563926925 0.013197159375 0.55 0.01583790625 0.55 0.1102565875
14 0.55 0.125850496875 0.5653058875 0.12800768906249999 0.57623556875 0.131410371875 0.6197542984375 0.138163040625 0.686000028125 0.1477107171875 0.6948515875 0.14737742812500002 0.7003859671875 0.13458212187500002 0.6983364156249999 0.131825875 0.6776161125 0.1303175265625 0.5850780953125 0.1138861984375 0.5628706265625001 0.11202517812499999 0.55 0.1096908046875 0.55 0.125850496875
14 0.55 0.191749965625 0.5723635578125 0.184328596875 0.5889847593749999 0.18032445 0.5930267203125 0.1838774984375 0.595972478125 0.183603115625 0.6016354265625 0.1752165640625 0.6013068609375 0.163949746875 0.5967882234374999 0.160932290625 0.5928748328125 0.16178799531250002 0.5817970421875 0.1701877234375 0.55 0.184472059375 0.55 0.191749965625
0 0.6416955984375 0.11401566249999999 0.6211752890625 0.11936537656249999 0.6721298421874999 0.1278813921875 0.6742132187500001 0.11491633906250001 0.6687555203125 0.1134599296875 0.6416955984375 0.11401566249999999
0 0.55 0.2187375578125 0.5573190125 0.2255164921875 0.5647834046875 0.22825956406249998 0.5748702421874999 0.20276041406249998 0.579146025 0.197450221875 0.6667330640625 0.1622763390625 0.6696359671875001 0.160532371875 0.6692074031249999 0.1458365234375 0.6666954609375 0.1441057296875 0.6276382234375 0.1384110734375 0.6153213765625 0.1380847515625 0.613095146875 0.14615119062499998 0.6048345453125 0.14986777812500002 0.5947815296875 0.1596456296875 0.5999768359375001 0.1689855546875 0.600162546875 0.1753537546875 0.5964634359375001 0.183557384375 0.592550046875 0.184413090625 0.588508084375 0.18086004218750001 0.58505708125 0.18069029375 0.55 0.191677209375 0.55 0.2187375578125
0 0 0.8905407578125001 0.0052318265625 0.9229213765625002 0.0163730625 0.95204725625 0.030348885937499997 0.9722685281250001 0.037363971875 0.9787210999999999 0.0484627796875 0.9848952140625 0.0542047421875 0.9859375 0.101146371875 0.9859375 0.11064331406250001 0.9852335328125001 0.191771675 0.9719441109375001 0.22490678281249998 0.9644070671874999 0.234772584375 0.964560971875 0.24690485624999997 0.9606179812499999 0.2586804875 0.9473521203124999 0.2625 0.9355301578125002 0.2625 0.8800770703125 0.258234771875 0.859251884375 0.246184909375 0.8282167859375 0.224458615625 0.7954252109375 0.2205481328125 0.7914951578125 0.2185493578125 0.790625 0.1953159125 0.790625 0.18012195 0.79628645625 0.092091421875 0.8213648765624999 0.042037196875 0.83221751875 0.02883919375 0.8410657374999999 0.021115021875 0.8488412640625 0.008479164062499999 0.8680157218750001 0.0051630921875 0.8796237843749999 0 0.8862742671875001 0 0.8905407578125001
0 0.1303088015625 0.6525798593750001 0.1074743078125 0.6517519249999999 0.08699693124999999 0.6546645546875001 0.021373698437499998 0.658442978125 0.011151434375 0.6625189921875 0.012858298437499999 0.67582771875 0.0109375 0.681252615625 0.0109375 0.7052929109375 0.013644240625000002 0.7202645546875 0.0139684734375 0.73961110625 0.0165676921875 0.7495997375 0.02093340625 0.7985897453125 0.0236252140625 0.809375 0.0707577921875 0.809375 0.1413791328125 0.79994200625 0.2203858984375 0.7946234078125001 0.2288952265625 0.7924525234375001 0.23125 0.7893021 0.23125 0.690152384375 0.22538044687499997 0.668808203125 0.21583093281250001 0.650721903125 0.20709592968749999 0.649264421875 0.182967003125 0.6523589453125 0.15677841406249998 0.6506062046875 0.1303088015625 0.6525798593750001
17 0.09582866718750001 0.3926667953125 0.08913454531250001 0.3924337703125 0.0805062453125 0.397701184375 0.077722396875 0.4090031515625 0.07294063281249999 0.4155706859375 0.0595406125 0.4448240671875 0.041064406250000005 0.49658563281249996 0.0171656359375 0.5468417359375 0.012244628125 0.5626589515625 0.009476715625 0.5765196390625 0.011890628125 0.60064288125 0.0121455625 0.6415823671875 0.013347495312499999 0.6449347718749999 0.017295525 0.6467274843749999 0.0317682796875 0.647494625 0.06004986875 0.653125 0.1052943390625 0.653125 0.11819885156250001 0.6501270984375 0.13306751875 0.6354461828125 0.20441987031250003 0.5400802328125 0.2352954046875 0.5038359296875 0.24865767187499999 0.4843248296875 0.2740728859375 0.4563173421875 0.284375 0.438420975 0.284375 0.42674728125000005 0.284320859375 0.426653278125 0.236922696875 0.41744170468749997 0.2311956671875 0.4144584625 0.20655634374999998 0.4090111140625 0.16154612031249999 0.4039456296875 0.09582866718750001 0.3926667953125
9 0.55 1 0.55 0.8626803484375 0.5486191687499999 0.8619798 0.5258721578125 0.855205075 0.37257126875 0.8168134578124999 0.3578775328125 0.8145819796874999 0.3079690515625 0.7993457265624999 0.2557336546875 0.7876183984375 0.2374327859375 0.7876172671874999 0.22243045 0.7986875906249999 0.22392834218750002 0.8034888531250001 0.23912079843749998 0.8229392843750001 0.2536009921875 0.8537329437500001 0.26103120468749996 0.8996505296875 0.260685059375 0.9226362734375 0.2640369765625 0.9265671812499999 0.315459190625 0.9491480921874998 0.33948641875 0.9572013937499999 0.3577497453125 0.9668864656250001 0.38344500937500003 0.9756335249999999 0.3921888515625 0.9810608828125 0.43631966093749996 1 0.55 1
6 0.2328092765625 0.5481297921875 0.2287826390625 0.5458581703125001 0.19126680625 0.5562198484375 0.1707657703125 0.5800748140625 0.1434007453125 0.617489596875 0.142858625 0.62472531875 0.1527442265625 0.6406255515625 0.1588584078125 0.6480929 0.1664229484375 0.6527313250000001 0.2068178046875 0.6489391296875 0.21241156249999998 0.6514148640625 0.21855743125 0.66396900625 0.22375751250000003 0.6818002984375 0.22870237968749998 0.7057928453125 0.230847440625 0.7359328921875 0.2344328734375 0.7459298828125001 0.2526111265625 0.7576687062499999 0.30229607812500003 0.7841530078125001 0.3207236890625 0.8045013109374999 0.363083471875 0.8176425359374999 0.37189654375000003 0.8184727437500001 0.3803910265625 0.8152906234374999 0.3902191109375 0.8062465359375001 0.394570196875 0.7977597546874999 0.3939488578125 0.79227849375 0.37146291875 0.764571778125 0.3628199921875 0.7596340640625 0.3546182703125 0.7469709859375 0.3389704890625 0.6858469250000001 0.3297596109375 0.668287409375 0.297217925 0.6287879640625 0.264442721875 0.5832224421875 0.2328092765625 0.5481297921875
10 0.55 0.3390625 0.55 0.5098623531250001 0.5617706 0.515934025 0.568263246875 0.5203985359375001 0.5748830515625001 0.5234375 0.5971415625 0.5234375 0.59777205 0.52322955 0.6036016234375 0.5173720609375 0.6090169453125001 0.5029895015625 0.6143488671874999 0.493538159375 0.649200521875 0.4501069078125 0.67095888125 0.413567115625 0.6829543421875 0.39690296406250003 0.690499703125 0.3831469125 0.6947255921875 0.367552634375 0.6962559203125 0.3390625 0.55 0.3390625
6 0.6928729265625 0.3390625 0.6919666203125 0.36594634375 0.6912860375000001 0.37227422187500003 0.6882332015625 0.3803380890625 0.6825938578125 0.3867511203125 0.6787764109375 0.3893732265625 0.665294921875 0.41072705625 0.6438494546875 0.45174041406250004 0.62601276875 0.46816529687499997 0.6136529859375 0.4844687875 0.601676909375 0.5109508859374999 0.5961412 0.5367208484375 0.5800578078124999 0.5954149531249999 0.5796875 0.59866891875 0.5796875 0.6101990374999999 0.5826135171875 0.6266375734375 0.5906783375 0.65982996875 0.59435295 0.6710867921875 0.5975930484374999 0.675 0.66276576875 0.675 0.6631356046875 0.6746496171875 0.6708965296875 0.6628546359375 0.67790405 0.6568692671875 0.6844340375 0.6493472312499999 0.698033159375 0.6251067140625001 0.7153292890625 0.586215321875 0.7275966453125 0.561806275 0.7450132 0.48653320000000005 0.7493333796874999 0.47445552031249993 0.7541997125 0.46626481093750005 0.75614764375 0.45592311875 0.7563506953125 0.44805857343749994 0.758735546875 0.4408264609375 0.760315178125 0.429725496875 0.762167875 0.39636279375 0.769154378125 0.3511271796875 0.7716078484375 0.3462453703125 0.7793164296875 0.3390625 0.6928729265625 0.3390625
1 1 0.5336312390625 0.9438129468750001 0.3894297671875 0.9391187999999999 0.38693809218749997 0.9179725734374999 0.385600734375 0.8932198859374999 0.38041310156249997 0.8896845687500001 0.37707075 0.8854419140625 0.36685369218749997 0.877754240625 0.36123811250000004 0.8720832296874999 0.359071434375 0.854915603125 0.3569420125 0.8375263343749999 0.3568797984375 0.8196541078124999 0.36249352031250004 0.7953980671875 0.37727468124999997 0.7678707640625 0.3997226109375 0.7573619593750001 0.4104617484375 0.755218059375 0.4152283953125 0.7539237859375 0.427885590625 0.751842821875 0.43675113125 0.7466369921875 0.45250379687500003 0.7458927187500001 0.4617884640625 0.7433534203125001 0.46555702343750005 0.7413518078125 0.4713395109375 0.7337325546875 0.49905852656250005 0.72403918125 0.5484654453125 0.71963645625 0.560827825 0.7149176875000001 0.56910906875 0.7100798890625 0.5820148859375001 0.7096283999999999 0.5897402703125 0.7234043765625 0.6205743703125 0.726397903125 0.623698278125 0.7335875656249999 0.625758403125 0.7382379312499999 0.6315870921875 0.7387277328125 0.63873351875 0.7366905515625 0.6442620453125001 0.7381216453125 0.650829515625 0.745357828125 0.6641704796875001 0.7570774625000001 0.6930972046875 0.7589468125 0.6953125 0.855305375 0.6953125 0.9004944640625 0.6932930234375 0.92233708125 0.6904782140625001 0.9388329437499999 0.6859868859375 0.9634638625 0.6811812421875001 0.9983217515625 0.6782226234375 1 0.6777256875 1 0.5336312390625
4 0.55 0.9075598375 0.569721425 0.8946933765625001 0.58306500625 0.88739995 0.5932314812499999 0.8826174375000001 0.610024571875 0.8783839359375001 0.6195167875 0.8723785124999999 0.64615675625 0.862876853125 0.67460913125 0.8555342078125001 0.6944579640625 0.8551506812500002 0.69902674375 0.8517793390625 0.6998183234375001 0.8484202984374999 0.69842395 0.8347976046875001 0.686024315625 0.7873944109375 0.679167090625 0.74722311875 0.6739065140625 0.7257421171875 0.6657304453125 0.7014176234375 0.6612641515625001 0.69106070625 0.65533201875 0.6828399171875 0.6518083406249999 0.6810556875 0.6495630578125 0.68121404375 0.633159690625 0.68643643125 0.6163935687500001 0.694479428125 0.60404384375 0.7034814125000001 0.5967658953125 0.7072979234375 0.55 0.72117270625 0.55 0.9075598375
7 0.7458189625 0.8494955531249999 0.7503715609375 0.853239959375 0.7522621828125 0.8523443374999999 0.75594633125 0.84624035625 0.76125274375 0.8318909781249999 0.7754620734375 0.8199628140625 0.7755605140625 0.8080134890625 0.77896416875 0.799896546875 0.7784395906249999 0.7798601781250001 0.7804529203125 0.75634160625 0.7798069765625 0.742666128125 0.7783654078125 0.7341286296874999 0.7804785328125 0.729405915625 0.7805216843749999 0.726099659375 0.778694440625 0.7147943359375001 0.7738734859375 0.703700153125 0.767976415625 0.695730984375 0.7591867734375001 0.69050675625 0.7499696499999999 0.6695588953125 0.7400661296875001 0.6527249375 0.7371978296874999 0.64479625 0.7363563531249999 0.638757359375 0.73953750625 0.63446750625 0.7393001640625 0.6291482890625 0.736073159375 0.622261271875 0.7333329703125 0.620675878125 0.7315866390625001 0.62079904375 0.7168163265625 0.62870128125 0.6978588671875 0.6445216265625 0.693652840625 0.6450723625 0.6843602015625 0.6416622609375 0.6784779671875001 0.6428394015625 0.6770080843749999 0.64675446875 0.6769608890625001 0.6518396624999999 0.6748747328125 0.660371871875 0.6757863328125 0.666914003125 0.6792277515625 0.6735318015624999 0.6798588609375 0.678060971875 0.684360215625 0.6886695078124999 0.6869358875 0.699922046875 0.6944498343750001 0.7176868171875 0.700786525 0.736042803125 0.7084164484375 0.76548768125 0.71562293125 0.777429990625 0.72316789375 0.79722531875 0.727357740625 0.8037903343749999 0.7412704109374999 0.8439722078125002 0.7458189625 0.8494955531249999
0 0.55 1 0.6947253671875 1 0.7004454234375 0.9957501453125002 0.7142299718749999 0.9825814734375001 0.7241860765625 0.9762892390625 0.72794035 0.9706885 0.7357604015625 0.9635305437499999 0.7442277421875 0.9537860031250001 0.7496042796875 0.939939865625 0.74930895 0.9287805921875 0.7477311796875 0.917457675 0.742918315625 0.902805615625 0.7330147953124999 0.8859716546874999 0.7178763296875 0.8677282546875 0.7035752937499999 0.85730268125 0.688264221875 0.852284303125 0.6756501859374999 0.8521575703125001 0.6574344078125 0.855220946875 0.6340416703125 0.86271493125 0.612364246875 0.8680551937499998 0.583116246875 0.8805358171875 0.5773311062500001 0.8860256953124999 0.5514584499999999 0.9028419421875 0.55 0.9043180765625 0.55 1
4 1 1 1 0.9876997953124999 0.9895797843749999 0.9789154 0.9752396421875 0.97001714375 0.9648209906249999 0.960334128125 0.9411221328125 0.9457435921874999 0.9290542453124999 0.9404964796874999 0.9243883734375 0.9395550859374999 0.8712850890624999 0.9435544437499999 0.8664789734375 0.9416065703125 0.8582273890625001 0.9348198343749999 0.822600890625 0.915988665625 0.8157989671875001 0.9141815515625 0.80660746875 0.91330525 0.797341803125 0.9137046453125001 0.769462546875 0.9197364046875001 0.7543847703125 0.92181618125 0.749855096875 0.9236602093750002 0.748673796875 0.9260303624999999 0.7494451515625 0.9315660125 0.748422978125 0.9423100203124999 0.7450624718750001 0.9471207078125001 0.74305453125 0.9525982796874999 0.7360489828125 0.9619856312499999 0.7286928203125 0.9688567765624999 0.72454478125 0.9752475671875 0.715126734375 0.97997729375 0.7120548125 0.9832430703124999 0.7119415375 0.9860460843750001 0.720561434375 1 1 1
1 0.9599744093750001 0.9291683859375001 0.9598773140624999 0.9248556484375001 0.9513613921874999 0.8149257015625 0.9468923828125 0.7430784140625 0.9443571609375001 0.7140364953125 0.9415481937500001 0.6956858 0.938309053125 0.6941355984375 0.9342473171875 0.6939138781249999 0.9192787703124999 0.694969578125 0.8730987750000001 0.6944151609375 0.8262013703125 0.695944084375 0.7850459546874999 0.695289384375 0.782687396875 0.6982507546875001 0.7822464328125001 0.7041259999999999 0.77895605 0.709439928125 0.7782656125 0.7153327671875 0.7809963671875 0.7367380984375 0.7833360562499999 0.773416603125 0.789347759375 0.80932794375 0.7926583796875001 0.842126571875 0.7856514890625 0.8677759843749999 0.7812809453125 0.8779938656249999 0.7808790875 0.88234179375 0.7829598531249999 0.8918505828125 0.7881165890625 0.8963146625 0.8069432484375 0.9066751437499999 0.8185782625 0.914239628125 0.8598995531250001 0.9359723656250001 0.8714253359375 0.9445609265625 0.925101740625 0.9392506796875001 0.9427133812499999 0.9354676359375 0.9591518140625 0.93049686875 0.9599744093750001 0.9291683859375001
10 0.7877848265624999 0.8071513343750001 0.7855746046875 0.807561309375 0.7798865609375 0.8173639265624999 0.7730333953125 0.8224209437500001 0.7665079171875 0.8244057296874999 0.7625823828125 0.8269694296874999 0.7552329656250001 0.8465447625 0.7516580453125 0.851624665625 0.749627178125 0.8515138046875 0.7479199546874999 0.8501096531249999 0.740752578125 0.836640025 0.729353546875 0.803649575 0.7231058609375001 0.7931642015625 0.718008459375 0.7782781171875001 0.70836655 0.75608975 0.6947734765625 0.716393525 0.683187003125 0.687481784375 0.67878274375 0.681185984375 0.67490440625 0.6786644921875 0.6729166890625 0.675247375 0.6682899250000001 0.672778665625 0.665947546875 0.668624284375 0.6640259093750001 0.6674893484375 0.6620301015625 0.667630109375 0.6591725937499999 0.670626665625 0.655929409375 0.6708554015624999 0.654677984375 0.6727223140625 0.6548883546875001 0.6742320375 0.658684434375 0.6815871046875 0.6711002500000001 0.721874546875 0.693681209375 0.8206487859374999 0.706366725 0.8520239437499999 0.711125646875 0.859057009375 0.722748525 0.87195830625 0.7345237875 0.880529271875 0.757455334375 0.8878052203125 0.7637272921875 0.8876169656249999 0.7738897203125 0.8846133921875001 0.7788172046875 0.880200375 0.7836826546875 0.871726240625 0.7875151390624999 0.8630708671875 0.7908567625 0.8508928062500001 0.791061728125 0.8234362812499999 0.7889580374999999 0.8083390578125 0.7877848265624999 0.8071513343750001