11 0 0 0 0.2602799484375 0.00068359375 0.26064453125 0.04658203125 0.27041015625 0.0861328125 0.27431640625 0.134069825 0.2859375 0.1361328125 0.2859375 0.159375 0.2845703125 0.16962890625 0.2806640625 0.18427734375 0.26455078125 0.1994140625 0.2572265625 0.21015625 0.24404296875 0.2208984375 0.209375 0.2287109375 0.17080078125 0.2484375 0.1233630953125 0.2484375 0.1002197265625 0.24677734375 0.0931640625 0.2423828125 0.0873046875 0.2384765625 0.07705078125 0.221875 0.05166015625 0.21015625 0.02919921875 0.20087890625 0.02041015625 0.19306640625 0.0091796875 0.1895357578125 0 0 0
11 0 0.659375 0.1349632625 0.659375 0.137890625 0.6183919265625 0.13138020781249998 0.57607421875 0.16555989531249998 0.5093424484375 0.1796875 0.4653899 0.1796875 0.4607747421875 0.173697915625 0.42633463593750004 0.1134765625 0.40680338593750004 0.0141927078125 0.42145182343750004 0.007682290625 0.42307942656249997 0.06302083281250001 0.40192057343750004 0.001171875 0.37587890625 0 0.3765485484375 0 0.659375
14 0.4 0.3816453703125 0.43329563281250005 0.39152119375 0.529927640625 0.425 0.5339182499999999 0.425 0.5395112109375 0.4159114375 0.574916403125 0.3175636796875 0.604814121875 0.2561946796875 0.6203125 0.2318400859375 0.6203125 0.223125909375 0.4340824171875 0.139750934375 0.4214939015625 0.1562733578125 0.4002507875 0.20190671718750003 0.4 0.2022112453125 0.4 0.3816453703125
1 1 0.2022974828125 0.9206702390625001 0.1950856859375 0.8113075328124999 0.180136828125 0.7105994296875 0.1730557875 0.685422403125 0.16833509687499998 0.65237755625 0.1840707375 0.609891325 0.21160810937500002 0.609891325 0.21711558437499998 0.6201194921875001 0.22340984062499997 0.6201194921875001 0.229704096875 0.600449940625 0.26274894375 0.564257965625 0.3414271484375 0.569765440625 0.3540156609375 0.5658315296875001 0.3736852140625 0.5658315296875001 0.3957151125 0.579206825 0.40122258593750004 0.5776332609375 0.412237534375 0.5823539531249999 0.418531790625 0.64529651875 0.438988125 0.7143042671875 0.45 0.7772592484375 0.45 0.8238960468750001 0.44685594531249995 0.89470643125 0.431120303125 0.9371926625 0.41617144375 0.9867599328125 0.3917812015625 1 0.3827779546875 1 0.2022974828125
1 0.680638740625 0 0.6729008890625 0.0073305953125 0.6422163890625 0.027000146875 0.5808473875 0.0742070703125 0.5249858609375 0.1072519171875 0.492727796875 0.130068596875 0.4722714625 0.1473778015625 0.47305824531249996 0.15445884062499998 0.5139709124999999 0.177275521875 0.5690456562499999 0.2024525484375 0.5992315390625 0.2140625 0.60183970625 0.2140625 0.608384759375 0.21346749687500002 0.7201078125 0.1442306734375 0.7751825562500001 0.11511973906249999 0.8601550187499999 0.06161855937500001 0.9695279609374999 0 0.680638740625 0
0 0.5332587531249999 0.521054409375 0.5328125 0.5228394203125 0.5328125 0.5245220374999999 0.5859731515625001 0.574555590625 0.6080030484375 0.604453309375 0.6198047796875 0.6091740031249999 0.6323932921875001 0.6091740031249999 0.642621459375 0.604453309375 0.64655536875 0.5784895 0.6567835375 0.568261334375 0.673305959375 0.5690481171874999 0.6874680375000001 0.5737688078125001 0.715005409375 0.6076004375 0.8290888078125 0.6123211296875 0.8377434109374999 0.604453309375 0.85111870625 0.598945834375 0.8546875 0.5932357625 0.8546875 0.58654086875 0.836956628125 0.557246384375 0.8235813343749999 0.5242015390625 0.7268071390624999 0.53600326875 0.6717323953125 0.536790053125 0.6103633953125 0.533642925 0.5332587531249999 0.521054409375
9 0.772434353125 0.1188680171875 0.7653533140625 0.117294453125 0.7448969812499999 0.13224331250000002 0.7456837625 0.147978953125 0.75197801875 0.1526996453125 0.7598458406249999 0.1700088515625 0.7677136609375 0.1786634546875 0.7991849421875 0.184170928125 0.9030401749999999 0.1920387484375 0.863701071875 0.1574203390625 0.8196412765625001 0.105492721875 0.8101998921875001 0.0999852484375 0.772434353125 0.1188680171875
10 0 0.659375 0 0.7874253296875 0.03264385625 0.79208984375 0.059981125 0.79306640625 0.073649759375 0.78720703125 0.08829472656250001 0.79599609375 0.2704347078125 0.803125 0.326926309375 0.803125 0.330424828125 0.79892578125 0.33882127500000003 0.803125 0.34633902499999997 0.803125 0.357762096875 0.80185546875 0.3694780703125 0.79794921875 0.3734375 0.7821077437499999 0.3734375 0.7576629921875 0.3724070625 0.73447265625 0.3724070625 0.68369140625 0.367544934375 0.659375 0 0.659375
5 0 0.92813255 0.023095703125 0.92265625 0.034814453125 0.92265625 0.060205078125 0.93974609375 0.0940673828125 0.946875 0.100146484375 0.946875 0.125634765625 0.94072265625 0.139794921875 0.93486328125 0.176416015625 0.93095703125 0.197412109375 0.924609375 0.214013671875 0.92216796875 0.225732421875 0.916796875 0.250146484375 0.91728515625 0.265771484375 0.9119140625 0.274560546875 0.90068359375 0.277978515625 0.89091796875 0.278466796875 0.88017578125 0.281396484375 0.87041015625 0.2828125 0.841806640625 0.2828125 0.81767578125 0.277978515625 0.8015625 0.272119140625 0.79716796875 0.262841796875 0.7947265625 0.209619140625 0.79619140625 0.196435546875 0.79912109375 0.185693359375 0.80546875 0.173974609375 0.80693359375 0.166650390625 0.79814453125 0.139306640625 0.7849609375 0.117822265625 0.77861328125 0.109521484375 0.77373046875 0.093896484375 0.77275390625 0.086572265625 0.77421875 0.077783203125 0.77958984375 0.054345703125 0.78447265625 0.035302734375 0.7859375 0.009423828125 0.7849609375 0 0.7819453125 0 0.92813255
0 0.370271546875 0.659375 0.37353515625 0.731640625 0.37158203125 0.794140625 0.36962890625 0.80048828125 0.3642578125 0.80439453125 0.34912109375 0.8078125 0.33935546875 0.8068359375 0.33740234375 0.8390625 0.34033203125 0.8439453125 0.34375 0.84541015625 0.3447265625 0.852734375 0.35546875 0.86103515625 0.388671875 0.86787109375 0.4 0.8682109375 0.4 0.659375 0.39453125 0.659375 0.370271546875 0.659375
13 1 0.659375 0.8863822796874998 0.659375 0.863427734375 0.6791015625 0.796533203125 0.7279296875 0.783349609375 0.7416015625 0.765283203125 0.76943359375 0.760400390625 0.78212890625 0.745263671875 0.84853515625 0.744775390625 0.8587890625 0.749658203125 0.8978515625 0.748193359375 0.94033203125 0.751611328125 0.94912109375 0.761376953125 0.9515625 0.769677734375 0.95107421875 0.794091796875 0.94716796875 0.818994140625 0.94033203125 0.842919921875 0.93837890625 0.899072265625 0.92958984375 0.988427734375 0.926171875 0.997705078125 0.92177734375 1 0.9187939453125 1 0.659375
13 0.7487183484375001 1 0.749462890625 0.989501953125 0.751416015625 0.895263671875 0.746533203125 0.854736328125 0.750439453125 0.828857421875 0.757275390625 0.807373046875 0.7609375 0.7699381515625 0.7609375 0.76083984375 0.756787109375 0.751708984375 0.747021484375 0.744384765625 0.722607421875 0.742919921875 0.692822265625 0.743896484375 0.684033203125 0.746826171875 0.679150390625 0.757568359375 0.676220703125 0.779541015625 0.669873046875 0.803955078125 0.662548828125 0.886962890625 0.641726203125 1 0.7487183484375001 1
12 0.6457268796875001 1 0.64775390625 0.990625 0.66484375 0.87587890625 0.66875 0.8138671875 0.6755859375 0.773828125 0.674609375 0.77041015625 0.67021484375 0.76650390625 0.6560546875 0.76015625 0.6248046875 0.75380859375 0.60625 0.75380859375 0.59208984375 0.7552734375 0.5759765625 0.76064453125 0.56767578125 0.766015625 0.5623046875 0.773828125 0.52421875 0.9134765625 0.49817342968750006 1 0.6457268796875001 1
12 0.533984375 0.871484375 0.53837890625 0.85830078125 0.537890625 0.84853515625 0.52958984375 0.83291015625 0.545703125 0.801171875 0.54716796875 0.7923828125 0.5310546875 0.7806640625 0.51591796875 0.7767578125 0.510546875 0.78017578125 0.494921875 0.81630859375 0.47490234375 0.820703125 0.465625 0.828515625 0.42216796875 0.91787109375 0.424609375 0.926171875 0.436328125 0.9349609375 0.46025390625 0.94716796875 0.48076171875 0.9515625 0.48515625 0.95498046875 0.491015625 0.95400390625 0.498828125 0.94375 0.533984375 0.871484375