2 0.6371315921875 0.48081337343749997 0.656175203125 0.5076669515625001 0.666361715625 0.5144315796875001 0.693965425 0.5235279203125 0.728932759375 0.526858915625 0.77836146875 0.52132408125 0.8154558625 0.503336165625 0.8517318625 0.46633547656249996 0.8594839390625 0.44306915 0.8618665046875 0.40558169218750006 0.8460238531250001 0.36025343125 0.8243006734374999 0.333041128125 0.8078140640625 0.321382390625 0.7835546296875 0.3059826140625 0.754478196875 0.2980393421875 0.71013236875 0.2934528078125 0.6700821515625 0.30024318125 0.6274956781250001 0.318846078125 0.606212815625 0.34165120937500004 0.6010281125 0.39361605625 0.6044035078125 0.427823671875 0.6308211203125 0.46241558281249995 0.6371315921875 0.48081337343749997
2 0.8362484546875001 0.5398754921875 0.891455871875 0.558068175 0.93874715 0.5603485703125 0.958567659375 0.552200190625 0.9894741484375 0.50097836875 0.9949247343750001 0.4463486578125 0.9853925546875001 0.4194181859375 0.9687626296875 0.3955881984375 0.9290904875000001 0.3713739125 0.914352859375 0.36940092343750003 0.8940005843750001 0.3828790296875 0.8591765625000001 0.3917192859375 0.8463727234375 0.4656180265625 0.82482398125 0.491088021875 0.8015262546875 0.50687226875 0.79925588125 0.5160199296875 0.8362484546875001 0.5398754921875
2 0.1347850484375 0.5080781796875 0.18220926875000001 0.50902614375 0.24408448749999997 0.48760459375 0.260151525 0.4762532609375 0.265766171875 0.4608021671875 0.28544336875 0.4404825359375 0.2940034640625 0.4227253015625 0.2981246390625 0.38141990937500003 0.29220261718749996 0.34552113906250004 0.228659490625 0.288406096875 0.201587546875 0.273980028125 0.1759987015625 0.2719045703125 0.1688905828125 0.2615013703125 0.12897330468749998 0.2669593109375 0.0928198734375 0.2891238875 0.0696654625 0.3170793828125 0.0512158578125 0.3659181734375 0.05044933124999999 0.4144238109375 0.06521808125 0.4569078484375 0.0983346140625 0.4923965734375 0.1347850484375 0.5080781796875
2 0.20075223437499998 0.5817204953124999 0.19099566875 0.6114696171875 0.18849053437500002 0.6637931890625001 0.200084671875 0.7072024578125 0.3740828359375 0.7304963250000001 0.37783008281249997 0.7255970671874999 0.40688576875000004 0.706532975 0.4126229828125 0.6762457640624999 0.41068919375 0.6003740359374999 0.3847929734375 0.5469487125 0.35985845781250003 0.5247074125 0.3339933578125 0.5117931359375001 0.2644678828125 0.514637534375 0.22510311718749998 0.5417731109374999 0.20075223437499998 0.5817204953124999
2 0.4613973609375 0.6908767703125 0.49020791093750005 0.7014849078125 0.5772939 0.7131434765625 0.6027394296875 0.7030476828125 0.629514371875 0.6796275703125 0.6593573312500001 0.6390652046875 0.6699115453125 0.6013214890625 0.6732039515625 0.5274996421875 0.6445055953125001 0.488551709375 0.5992084328125 0.466284834375 0.533160171875 0.46149336406249997 0.501547484375 0.465362615625 0.4639213265625 0.48868026093749994 0.4438453078125 0.5129971875 0.42245024999999997 0.5641421140625 0.42086533125000003 0.5936349812499999 0.4384673375 0.662152675 0.4613973609375 0.6908767703125
2 0.755504059375 0.5871257625 0.741973275 0.5866645671875 0.735816490625 0.593941709375 0.6968298015625 0.5900726265625 0.6740638390625 0.6005271453125001 0.662568665625 0.6340942015625 0.6383507234375 0.672709153125 0.6363566078125 0.6926956343749999 0.646574240625 0.739971309375 0.6614356765625 0.768965459375 0.7141932 0.7760283328125 0.7209478359375 0.7701814578125 0.7316661109375 0.7716163578125 0.7367433390625 0.7790472125 0.85359168125 0.7946901937499999 0.866033003125 0.7720516359375 0.871626903125 0.7295931765625 0.8600694875 0.6821381375 0.8266766953125 0.6358105953125001 0.8056285953125 0.6154398140625 0.755504059375 0.5871257625
2 0.9362523906250001 0.6261758265624999 0.94278725 0.5878940234375001 0.9408949546875001 0.5660370234375 0.9333880109375 0.5596311203125001 0.8890421859375 0.5550445875000001 0.8391939046875001 0.537569353125 0.8022013328125001 0.513713790625 0.763225015625 0.5233483890625 0.7463914515625001 0.5832053593750001 0.8029490265625 0.6150810890625 0.858729703125 0.681958775 0.8652956828124999 0.6841880203125 0.8961003515625 0.6748096765625 0.9214025671874999 0.652542634375 0.9362523906250001 0.6261758265624999
2 0.8590436218749999 0.3930517171875 0.871234621875 0.3933335484375 0.8964142703125001 0.38590261875 0.944881271875 0.3491837625 0.9476730343750001 0.321202690625 0.9406874843749999 0.2959633765625 0.941337046875 0.279847584375 0.8451484062500001 0.2669704046875 0.8416660031250001 0.2678544296875 0.8391193749999999 0.266163271875 0.7310434328125 0.251694690625 0.7235094671875 0.2682390703125 0.6896367796875 0.294759665625 0.764930590625 0.30213910624999996 0.783288746875 0.30864747812500004 0.8188085953125 0.3336561109375 0.8515366796875 0.3866458140625 0.8590436218749999 0.3930517171875
2 0.49829883124999996 0.220536190625 0.4964108203125 0.23108526875000002 0.5087555078125 0.2570420328125 0.539325415625 0.2908396015625 0.5685451640625 0.31095412499999997 0.5883760484375 0.31630942812499996 0.636199090625 0.31326009374999997 0.7026254265625 0.2870469046875 0.7264549171875 0.26593293125 0.7297594734375 0.2515228015625 0.49829883124999996 0.220536190625
2 0.24389298906249998 0.186477809375 0.23732140781250002 0.22880538281249999 0.2558436296875 0.27449236875 0.29485106562499996 0.30536881718750003 0.307042065625 0.30565064999999997 0.3360873796875 0.273082875 0.36233055625 0.25499249062499996 0.41765016718750003 0.2448453765625 0.42755004999999996 0.22726750624999997 0.42725388124999997 0.21102510468750002 0.24389298906249998 0.186477809375
2 0.40762963281250003 0.4541396671875 0.45720165625 0.46077608281250004 0.5024780718749999 0.4560355921875 0.5249781515625 0.44824593906250004 0.5513335234375 0.4018157578125 0.5569377953125 0.37286097812499996 0.5424349281249999 0.3277120796875 0.54388690625 0.2995516453125 0.5383844546875001 0.2866629421875 0.50768160625 0.25419780625 0.4942403875 0.21999287031249998 0.45058189375 0.2141481234375 0.43423859687500005 0.2146606359375 0.41336493281250003 0.24697215468749997 0.3808112828125 0.24666474843750003 0.3455884375 0.2595022984375 0.318813496875 0.2829224125 0.3038307328125 0.310621653125 0.302378753125 0.33878208593750003 0.319029425 0.389619440625 0.351205 0.4209315078125 0.40762963281250003 0.4541396671875
2 0.49110546250000003 0.47476653437499994 0.51936350625 0.463697034375 0.55633533125 0.4605452328125 0.6059073546875 0.467181646875 0.6435646328125 0.48437505 0.6349734140625001 0.46162123906249997 0.61164456875 0.4368944375 0.6046590171874999 0.41165512499999996 0.6118585828125 0.3667111609375 0.6072970921875 0.35799912031250003 0.6103651109375 0.340856865625 0.6446366203125 0.31033897499999996 0.577391890625 0.31753939062500003 0.5435088296874999 0.33055630625 0.5561297765625 0.36735188750000003 0.5483880703125 0.4041218953125 0.5232291703125 0.4385601890625 0.47649040468750004 0.45795743125 0.4752939328125 0.46994931875 0.49110546250000003 0.47476653437499994
2 0.670248128125 0.5163020984375 0.6709750734375 0.590662034375 0.7435893140625 0.5976827484375 0.762846940625 0.5543530515625 0.7660375265625 0.522374684375 0.7265190718750001 0.523835328125 0.670248128125 0.5163020984375
2 0.37579106093750003 0.7307250109375001 0.6573132625 0.7684135750000001 0.64873241875 0.7591634453125 0.6026272359375 0.73138748125 0.5622903875 0.7138353515625 0.5199490515625 0.702766021875 0.48498171562500003 0.6994350265625 0.4693134984375 0.7067890625000001 0.44399053593750004 0.7020487390625 0.41505741562500004 0.7062767171875 0.3880062203125 0.7188580124999999 0.37579106093750003 0.7307250109375001
2 0.154769621875 0.5391084171875 0.15452448593749998 0.568780646875 0.16177592031250002 0.5913550953125 0.17599215937499998 0.6121614937500001 0.19019802187499998 0.6194642109374999 0.20275672500000003 0.5752376984375001 0.22657584218750002 0.540620040625 0.2429087640625 0.526603846875 0.281077059375 0.51146015625 0.3138965921875 0.5091026984375 0.342032065625 0.5128693125 0.369912028125 0.5328044734375 0.3763554421875 0.549869834375 0.38922152187500003 0.5569931875 0.388290934375 0.5663202093749999 0.39996054375 0.5854354515625 0.4097689796875 0.6232047421875 0.41740886093749996 0.6282782124999999 0.42731911875 0.624204021875 0.420998271875 0.59230255 0.4252627609375 0.563168409375 0.4407876625 0.543643121875 0.45294754218750005 0.5034139078125001 0.48574632656250005 0.474049084375 0.47784056093749994 0.47164047656249997 0.470865384375 0.45990484687500005 0.41968769375 0.45575393125 0.3948964953125 0.4456838828125 0.3785428265625 0.4326927125 0.344383509375 0.4348708078125 0.320155196875 0.4599820765625 0.2684457421875 0.4611608921875 0.2602844671875 0.47492082968749993 0.242744703125 0.48742523125000004 0.2044434640625 0.5039013531250001 0.1656000921875 0.5122035203124999 0.154769621875 0.5391084171875