18 0.3703125 0.0578125 0.2609375 0.0453125 0.2078125 0.0453125 0.1984375 0.0515625 0.19375 0.1015625 0.1775715265625 0.3390625 0.41875 0.3390625 0.41875 0.0578125 0.3703125 0.0578125
18 0.078409090625 0 0.05 0.03125 0.0453125 0.0546875 0.034375 0.0609375 0.0328125 0.06875 0.0515625 0.146875 0.0765625 0.2 0.0953125 0.2671875 0.1375 0.278125 0.1890625 0.2171875 0.2015625 0.0453125 0.23125 0.0453125 0.234375 0.03125 0.1953125 0.0171875 0.1453125 0.0140625 0.0928977265625 0 0.078409090625 0
18 0.2125 0 0.2125 0.021875 0.2296875 0.0296875 0.2328125 0.04375 0.2390625 0.046875 0.38125 0.0546875 0.39188368125 0 0.2125 0
5 0.6649772578124999 0 0.6429017859374999 0.065 0.6343303578125 0.1121428578125 0.6343303578125 0.226428571875 0.6071875 0.315 0.610625 0.3390625 0.6537702921874999 0.3390625 0.6514732140625 0.326428571875 0.665758928125 0.2992857140625 0.6943303578125 0.2707142859375 0.7300446421875 0.2821428578125 0.7414732140625 0.2992857140625 0.7629017859375 0.2892857140625 0.7814732140625 0.30357142812500004 0.8129017859375001 0.3092857140625 0.8257589281250001 0.29357142812500003 0.8229017859375001 0.2778571421875 0.8043303578125001 0.255 0.8014732140625 0.2392857140625 0.7814732140625 0.21071428593750002 0.765758928125 0.175 0.745758928125 0.116428571875 0.7314732140625 0.025 0.721288028125 0 0.6649772578124999 0
5 1 0.10972163906250001 0.9829017859375 0.083571428125 0.948616071875 0.073571428125 0.9400446421875 0.08499999999999999 0.8843303578124999 0.103571428125 0.858616071875 0.11928571406249999 0.8157589281250001 0.1792857140625 0.8043303578125001 0.21785714218750002 0.8043303578125001 0.2507142859375 0.8243303578125 0.27928571406249997 0.8257589281250001 0.2907142859375 0.8114732140625 0.3078571421875 0.7900446421875 0.3078571421875 0.7845960875 0.3390625 0.8969642859375 0.3390625 0.895758928125 0.33785714218749996 0.8629017859375001 0.325 0.8629017859375001 0.296428571875 0.8714732140624999 0.2707142859375 0.9200446421875 0.255 0.9171875 0.2321428578125 0.895758928125 0.22214285781249998 0.8943303578125 0.21214285781250003 0.9243303578125 0.16214285781249999 0.948616071875 0.1792857140625 0.9743303578125 0.233571428125 0.998616071875 0.2392857140625 1 0.2354799125 1 0.10972163906250001
19 0.5834821421874999 0 0.5600446421874999 0.025 0.5243303578125 0.103571428125 0.5143303578125 0.223571428125 0.5243303578125 0.2621428578125 0.5414732140625 0.2821428578125 0.5900446421875001 0.2907142859375 0.6100446421875 0.30357142812500004 0.635758928125 0.225 0.635758928125 0.11928571406249999 0.6414732140625 0.1078571421875 0.6429017859374999 0.0578571421875 0.6543303578125 0.0207142859375 0.628616071875 0.005 0.62583829375 0 0.5834821421874999 0
19 1 0.2401116078125 0.9971875000000001 0.2321428578125 0.9600446421875001 0.22071428593750003 0.9343303578125 0.206428571875 0.9243303578125 0.1921428578125 0.9129017859375 0.1921428578125 0.9071875 0.20928571406250002 0.8843303578124999 0.2407142859375 0.8829017859375 0.2992857140625 0.8929017859374999 0.333571428125 0.8965624999999999 0.3390625 0.986133240625 0.3390625 1 0.3190327375 1 0.2401116078125
19 0.7402394484375 0 0.7443303578125 0.006428571875 0.735758928125 0.042142857812500004 0.745758928125 0.11785714218750001 0.7700446421875 0.1792857140625 0.8014732140625 0.1721428578125 0.8129017859375001 0.1578571421875 0.8214732140625 0.156428571875 0.8343303578124999 0.14357142812499998 0.8400446421875 0.11928571406249999 0.845758928125 0.11785714218750001 0.8500446421875001 0.1278571421875 0.878616071875 0.103571428125 0.8971875 0.0978571421875 0.895758928125 0.086428571875 0.8871874999999999 0.08071428593749999 0.8914732140625 0.0521428578125 0.8971875 0.046428571875000005 0.8943303578125 0.030714285937500002 0.8771875 0.034999999999999996 0.8700446421875 0.026428571875 0.8543303578125 0.0478571421875 0.8371875 0.036428571874999996 0.8257589281250001 0.043571428125 0.8214732140625 0.065 0.8114732140625 0.0678571421875 0.8071875000000001 0.053571428125 0.8171875 0.0521428578125 0.8214732140625 0.045 0.8332123453125 0 0.7402394484375 0
19 0.720554846875 0 0.7343303578125 0.032142857812499995 0.745758928125 0.042142857812500004 0.7843303578125 0.042142857812500004 0.7971874999999999 0.0521428578125 0.8214732140625 0.050714285937500006 0.8314732140625001 0.0392857140625 0.8349652781250001 0 0.720554846875 0
19 0.8754732140625 0 0.8700446421875 0.013571428125000002 0.8700446421875 0.025 0.8771875 0.034999999999999996 0.8914732140625 0.032142857812499995 0.895758928125 0.036428571874999996 0.8900446421874999 0.0521428578125 0.8914732140625 0.0721428578125 0.9186160718749999 0.05500000000000001 0.9357589281250001 0.053571428125 0.9700446421875 0.0721428578125 0.9729017859375 0.062142857812499994 0.9671875 0.050714285937500006 0.9514732140625 0.0407142859375 0.9600446421875001 0.0178571421875 0.9506909015625 0 0.8754732140625 0
6 0.0697541875 0.7760972390624999 0.0791834671875 0.7612089015625 0.0881164703125 0.73639500625 0.0945680828125 0.707114609375 0.09853830625 0.6818044359375001 0.09754575 0.6659235421874999 0.099034584375 0.6550054281250001 0.10896014218750001 0.6316803656250001 0.107471309375 0.6291989765625 0.0801760234375 0.6267175875000001 0.07521324375 0.6267175875000001 0.06876163125 0.6311840875 0.055362128125 0.6267175875000001 0.0399775125 0.624732475 0.0355110109375 0.6277101421875 0.0369998453125 0.6505389265625 0.023600340625 0.6937151046875 0.0206226734375 0.7239880578125 0.0211189515625 0.7463205640624999 0.02409661875 0.765179125 0.028066842187500003 0.780563740625 0.03253334375 0.7845339640625 0.0350147328125 0.794459521875 0.0484142375 0.7855265203124999 0.0697541875 0.7760972390624999
6 0 0.861312078125 0.01764500625 0.862945875 0.0231040625 0.8594719296875001 0.0295556765625 0.8584793734374999 0.047917959375 0.831680365625 0.0881164703125 0.8123255265625 0.0955606390625 0.8043850812500001 0.112930365625 0.7929706890625 0.1233522015625 0.782052575 0.13178892656250002 0.7706381828125 0.1327814828125 0.765179125 0.1233522015625 0.75972006875 0.11590803281249999 0.75972006875 0.0642951296875 0.7785786296875 0.04742168125 0.7885041875 0.024592896875 0.7974371890625 0.016156171875 0.803888803125 0 0.80927419375 0 0.861312078125
6 0 0.9393296156250001 0.0201651 0.9347196578125001 0.06276901093750001 0.9362071578125001 0.124153053125 0.9520749281249999 0.16988282187499998 0.9627627328124999 0.247917746875 0.9527418687500001 0.2931427671875 0.94495415625 0.26521905 0.9239527953125 0.244424115625 0.889813146875 0.23196144375 0.85212675625 0.21401022187500002 0.8354872515625 0.2148181890625 0.8364312937499999 0.1646687265625 0.8432967031249999 0.12659981874999998 0.8555376234375001 0.0935117109375 0.87091440625 0.05655785625 0.8918857328125 0.0167578421875 0.9044906078125001 0 0.9057166671875001 0 0.9393296156250001
6 0.136255428125 0.6808118796875 0.1307963703125 0.67882676875 0.1020122515625 0.6877597703125 0.09754575 0.6907374374999999 0.09506436093750001 0.69818160625 0.09506436093750001 0.7086034421875 0.1020122515625 0.7334173390625 0.1104489765625 0.7532684546875 0.11590803281249999 0.7587275124999999 0.1322852046875 0.7567424 0.15858793437500002 0.7473131203125 0.15213632187499998 0.708107165625 0.136255428125 0.6808118796875
6 0.0350147328125 0.861457040625 0.0350147328125 0.8634421531250001 0.0523844609375 0.8674123765624999 0.07471696718750001 0.8564942625 0.09754575 0.848553815625 0.11590803281249999 0.8291989765625001 0.12781870312500002 0.8202659734375001 0.13030009375 0.8207622515624999 0.1382405390625 0.8311840875 0.1551139890625 0.846072425 0.17943160625000001 0.8411096468749999 0.203252946875 0.82373991875 0.193823665625 0.8009111359375 0.1838981078125 0.7870153531249999 0.17695021718749998 0.7845339640625 0.17149115937499998 0.7696456265625 0.15858793437500002 0.749794509375 0.14320331875 0.758231234375 0.13377403906250002 0.766667959375 0.11094525468750001 0.7974371890625 0.092582971875 0.8182808625 0.063302575 0.8381319796875 0.0528807375 0.840117090625 0.0449402921875 0.847561259375 0.041466346875 0.8480575375000001 0.037992399999999996 0.8525240390625 0.037992399999999996 0.8599682078124999 0.0350147328125 0.861457040625
18 0.509445328125 0.72933891875 0.62784063125 0.72933891875 0.6650226265625 0.8359925390624999 0.6865490453125 0.91916279375 0.7061185171875 0.91916279375 0.6679580484375001 0.6990062375 0.6699149953125 0.6530179796875 0.59750795 0.494505259375 0.5661967953125 0.4935267859375 0.41875 0.51642225 0.41875 0.70391511875 0.44193065000000004 0.7244465515625 0.509445328125 0.72933891875
18 0.691418546875 1 0.690462940625 0.9945052593750001 0.690462940625 0.9377537921875 0.668936521875 0.8496911687500001 0.6307760515624999 0.7303173921874999 0.625883684375 0.7254250250000001 0.6072926859375001 0.7254250250000001 0.5789169515625 0.72933891875 0.42138270625 0.7303173921874999 0.41875 0.7417257859374999 0.41875 0.91851289375 0.4438875984375 0.9387322656249999 0.49868211875 0.9954837328125 0.5020054093749999 1 0.691418546875 1
18 0.8906212 1 0.8988778125 0.93188295 0.9057271281249999 0.77239175625 0.901813234375 0.709769446875 0.9057271281249999 0.6853076078125 0.8998562859374999 0.6510610328124999 0.8783298671875001 0.58746025 0.8705020796875 0.5825678812499999 0.8597388703125001 0.5825678812499999 0.6914414140625 0.60018040625 0.6767643109375 0.6138790359375 0.6738288890625 0.65203950625 0.6669795749999999 0.6813937140624999 0.6699149953125 0.7322743390625 0.6953553078125 0.8780669031249999 0.7149247796875 0.9641725781250001 0.7187980140625 1 0.8906212 1
18 1 0.52536545 0.9683494375 0.524837940625 0.95562928125 0.537558096875 0.9115979703124999 0.6657381359375 0.90377018125 0.7048770796875 0.8998562859374999 0.942646159375 0.9057271281249999 0.9328614234374999 0.9243181265624999 0.8379494859375001 0.939973703125 0.79000428125 0.944866071875 0.7626070203124999 0.9497584390625 0.7538007578125 0.95562928125 0.7518438109375001 0.9615001218750001 0.731295865625 0.9781341734375 0.7264034984375 1 0.724335109375 1 0.52536545
18 1 0.7541100203125 0.9478014921875 0.75477923125 0.9027917078125001 0.91916279375 0.8969208656250001 0.9563447890625 0.8942839734374999 1 1 1 1 0.7541100203125