13 0.20196513437500002 0 0.1900444859375 0.0183928421875 0.177157128125 0.0337928 0.150412390625 0.0791955015625 0.1365312828125 0.0952228078125 0.128143084375 0.10132536249999999 0.11621034999999999 0.11558458437500001 0.10466895000000001 0.134977684375 0.1015625 0.138430903125 0.1015625 0.1791422359375 0.16621349218749998 0.22499823124999999 0.22506550937499997 0.27286398749999996 0.2734866734375 0.30686715000000003 0.29852677031249997 0.3279188546875 0.3276201421875 0.3474879375 0.36293268125 0.375 0.4597561109375 0.375 0.47231081875 0.3599975453125 0.5031871046874999 0.3141389984375 0.5644078218749999 0.23594093124999999 0.5671875 0.23135720937499998 0.5671875 0.21573976875 0.5536010375 0.203482409375 0.550314415625 0.19452633125000002 0.5464253765625 0.1913314828125 0.52856094375 0.1824307046875 0.47851218125 0.1475717109375 0.36766303125 0.0666150421875 0.32547831562499996 0.032441496874999996 0.3086076390625 0.0229133703125 0.2801374875 0 0.20196513437500002 0
13 0 0.42836887187499995 0.0040620296875000005 0.43334396093749994 0.011428107812500001 0.4375 0.08173266875 0.4375 0.11538905937499999 0.43003740781250005 0.1792234234375 0.4234605703125 0.2313225265625 0.42119821562500004 0.271641171875 0.429281521875 0.2908073859375 0.430169134375 0.2980872796875 0.4333792609375 0.3138023890625 0.4351517703125 0.319127678125 0.4375 0.3378664828125 0.4375 0.3484375 0.431934153125 0.3484375 0.3453541 0.3452686078125 0.3397632640625 0.185359328125 0.21939706874999998 0.17255915 0.216296940625 0.1416576734375 0.2197238125 0.1230276328125 0.2192789203125 0.06827796875 0.22635483750000002 0.044596309375 0.2520813515625 0.030618496875 0.2732164765625 0.014782651562499999 0.2764791609375 0.0090660921875 0.280628371875 0.009209723437500001 0.289149509375 0 0.3096177015625 0 0.42836887187499995
13 0 0 0 0.1765625 0.10565592343750001 0.1765625 0.13005461093749998 0.145779225 0.13694492656249999 0.1329773296875 0.15219826875 0.11296769531249999 0.17297186250000002 0.0897292109375 0.190625 0.0643059375 0.190625 0 0 0
13 0.66875 0.4390625 0.66875 0.1792421421875 0.6626531171875001 0.177254728125 0.6530972703125 0.1707854421875 0.6512586796875001 0.1664731296875 0.6511141859375 0.12484482968749999 0.6539436624999999 0.096875 0.6274305546875001 0.096875 0.6249508359375 0.09863743750000001 0.6201620328125 0.12174526249999999 0.6091626453125001 0.20223635 0.606190084375 0.24922675156250002 0.5944413828124999 0.31324334062500003 0.5925053546875 0.36062085 0.5882308 0.3706266046875 0.5817851468749999 0.3984333046875 0.5830263640625 0.421376 0.581664771875 0.4365787296875 0.5821533 0.4390625 0.66875 0.4390625
13 0.3148387921875 0 0.3245496140625 0.0240750734375 0.336966103125 0.044437093750000004 0.3471808328125 0.056244007812499996 0.39010886093749997 0.0897841515625 0.4007947625 0.096875 0.47684067968750005 0.096875 0.5364179078125 0.0595746125 0.5629692265624999 0.0478291484375 0.5765625 0.039423334375 0.5765625 0 0.3148387921875 0
13 0.531814684375 0.262942621875 0.57616055 0.2734375 0.5844684499999999 0.2734375 0.584836153125 0.2132538828125 0.588170590625 0.1365240921875 0.5923129859375 0.0973742421875 0.6271027859375 0.10164123124999999 0.6316722484375 0.095023240625 0.653125 0.09636127343749999 0.653125 0.07042540625 0.6065084296875 0.0571038234375 0.5600775078125 0.0453125 0.534235996875 0.0453125 0.4723307515625 0.079186825 0.4294685109375 0.10229045156250001 0.4616082890625 0.12517877500000002 0.5272740328125 0.1758914453125 0.5775854828125 0.1977723546875 0.531814684375 0.262942621875
13 0.409375 0.3745274375 0.409375 0.376653328125 0.41167418125 0.37968274062499996 0.41238764375 0.395916825 0.4104151546875 0.4032752484375 0.4127141984375 0.41372370625 0.4173726359375 0.4152409421875 0.42656821406249995 0.42338714531250005 0.4464839984375 0.41962596874999997 0.45341447187500006 0.425 0.4682515484375 0.425 0.48530661875 0.41884425781249995 0.49181624218750003 0.41811479843750005 0.49547320156249997 0.4197442609375 0.5004047203125 0.4181720125 0.505214934375 0.421711496875 0.5107230765625 0.4210942609375 0.5281046875000001 0.410479671875 0.5750679265625 0.397060021875 0.584665353125 0.3903765984375 0.5903172109375 0.3647623953125 0.5921875 0.3436027453125 0.5921875 0.276544725 0.5884188375 0.272189053125 0.568047725 0.26988348906250004 0.5591556984375 0.26578178124999996 0.5454302125 0.2625 0.5268437484375 0.2625 0.521486334375 0.2684735140625 0.495175346875 0.3081284640625 0.45293955781250006 0.3643525171875 0.4337142296875 0.3705853875 0.42897243124999995 0.37468544062500003 0.409375 0.3745274375
12 0.71451328125 0 0.72258401875 0.11409347968750001 0.7298756453124999 0.2600879484375 0.7371756296875 0.26875 0.859526909375 0.26875 0.8708866015625001 0.26349675625 0.8989759906250001 0.22675267031250002 0.9255421109374999 0.22038485625 0.9461545515625 0.1971289671875 0.953125 0.183444459375 0.953125 0.11718480625000001 0.9331125515625001 0.0895929984375 0.8631194843750001 0.0384433796875 0.7725369390625 0.000004903125000000001 0.772517234375 0 0.71451328125 0
17 0 1 0.1495416265625 1 0.147502553125 0.97347956875 0.144203578125 0.8581210984375 0.13850542500000002 0.8515625 0.10225820625 0.8515625 0.10014225937500001 0.8516242890625 0 0.8589882031249999 0 1
17 0.4350619765625 1 0.4359375 0.9944973906250001 0.4359375 0.944418140625 0.4047619296875 0.8587441828125 0.39822466562500003 0.855061384375 0.3348234734375 0.8569008453125001 0.166774325 0.870812203125 0.15625 0.8722863984375 0.15625 0.9633327375 0.15847835625 0.9885176015624999 0.1589724984375 1 0.4350619765625 1
17 0.6578125 1 0.6578125 0.7645043203125 0.6575189234375001 0.7640625 0.5050388046875 0.7640625 0.4300683765625 0.7706461843750001 0.4236973078125 0.775991425 0.42051978125 0.8160757734375 0.40625 0.88188505625 0.40625 0.8825309546875001 0.43336162187499994 0.9589004375 0.4335646296875 0.970505153125 0.42888814999999997 1 0.6578125 1
17 0.4109375 0.8554963765625001 0.4109375 0.8125205671875 0.404543715625 0.765329678125 0.191418459375 0.762755603125 0.1775659609375 0.8308824703125 0.18059742343750002 0.86875 0.21317510624999997 0.86875 0.4109375 0.8554963765625001
17 0 0.8609375 0.0157521765625 0.8609375 0.1328125 0.847538875 0.1328125 0.7640625 0.116661965625 0.7640625 0.11652450624999999 0.7640664968750001 0 0.7743599703124999 0 0.8609375
17 0 0.7735616249999999 0.1333218046875 0.763860928125 0.1446423734375 0.9060588468749999 0.14570295312499998 0.9109375 0.1609375 0.9109375 0.1609375 0.719592534375 0.1599794 0.6953125 0.073318465625 0.6953125 0 0.700437134375 0 0.7735616249999999
17 0.3859375 0.76150709375 0.3859375 0.7293028984375 0.375944484375 0.6891465859375 0.3738568828125 0.6890625 0.3129749625 0.6890625 0.18230247500000002 0.696135253125 0.1765625 0.7052519296875 0.1765625 0.758182821875 0.1819707671875 0.7640625 0.3853909078125 0.7640625 0.3859375 0.76150709375
17 0.3892127921875 0.6957938390624999 0.401157334375 0.7424030531250001 0.41275040937499996 0.8396860593749998 0.4234867109375 0.8171313734375 0.428890353125 0.7724891828125 0.5103849265625 0.765177071875 0.617966503125 0.7645207046875 0.622500859375 0.740910634375 0.5857053859375 0.6876097390625 0.5522882390625 0.6861098953125 0.3892127921875 0.6957938390624999
4 0.910233490625 0.7695424843750001 0.9064300078125 0.7679337374999999 0.9026924218750001 0.7700787328125 0.8714871750000001 0.7743687203125 0.8267047875 0.773296221875 0.81875 0.777017625 0.81875 0.7809869546874999 0.8187844390624999 0.7829486890625 0.8388091296875 0.8483709734375001 0.8483823656249999 0.871429646875 0.8496511828125 0.884375 0.8516581078125001 0.884375 0.8588271359374999 0.8826908609374999 0.8600885453125 0.884375 0.8854477328125 0.884375 0.9013298609374999 0.8767921281250001 0.9422146296874999 0.8708933999999999 0.9631163125000001 0.8633859234374999 0.9824753515625 0.860168434375 0.9859375 0.8579531906250001 0.9859375 0.8228008687500001 0.97541316875 0.795818646875 0.9638709296875 0.7834849390625 0.961678721875 0.750773796875 0.9571476437499999 0.7384400875 0.9320443640625001 0.752382540625 0.910233490625 0.7695424843750001
4 0.7958714484375 0.730210821875 0.7894505484375001 0.7401187515625001 0.7812949453125 0.7450727171875 0.77635938125 0.74562315625 0.7736888000000001 0.7500266828125 0.77498913125 0.761585934375 0.7839051968749999 0.7687416625 0.7856878546875 0.7764478296874999 0.7748424875 0.7847044375 0.7627735171875 0.785805321875 0.75076209375 0.79020884375 0.7446892453125 0.7885575234375001 0.7425105796875 0.7896584046875 0.7426736234375 0.79901589375 0.7371886015625 0.7995663359374999 0.7466536375 0.8359375 0.7774733515625 0.8359375 0.7812002828125 0.8342440906249999 0.7974731265624999 0.822134396875 0.8099189250000001 0.8111255859375 0.8255272140625 0.79241060625 0.82364865 0.779200034375 0.8252490796874999 0.7764478296874999 0.8411450984375 0.7742460671875 0.8595390609375 0.7577328515625 0.8621904593749999 0.752228446875 0.8594047890625 0.7500266828125 0.8610052171875001 0.7472744796875 0.871875 0.7461836625 0.871875 0.7239234421875 0.863659396875 0.7103949609375 0.844409065625 0.70929408125 0.8296023781249999 0.7109454015625 0.79867908125 0.7021383515625 0.8021197156250001 0.7103949609375 0.7958714484375 0.730210821875
9 0.9168483515625001 0.6460310546875 0.9150858421875 0.6394072281250001 0.9166566390625001 0.6349913453125 0.9144983390625001 0.6371992859375 0.9128316875 0.636095315625 0.9109829046875 0.6245036203125001 0.9081987578125 0.622295678125 0.9010884265625 0.623951634375 0.9057720609375 0.609048025 0.9024195828125 0.6057361125 0.8996833640624999 0.6062880984375 0.8872347953125 0.616775821875 0.8851340078125001 0.622295678125 0.8652655875 0.6482389968750001 0.8546875 0.6585363703125 0.8546875 0.6601796328124999 0.8595315593749999 0.665902534375 0.8672006390625 0.6647985625 0.8700422984374999 0.6703184171875 0.8756010046875 0.6741823171875 0.9236080421875 0.6874299687500001 0.9237518281250001 0.6957097531249999 0.9259868109375 0.69791769375 0.928871490625 0.7 0.9517426390624999 0.7 0.9578125 0.69243111875 0.9578125 0.6725354765625 0.950701825 0.66645451875 0.9419152515625001 0.6664545203125 0.93239739375 0.6559667953125 0.9272919906249999 0.6465830406249999 0.9222920328124999 0.6432711281250001 0.9168483515625001 0.6460310546875
10 0.775 0.7708865859375 0.76687845625 0.7248382250000001 0.7615982 0.71203849375 0.7465641656249999 0.6875520546875 0.7376395640625 0.659170046875 0.7390303828125 0.6424747468750001 0.7462532953125 0.6380226656250001 0.765489203125 0.6140927359375 0.7669976640625 0.604075559375 0.75792316875 0.5990669671875001 0.74834585 0.5973974359375 0.745449409375 0.592388846875 0.7435154296875 0.5921875 0.727720725 0.5921875 0.683205221875 0.5979539484374999 0.68125 0.5996397609375 0.68125 0.64637501875 0.6836810109375 0.784375 0.775 0.784375 0.775 0.7708865859375
14 0.9223929828124999 0.4390625 1 0.5892211453125 1 0.5698473703125 0.9338608562499999 0.4390625 0.9223929828124999 0.4390625
14 1 0.76628765 0.8976468984375 0.69375 0.884375 0.69375 0.884375 0.6943171015624999 0.9482416078125 0.740407215625 0.9544917156249999 0.7356975718750001 0.9604579140624999 0.74806036875 1 0.77577963125 1 0.76628765
4 0.680550134375 0.5069393109375 0.6807320796874999 0.5174327625 0.69385979375 0.5231958828125001 0.6975206046875 0.5260549609375 0.6906146390625 0.5294338609375 0.6933698640625 0.5395705375000001 0.7006048140625001 0.5551654296875 0.7047624765625 0.5609375 0.7220494453125 0.5609375 0.725973725 0.5603637265625 0.7349703140624999 0.558544321875 0.746875 0.55483416875 0.746875 0.545795671875 0.738841640625 0.52891403125 0.7216493546875 0.5341123296875 0.7125671437500001 0.530993328125 0.703412825 0.5237157328125 0.697430471875 0.5208566625 0.680550134375 0.5069393109375