16 0 0.4296875 0.034271093749999995 0.4296875 0.026348846874999998 0.415938 0.007436545312499999 0.38839393125 0 0.3860247234375 0 0.4296875
16 0.215625 0.4296875 0.215625 0.42044775312500005 0.20195501249999998 0.3941144734375 0.20028023125 0.3453002578125 0.1751585140625 0.303219040625 0.11486639531250001 0.27628705937500003 0.0328021203125 0.25272157812499996 0.0395012453125 0.24767183125 0 0.262375890625 0 0.2860546421875 0.0076804046875000006 0.3150017796875 0.0428508078125 0.3722322390625 0.054574275000000005 0.3419337609375 0.0914194609375 0.3402505109375 0.13161420625 0.35371650312499997 0.1550611421875 0.3873814765625 0.165109828125 0.4176799546875 0.1810393484375 0.4296875 0.215625 0.4296875
16 0.1687304859375 0.4296875 0.1568607578125 0.42534743593749996 0.1568607578125 0.3911838640625 0.1143904625 0.33993850625 0.07186887812500001 0.3328125 0.051680265625 0.3328125 0.036245117187499995 0.36385300625 0.0125 0.4013725 0.0125 0.4015483140625 0.014160562500000001 0.40655747187499996 0.0125 0.4061400421875 0.0125 0.4154304953125 0.0239963453125 0.4296875 0.1687304859375 0.4296875
16 0.2581285265625 0.3113898625 0.29237603125 0.33193134999999996 0.26669040312500003 0.3558964171875 0.24614189999999997 0.386708646875 0.248896778125 0.415625 0.270663675 0.415625 0.3386101625 0.396979390625 0.371145290625 0.3832850671875 0.3779947921875 0.3250841859375 0.4 0.30996077187500004 0.4 0.28738615312500004 0.39854329375 0.282289421875 0.3865566671875 0.2549007734375 0.3574462890625 0.282289421875 0.3574462890625 0.225 0.3538128578125 0.225 0.3266235359375 0.2446300296875 0.29066365625 0.2703068875 0.264978028125 0.27201867812499997 0.2421875 0.294801425 0.2421875 0.2998003453125 0.2581285265625 0.3113898625
10 0.049920976562500004 0.2137276421875 0.0171875 0.2137276421875 0.0171875 0.2146551921875 0.0331420625 0.244727825 0.034969468749999996 0.24653206718749998 0.034969468749999996 0.2481722890625 0.034969468749999996 0.24981250937500002 0.0765014375 0.25965383750000004 0.128001078125 0.2793364921875 0.17950071875 0.2940984828125 0.23493011875 0.3109375 0.24531921250000002 0.3109375 0.2484375 0.3023169671875 0.2484375 0.20383418281250001 0.2442905890625 0.16944166875 0.231000359375 0.12515569531249998 0.16787176875 0.1087534828125 0.12966235625 0.11531436718750002 0.07982399375 0.143198128125 0.049920976562500004 0.2137276421875
4 0.43125 0.4296875 0.43125 0.33868526718749997 0.41009511249999997 0.3140625 0.3877211640625 0.3140625 0.376708984375 0.3158935546875 0.3733101640625 0.3786241328125 0.3988013171875 0.3972737625 0.3665125234375 0.4074462890625 0.325726678125 0.4193142359375 0.33082490781249996 0.4260959203125 0.323624846875 0.4296875 0.43125 0.4296875
0 0.51875 0 0.51875 0.0125595109375 0.5293560859374999 0.0255499734375 0.5559224875 0.0532070421875 0.5811037796875 0.0834391671875 0.5882821734375 0.0875 0.6340215578125 0.0875 0.6397968453125 0.0851515796875 0.6591585546875 0.07286291875 0.671056578125 0.0618064265625 0.67683618125 0.053629796875 0.678125 0.050466121875000006 0.678125 0.0078561953125 0.6741220640625001 0 0.51875 0
1 1 0 0.8779448921874999 0 0.8537384687499999 0.1120193171875 0.8458252765625 0.25971900312499996 0.84871186875 0.2650318015625 0.873404928125 0.280169546875 0.9129334515625 0.2996277328125 0.9397767078125 0.3102068203125 1 0.3220429703125 1 0
4 0.80237271875 0.3055106140625 0.8141330625000001 0.309375 0.848935828125 0.309375 0.8500880375 0.30406566874999996 0.8491398796875 0.287699453125 0.853125 0.22126183593749998 0.853125 0.100221909375 0.8507961390624998 0.09928799375 0.8224923015625001 0.10006493593750002 0.8185201703124999 0.094613353125 0.8103264156249999 0.0894900359375 0.7870126625 0.0841832265625 0.7286784078125 0.08302350625 0.6581583421875 0.08708313749999999 0.6347348187499999 0.08650972812499999 0.5811810656249999 0.0808359328125 0.5553619171874999 0.075 0.525 0.075 0.525 0.28335136250000004 0.540093090625 0.2868765015625 0.5523487593749999 0.2811339234375 0.5726584625 0.281561115625 0.7630407453125001 0.29892511875 0.80237271875 0.3055106140625
8 0.5861344140625 0.30897562500000003 0.5912169578124999 0.324294565625 0.6003655015625 0.335648959375 0.6081490031250001 0.3381004453125 0.612437684375 0.3440239203125 0.6211311937499999 0.34339973125 0.6269784828125 0.3374408734375 0.634297290625 0.33571125 0.6372887 0.3322152 0.6473569078125 0.33269644062500003 0.6559729875 0.3403863453125 0.674163525 0.34073595624999997 0.6838832421875 0.3515977875 0.7033420015624999 0.357726503125 0.7084470859375 0.3640625 0.7217426640625 0.3640625 0.7264311109375 0.3593499828125 0.7220746625000001 0.3539431328125 0.721813265625 0.348212153125 0.7265625 0.3426617375 0.7265625 0.31237305625 0.72444639375 0.30882848125 0.7123645453125 0.308250990625 0.7090826828125 0.3023756390625 0.714900921875 0.292776359375 0.713361640625 0.2890637484375 0.704600365625 0.290204559375 0.706217078125 0.285603075 0.702325325 0.2843773328125 0.5812504890625 0.2734375 0.5602920765625 0.2734375 0.5553295 0.2773511984375 0.5596085234375 0.2910721453125 0.5638294390625 0.29751224375 0.564526484375 0.30378390624999996 0.5736169203125 0.30785744843749996 0.5861344140625 0.30897562500000003
4 0.7957163875 0 0.7922561359375 0.005512790625 0.7762125203125001 0.0215199625 0.710796234375 0.0404301140625 0.662182440625 0.0648509890625 0.645389853125 0.0787269109375 0.6238176656250001 0.0897568921875 0.6234375 0.0902894296875 0.6234375 0.0935000765625 0.65746205625 0.096588590625 0.7267217546875 0.09148304375 0.7929658953125001 0.09357009375 0.8083689953125 0.0979666890625 0.8161239296874999 0.103125 0.857904253125 0.103125 0.8595845203125 0.09672276875 0.8563127015625 0.090280525 0.862609915625 0.081671375 0.8725237937500001 0.0496555984375 0.8834293140625 0 0.7957163875 0
10 0.2564660859375 0.4296875 0.24446627968749998 0.4354451390625 0.2341804671875 0.44840015937500005 0.2234375 0.4820768390625 0.2234375 0.487700615625 0.232894740625 0.5222437671875 0.249609184375 0.5364942890625001 0.24318055156249999 0.5520403125 0.226466109375 0.5766548484375 0.2406091 0.6271794234375 0.2521806375 0.6492029546875 0.2586092703125 0.6699309859375 0.2701808078125 0.6569759656249999 0.2856095265625 0.6414299421875 0.3048954234375 0.6517939593750001 0.32032414062500003 0.6634534750000001 0.3357528578125 0.690659015625 0.36789601875 0.707500540625 0.3794935046875 0.7109375 0.4301259953125 0.7109375 0.4425416234375 0.7042654859375 0.4321823421875 0.6854770078125 0.40132490781249996 0.6543849609375 0.3936105484375 0.6245884187499999 0.39232482343749997 0.5999738828125001 0.4077535390625 0.59090536875 0.416753625 0.5701773390625 0.42961089062499996 0.55722231875 0.45789687187499994 0.5429717984375 0.47846849531249996 0.5131752546875 0.4875 0.500175009375 0.4875 0.474355425 0.4874685796875 0.47431019687500003 0.4875 0.474183559375 0.4875 0.45191111250000005 0.47975422031250003 0.43803614375000005 0.475887584375 0.4296875 0.2564660859375 0.4296875
10 0.51875 0.5741449390625 0.5128652875 0.5648426546875001 0.47869743906249995 0.55625 0.414062675 0.55625 0.397502184375 0.5817934453125 0.3859375 0.5890642671874999 0.3859375 0.6396979453125 0.3987983984375 0.6600278656249999 0.42990754999999997 0.7004489796875 0.3859375 0.70881700625 0.3859375 0.71451610625 0.3987983984375 0.7304388421875 0.4376848390625 0.7226154 0.4752750640625 0.7187036796875 0.502495571875 0.7239193078125 0.51875 0.726570803125 0.51875 0.5741449390625
8 0.2427634140625 0.8328125 0.2595590765625 0.8328125 0.30023616406250003 0.8153898046875 0.3585089203125 0.7917442234375001 0.3170705140625 0.7470803484375 0.3895877234375 0.7365712015625 0.4125 0.7266099031250001 0.4125 0.722712403125 0.375343271875 0.7050437609375 0.34037961875 0.6945346125 0.32095536562500004 0.660379884375 0.28980895 0.6375 0.27938078125 0.6375 0.24973310781250002 0.672202675 0.260092709375 0.7050437609375 0.2432583578125 0.711611978125 0.228125 0.7320810625 0.228125 0.8041737390625 0.2427634140625 0.8328125
8 0.51875 1 0.51875 0.783971190625 0.51594709375 0.7840586859374999 0.4851047234375 0.7853423875 0.474835578125 0.746875 0.4264117703125 0.746875 0.43241567343750004 0.7840586859374999 0.3990031078125 0.7827749859375001 0.35530975 0.7802075859375 0.32318228125 0.7943282890625 0.2897697125 0.8135837921875 0.25250184999999997 0.8212859937499999 0.217804184375 0.8469599984375 0.2023829984375 0.8585132999999999 0.1984375 0.8874154671875001 0.1984375 0.9470435671875 0.2267998734375 0.9612093218750001 0.25507204687499996 0.9535071187499999 0.2460763546875 0.9175635124999999 0.30262069999999996 0.9201309125 0.35402465156249996 0.935535315625 0.4131391921875 0.9650604218750001 0.45871612187500005 1 0.51875 1
8 0.3361664890625 0.6895116375000001 0.322317359375 0.662000634375 0.28706502500000003 0.63824113125 0.2530717046875 0.6745056359375 0.265661825 0.704517640625 0.25181269375 0.7095196421875001 0.22537344531249998 0.743283146875 0.2316685046875 0.7920526546875 0.2435155046875 0.825 0.2519870390625 0.825 0.27699293125 0.8183131593749999 0.31476328750000004 0.8033071578125 0.3374255 0.7895516546875 0.37645486875 0.7820486531249999 0.4328125 0.7867133703125 0.4328125 0.7635757937500001 0.4312084578125 0.754335246875 0.32735340625 0.743283146875 0.3789728921875 0.7320286453125 0.41023417812499996 0.7278577578125001 0.3802319046875 0.7095196421875001 0.3361664890625 0.6895116375000001
8 0.51875 0.7264671546875 0.5087802078125 0.72336881875 0.460329784375 0.7207932687499999 0.4078125 0.72791845 0.4078125 0.7288649109375 0.4093293359375 0.7298076921875 0.42781234531249995 0.7515870640625 0.47052987343749997 0.7439732140624999 0.4871050171875 0.7916208796875 0.5151552640625 0.7890453296875 0.51875 0.788887471875 0.51875 0.7264671546875
8 0.2389504328125 1 0.23080357187499997 0.9685763890625001 0.2047619046875 0.9536954359374998 0.206001984375 0.8879712296874999 0.14895833281249998 0.97353670625 0.1643241171875 1 0.2389504328125 1
1 0.51875 0.4296875 0.51875 0.6308469984375 0.5499602921875 0.6460782953124999 0.648864446875 0.6609375 0.676122565625 0.6609375 0.6828125 0.61876555625 0.6828125 0.5042849781250001 0.6128422125 0.4296875 0.51875 0.4296875
1 0.51875 0.8294868015624999 0.6600136828125 0.7835420937500001 0.6640625 0.7474326671875 0.6640625 0.6361444875 0.6605454453124999 0.6359375 0.51875 0.6359375 0.51875 0.8294868015624999
10 0.8153837859374999 0.4296875 0.808776609375 0.43190606249999997 0.7649884515625001 0.4704772078125 0.7459224437499999 0.47141959531250005 0.739039190625 0.4748688296875 0.7093120328125 0.4797299296875 0.7026629109375 0.49082542968750004 0.6752773281250001 0.500409059375 0.66514994375 0.5229039828125 0.65625 0.5441234749999999 0.65625 0.5729043671875 0.6615790203125 0.58701433125 0.6653952625 0.6090132015625 0.65625 0.652541721875 0.65625 0.6595249046875 0.657586925 0.6741148390625 0.65625 0.685618584375 0.65625 0.7401808390625 0.6892856453125 0.7339614875 0.6948792875 0.7397602093750001 0.70365243125 0.7538222046875 0.70631774375 0.77413775625 0.707225221875 0.775 0.7721266609375 0.775 0.7744511734375 0.7739489515625 0.7775392125 0.775 0.8136292296875001 0.775 0.8191555218750001 0.7690424312499999 0.8175071875000001 0.74119675625 0.8309590578125 0.7279139953125 0.841749021875 0.7027200359375 0.8484627765624999 0.6837921796875 0.8459942171874999 0.65800686875 0.84950726875 0.646451465625 0.8448184218750001 0.6313632046875 0.829668584375 0.6116653281250001 0.8243608921875 0.5939153640625 0.825023928125 0.585761725 0.8121050593750001 0.577756490625 0.8193985515625 0.575000665625 0.8228936015624999 0.5681836671875 0.8226994906249999 0.55536390625 0.8194819531249999 0.5412020796875 0.8408092374999999 0.5321382156250001 0.8548753250000001 0.5187288171875 0.8656573546875 0.5043871984375 0.881517571875 0.48601753593749997 0.8920012937500001 0.46719250625 0.9024843015625 0.4572556671875 0.9046875 0.453370475 0.9046875 0.4336729328125 0.9042210203125001 0.4323000859375 0.90256325625 0.4296875 0.8153837859374999 0.4296875