7 0.316612959375 0.4796875 0.3551374546875 0.45458768281250006 0.365625 0.451736421875 0.365625 0.4481405703125 0.36485825781250003 0.44601184375 0.3482792234375 0.4372405078125 0.3377226453125 0.438415384375 0.29458015937500004 0.47444176562499996 0.28193497968750003 0.4796875 0.316612959375 0.4796875
7 0.3796875 0.1962803453125 0.3722864859375 0.1969712859375 0.30867215468750003 0.21341860625 0.26922801875 0.2309229375 0.26571290468750003 0.2431796140625 0.2872343 0.26285003281249997 0.35134077812500003 0.2703125 0.36065797499999996 0.2703125 0.3796875 0.262770715625 0.3796875 0.1962803453125
7 0.3796875 0.1461872109375 0.3025636734375 0.1412412390625 0.287717275 0.145183371875 0.26875 0.158925090625 0.26875 0.15971945 0.2774773140625 0.1715111078125 0.3021778984375 0.1904113734375 0.3306185765625 0.203125 0.36046821093750003 0.203125 0.3796875 0.198930359375 0.3796875 0.1461872109375
7 0.3796875 0.2801788890625 0.2893788953125 0.2614705515625 0.2566483734375 0.22930867031250002 0.23568790625 0.2264372765625 0.202999153125 0.22882631875 0.17382551875000002 0.2189586828125 0.12227540156250001 0.21865904687499998 0.1041887359375 0.225459790625 0.0987272140625 0.2323126046875 0.1046580515625 0.2453915046875 0.12300025781249999 0.265832078125 0.1842213296875 0.2952394875 0.1913849484375 0.3021443703125 0.2579453875 0.32887588125 0.2809438765625 0.3340184484375 0.290215221875 0.334375 0.330686384375 0.334375 0.3610761640625 0.3284309234375 0.3796875 0.3269349453125 0.3796875 0.2801788890625
7 0.142061490625 0 0.1265625 0.012903996875 0.1265625 0.013680784375 0.1350946 0.037919546875 0.1347892125 0.048361840625 0.1413519015625 0.0546875 0.14413423281249998 0.0546875 0.156799228125 0.051324590625 0.16244398437500002 0.0382064015625 0.17525235781249998 0.031993096875 0.20225458437500002 0.008171320312499999 0.20708703750000002 0 0.142061490625 0
7 0.26098521875 0.1636523609375 0.170876590625 0.15057440625000001 0.12740625625 0.1258527765625 0.12101733750000002 0.1284373171875 0.1212728796875 0.1556786328125 0.18079185625 0.17132834375 0.205461903125 0.1912728375 0.2562790875 0.2166339765625 0.26799257656250003 0.2296875 0.27782398124999996 0.2296875 0.2981084046875 0.225509453125 0.32807605 0.20822712656250003 0.32714865312499997 0.20395884999999997 0.318782790625 0.20218375625 0.28278146249999997 0.1739247171875 0.26098521875 0.1636523609375
7 0.1730473890625 0.0990792421875 0.18290157812500002 0.1219216375 0.18553106875 0.139947609375 0.1777872125 0.15288308125 0.1916683921875 0.1578125 0.25069308125 0.1578125 0.257614109375 0.15773785 0.2609375 0.14419309687499998 0.2609375 0.13422323593750002 0.2565533265625 0.1220513375 0.22619675625000002 0.080674109375 0.191397671875 0.04728528125 0.17772298125 0.0471418546875 0.1727002328125 0.074970609375 0.1730473890625 0.0990792421875
7 0.2838863578125 0.4796875 0.3032810265625 0.47125487968749996 0.34375 0.43455023125 0.34375 0.4282753125 0.337282946875 0.4239639796875 0.26745169999999996 0.40113531093750004 0.22040517343750002 0.39075881562500003 0.1670501109375 0.34423901875 0.16177182031249998 0.34482645624999997 0.1465894953125 0.360255109375 0.13171255937499998 0.3652414703125 0.13026600625 0.3787250921875 0.096222315625 0.3914650671875 0.08316963125 0.4060322078125 0.1041606359375 0.407859371875 0.154936053125 0.3986695859375 0.1656453265625 0.3922735640625 0.18138858124999999 0.3936439375 0.2390029203125 0.438440709375 0.2438536671875 0.45247248124999995 0.26330650312500004 0.4709159546875 0.266701084375 0.4796875 0.2838863578125 0.4796875
7 0.3796875 0 0.21164419375 0 0.18954726718749998 0.0194942453125 0.1850436796875 0.0295711046875 0.1838108953125 0.035745121875 0.1898333484375 0.045691334374999996 0.1970885828125 0.0494635296875 0.23374245781249997 0.0913889078125 0.2579238828125 0.1280410703125 0.2723427375 0.13871814843750002 0.283057546875 0.140625 0.28455545 0.140625 0.3018523 0.1370992609375 0.35648909375 0.1241926296875 0.3796875 0.12495904218750001 0.3796875 0
3 0.3796875 0.4796875 0.45089214687499996 0.4796875 0.45839648750000006 0.4733612921875 0.46411259843749997 0.47008982499999996 0.4745888984375 0.46597618125 0.4964537359375 0.46071906250000005 0.501514775 0.45829872656250004 0.503513959375 0.4559980140625 0.506784484375 0.44789003125000004 0.5071290187499999 0.440912409375 0.506653496875 0.43737482187500004 0.5011509296875 0.4231534609375 0.5010878734374999 0.4131436234375 0.5051299296874999 0.403142740625 0.5109375 0.39486905 0.5109375 0.376778359375 0.5021993234375 0.306923225 0.500496209375 0.27707986406249996 0.4991715359375 0.267225153125 0.496808440625 0.2610941875 0.4944501875 0.25881554375000004 0.45601453281249993 0.23811232968749999 0.42888976875000007 0.22141241093750003 0.4170111421875 0.2208181203125 0.3964328015625 0.203125 0.391556128125 0.203125 0.388440365625 0.204809728125 0.3796875 0.21461347343749998 0.3796875 0.4796875
3 0.7257260859375 0.4796875 0.752022815625 0.47726685937499996 0.753125 0.47369934531249996 0.753125 0.46360656093749997 0.7503342640625 0.44562367812500003 0.737383575 0.3149325078125 0.73108529375 0.26998562656249997 0.7065955421875 0.1812973953125 0.6945374640624999 0.1450214421875 0.6849395359375 0.1117821859375 0.6751669031249999 0.0867839734375 0.6720517125000001 0.071241615625 0.66229845 0.061652703125 0.652205528125 0.0495369421875 0.6471202421875001 0.046052446875 0.6381676046875 0.0443277921875 0.6246246109375 0.0447087359375 0.59703881875 0.049384996874999997 0.5357920546875 0.0574296359375 0.49512910625 0.05831978125 0.473458378125 0.05738836093750001 0.47055179531249997 0.060571228125 0.4701878546875 0.06549634374999999 0.4781893765625 0.0868594125 0.4861374984375 0.1192740828125 0.49053855625000004 0.14056614218750002 0.49693873593750004 0.1862710765625 0.498593228125 0.2577319546875 0.5012764796875 0.30440764531250003 0.507118640625 0.34786944218750004 0.5097195 0.35576920312500004 0.5191186375 0.32456070625 0.5227627859374999 0.31923225624999996 0.529570684375 0.314542234375 0.5345007015625 0.3149634828125 0.5418229375 0.317916059375 0.5459668609375 0.3220300265625 0.549557609375 0.3277531796875 0.55416249375 0.337204553125 0.55718550625 0.3463367125 0.5592040328125 0.37280209375 0.5576026875 0.3971439625 0.5553268984375 0.40692766249999995 0.54991160625 0.42197776249999996 0.55204178125 0.43019226093749996 0.562683034375 0.43684651093750004 0.5700052687499999 0.43979908749999996 0.5884588765625001 0.43778688906249996 0.6164231390625 0.43974248437499996 0.63609468125 0.442974615625 0.6457557625 0.44615333125 0.655300384375 0.450373809375 0.6703864125 0.459563865625 0.6948288953125 0.4796875 0.7257260859375 0.4796875
12 0.894445396875 0.4796875 0.9031586796875001 0.47557943125 0.9422058515625 0.4474038 0.9546875 0.4329212 0.9546875 0.42577012343750004 0.94861600625 0.380602240625 0.9397070843750001 0.36012133125 0.9091906218750001 0.29529166406249996 0.9014608265625 0.2759500765625 0.881740853125 0.2341946984375 0.878460675 0.221241240625 0.878941075 0.2152743609375 0.8814740328124999 0.20931195625000001 0.8811489328125 0.2049852890625 0.8723807171875 0.18936744218749998 0.86818826875 0.1868006125 0.861870453125 0.1932284015625 0.8591676671874999 0.19792737968750002 0.8490213109375 0.21022001562499998 0.8383509015625 0.2205221984375 0.8262830093750001 0.229968771875 0.8201301812499999 0.23380765937499998 0.805568175 0.2399648515625 0.7919329671875001 0.24729238750000002 0.7739985375 0.260799509375 0.7532157703125 0.27029021875 0.7360189078125 0.2816517578125 0.7333986140625 0.2850562859375 0.7336315015625 0.29632954843750003 0.7376685859375 0.3359035171875 0.7473974078125 0.4197283625 0.7509250328125 0.44215526406250005 0.7534870828125 0.445950015625 0.7624105953125 0.4512743125 0.7703199390625001 0.46622717968750005 0.7808797796875 0.4796875 0.894445396875 0.4796875
12 0.68422884375 0 0.680390315625 0.002343771875 0.6775176999999999 0.005779325 0.6680166984375 0.0228729734375 0.6576180171875 0.0351966359375 0.6512322703125 0.041119054687500003 0.6495727453125 0.0459466140625 0.6503830875000001 0.0481587265625 0.6578799953125 0.0562270515625 0.6647412359375 0.06719901406249999 0.680666665625 0.10171513125000001 0.7052583453125 0.1778046234375 0.7190826546875 0.2272201890625 0.7242407156249999 0.2350623765625 0.7437472734374999 0.2408834109375 0.753667771875 0.2421875 0.779817334375 0.2421875 0.7894421375 0.2411725703125 0.8006608453125 0.23876567031249998 0.816115690625 0.2335261390625 0.831415265625 0.2252233671875 0.8490634015625 0.21149458906250002 0.85847219375 0.2013475328125 0.8634264921875001 0.19431681875 0.8677402749999998 0.186337415625 0.8726363593750002 0.1731491859375 0.878027403125 0.1521942578125 0.878125 0.149504615625 0.878125 0.1209075234375 0.8752374093749999 0.10090818593749999 0.8683131124999999 0.0799263859375 0.8568615484375 0.05770322812499999 0.8421491796874999 0.0379359125 0.8247485828125001 0.021067754687500002 0.8043395078125 0.0066244109375 0.790216646875 0 0.68422884375 0
17 0.3796875 0.4796875 0.23387149843750002 0.4796875 0.2953042359375 0.6446245125 0.30107783593750004 0.646875 0.327214190625 0.646875 0.3796875 0.643837059375 0.3796875 0.4796875
17 0.3796875 0.642882071875 0.32680784531249996 0.6451316859375 0.2956427828125 0.6507894625 0.296559740625 0.9524722046874998 0.3077000796875 0.9602387406249999 0.3796875 0.96366174375 0.3796875 0.642882071875
17 0 0.4796875 0 0.49663125625 0.12374031875 0.6453664359375 0.1388965421875 0.6731887375 0.1850907390625 0.6603773828125 0.2682258171875 0.653062396875 0.2890625 0.6443290515625 0.2890625 0.6375682078125 0.285668025 0.6194561984375 0.23424382968750002 0.4796875 0 0.4796875
17 0.1355412359375 0.6657730078124999 0.1291122796875 0.672169865625 0.10722519531250001 0.8636089515625001 0.0977874125 0.8804751124999999 0.10100805625 0.9282989421875001 0.10586154218749999 0.9322452718750001 0.18418549687500002 0.9326425828125 0.199072528125 0.9357060687499998 0.20896396718750002 0.9450402890625 0.2684697328125 0.9456356046875001 0.28367511093750003 0.9515625 0.29022436093750004 0.9515625 0.2978748625 0.9488794484374999 0.29489606562500004 0.8689628640624999 0.3 0.70269954375 0.3 0.6845918109375 0.29052895156249997 0.6535935625 0.28387316875 0.6468902296875 0.26343715 0.6457727890625 0.17886870625 0.653213896875 0.1500593359375 0.6659533671875 0.1355412359375 0.6657730078124999
8 0.5977840046875 0.6585202640625 0.5848745015625 0.661699278125 0.5805714984375 0.67030871875 0.6522834890625 0.704609784375 0.6619782875 0.703554734375 0.6722806859375 0.7059028921875 0.6793430125000001 0.7077166125 0.684826946875 0.715625 0.6875513453125001 0.715625 0.6921261203125 0.713894965625 0.7014665515624999 0.7133712640625001 0.707010071875 0.71422668125 0.7089084812499999 0.709762246875 0.7296875 0.713309628125 0.7296875 0.711997246875 0.7238680875 0.69541983125 0.71186939375 0.6735046109375 0.695466184375 0.649565259375 0.6871380078125 0.6356282859375 0.600897265625 0.6457627390624999 0.5977840046875 0.6585202640625
8 0.6602891390625001 0.6192182046875 0.6558892640625 0.6192758484375 0.6588535078125 0.6167282296875001 0.6620379375000001 0.6115039359375001 0.6645685625000001 0.6052381109375 0.6660026171875 0.6033124265625001 0.6686967484374999 0.6000589171875 0.6667828765625 0.6003452109375 0.6638302984375001 0.5984822249999999 0.6605297734375 0.59781495 0.659749425 0.5960645609374999 0.6548416609375 0.5934636984375 0.6502155671875001 0.593692153125 0.6478178203125 0.5911352703125 0.6439499671875 0.589477759375 0.64153038125 0.58853830625 0.639373265625 0.5851545265625 0.6381174640625 0.5811649703125 0.6350240546875 0.5799308640625 0.6334095546875 0.580021384375 0.6321976609375 0.5845418515625 0.62908244375 0.586230159375 0.6266935359375 0.5885072515625 0.626019778125 0.590822565625 0.6294063390625 0.5928288890625 0.6309027687500001 0.5959915437500001 0.6296339859375 0.599758378125 0.6289865078125001 0.60352575 0.6245211609375 0.6096242484375 0.6215273328124999 0.6147387953125 0.6213293890625 0.62457206875 0.6213883 0.6351145578125 0.6204637578125001 0.63868956875 0.6204638328125001 0.6421875 0.626858425 0.6421875 0.6651593531250001 0.636920603125 0.667978159375 0.62886546875 0.6646599015625 0.6248098734375 0.6656684484375 0.6217404359375001 0.6623356312500001 0.6205094640625 0.6602891390625001 0.6192182046875
8 0.5770090296875 0.78854194375 0.5798443390625 0.793327221875 0.5758929593750001 0.79782535 0.5727899859375001 0.8048563140624999 0.5715176093750001 0.811044796875 0.5724553375 0.8162973515624999 0.579219765625 0.820898428125 0.5841981984375 0.8243725859375001 0.5905607390625001 0.8267225578125 0.5962758499999999 0.8276652609375 0.5985753109375 0.8294490671875 0.6021696406249999 0.8340474375 0.6077955359375 0.8389288671875 0.6206917046875 0.8671875 0.6222274265625 0.8671875 0.6681290640624999 0.8586940671875001 0.6643658562500001 0.8340067843749999 0.667022340625 0.8266941124999999 0.67345171875 0.8227607828125001 0.678430040625 0.8195764671875001 0.6796875 0.8158432578125 0.6796875 0.812569421875 0.6770010703125 0.8093530703124999 0.6788539296874999 0.80419668125 0.6784296703124999 0.7996010281249999 0.6719331671875001 0.7965006875 0.6689192921875 0.792934421875 0.6621772109374999 0.7906779125 0.6542518796875 0.78401265625 0.64567923125 0.7825986031250001 0.6348741015625 0.7797759359375 0.6365259875 0.7734939953125 0.614871090625 0.769818009375 0.6064370703125 0.7625 0.5915412874999999 0.7625 0.5732357312499999 0.7651871437500001 0.5620064578124999 0.76442730625 0.563145128125 0.77080540625 0.5639935046875 0.77333823125 0.57580323125 0.7751301734375 0.5770090296875 0.78854194375
8 0.52827283125 0.7205746484375 0.5393592953125 0.7042738234374999 0.538949753125 0.7019798328125 0.537660596875 0.70229729375 0.534172371875 0.7068815875000001 0.5291523671875 0.7134396437499999 0.523025128125 0.716811153125 0.5134853734375 0.7191603546875001 0.512620884375 0.7188410484375 0.50408205625 0.7177506499999999 0.496316828125 0.7209933328125 0.49193370937500003 0.722072690625 0.4866557796875 0.724170678125 0.48225744375 0.72365723125 0.4785113140625 0.7237814515625 0.47289965 0.722502415625 0.4689562625 0.720014284375 0.464618571875 0.7168249624999999 0.4596590765625 0.716183603125 0.4541081390625 0.7167522640625 0.44499305 0.7184647015625 0.44346123125 0.72043848125 0.444325934375 0.7298048921875 0.444568715625 0.7371957078125 0.443734684375 0.7445856046875 0.440625 0.7466756421875 0.440625 0.7482119562499999 0.44065601875000004 0.7514638765624999 0.442172696875 0.75242085625 0.44458425 0.7568827921875 0.44473605781250003 0.763763803125 0.44288582343750005 0.7684769234375001 0.4424612546875 0.7736372390625 0.44787587812499996 0.7813510562499999 0.45049968749999997 0.780971 0.454245934375 0.785370334375 0.4534037640625 0.791207078125 0.45613380625 0.7929296359375 0.46220051875 0.79675756875 0.46432393281250006 0.802620884375 0.46669001562499995 0.8068279 0.4964318296875 0.8136068125 0.5015581421875 0.8136749062499999 0.5371999187500001 0.8293785249999999 0.53933838125 0.8277875437500001 0.5356376578125 0.8236430890625 0.53597104375 0.808925884375 0.53016225625 0.8095580343750001 0.5249297343749999 0.8073873546874999 0.5228973046875 0.8020337984375001 0.5219872140625 0.7969360515625 0.5234128046875 0.7928596984375 0.5263247484375 0.7910782453125 0.5333317 0.78961885625 0.5380182437500001 0.7932544484375 0.541885784375 0.7968256375 0.5448736328125 0.7984847 0.5542314453125 0.799639509375 0.562042259375 0.8011752859375001 0.5616932484375 0.791681875 0.5647871312499999 0.786396409375 0.5727949296875 0.77697385625 0.562830434375 0.7754362546875 0.5584773703125 0.76160700625 0.561541028125 0.7621830375 0.585822715625 0.7609932500000001 0.5890625 0.752065190625 0.5890625 0.749743328125 0.56755465 0.73857505 0.5628073171875 0.7285681703125 0.5544657109375 0.7300901359375 0.536902646875 0.722174828125 0.5327924625 0.720259959375 0.52827283125 0.7205746484375
8 0.3796875 0.7502626875 0.3799845609375 0.7577830203125 0.38250595 0.76446160625 0.3867248359375 0.770722178125 0.389970103125 0.7740107359375 0.3913264296875 0.7749906390625 0.3980581421875 0.774646840625 0.399564328125 0.7789476078125 0.40130345 0.780417209375 0.404473778125 0.7808044296875 0.4071448125 0.780876625 0.40769095312500003 0.78125 0.4121703484375 0.78125 0.42027533906250003 0.7774971875000001 0.4240113890625 0.7727814328125 0.4276974625 0.7653041828125 0.42912860156250004 0.761739984375 0.4308260375 0.7588401640625 0.4330394234375 0.75800313125 0.4344123875 0.7582489859375 0.43892233125 0.7553865234374999 0.4410774453125 0.7533959234375001 0.440370109375 0.751088278125 0.44086099843749993 0.7480476015624999 0.442450271875 0.7461963375 0.44354862500000003 0.7449039359375 0.44375 0.7440656531250001 0.44375 0.7332268203125001 0.44358998281249995 0.731900665625 0.44324876093750004 0.7283349484375 0.44261627656249997 0.7239650171875001 0.44308219062500004 0.7207844984375 0.44375 0.7199034671875 0.44375 0.7075890015625 0.442830315625 0.699429828125 0.44375 0.696417878125 0.44375 0.689612525 0.4417227890625 0.6797282578124999 0.43676126093749995 0.6664732609375 0.42797736249999996 0.6754165999999999 0.41865042968750005 0.6896246749999999 0.40950106875000003 0.7037890234375 0.40165718437500003 0.7117678921875 0.397270496875 0.71834564375 0.394251971875 0.7190889687500001 0.3951083078125 0.7291723421875 0.38850153125000003 0.735178971875 0.38262700625 0.7411512874999999 0.3796875 0.7469204828125 0.3796875 0.7502626875
8 0.474235296875 0.862175403125 0.47092163437499995 0.8620170437500001 0.4645164796875 0.8629447593750001 0.46022170781250005 0.8646519406250001 0.45266881718749996 0.86651186875 0.4498364796875 0.8672093421875001 0.44868876875 0.8681415515625 0.44683763593750003 0.8724948625 0.44389430937499996 0.878091490625 0.44032160937500003 0.8838431046874999 0.436785871875 0.8879616765625 0.43082505312499997 0.8913782765625001 0.4275114859375 0.8967412937500001 0.42440155625 0.9014045890624999 0.4221987359375 0.9074684328124999 0.42184714375 0.9147003578125 0.42275434531249995 0.9216222999999999 0.42427255625000004 0.9319664453125001 0.42371732812499996 0.9398980968749999 0.42308802500000003 0.9455744671874999 0.4253096140625 0.9524975203124999 0.42928978124999995 0.9563892140625001 0.43162245156249995 0.9639344921875 0.4320483515625 0.9700005812499999 0.4329925671875 0.97528946875 0.434723971875 0.9765625 0.43773817812499993 0.9765625 0.43999011093749996 0.9758398281249999 0.4473393875 0.9746796078125 0.4551884453125 0.9707980234375 0.460242015625 0.96045948125 0.4650180171875 0.9540867640624999 0.46964594687499994 0.9487248749999999 0.470793565625 0.9422713109374999 0.471071178125 0.9383054609375 0.47201527500000007 0.9380729750000001 0.47492171250000004 0.9396307984375 0.4758288171875 0.9410313625000001 0.48003105625 0.9406460984375 0.4931003109375 0.9273593015625 0.49382215 0.9203610234374999 0.48967535156249997 0.9155359765625001 0.48436229375 0.9096989921875 0.481122609375 0.9062745312499999 0.4879163453125 0.8964818421875 0.4953125 0.8903038859375 0.4953125 0.882324378125 0.4932104703125 0.87828915 0.49121105 0.8726105328125 0.4880824515625 0.869808296875 0.4829731 0.8687929734375001 0.4787893203125 0.8656010000000001 0.474235296875 0.862175403125
8 0.3796875 0.7456009109374999 0.38063515625 0.7432184562499999 0.3868902484375 0.7355049140625 0.3946798171875 0.728613840625 0.3940593421875 0.719308671875 0.401174546875 0.7144699187500001 0.406989775 0.7042925390624999 0.421757571875 0.684022540625 0.4287651765625 0.67372299375 0.4370238859375 0.66654491875 0.43851932187500003 0.6690917890625 0.44398659843750005 0.684531365625 0.44536757343750005 0.6900526703125001 0.44616945625 0.694544309375 0.44757261093749995 0.695761815625 0.45149250937499996 0.6955780296875 0.4569269171875 0.6950213078124999 0.4604460203125 0.6992345703125 0.463051884375 0.7005466578125 0.4672835828125 0.6998953546875001 0.47127019218750005 0.6934430125000001 0.4731630625 0.6796911109374999 0.47873086249999997 0.666597265625 0.48763946874999997 0.65228996875 0.48797295937499996 0.6209471734375 0.489643296875 0.6170190390625 0.49567897187500004 0.6131881640625 0.504565515625 0.609827546875 0.511870728125 0.606465578125 0.51875 0.594235165625 0.51875 0.58759708125 0.5180114609375 0.587237325 0.509410421875 0.5856201656250001 0.5031683 0.585364415625 0.49713062499999994 0.5887935234375 0.4871416734375 0.59633320625 0.4823047734375 0.601408921875 0.47871968281250005 0.6058775484375 0.47325259218750004 0.61080963125 0.467441953125 0.623711621875 0.4635443265625 0.628011103125 0.45970104687499996 0.629911721875 0.4565393484375 0.630320078125 0.44872409218750003 0.643006959375 0.43588773593749996 0.6501540171875 0.4264819765625 0.6550611609375 0.419155078125 0.661449403125 0.4114646390625 0.6669306515625 0.40484209531250004 0.676134984375 0.398071834375 0.683382665625 0.38755291718749996 0.6933471953125 0.3796875 0.7011702812499999 0.3796875 0.7456009109374999
10 0.3796875 0.9538557453125 0.387207696875 0.9619919421875001 0.40153807812500003 0.9672774953125 0.4160115203125 0.9769350578125 0.42386225 0.9953125 0.4334257859375 0.9953125 0.43942742968750004 0.993834571875 0.43357494374999994 0.9789060453125 0.43145696093749997 0.9706131390625 0.4273286640625 0.9546304171875001 0.418856734375 0.9214587968749999 0.4204039625 0.9015600375 0.4155558859375 0.895828240625 0.39881841875 0.8949130671875001 0.4191842125 0.891157121875 0.42704999531250004 0.892368165625 0.43628156875 0.8869468328125001 0.44590991718749995 0.8694653015625 0.44253530156250004 0.85770421875 0.44620051250000003 0.8460983625 0.4373288265625 0.8463942359375001 0.4519483109375 0.8390165015625 0.4671875 0.8070540749999999 0.4671875 0.8068735765625 0.4615073640625 0.8032934953125 0.45899409999999996 0.796357140625 0.452817115625 0.7903229890625 0.45019618125000005 0.7827835421875 0.44423453437500005 0.777955571875 0.4390988453125 0.774183415625 0.3799763859375 0.7893721499999999 0.3796875 0.7896066234375001 0.3796875 0.9538557453125
10 0.59422774375 1 0.5885770140625001 0.9964384546874999 0.5993528343750001 0.9925256578125001 0.6033779328125 0.975794340625 0.6044207187499999 0.9673526906250001 0.61124520625 0.9663017359375001 0.631289484375 0.9500328734375 0.64328654375 0.9458193406250001 0.6499664796875 0.9511000359375 0.697811659375 0.9298739062500001 0.7 0.9232222875 0.7 0.9222105984375 0.6836981078125 0.9150908812499999 0.651624359375 0.91039706875 0.652701046875 0.916427978125 0.6383721546875 0.9004387749999999 0.6069798125 0.90313241875 0.6144164109375 0.8912274499999999 0.6298633421875 0.8742018859374999 0.6618309140624999 0.867588959375 0.6941937687499999 0.859619484375 0.6686967562499999 0.8274923281250001 0.6624106125 0.83155873125 0.666465140625 0.861410925 0.6185860625 0.8681644890625 0.6062335843750001 0.8453925375000001 0.6023914109375 0.838153828125 0.593556609375 0.8315149625 0.5854032124999999 0.8322635578125 0.582493175 0.8373873984374999 0.5709636734375 0.8370785578125 0.560221753125 0.8554639171874999 0.53302998125 0.8709744609375001 0.514997509375 0.8842294953125001 0.50249600625 0.8999001296875001 0.49502401562500004 0.9080361859374999 0.48866559687500005 0.9152684140625 0.49545320000000004 0.9211521984375001 0.48661541875000003 0.9359206312499999 0.503316003125 0.9437705390625 0.5127275203125 0.9357864750000001 0.52396791875 0.9487586046875001 0.52788236875 0.9528314953125001 0.54037790625 0.9799754499999999 0.5522673 0.9751588296874999 0.55898560625 0.9628011359374999 0.5675342875 0.9606959937500001 0.5648734890625 0.981498578125 0.5525873234375 0.9983753984374999 0.5551649078125 1 0.59422774375 1
18 0.5819944046875 0.671875 0.5821857171875 0.671875 0.5847145593749999 0.6612685859375 0.598255865625 0.6585635937500001 0.599550871875 0.6443933859375 0.617689525 0.6424450953124999 0.6141334734375 0.6439503906249999 0.6184078125 0.6428978203125 0.61875 0.639754534375 0.61875 0.6123444 0.604224965625 0.6098733203125 0.5767470703125 0.6166398546874999 0.5599727203125 0.6226594203125 0.5594682796875 0.6341165249999999 0.5651393296875 0.66231143125 0.5819944046875 0.671875
18 0.7458564953125 0.7272979718749999 0.761658846875 0.7372578875 0.7625 0.7315267343749999 0.7625 0.7228976140625 0.7566706906249999 0.7057467921875 0.7424125859374999 0.6972954124999999 0.73125 0.7006556859374999 0.73125 0.7059153515625 0.731993675 0.71749004375 0.7458564953125 0.7272979718749999
10 0.7305542734375 0.7151143937500001 0.7121294984375 0.7083186765624999 0.705771078125 0.7155509046875 0.694924475 0.711925875 0.6864111875 0.7177999328125 0.6815277203125 0.708299225 0.6696752109374999 0.706181109375 0.6546619359375001 0.70421174375 0.652684034375 0.7216981390624999 0.657889015625 0.74371176875 0.6639922359374999 0.76361539375 0.6649243703125001 0.7759779468750001 0.68438895 0.79573930625 0.6808343906250001 0.7865409546875 0.6905674218750001 0.7910698093749999 0.6965230078125 0.8046875 0.69744391875 0.8046875 0.7017016421875001 0.7927351984375 0.7158166875 0.796814575 0.726304890625 0.79486141875 0.7606441578125 0.780109196875 0.7828125 0.7702981921875001 0.7828125 0.769903934375 0.7700217765625 0.75765256875 0.77652325625 0.7547923453125 0.7736869859375 0.746046715625 0.7638462828125 0.7409147671875 0.7460690109375 0.72703395 0.7305542734375 0.7151143937500001