12 0.27392578125 0.40224609375 0.26953125 0.39541015625 0.25927734375 0.39443359375 0.2490234375 0.398828125 0.22265625 0.40322265625 0.2177734375 0.406640625 0.2177734375 0.40859375 0.22412109375 0.41494140625 0.23779296875 0.42275390625 0.25146484375 0.43984375 0.26123046875 0.4466796875 0.271484375 0.44912109375 0.27490234375 0.44814453125 0.27392578125 0.40224609375
12 0.296875 0.3939453125 0.29541015625 0.44521484375 0.37841796875 0.45400390625 0.37744140625 0.4486328125 0.3701171875 0.437890625 0.34619140625 0.39150390625 0.3408203125 0.38466796875 0.33544921875 0.38369140625 0.30419921875 0.3900390625 0.296875 0.3939453125
12 0.41357421875 0.35 0.39599609375 0.359765625 0.37841796875 0.37392578125 0.3681640625 0.37880859375 0.37158203125 0.3890625 0.39404296875 0.43203125 0.4111328125 0.45986328125 0.41650390625 0.46181640625 0.4296875 0.46181640625 0.4296875 0.353526475 0.423828125 0.35048828125 0.41357421875 0.35
6 1 0.0499157328125 0.8769453046875 0.011685146875 0.8663070062499999 0.017004296874999998 0.8104559421875001 0.076844721875 0.775881475 0.1034404671875 0.7705623265625 0.108759615625 0.7718921125 0.1154085515625 0.789179346875 0.12604685 0.9367857296875 0.171259615625 1 0.1870631828125 1 0.0499157328125
6 1 0.1881732765625 0.9184507984374999 0.16831781875000001 0.8905252656249999 0.16831781875000001 0.8798869687499999 0.17363696875 0.861269946875 0.2108710109375 0.8665890953125001 0.2534242015625 0.889195478125 0.280019946875 1 0.3273539171875 1 0.1881732765625
6 1 0.3264379953125 0.9796210109375 0.3212433515625 0.9463763296875 0.31991356406250004 0.925099734375 0.33321143593749997 0.8985039890625 0.377094415625 0.8772273937499999 0.3784242015625 0.8679188828125 0.38773271249999997 0.8719082453125001 0.43028590468749994 0.87855718125 0.44358377656250003 0.8931848406249999 0.454222075 0.9277593078124999 0.4608710109375 0.951695478125 0.44491356406250004 0.9530252656249999 0.43161569218749996 0.9623337765625 0.42230718125 1 0.4119489703125 1 0.3264379953125
6 0.8506316484375 0.4103390953125 0.8360039890625 0.38108377656250003 0.7110039890625 0.29331781874999996 0.660472075 0.280019946875 0.547440159375 0.2653922875 0.5368018609375 0.2720412234375 0.5328125 0.2906582453125 0.547440159375 0.370445478125 0.5700465421875001 0.40236037187499996 0.609940159375 0.43028590468749994 0.6910571812499999 0.45688164843749995 0.7136635640625 0.468849734375 0.7415890953125001 0.49278590468749994 0.8067486703125001 0.46619015937499997 0.847972075 0.45821143593749997 0.8506316484375 0.4103390953125
6 0.921110371875 0.3052859046875 0.9157912234375001 0.29464760624999997 0.8865359046875 0.281349734375 0.842652925 0.24810505312500003 0.7894614359375 0.2241688828125 0.7469082453125 0.1922539890625 0.68839760625 0.1762965421875 0.6485039890625 0.1749667546875 0.62456781875 0.182945478125 0.6179188828125 0.1909242015625 0.6179188828125 0.220179521875 0.6538231390625 0.2441156921875 0.701695478125 0.2906582453125 0.8506316484375 0.391722075 0.863929521875 0.3903922875 0.8798869687499999 0.375764628125 0.905152925 0.3637965421875 0.919780584375 0.3212433515625 0.921110371875 0.3052859046875
17 0.401953125 0.553515625 0.362890625 0.5642578125 0.31796875 0.5662109375 0.2759765625 0.5681640625 0.233984375 0.5642578125 0.1978515625 0.561328125 0.1578125 0.5603515625 0.155859375 0.56328125 0.1646484375 0.5671875 0.1958984375 0.5759765625 0.228125 0.584765625 0.218359375 0.588671875 0.222265625 0.6033203125 0.2447265625 0.616015625 0.269140625 0.6208984375 0.288671875 0.6287109375 0.32578125 0.635546875 0.366796875 0.6580078125 0.398046875 0.66484375 0.4146484375 0.68046875 0.4296875 0.6799987796875 0.4296875 0.5728824015625 0.4205078125 0.557421875 0.401953125 0.553515625
17 0.384375 0.5564453125 0.3462890625 0.561328125 0.31796875 0.565234375 0.2671875 0.56328125 0.2037109375 0.5603515625 0.1568359375 0.557421875 0.2076171875 0.5818359375 0.228125 0.580859375 0.2173828125 0.59453125 0.24375 0.61796875 0.3306640625 0.639453125 0.358984375 0.6541015625 0.3605997421875 0.6546207875000001 0.3482421875 0.6541015625 0.3111328125 0.666796875 0.27890625 0.678515625 0.2642578125 0.674609375 0.2515625 0.6482421875 0.2505859375 0.6814453125 0.2251953125 0.666796875 0.1919921875 0.6580078125 0.1705078125 0.651171875 0.144140625 0.6443359375 0.124609375 0.6443359375 0.0787109375 0.64140625 0.0728515625 0.64140625 0.0728515625 0.6638671875 0.09921875 0.6765625 0.128515625 0.6873046875 0.2046875 0.7244140625 0.265234375 0.7380859375 0.3287109375 0.7361328125 0.390234375 0.73125 0.4296875 0.7240169265625 0.4296875 0.5758188093750001 0.4146484375 0.5486328125 0.384375 0.5564453125
17 0.3892578125 0.795703125 0.3599609375 0.7859375 0.296484375 0.7501302078125 0.2655598953125 0.7305989578125 0.20045572968749997 0.7240885421875001 0.0735026046875 0.7208333328125 0.071875 0.7224609375 0.0755968640625 0.7621608203125 0.1109375 0.7729166671875001 0.2037109375 0.8022135421875 0.3225260421875 0.8396484375 0.3925130203125 0.8396484375 0.4296875 0.8396484375 0.4296875 0.76515625 0.41529947968750003 0.7680338546875001 0.3892578125 0.795703125
17 0.2804514765625 1 0.20696614531250002 0.9454427078125001 0.1638626984375 0.8700116734375 0.1630208328125 0.8705729171875 0.1630208328125 0.8689453125 0.1632533484375 0.8689453125 0.1621656515625 0.86704184375 0.1353515625 0.8640625 0.10930989531249999 0.893359375 0.1125651046875 0.9454427078125001 0.1483723953125 0.9942708328125001 0.1554036453125 1 0.2804514765625 1
17 0.3534505203125 0.84453125 0.3518229171875 0.8461588546875 0.3583333328125 0.8477864578125001 0.394140625 0.9047526046875 0.4296875 0.938818359375 0.4296875 0.8606212796875001 0.40716145781249996 0.84453125 0.3534505203125 0.84453125
17 0.3664713546875 0.7305989578125 0.3567057296875 0.7322265625 0.3615885421875 0.7354817703125 0.3583333328125 0.7859375 0.3908854171875 0.795703125 0.41041666718750003 0.7777994796875001 0.41041666718750003 0.7305989578125 0.3664713546875 0.7305989578125
17 0.0735026046875 0.8722005203125001 0.1125651046875 0.8396484375 0.1483723953125 0.815234375 0.1646484375 0.7940755203125 0.1353515625 0.7777994796875001 0.10442708281249999 0.7712890625 0.071875 0.76043836875 0.071875 0.8705729171875 0.071875 0.8711154515624999 0.0735026046875 0.8722005203125001
5 0.42632378437499996 1 0.4283203125 0.991015625 0.40553385468750003 0.9568359375 0.3534505203125 0.9438151046875 0.316015625 0.951953125 0.2948567703125 0.9633463546875 0.276953125 0.9942708328125001 0.2720703125 0.9958984375 0.2802734375 1 0.42632378437499996 1
18 1 0.5 0.9167650796875 0.5 0.8553291062499999 0.748867753125 1 0.8140248734375 1 0.5
18 0.70677838125 0.7222977046875 0.8444595406250001 0.7524909421875 0.8541213765625001 0.748867753125 0.918997159375 0.5 0.7190342750000001 0.5 0.7019474640625 0.7126358703125 0.70677838125 0.7222977046875
18 0.6874547093750001 0.7174667875 0.70677838125 0.681234903125 0.7204564875 0.5 0.5346933421875 0.5 0.5594353859375001 0.689689009375 0.6874547093750001 0.7174667875
18 0.46523248749999996 0.6993508453125 0.5195803140625 0.6933121984375 0.5509812796875 0.6824426328125 0.5300847671875 0.5 0.4296875 0.5 0.4296875 0.7077693953125 0.46523248749999996 0.6993508453125