12 0.306169871875 0.0403445515625 0.2574519234375 0.042908653125 0.2010416671875 0.0275240390625 0.1574519234375 0.0288060890625 0.1177083328125 0.0223958328125 0.11129807656249999 0.03265224375 0.11129807656249999 0.0467548078125 0.130528846875 0.051883012500000006 0.14206730781250002 0.064703525 0.1741185890625 0.07752403906250001 0.2510416671875 0.0967548078125 0.27411858906250003 0.0967548078125 0.2830929484375 0.0685496796875 0.2959134609375 0.06983173125 0.3202724359375 0.08265224374999999 0.33565705156250003 0.08265224374999999 0.3446314109375 0.073677884375 0.3523237171875 0.073677884375 0.359375 0.08072916718749999 0.359375 0.0364556625 0.3215544875 0.0339342953125 0.306169871875 0.0403445515625
12 0.3074519234375 0.34290865312499996 0.3010416671875 0.335216346875 0.3023237171875 0.31983173125 0.281810896875 0.3095753203125 0.26129807656250004 0.3095753203125 0.18181089687500002 0.3185496796875 0.160016025 0.33137019218749997 0.108733975 0.34290865312499996 0.108733975 0.348036859375 0.1177083328125 0.3711137828125 0.175400640625 0.3711137828125 0.1984775640625 0.3788060890625 0.22796474375 0.3711137828125 0.2895032046875 0.36854967968749996 0.30360576875 0.3621394234375 0.3074519234375 0.34290865312499996
12 0 0.31757399999999997 0.015144231250000001 0.34162660312500004 0.06770833281250001 0.39162660312500003 0.0920673078125 0.4006009609375 0.1164262828125 0.42111378281249995 0.130528846875 0.4390625 0.1459134609375 0.441626603125 0.1574519234375 0.43649839687499997 0.160016025 0.414703525 0.1202724359375 0.373677884375 0.108733975 0.34547275625 0.0459134609375 0.2813701921875 0.0202724359375 0.2749599359375 0.011298076562499999 0.2877804484375 0 0.29154647499999997 0 0.31757399999999997
12 0 0.1572516015625 0.008733975 0.1659855765625 0.033092948437500005 0.1749599359375 0.0395032046875 0.185216346875 0.068990384375 0.192908653125 0.084375 0.2031650640625 0.112580128125 0.20572916718749998 0.156169871875 0.22752403906250002 0.1715544875 0.22752403906250002 0.184375 0.2185496796875 0.186939103125 0.20829326875 0.18309294843749999 0.20188301250000001 0.1292467953125 0.173677884375 0.108733975 0.1506009609375 0.0766826921875 0.1390625 0.034375 0.113421475 0.018990384375 0.110857371875 0.012580128125000001 0.114703525 0.011298076562499999 0.13778044843749998 0 0.1490785265625 0 0.1572516015625
12 0.2830929484375 0.2403445515625 0.28822115312499996 0.1877804484375 0.284375 0.1467548078125 0.2792467953125 0.1185496796875 0.26514423125 0.114703525 0.2574519234375 0.1211137828125 0.23181089687499998 0.16983173125 0.24078525625 0.1788060890625 0.23052884687500003 0.1941907046875 0.23693910312500002 0.21726762812499997 0.2241185890625 0.2249599359375 0.2241185890625 0.2313701921875 0.2292467953125 0.260857371875 0.2395032046875 0.26983173125 0.2715544875 0.2685496796875 0.2830929484375 0.2403445515625
12 0.1677083328125 0.08649839687500001 0.1395032046875 0.06598557656250001 0.0895032046875 0.048036859375000004 0.057451923437499997 0.0275240390625 0.047195512499999995 0.0262419875 0.043349359375 0.036498396875 0.056169871875 0.062139423437499994 0.09078525625 0.0877804484375 0.11129807656249999 0.0941907046875 0.12796474375 0.1070112171875 0.138221153125 0.1211137828125 0.13565705156250002 0.13265224375 0.16514423125 0.13778044843749998 0.18181089687500002 0.13137019218749998 0.184375 0.10829326875 0.1677083328125 0.08649839687500001
12 0.031810896875 0.051883012500000006 0.010016025000000001 0.051883012500000006 0.0048878203125 0.0557291671875 0.008733975 0.08649839687500001 0.0202724359375 0.091626603125 0.038221153125000004 0.1159855765625 0.0920673078125 0.14547275625 0.11514423124999999 0.1506009609375 0.131810896875 0.142908653125 0.130528846875 0.13137019218749998 0.138221153125 0.1185496796875 0.1228365390625 0.10188301250000001 0.031810896875 0.051883012500000006
12 0.10745192343750001 0.5275240390625 0.0920673078125 0.4275240390625 0.0856570515625 0.40829326874999994 0.075400640625 0.4006009609375 0.0664262828125 0.4006009609375 0.05873397500000001 0.4057291671875 0.04078525625 0.4031650640625 0.033092948437500005 0.413421475 0.031810896875 0.454447115625 0.04078525625 0.5185496796875 0.051041667187499994 0.5403445515625 0.061298076562500005 0.5967548078125 0.0702724359375 0.614703525 0.0702724359375 0.6296875 0.10580929531250001 0.6296875 0.1023237171875 0.5390625 0.10745192343750001 0.5275240390625
12 0 0.2859775640625 0.015144231250000001 0.280088140625 0.049759615624999996 0.24547275625 0.05873397500000001 0.24290865312499998 0.08181089687500001 0.20829326875 0.07924679531249999 0.1993189109375 0.0548878203125 0.1877804484375 0.034375 0.186498396875 0 0.2117535 0 0.2859775640625
12 0.04078525625 0.2531650640625 0.030528846874999998 0.254447115625 0.02796474375 0.26983173125 0.06514423124999999 0.2967548078125 0.14334935937499999 0.2877804484375 0.15232371718749999 0.2813701921875 0.1446314109375 0.236498396875 0.12411858906249999 0.2313701921875 0.06514423124999999 0.23778044843749999 0.04078525625 0.2531650640625
0 0.359375 0 0.359375 0.2385217765625 0.3728691234375 0.23340769843750003 0.385032328125 0.22301383437500003 0.41806835312499996 0.1918313390625 0.5021106015625 0.13678302656250002 0.5629457390625 0.090120175 0.5972383156250001 0.06364091093749999 0.6175906140625 0.047509125 0.621044490625 0.0392242125 0.625956515625 0.031661146875000004 0.634119109375 0.036372865625 0.6377706734374999 0.03108499375 0.6334044296875 0.011698340625000001 0.6265389234375001 0 0.359375 0
6 0.41352635937500004 0.1901466 0.3936118015625 0.2226214703125 0.39331148437499996 0.27817704375 0.41169311875 0.3219469296875 0.43907412656249994 0.36768722187499997 0.46865203125 0.4045444265625 0.5037353999999999 0.43091265312499993 0.54566938125 0.4413948578125 0.5801380078125 0.43094593124999997 0.60148411875 0.41394083281249994 0.634102753125 0.388215884375 0.7089553296875 0.32583191718750004 0.767249240625 0.2766565921875 0.80292333125 0.24837511874999998 0.8195777874999999 0.22570527812500002 0.8615924078124999 0.1733083640625 0.8874312953124999 0.13337903281250002 0.89927490625 0.10626979218749999 0.9122121734374999 0.10170905937500001 0.930828 0.0908311515625 0.9424558140625001 0.074806490625 0.953089384375 0.06346589687500001 0.9530474453125001 0.042047190625 0.94423126875 0.025370384375 0.9259600109375 0.0081890078125 0.90261030625 0.00634458125 0.87591795625 0.014288807812500002 0.8612934015624999 0.0277617609375 0.8187280921875001 0.0365208015625 0.7572582437500001 0.044654846875 0.69699090625 0.05740099375 0.6542963484375 0.0728795140625 0.5669960484375001 0.11462462031250001 0.5009531671875 0.147590375 0.44962586875 0.16366407031250002 0.41352635937500004 0.1901466
0 0.8813899578125 0.43411426249999996 0.866287834375 0.3982915375 0.9023907453125 0.38513859687499996 0.9270848031250001 0.3685369328125 0.94683454375 0.3550478890625 0.9470218078125001 0.342552128125 0.9542209328125001 0.33301980625 0.952356678125 0.3039794171875 0.9535599453125 0.29475191562499997 0.9387747015624999 0.2747724046875 0.9178763 0.26248417968750004 0.9019598312499999 0.26290190468749997 0.8720703859375 0.251717734375 0.8370440203125 0.24976893125 0.813204075 0.256160278125 0.7950287921875 0.264439865625 0.7857238375 0.2635283 0.7619980015625 0.2824034796875 0.7195427328124999 0.31963730468749996 0.6693475062500001 0.35915230781249996 0.612519434375 0.4068449015625 0.5922722265625 0.42478545156249997 0.5776613375 0.42918775 0.5551025640625 0.4383258921875 0.5393587796875 0.44026577031249997 0.5233298875 0.43830373749999996 0.5454242687499999 0.50859456875 0.569306428125 0.5213817171875 0.60610341875 0.543530890625 0.6212426390625 0.5504345749999999 0.662500390625 0.555489190625 0.7226525828125 0.55225406875 0.7844210765625 0.5384879640625 0.82756396875 0.5135720703125 0.852076771875 0.5007531562499999 0.8808670421875 0.47903961562499997 0.8876213046875 0.47836128593750005 0.8813899578125 0.43411426249999996
0 0.62746325 0 0.6283990734375 0.00146458125 0.6387725078125001 0.027172160937500002 0.6360583531249999 0.03504490625 0.627576915625 0.034554723437500004 0.6224545375 0.036434859375 0.6211541296875 0.046702295312499996 0.5921218875 0.0675322578125 0.5709878203125001 0.0884129703125 0.590102365625 0.10145074843749999 0.6041282640625 0.096850675 0.629316640625 0.08355054843750001 0.6445078703125 0.0761341671875 0.6860423578125 0.0612791515625 0.7172657078125 0.0544115296875 0.7396072015625 0.049450615625 0.7719275703124999 0.0437563359375 0.8106502171875001 0.036864265624999996 0.8216057578125 0.0268635359375 0.8336750875 0.0108918703125 0.8330593187499999 0 0.8000057843749999 0 0.7958243265625 0.0040336203125 0.7949466390625 0 0.62746325 0
16 0.1960709953125 0.6754572640625 0.17804048125 0.6726833390625 0.1350446421875 0.693487778125 0.0227006765625 0.80028389375 0.0546008140625 0.8710189843749999 0.227971134375 0.9653324375000001 0.3056410375 0.9764281374999999 0.3250585125 0.9653324375000001 0.359375 0.9687640859375 0.359375 0.7533818984375 0.248775571875 0.6990356281250001 0.1960709953125 0.6754572640625
16 0.359375 1 0.359375 0.9872833796875 0.1808144078125 0.9556237 0.14059249375 0.952849775 0.10730539218749999 0.9833629500000001 0.08788791562500001 0.9875238390625001 0.09273975625 1 0.359375 1
13 0.0247811203125 0.8564558765625 0.0476660015625 0.8911299406250001 0.083033546875 0.947301925 0.11354672343750001 0.9736542125 0.13296419843750001 0.95354325625 0.1357381234375 0.9396736296875 0.12325546093749999 0.9091604546875001 0.094129246875 0.893903865625 0.067776959375 0.878647278125 0.052520370312499995 0.866164615625 0.0448920765625 0.8405058078125001 0.028942007812499997 0.8162339624999999 0.015072382812499998 0.8231687765625001 0.0206202328125 0.8314905515625 0.0143789015625 0.8377318828125 0.0247811203125 0.8564558765625
13 0.0898410890625 1 0.08719443437499999 0.9854433953124999 0.096209690625 0.98128250625 0.092742284375 0.9632519937499999 0.081646584375 0.9507693312500001 0.065003034375 0.9382866671875 0.0546008140625 0.9271909671874999 0.0455855578125 0.9063865296875001 0.0213137140625 0.893903865625 0 0.888185553125 0 1 0.0898410890625 1
16 0 0.8865747296875 0.00952453125 0.8911299406250001 0.034489857812500004 0.872405946875 0.0213137140625 0.8529884703124999 0.015072382812499998 0.8370384015625 0.019233270312500002 0.8314905515625 0.013685420312499998 0.8210883328125 0.0296354890625 0.814847 0.0240876390625 0.80028389375 0.072631328125 0.7538206484375001 0.1017575421875 0.728161840625 0.07401829062500001 0.724694434375 0.0372637828125 0.713598734375 0.0220071953125 0.720533546875 0 0.7338402234375 0 0.8865747296875
6 0.5516151687499999 0.6675386234375 0.5650983140625 0.6922577249999999 0.59206460625 0.7057408703125 0.6302668546875 0.6956285109375 0.6763342703124999 0.650684690625 0.7103297234375 0.6296875 0.5542217453125 0.6296875 0.549367978125 0.646190309375 0.5516151687499999 0.6675386234375
6 0.702176965625 0.638325140625 0.6830758421875001 0.6473139046874999 0.666221909375 0.6765273875 0.6448735953125 0.6911341296875 0.610042134375 0.730459971875 0.599929775 0.7518082859375 0.65610955 0.7664150281250001 0.6864466296875 0.7641678375 0.7190308984375 0.730459971875 0.76397471875 0.6652914328125 0.7650983140625 0.64394311875 0.7709301578125001 0.6296875 0.7364600046875001 0.6296875 0.7325140453125 0.6338307578125 0.702176965625 0.638325140625
6 0.49206460625000004 0.6754037921875 0.4830758421875 0.7001228937499999 0.513412921875 0.7079880625 0.553862359375 0.730459971875 0.569592696875 0.7338307578125 0.5729634828125 0.7270891859375 0.5707162921875 0.6967521062500001 0.5606039328125 0.6765273875 0.5471207859375 0.6630442421875 0.5504915734375 0.6394487359375 0.55424589375 0.6296875 0.5336863671875001 0.6296875 0.5156601125 0.65293188125 0.49206460625000004 0.6754037921875