15 0.609375 0.058369265625 0.39138821562500004 0.1046425125 0.3786095015625 0.12693766875 0.3755988 0.14370388125 0.4117826078125 0.3010956078125 0.4188395734375 0.324983553125 0.426948346875 0.33846828281249997 0.4313880515625 0.3421875 0.4370686015625 0.3421875 0.609375 0.30447456562499997 0.609375 0.058369265625
15 0 0.4178302546875 0.0162923140625 0.43125 0.029763434374999998 0.43125 0.3797545625 0.3546469671875 0.3829772703125 0.3513983578125 0.3890625 0.33996063906249996 0.3890625 0.3033025421875 0.35188942343749996 0.1488082515625 0.3424291921875 0.13307606875 0.32211243437500003 0.11802456562500001 0.26246067968750003 0.1276896234375 0 0.188348303125 0 0.4178302546875
15 0 0 0 0.182243325 0.17926599999999998 0.1443691921875 0.3149582375 0.1112790484375 0.3307028265625 0.0908780015625 0.337486609375 0.0758292203125 0.3375 0.075474334375 0.3375 0.04230593125 0.3272242015625 0 0 0
12 0.609375 0.459375 0.8284532015625 0.459375 0.830924684375 0.44300143125 0.83125 0.4370373109375 0.83125 0.4103217078125 0.823600465625 0.3712240875 0.816276246875 0.35022799375 0.804557496875 0.32581393125 0.791862184375 0.3048178375 0.783561403125 0.2950522125 0.770866090625 0.28870455625 0.762077028125 0.288216275 0.719108278125 0.2970053375 0.668327028125 0.3136069 0.658561403125 0.31507174375 0.610709840625 0.3145834625 0.609375 0.3148430140625 0.609375 0.459375
17 0.9247419078125001 0.459375 0.923486328125 0.435205078125 0.919091796875 0.425927734375 0.902001953125 0.409326171875 0.892236328125 0.407373046875 0.871728515625 0.413232421875 0.865869140625 0.418603515625 0.863427734375 0.431298828125 0.861474609375 0.433251953125 0.833642578125 0.443994140625 0.829248046875 0.447412109375 0.827783203125 0.451318359375 0.8265014656249999 0.459375 0.9247419078125001 0.459375
4 0.24022817500000002 0.6957465296875001 0.2396639390625 0.696875 0.2421875 0.696875 0.2421875 0.6957465296875001 0.24022817500000002 0.6957465296875001
4 0.1804535953125 0.5171875 0.18125 0.5171875 0.18125 0.50673486875 0.180220734375 0.503955853125 0.17823660624999998 0.5061879953124999 0.17798859218750002 0.5111483125 0.179228671875 0.5156125984375001 0.1804535953125 0.5171875
4 0.609375 0.4964466359375 0.5612599203124999 0.517237103125 0.5042162703125 0.5469990078125 0.4992559515625 0.5469990078125 0.5066964281249999 0.5904017859375 0.5203373015625 0.5804811515624999 0.5426587296875 0.5792410718750001 0.533978175 0.6474454375 0.5203373015625 0.7032490078125 0.5625 0.7342509921875 0.5575396828125 0.7491319453124999 0.5265376984375 0.729290675 0.55009920625 0.7540922625 0.5451388890625 0.764012896875 0.5575396828125 0.804935515625 0.5823412703125 0.807415675 0.609375 0.8125043765625 0.609375 0.4964466359375
12 0.3589125171875 0.459375 0.364670140625 0.4996783609375 0.380791171875 0.513319234375 0.39567212343749997 0.5207597093749999 0.446515378125 0.5306803453125 0.5010788703125 0.5430811390625 0.503754315625 0.54375 0.506488128125 0.54375 0.549441965625 0.51951963125 0.587884425 0.5021585187500001 0.596875 0.45945329375000005 0.596875 0.459375 0.3589125171875 0.459375
4 0.24104662656250003 0.675 0.2584077375 0.6588789687500001 0.2794890875 0.640277778125 0.25964781718749996 0.6105158734375 0.2187251984375 0.643998015625 0.2187251984375 0.6117559531250001 0.2286458328125 0.606795634375 0.2187251984375 0.565873015625 0.2249255953125 0.53115079375 0.20756448437500002 0.5199900796875 0.198883928125 0.5336309531250001 0.15176091249999998 0.5633928578124999 0.0971974203125 0.5956349203125 0.057514881250000004 0.6241567453125001 0.0203125 0.6477182546875 0.0203125 0.6712797625 0.0203125 0.681062609375 0.040153770312499996 0.7196428578124999 0.057514881250000004 0.7704861109375 0.0773561515625 0.79032738125 0.08603670625 0.8262896828125001 0.1033978171875 0.8324900796874999 0.104637896875 0.81884920625 0.1195188484375 0.812648809375 0.129439484375 0.7952876984375 0.1629216265625 0.7729662703125 0.19268353124999998 0.734523809375 0.2150049609375 0.7060019843750001 0.24104662656250003 0.675
4 0.47170138906250003 0.84365079375 0.39233630937499997 0.837450396875 0.363814484375 0.7928075390625 0.3328125 0.753125 0.3080109125 0.722123015625 0.29437003906250003 0.7196428578124999 0.285689484375 0.6985615078125 0.28940972187499997 0.68740079375 0.21748511874999998 0.7035218249999999 0.1765625 0.753125 0.1468005953125 0.787847221875 0.15176091249999998 0.7866071421875 0.1691220234375 0.8337301593750001 0.191443453125 0.84737103125 0.21128472187499997 0.8734126984374999 0.2162450390625 0.9081349203125001 0.21748511874999998 0.9416170640625001 0.26212797656250003 0.9515376984374999 0.298090278125 0.9540178578125001 0.34149305625 0.9403769843750001 0.3774553578125 0.919295634375 0.4220982140625 0.8833333328125 0.44441964218749996 0.880853175 0.4779017859375 0.8634920640625001 0.4853422625 0.8548115078125 0.47170138906250003 0.84365079375
14 0.276694340625 0.459375 0.532465278125 0.6427579359375 0.5349454359375 0.6278769843750001 0.30225221874999997 0.459375 0.276694340625 0.459375
14 0.197605615625 0.459375 0.3811755953125 0.821329365625 0.3898561515625 0.812648809375 0.2075212828125 0.459375 0.197605615625 0.459375
14 0.2255406734375 0.459375 0.460540675 0.753125 0.46798115156250003 0.7419642859375 0.2425005015625 0.459375 0.2255406734375 0.459375
14 0.41961805625000004 0.8151289687500001 0.24600694375 0.4827876984375 0.2274057546875 0.46046627031250004 0.4115000109375 0.8176091265625001 0.4121775796875 0.8176091265625001 0.41961805625000004 0.8151289687500001
14 0.2756374109375 0.459375 0.548586309375 0.7481646828125 0.55850694375 0.7394841265625001 0.3340525796875 0.4989087296875 0.33777281718749996 0.5026289687500001 0.3365327375 0.49766865156249995 0.3365327375 0.4989087296875 0.2783303015625 0.459375 0.2756374109375 0.459375
14 0.29188988125000004 0.5361111109375 0.2546875 0.500148809375 0.3365327375 0.6588789687500001 0.43201884843749994 0.8386904765625001 0.43201884843749994 0.8362103171874999 0.433258928125 0.8337301593750001 0.433258928125 0.8324900796874999 0.433258928125 0.8300099203125001 0.43201884843749994 0.8300099203125001 0.4344990078125 0.8275297625 0.4282986109375 0.83125 0.43945932499999996 0.8200892859375 0.29188988125000004 0.5361111109375
14 0.3216517859375 0.5361111109375 0.3650545640625 0.5770337296875 0.41589781718749996 0.6353174609375 0.4853422625 0.7047619046875 0.544866071875 0.76552579375 0.55478670625 0.7580853171874999 0.35885416718749996 0.5497519843750001 0.27080853125000004 0.46046627031250004 0.27080853125000004 0.462946428125 0.3030505953125 0.5137896828125 0.3216517859375 0.5361111109375
14 0.4593005953125 0.5807539687500001 0.4406994046875 0.5757936515625 0.5523065468749999 0.8560515875 0.55106646875 0.849851190625 0.55478670625 0.8523313484375 0.5659474203125 0.8486111109374999 0.4593005953125 0.5807539687500001
14 0.4583705359375 0.7934275796875 0.46302083281249995 0.7915674609375 0.37001488125000004 0.6365575390625 0.351413690625 0.6179563484375 0.45087996874999997 0.7962678484375 0.45558035781250006 0.7915674609375 0.4583705359375 0.7934275796875
14 0.47914186562500005 0.5993551593750001 0.45186011875 0.5261904765625001 0.4369791671875 0.528670634375 0.5002232140625 0.6824404765625001 0.5634672625 0.83993055625 0.5647073406249999 0.8386904765625001 0.5659474203125 0.837450396875 0.5721478171875 0.8324900796874999 0.5423859125 0.7543650796875 0.5027033734375 0.6501984125 0.47914186562500005 0.5993551593750001
14 0.520064484375 0.849851190625 0.5213045640625 0.8386904765625001 0.5218005953125 0.83819444375 0.5188244046875 0.8386904765625001 0.5247809953125 0.834719415625 0.4096974203125 0.6229166671875 0.3848958328125 0.6018353171874999 0.520064484375 0.849851190625
14 0.5398843734375001 0.853592809375 0.5473462296875 0.8461309531250001 0.46922122968749996 0.681200396875 0.44565972187499997 0.6675595234375 0.5398843734375001 0.853592809375
12 0.609375 1 0.6275941515625 1 0.6436197921875 0.9916666671875 0.672265625 0.9682291671875 0.703515625 0.9278645828125001 0.7204427078125 0.8861979156250002 0.725 0.829231775 0.725 0.8192274296875001 0.7061197921875 0.7651041656249999 0.6748697921875 0.71953125 0.6266927078125 0.6908854156249999 0.609375 0.686000934375 0.609375 1
9 0.609375 0.459375 0.609375 0.558561196875 0.6237760421874999 0.5765625 0.625651040625 0.5765625 0.644140625 0.558072915625 0.6779947921875 0.5138020828125 0.6975260421875 0.48515625 0.700104165625 0.459375 0.609375 0.459375
10 0.70234375 0.459375 0.6953125 0.48984375 0.6223958328125 0.5783854171875 0.6705729171875 0.7177083328125 0.6953125 0.7463541671874999 0.71875 0.80625 0.73046875 0.8401041671874999 0.73046875 0.8348958328125 0.765625 0.8583333328125 0.7669270828125 0.8765625 0.78515625 0.9026041671874999 0.7890625 0.8225260421874999 0.7890625 0.519102328125 0.7682291671875 0.48723958281249996 0.7408854171875 0.46770833281249996 0.7297743062500001 0.459375 0.70234375 0.459375