11 0 0.43596288124999993 0.00398910625 0.4356549375 0.02798571875 0.4360904375 0.047464001562500004 0.41629878124999997 0.064790271875 0.389812353125 0.0656848578125 0.383478396875 0.07467388750000001 0.361259284375 0.0773646984375 0.33971241406249997 0.0805085796875 0.33783789531249997 0.07963011406250001 0.3199995890625 0.079622040625 0.309080278125 0.0758148375 0.29812983125 0.0859375 0.264606721875 0.0859375 0.26067582499999997 0.058039137500000004 0.2485666609375 0.0419418953125 0.24844170000000002 0.041966848437499996 0.23591156875000002 0.033467821875 0.21710079218749997 0.033467821875 0.20866860781250002 0 0.1925128578125 0 0.43596288124999993
1 0 0.559375 0.1749365328125 0.559375 0.18125 0.5298073234375 0.18125 0.4937440984375 0.17929100781250001 0.40607268437500005 0 0.3964194765625 0 0.559375
1 0.1779652734375 0 0.0760204109375 0.2996585625 0.084857078125 0.40417115781249996 0.17831834375 0.4078125 0.206700046875 0.4078125 0.225550678125 0.375755353125 0.31943859375 0.23565029218750003 0.4015625 0.10893937499999999 0.4015625 0.1035604734375 0.3880640109375 0.061093842187500004 0.3757674921875 0.060600109375 0.3482548859375 0.00182425 0.34099624375 0 0.1779652734375 0
1 0.5171875 0.559375 0.5171875 0.4243040765625 0.459854059375 0.418815153125 0.4541452125 0.40586501249999996 0.3926346453125 0.405873659375 0.16184729375 0.442025615625 0.162450978125 0.45826311249999996 0.16323723750000002 0.4975560546875 0.17071309375 0.5050882421875 0.1733077515625 0.5185471203125 0.1734037609375 0.5290229734375 0.1685296609375 0.5382124640625 0.16145109375 0.5403608734375001 0.1624367 0.559375 0.5171875 0.559375
14 1 0 0.9248778953125001 0 0.9199972390625 0.00354956875 0.9141062234374999 0.016804354687500002 0.8713963546875 0.034477403125 0.881705634375 0.114006121875 0.9145103156250001 0.1625 0.9315419234375 0.1625 0.9995259578125001 0.1228426453125 1 0.122458896875 1 0
14 0.727978515625 0 0.7208233609375 0.003947671875 0.6898955265625 0.04371203125 0.6560221828125 0.06433058750000001 0.6265671015625001 0.11293147031249999 0.667804215625 0.208660484375 0.67811349375 0.2057149765625 0.6898955265625 0.18656917343749999 0.69873205 0.188041928125 0.742914671875 0.2410610734375 0.75770376875 0.24375 0.7598114 0.24375 0.7870972937499999 0.23369730312499998 0.8121341125000001 0.2057149765625 0.8356981765625001 0.1924601890625 0.8430619468749999 0.1733143875 0.8401164390625 0.14827756875 0.8453125 0.1456795375 0.8453125 0.1232701359375 0.826861653125 0.08494914375 0.792988309375 0.08053088124999999 0.7856245390625001 0.06874885 0.774166396875 0 0.727978515625 0
13 0.13697208125 0.559375 0.13249007968749998 0.56142113125 0.12331349218750001 0.5639012906249999 0.0885912703125 0.5619171640625 0.07544642812499999 0.5619171640625 0.0704861109375 0.5629092265625 0.0704861109375 0.6472346234375 0.0828869046875 0.688901290625 0.085119046875 0.7003100203125 0.09652777812499999 0.7409846234375 0.1171130953125 0.8305183546875 0.12232142812499999 0.8399429578125 0.125545634375 0.842919146875 0.13025793593749999 0.8458953375 0.134176584375 0.846875 0.145895346875 0.846875 0.149603175 0.8463913703125 0.1647321421875 0.8411830359374999 0.3016369046875 0.7878596234374999 0.33759920625 0.7752108140624999 0.341071428125 0.77099454375 0.34454365 0.7590897828125 0.3552083328125 0.7350322421875 0.365376984375 0.7191592265625 0.375545634375 0.7075024812499999 0.390178571875 0.6938616078125 0.40729166718750004 0.6827008937500001 0.415476190625 0.67898065625 0.4171875 0.6755580359375 0.4171875 0.673266371875 0.409027778125 0.6536830359375 0.39092261875 0.5963913703125 0.384226190625 0.5785342265625 0.378769840625 0.5673735125 0.37256944375 0.5619171640625 0.3640955640625 0.559375 0.13697208125 0.559375
13 0.5390625 0.7134128375 0.5327504953125 0.7088541671875 0.5267981140625 0.7031498015625 0.5079489078125 0.69149305625 0.49778025625 0.6870287703125 0.4774429546875 0.6808283734375 0.44842509843749995 0.6783482140625 0.422135415625 0.6820684531250001 0.4010540671875 0.6892609125 0.3829489078125 0.7001736109375 0.3703000984375 0.7135664687500001 0.3613715265625 0.7249751984375 0.35343501875 0.738120040625 0.344506446875 0.7594494046875 0.3397941453125 0.780034721875 0.3390625 0.8071056265625 0.3390625 0.807643028125 0.3427703359375 0.8311259921874999 0.3521949390625 0.8509672625 0.35616319375 0.8561755953125001 0.359635415625 0.863120040625 0.36533978125 0.8690724203125001 0.3698040671875 0.876512896875 0.3836929546875 0.8908978171874999 0.39286954218750003 0.8963541671874999 0.42511160625000005 0.9090029765625001 0.44098462187500004 0.9119791671874999 0.47090885312499997 0.9140625 0.4830268578125 0.9140625 0.48785962187500004 0.9129712296875001 0.49406001875000005 0.91024305625 0.5305183515625 0.8871775796874999 0.5390625 0.8784956218750001 0.5390625 0.7134128375
13 0.5390625 0.559375 0.3769955046875 0.559375 0.38245287656250004 0.5759176593750001 0.3854290671875 0.581374009375 0.387165178125 0.587822421875 0.3891493046875 0.5898065484374999 0.3926215296875 0.6027033734375 0.3958457359375 0.6086557546875 0.3978298609375 0.6218005953125 0.3998139875 0.625520834375 0.4010540671875 0.6334573421874999 0.405518353125 0.6456101203125 0.40675843437500003 0.6523065484374999 0.411966765625 0.66396329375 0.41891120937500004 0.6748759921875 0.42535962187500004 0.67586805625 0.4362723203125 0.673387896875 0.45462549531249996 0.67214781875 0.469010415625 0.6736359140625 0.48091517812499995 0.676116071875 0.5049727171875 0.684796628125 0.5201016859375 0.6947172625 0.5325036875 0.7046875 0.5371902953125 0.7046875 0.5390625 0.7030256546875 0.5390625 0.559375
1 1 0.841071428125 0.9578125 0.6421875 0.94375 0.6171875 0.8921875 0.628125 0.878125 0.5875 0.85 0.615625 0.853125 0.665625 0.884375 0.7578125 0.9171875 0.9015625 0.9265625 0.91875 0.9421875 0.928125 0.95 0.91875 0.9390625 0.9078125 0.9390625 0.8984375 0.9515625 0.9 0.9578125 0.909375 0.9828125 0.909375 1 0.8979166671875 1 0.841071428125
1 0.834375 0.8 0.846875 0.7875 0.8359375 0.76875 0.8734375 0.76875 0.8796875 0.746875 0.865625 0.740625 0.8390625 0.7140625 0.74375 0.6703125 0.696875 0.6421875 0.6265625 0.6390625 0.621875 0.615625 0.6265625 0.603125 0.6140625 0.6015625 0.590625 0.61875 0.5609375 0.6140625 0.553125 0.621875 0.55625 0.634375 0.603125 0.6640625 0.58125 0.70625 0.628125 0.7296875 0.6484375 0.7328125 0.6796875 0.7546875 0.7703125 0.7953125 0.8015625 0.8265625 0.821875 0.834375 0.834375 0.8
11 0.8515625 0.8515625 0.809375 0.8296875 0.7796875 0.796875 0.740625 0.7890625 0.7375 0.8 0.684375 0.81875 0.6453125 0.8921875 0.64375 0.9125 0.659375 0.9515625 0.675 0.9734375 0.69375 0.96875 0.7125 0.909375 0.728125 0.9125 0.74375 0.928125 0.83125 0.9421875 0.8546875 0.90625 0.8515625 0.8515625