11 0.4890625 0 0.0820399734375 0 0.08230104687499999 0.011189446875 0.0910865 0.0292283296875 0.10501255625000001 0.0356194203125 0.12901441875 0.0310001265625 0.16060202968749998 0.035177540624999996 0.16566300625 0.041205359375 0.172243828125 0.070196396875 0.17637950625 0.07874293437499999 0.1903970296875 0.089054325 0.2072590546875 0.09474977812499999 0.23736152968750002 0.0985399546875 0.25801622343749997 0.0980808265625 0.3241274140625 0.1057400140625 0.47297171718750003 0.1164630609375 0.47898086093750003 0.120952234375 0.4808433046875 0.137510703125 0.48582424687500003 0.140108259375 0.4890625 0.14052649687500002 0.4890625 0
11 0.4890625 0.3890625 0.4890625 0.2699283828125 0.43152827031249996 0.2535097484375 0.34605315000000003 0.23836628750000002 0.3066057953125 0.23473714218750003 0.26132080156250004 0.2339693859375 0.177788159375 0.23881465781250003 0.103212065625 0.2479435015625 0.0856305453125 0.253587440625 0.07154524062499999 0.282547571875 0.0688379421875 0.29304395625 0.06735321875 0.313762590625 0.0699923265625 0.3214318546875 0.0740251015625 0.3255680578125 0.0944629671875 0.3369040890625 0.12565081250000001 0.34503606875 0.15402845625 0.359254096875 0.19223078124999998 0.37278678906249996 0.23333477500000002 0.3841537296875 0.2605242296875 0.3890625 0.4890625 0.3890625
11 0.242324571875 0.10883085781249999 0.23660126718750002 0.11659261875 0.216986209375 0.1194334015625 0.208863903125 0.129816684375 0.1961375546875 0.1326677671875 0.168125784375 0.134130934375 0.16473288125000002 0.13633095 0.164355984375 0.1412655921875 0.1698510265625 0.14480895625 0.191602525 0.1491816671875 0.20500304531250002 0.1541369125 0.212166159375 0.1659081109375 0.2176612015625 0.169451475 0.24431360624999998 0.17299148125 0.2590053015625 0.1911092015625 0.2708978171875 0.1946971359375 0.3029080609375 0.195900059375 0.36459814687500003 0.2038676484375 0.41082143593750003 0.20625 0.43061018281249996 0.20625 0.46105150781250004 0.20450192656250002 0.46832854843750005 0.20006762656250002 0.4752625828125 0.18093220625 0.47953463906250005 0.15314744687499998 0.4796875 0.1370789875 0.4796875 0.12282555625 0.4782430546875 0.11887910156249999 0.4737419140625 0.115757240625 0.2716614046875 0.1008944046875 0.2638588296875 0.103892859375 0.24957874375000003 0.10341648437499999 0.242324571875 0.10883085781249999
14 0.7758970765625 0 0.72057504375 0.3717386625 0.7315153953125 0.375 0.7332900062500001 0.375 0.7907534546875 0 0.7758970765625 0
14 0.8473180750000001 0 0.7681785703124999 0.0360597375 0.7769742859375001 0.046875 0.7780495359375 0.046875 0.878129903125 0 0.8473180750000001 0
14 1 0.1289830390625 0.9212261312500001 0.246060246875 0.9312864718749999 0.253125 0.9331016125 0.253125 1 0.1524130375 1 0.1289830390625
13 1 0.3890625 1 0.22963612968749997 0.9322840109375001 0.2267130671875 0.8382198109375001 0.2281214515625 0.8538640703125001 0.3890625 1 0.3890625
13 0.7739717781250001 0.3890625 0.754426828125 0.259755721875 0.563727503125 0.2698871109375 0.5046801734375 0.277848984375 0.5234204296875 0.3890625 0.7739717781250001 0.3890625
13 0.4890625 0 0.4890625 0.16844018593750001 0.57192833125 0.19346417656249998 0.614059153125 0 0.4890625 0
13 0.7468148078125 0.3890625 0.8186418921874999 0.30469543906249996 0.5951216 0.08126083281249999 0.4890625 0.21791498125 0.4890625 0.2990124515625 0.6101111609375 0.3890625 0.7468148078125 0.3890625
13 0.77970550625 0.04957009375 0.7343512656250001 0.046073484375 0.6313298640625 0.04737588125 0.6451024953125 0.129649825 0.690266696875 0.1684442328125 0.8590197078124999 0.147419290625 0.8784481249999999 0.2281157484375 0.93454570625 0.22549071875 0.9512428390625001 0.19861030625 0.9468611578124999 0.07204835625 0.8376971875000001 0.05683395 0.77970550625 0.04957009375
13 0.6162294421875 0 0.599532328125 0.0939201828125 0.6072160265625 0.1092738375 0.833550053125 0 0.6162294421875 0
10 0 0.8439342156249999 0.009229332812500001 0.8453125 0.0585226890625 0.8453125 0.07897960781249999 0.8434885140624999 0.11060672812500001 0.8389693828125001 0.1220914765625 0.8360975156249999 0.1473932078125 0.8237101765624999 0.1573710703125 0.8170220671875 0.162752659375 0.81189071875 0.1674171375 0.7986035140625 0.1716015546875 0.7802190828125 0.171625278125 0.77613893125 0.17062069062500002 0.77359476875 0.16580959687500002 0.7682677546875001 0.16557401875 0.7649541140625 0.1705659984375 0.7391699546874999 0.17322870937499998 0.719519378125 0.1734375 0.7188685796875001 0.1734375 0.711902915625 0.1720033671875 0.7111114796875 0.1669062828125 0.7111411515625 0.161053534375 0.7096452171875001 0.1516491375 0.7053649468750001 0.1318535421875 0.6912001296875 0.11816258906249999 0.6790397828125 0.10415747187499999 0.6770813046875 0.084778178125 0.678979125 0.07308602343750001 0.6736921703125001 0.061866507812500006 0.6747774859375 0.035326093749999996 0.6810520125 0 0.686859165625 0 0.8439342156249999
15 0.1641895953125 0.3890625 0.17321861249999998 0.4355343953125 0.1799499234375 0.4612503078125 0.20426879531250003 0.5740741734375 0.20548079375 0.584777159375 0.2051681125 0.59472401875 0.201810528125 0.60239359375 0.197709140625 0.606497484375 0.1938448109375 0.613660009375 0.1940833546875 0.6164636296875 0.1976320390625 0.619757984375 0.19946454062500002 0.6203125 0.2065237234375 0.6203125 0.20782323906250003 0.6202086609374999 0.2218609765625 0.6165569265624999 0.23894955 0.6141624390625 0.2660085703125 0.6063548890625 0.37472767500000004 0.5797118937500001 0.39489525468750003 0.5737294671875001 0.414535334375 0.5708101250000001 0.42373084375000003 0.56718658125 0.43776857812500003 0.56353485 0.4423722625 0.5607030375 0.4413958453125 0.5533136937500001 0.44708715000000004 0.53874550625 0.4499543015625 0.5277637734375 0.453125 0.5113343859375 0.453125 0.4918941 0.4370979359375 0.41589318437500006 0.4303320234375 0.3890625 0.1641895953125 0.3890625
13 0.19818239843750002 0.618567146875 0.195399759375 0.6150133343749999 0.19360985 0.6160437562500001 0.1880592328125 0.6502462 0.1817781515625 0.6785878750000001 0.17780410468750002 0.7046211078125 0.16866625156249998 0.7421594484374999 0.16706002656250002 0.75542885 0.1641854625 0.76768563125 0.164176565625 0.7692156875 0.16620205625 0.77149890625 0.1756005234375 0.7767992140625 0.18857584375 0.7805486953124999 0.2193731625 0.7872544375 0.242781196875 0.793748196875 0.259075553125 0.796458353125 0.280447715625 0.8024539609375001 0.29238840625 0.8078125 0.3000927859375 0.8078125 0.3023607265625 0.8030913999999999 0.30444848750000003 0.7946642125000001 0.30844477656249997 0.7648058328125 0.312913703125 0.7413197281249999 0.31614394843750004 0.7117208093749999 0.3167441015625 0.6961622578125001 0.31560475781249997 0.6729638 0.31580343593750004 0.6387925125 0.3203125 0.6006107171874999 0.3203125 0.591952275 0.31939232500000003 0.5913414375 0.31250681406249997 0.5921465234375 0.24717073906249998 0.60859193125 0.2193604984375 0.614108846875 0.2012391671875 0.6188043546875 0.19818239843750002 0.618567146875
15 0 0.3890625 0 0.6875 0.00563786875 0.6875 0.019429365625 0.6856960375 0.052597471875 0.6791279296875 0.0676635203125 0.67394020625 0.08573444531249999 0.677915021875 0.092614021875 0.6781299765625001 0.108426840625 0.675997915625 0.1293530546875 0.671031078125 0.1461793578125 0.669913121875 0.1528322546875 0.6652843734375 0.16259233125 0.6522225078125 0.1656876484375 0.6458294640625001 0.168550353125 0.6356127593750001 0.17190200625000002 0.6289632234375 0.2013362640625 0.6071167921875 0.206479309375 0.599181821875 0.2078125 0.5943241593749999 0.2078125 0.5799317703125 0.203167859375 0.555085928125 0.17832296875 0.44507013593749994 0.1713901828125 0.410175359375 0.1662473375 0.3890625 0.0098012953125 0.3890625 0.00866440625 0.389447565625 0.007090698437499999 0.3890625 0 0.3890625
7 0 0.7534363828125 0.0078423703125 0.7530258578125 0.017011190625 0.7539924859375 0.0195671453125 0.7527026015625 0.021604493750000002 0.7529457421875 0.02210530625 0.7544728328125 0.019284118750000002 0.7575492687500001 0.018245428124999997 0.7608703265625 0.01821725625 0.765715509375 0.0204679453125 0.7730974359375 0.021438432812499998 0.7815068187499999 0.023972146875 0.7840420796875 0.028806962499999998 0.7852889390625 0.033865496875 0.7918895171875 0.0346137484375 0.794690171875 0.0317688390625 0.8018467593749999 0.03226965 0.8033738500000001 0.0343010703125 0.8046370296875001 0.044746415625 0.80625 0.0561924125 0.80625 0.057996574999999995 0.8055190921875 0.066211215625 0.795271234375 0.0665120328125 0.7873644515625 0.0685745890625 0.7832724296875 0.08618917968749999 0.7780698703125 0.106819021875 0.780244784375 0.1108892765625 0.7814960937500001 0.1177421671875 0.78630121875 0.1228303546875 0.7878016046875 0.126653165625 0.7877793515625 0.1292135703125 0.7857244375000001 0.1345669890625 0.785438271875 0.14198741406249998 0.78029505625 0.154491578125 0.7774172531250001 0.15858258593750002 0.7750984296875 0.1634515046875 0.7704800671875001 0.162972934375 0.7651278328125001 0.16553333750000002 0.7630729203125 0.16918284374999998 0.7490266218749999 0.1703125 0.735919215625 0.1703125 0.7184513562499999 0.1698749234375 0.7176574718750001 0.160196396875 0.7166938109375 0.145398546875 0.719584965625 0.13977989375 0.72165768125 0.1321313015625 0.7222122078125001 0.12932049375000002 0.723503575 0.1262429671875 0.7268365046875 0.12642961875 0.7385654625 0.12278604374999999 0.7515917234374999 0.12176514375 0.7518526671875 0.1179675375 0.747539759375 0.110910203125 0.7340657890625 0.1115355625 0.714172071875 0.110523559375 0.7129029578124999 0.1000864015625 0.7109237109375 0.0957538796875 0.7109489296875 0.09039304687500001 0.7125101453125 0.0837831484375 0.7097436125 0.07307630781249999 0.7103159437500001 0.06795401875 0.7146807781250001 0.051083234374999995 0.7234490234375001 0.042104028125 0.7337013328124999 0.0387864765625 0.7344856500000001 0.0225054671875 0.7294804078125 0.0184441078125 0.7266990390625001 0.0177106828125 0.7213482890625 0.0215498046875 0.718520928125 0.022129199999999998 0.7065325093749999 0.0208682734375 0.704244840625 0.013993142187499998 0.7032648609375001 0.007872193750000001 0.7040654953125 0 0.7067318171875 0 0.7534363828125
4 1 0.662544634375 0.9969120359375001 0.6621219937499999 0.9655453609375 0.6554334953125001 0.9570055671875 0.6511175625 0.927311834375 0.6425276921874999 0.9227630062500001 0.6381064328124999 0.8966072515625001 0.63583264375 0.8590794390625 0.6301481750000001 0.8562634250000001 0.6296875 0.84720619375 0.6296875 0.8458859484375001 0.6309617046875 0.8357495578125 0.647427346875 0.828210996875 0.6562745484375 0.8151004078125 0.6933017484375 0.7964178484375 0.7083747734375001 0.7875682171875 0.7208264062499999 0.7757686984375 0.7283628984374999 0.776974725 0.74230208125 0.7583167390625001 0.8175282203125 0.744577671875 0.8478391203125 0.74559538125 0.866831121875 0.711502153125 0.9236163703125001 0.710236875 0.9255918390625 0.7126766828125 0.94508394375 0.7193856453125 0.9484375 0.7208211234374999 0.9484375 0.72310898125 0.9477754078124999 0.7248888390625 0.9484375 0.727786565625 0.9484375 0.7293347046875001 0.9474389734375 0.731914934375 0.9484375 0.7319734171875 0.9484375 0.736485875 0.946850221875 0.7376405796875 0.9484375 0.7384004265625 0.9484375 0.742375078125 0.9465978937500001 0.744298828125 0.9484375 0.74433216875 0.9484375 0.7479277515625 0.9466820015625 0.751000725 0.9484375 0.7517455 0.9484375 0.753732821875 0.9465978937500001 0.7554154453124999 0.94769130625 0.7584441765625 0.9471866484374999 0.7598744125 0.9458409171875001 0.7626507484375 0.9478595171875 0.7658477421875001 0.9455044843749999 0.768371684375 0.9477754078124999 0.7717369453125 0.945756809375 0.7740084921875 0.9476071921875 0.777205484375 0.9455044843749999 0.7792246437499999 0.9466820015625 0.7820851156249999 0.9467661078125001 0.7832629484375 0.9453362656250001 0.784440796875 0.9472707625 0.7862075531249999 0.9472707625 0.789236278125 0.94508394375 0.7904167328125 0.94680436875 0.7919768734374999 0.9472202921874999 0.794681115625 0.9450886875 0.7949931453125 0.9439968859375 0.79634526875 0.9464404359374999 0.7981134265625001 0.9466484015625 0.800817678125 0.9447247531249999 0.8012337109375001 0.9439448968749999 0.8023778140625 0.9460245125 0.80398995625 0.9462324750000001 0.8069022203125 0.9439968859375 0.8087743859375 0.9459725234375 0.8104905406249999 0.9459725234375 0.813038778125 0.9435289734375001 0.8144949015625 0.945348640625 0.8166270984375 0.945140675 0.8190193171875 0.9429570796875 0.8203955328125 0.9445211015625 0.8216187218750001 0.9453143046874999 0.8253544125 0.944752453125 0.8256850046875 0.9436287515625 0.8267759578125 0.9444550046875001 0.82839585625 0.9444550046875001 0.8295529296874999 0.9435956984375 0.8308091781249999 0.9431990984375 0.8311067093750001 0.9422736953124999 0.8318670718749999 0.942835546875 0.8331233203125 0.9426041968749999 0.83229684375 0.9442897531250001 0.8350950328125 0.9444314671875 0.8367171109375 0.9419857281249999 0.8388178359375 0.9440592921875 0.8403335500000001 0.94374028125 0.841689709375 0.942038896875 0.84363708125 0.9435517796875 0.846441815625 0.9443066953125001 0.8480958921875 0.9427609203125 0.8493903875000001 0.9436955749999999 0.8515838359375 0.9425452296875001 0.8582752171875001 0.9409495218749999 0.866380903125 0.9306360296874999 0.8643765906249999 0.9248983984375 0.8693356859375001 0.9045067296875 0.8796708171875001 0.8863258625 0.8807760421874999 0.8799988421875 0.8802832078125 0.8752359515624999 0.8868544875 0.8676810374999999 0.8952329031249999 0.8662028968750001 0.9003256656249998 0.8561844203125 0.9065683984374999 0.8445235593749999 0.9131396921875 0.8458374609374999 0.9157682234374999 0.8461659328125 0.9264465828125001 0.8359832171875 0.9326405937499999 0.83549055 0.9348949953125001 0.8417689421875 0.9384376249999999 0.8427348515624999 0.9419802562499999 0.838227284375 0.9452008328125 0.832914803125 0.9561507765624999 0.8284072421875 0.9666176328125001 0.837905315625 0.9711264374999999 0.8467594593750001 0.9708043843749999 0.8552916343749999 0.971448490625 0.8580283718749999 0.9794560156250001 0.8453143640625 1 0.8076872359374999 1 0.662544634375
10 0.4890625 0.3890625 0.4890625 0.5757003171875 0.50553816875 0.578125 0.5179160328125 0.578125 0.5330714828125 0.5764122374999999 0.5512524140624999 0.512555746875 0.5525907953125 0.5085417171875 0.6415929234375 0.48378854374999997 0.6456284265625 0.4863677609375 0.6465981171874999 0.48976074531249997 0.6794464203125 0.493153734375 0.7109613875 0.4915784171875 0.7286582671875 0.4978796843750001 0.7339547390625001 0.50506865625 0.7389162406249999 0.5141953078125 0.7410000671875 0.512112053125 0.7443738890625 0.507251115625 0.74655695 0.502092575 0.7472960546875 0.49274783125 0.7481015296875 0.48803132343750005 0.75143851875 0.483084740625 0.75224399375 0.48020881875 0.7487919421875 0.47537727499999993 0.7683742046875001 0.4497016546875 0.7900651640625 0.41280497499999996 0.7982556421875 0.3978880046875 0.7968956 0.3919961171875 0.7910021078125 0.3926759515625 0.7891948765625 0.3890625 0.4890625 0.3890625
4 0.7888627484375 0.3890625 0.7891809453125 0.3919254890625 0.7958221859375 0.39166340625 0.79748249375 0.3954199171875 0.79696825625 0.39734647500000003 0.7598898734375 0.4616243 0.759495428125 0.4671450984375 0.7577203953125 0.46951116718749997 0.75318589375 0.469725196875 0.7536653171875 0.47470985312499997 0.7497340328125001 0.4770104671875 0.7518435 0.4798862328125 0.7476245515625 0.48793837812500007 0.74977916875 0.4904871359375 0.7572216 0.4835117875 0.7697806734375 0.4823492328125 0.8480382671875001 0.4761278546875 0.9379660359375 0.4677700625 0.9355991328125001 0.48478458281250003 0.934922871875 0.49985538281249997 0.9395439750000001 0.5192361546875001 0.9404456531250001 0.52599689375 0.943037975 0.5298279734375 0.9390931312500002 0.536137990625 0.938982571875 0.5453125 0.9391856890625 0.5453125 0.9423617234375001 0.542560696875 0.9454048875 0.5447015937499999 0.9484480515625 0.542448015625 0.9512658 0.54436355625 0.95464709375 0.5412085453125 0.9574648421875 0.5432367625 0.9605080062500001 0.5401944328124999 0.9632130406249999 0.5421099765624999 0.9656926578124999 0.538729609375 0.9704264734375 0.5408705171875 0.9720044125000001 0.53850425 0.9717789953124999 0.53050405 0.9696375093749999 0.511475396875 0.9663689187500001 0.4925453421875 0.9606207203124999 0.479812621875 0.9556614859374999 0.47305188749999993 0.9529564421875001 0.46606579375 0.9833970437499999 0.462662759375 0.9824991781249999 0.46086751406250004 0.9818149843749999 0.4574475109375 0.9851381921875 0.4579360828125 0.9848449671874999 0.454613790625 0.9889501046875001 0.4541252171875 0.988754615625 0.45109606874999997 0.9921755671875001 0.4514869265625 0.99158911875 0.44836006875 0.99375 0.4479995625 0.99375 0.4462868015625 0.9843810828125001 0.43361440937499995 0.95616464375 0.43303871562499996 0.951327515625 0.427166703125 0.9454819156250001 0.41844567499999996 0.921256484375 0.40296155 0.9102690140625 0.39766783281249996 0.9002292296875 0.3890625 0.7888627484375 0.3890625
0 1 0.6393268078125001 0.99750799375 0.6380567265625 0.9967953218750001 0.63663178125 0.9960568750000001 0.6331892171875 0.8816662296875 0.5224610249999999 0.8818501984375 0.5202540859375 0.8777110484375001 0.51657585625 0.8750866046875 0.5176271078125 0.79931509375 0.59731498125 0.7991108859375 0.5998707062499999 0.8192875515625 0.62095044375 0.8422980453125 0.6407288671875 0.8458555109375 0.6307145343749999 0.8491820875 0.6291056890625001 0.9232582562499999 0.638657821875 0.9273242578125 0.6426488046875 0.94085295625 0.6470832234375 0.9611617796874998 0.6521281125 0.962230796875 0.6549780109375 0.9671304015625001 0.6560467265625001 0.9697138359374999 0.6552451890625 0.9733662734374999 0.6571154421875001 0.976929625 0.6557795468750001 0.9802257296875 0.658362265625 0.9831654984375 0.6566701453125 0.9861943421875001 0.6594309812500001 0.9910048765624999 0.6585403828125 0.992741184375 0.6609375 0.9931438187499999 0.6609375 0.9951918187499998 0.6595200359375 0.9967671953125 0.6609375 0.9970722859375 0.6609375 1 0.6554369265625001 1 0.6393268078125001
10 0.9383627796875 0.8427523671875001 0.9340338812500001 0.8417687953125 0.9319678109375001 0.8353755859374999 0.9250809296875001 0.8361624421875 0.9152425203125001 0.8464899328125 0.9062895687499999 0.84471950625 0.8938823796875 0.8668835390625 0.8867051890625 0.8669069140625 0.8799310390624999 0.875405475 0.8793997265625 0.8872237921874999 0.8683751296875 0.9052832515624999 0.863859021875 0.9258491171875001 0.8658514140625 0.9312935109375001 0.8594757453125 0.93726906875 0.8610696671875001 0.9415183484374999 0.8610696671875001 0.9530710953125 0.8631948796875001 0.9593122187500001 0.8645231531249999 0.9581171171874999 0.8649180265625 0.9576895453125001 0.8772560546874999 0.9498108296875 0.87749855 0.9456896499999999 0.8901079625000001 0.9498108296875 0.9136293562500001 0.9456896499999999 0.9463653390625 0.9352655046875 0.9487902390624999 0.9296898078125 0.9521850828125 0.9238716609375001 0.968431815625 0.9052051656250001 0.9701292484374999 0.90084155625 0.966734384375 0.8899325625 0.9710992328125 0.8732054265624999 0.971875 0.8679980468749999 0.971875 0.860199171875 0.9698867937500001 0.8567207312499999 0.9707311359374999 0.8468587734374999 0.9671893078124999 0.8401950796875 0.9558751421875 0.82849059375 0.9445609749999999 0.83301501875 0.9383627796875 0.8427523671875001
4 0.4890625 0.9291242343749999 0.5313845875000001 0.9418454046875 0.6038356578124999 0.9531555421875 0.6974401953125 0.9747595234374999 0.70813641875 0.9728477187500001 0.7257087578125001 0.9690241109375 0.7474831749999999 0.9678770453125001 0.7692576203125 0.9678770453125001 0.7910320375 0.9674946609374999 0.8059303359375001 0.9644357921874999 0.8112784468750001 0.9621416328125001 0.8139524874999999 0.959082734375 0.8112784468750001 0.9575532843750001 0.8047843015625 0.9575532843750001 0.7986721875 0.9575532843750001 0.7872119625 0.9556414796875 0.7780437765625 0.9537296749999999 0.7761337375 0.9510531609375 0.7708518859375 0.9477582921875001 0.7450030546875 0.9482973000000001 0.720769790625 0.9504533687500001 0.7132305859375 0.9466802375000001 0.7116150187500001 0.9358999359375 0.7105380015625 0.9218855515625 0.7223853578125 0.9078711671875 0.7385408671875 0.87930335 0.7299245625 0.8776863296874999 0.7046142812499999 0.8733741921875 0.683073603125 0.8890056390625001 0.67391883125 0.8685230484375002 0.6529166609375 0.8523525953124998 0.613066396875 0.83133101875 0.553291021875 0.81677760625 0.4890625 0.8001436999999999 0.4890625 0.9291242343749999
3 0.4890625 0.8015808734375 0.48985541093749996 0.8017490671874998 0.50081623125 0.8029151125 0.537663246875 0.8157416046874999 0.6094916046875001 0.833931903125 0.6719916046875001 0.8628498140625 0.6801539171875 0.8658815296875 0.6890158578125 0.86658115625 0.69158115625 0.8656483203124999 0.6953125 0.8607509328125001 0.7058069031249999 0.833931903125 0.71746735 0.8106110078125 0.7391557828125 0.755806903125 0.7498833953125 0.7238572765625 0.7536147390625001 0.7061333953125001 0.7536147390625001 0.6975046640625 0.752215484375 0.691208021875 0.74871735 0.6849113812500001 0.7398554109375001 0.6779151125 0.7277285453125 0.670452425 0.71956623125 0.669053171875 0.70720615625 0.669053171875 0.6960121265625 0.670452425 0.6845848875 0.670452425 0.6813199625 0.6674207093750001 0.6801539171875 0.6646222015625 0.6794542906250001 0.6564598875 0.674090484375 0.630340484375 0.6652285453125 0.6177472015625 0.6528684703125001 0.6051539171875 0.6337453359375 0.57880130625 0.626049440625 0.5704057828125 0.6253498140625 0.568306903125 0.624416978125 0.56317630625 0.6267490671875 0.5568796640625 0.6302472015625 0.5496501859375 0.63817630625 0.5372901125 0.6407416046875001 0.5305270515625 0.6437733203125 0.5179337687500001 0.64633861875 0.4997434703125 0.6456389921875 0.49181436562499997 0.6435401125 0.4878498140625 0.6276819031249999 0.48738339531249997 0.6020289171875 0.49274720156249996 0.5843050375 0.4981110078125 0.5588852609374999 0.5093050375 0.5535214546875 0.5135027984375 0.5516557828125 0.516068096875 0.5465251859375 0.5274953359375 0.540461753125 0.5482509328124999 0.537196828125 0.5608442171875 0.5350979484375 0.5746035453125 0.5311333953124999 0.583931903125 0.529034515625 0.5993236937499999 0.52553638125 0.6142490671875 0.5211054109375001 0.623577425 0.51970615625 0.632672575 0.5157416046875001 0.6394356343750001 0.5141091421875 0.6485307828125 0.5103777984375 0.6564598875 0.5085121265625 0.6669542906249999 0.505946828125 0.6706856343750001 0.5033815296874999 0.6814132468749999 0.50081623125 0.6849113812500001 0.49755130625 0.694939365625 0.49451958906250004 0.6996035453125 0.4921875 0.7077658578125 0.4893889921875 0.7119636187499999 0.4890625 0.712881878125 0.4890625 0.8015808734375