1 0.1179242046875 0 0.1171502984375 0.058816965624999995 0.1295510921875 0.087338790625 0.14939236250000001 0.1468626 0.1692336296875 0.2076264890625 0.1940352171875 0.2733506953125 0.21263640781249998 0.3378348203125 0.2312376 0.40107886875 0.25355902812500003 0.4023189484375 0.30068204375 0.40727926718749996 0.3428447421875 0.4159598203125 0.3709697421875 0.425 0.3784665859375 0.425 0.3949280765625 0.38619791718749996 0.3775669640625 0.3589161703125 0.35896577500000004 0.3341145828125 0.36144593281250004 0.3018725203125 0.380047121875 0.2758308546875 0.3984375 0.27238265781250004 0.3984375 0.2674677609375 0.3936879953125 0.2522693453125 0.38252728281250004 0.22374752031249998 0.3874876 0.2039062515625 0.38252728281250004 0.1741443453125 0.3738467265625 0.1233010921875 0.3564856140625 0.0389756953125 0.3494572109375 0 0.1179242046875 0
12 0.3507619609375 0 0.3523561515625 0.014347718749999998 0.3647569453125 0.0837921640625 0.3820738015625 0.146875 0.382158359375 0.146875 0.3833581359375 0.14207589375000002 0.4019593265625 0.1160342265625 0.445362103125 0.07511160781250001 0.47884424687499993 0.041629465625 0.5123263890625 0.0093874015625 0.524842925 0 0.3507619609375 0
4 0.55 0.031486745312499995 0.5439360125 0.038653275 0.5191344250000001 0.0436135921875 0.4943328375 0.041133434375 0.480691965625 0.036173115625 0.45341021875000004 0.0721354171875 0.42984871093750004 0.094456846875 0.4087673625 0.114298115625 0.3926463296875 0.1304191484375 0.3828125 0.1439406640625 0.3828125 0.144459321875 0.38840268125 0.170174159375 0.4199280765625 0.1713417671875 0.44968998125 0.1775421640625 0.48565228281249995 0.1713417671875 0.5265749015625001 0.173821925 0.55 0.178137075 0.55 0.031486745312499995
11 0.55 0.1825359328125 0.51436011875 0.17590525625 0.47095734062499994 0.1746651765625 0.45235614999999996 0.182105653125 0.433754959375 0.1969866078125 0.40895337343750005 0.1883060515625 0.392235265625 0.193082653125 0.38167162656250003 0.22054811562499999 0.3878720234375 0.2515501 0.3977926578125 0.2726314484375 0.380431546875 0.27387152812500004 0.3630704359375 0.2961929546875 0.35811011875 0.32471478125000003 0.3717509921875 0.3532366078125 0.3915922609375 0.3780381953125 0.3915922609375 0.392919146875 0.417633928125 0.4226810515625 0.4411954359375 0.446242559375 0.4746775796875 0.46856398906249996 0.48955853125 0.49212549531249994 0.5118799593750001 0.49956597187499996 0.5222966312499999 0.5 0.5424095328125 0.5 0.55 0.49203000937499997 0.55 0.1825359328125
4 0.706072615625 0 0.6997643859375 0.0111607140625 0.738206846875 0.034722221875 0.7568080359375 0.049603173437499995 0.7803695453125 0.059523809375 0.798970734375 0.075644840625 0.8832961312500001 0.1364087296875 0.8844091015625001 0.1453125 0.8849213859375 0.1453125 0.9155381953124999 0.0644841265625 0.9304191484375 0.0210813484375 0.9387407328125 0 0.706072615625 0
4 1 0 0.9375414359375001 0 0.9216641859375001 0.0500744046875 0.9055431546874999 0.09967757968749999 0.88818204375 0.1492807546875 0.9055431546874999 0.1468005953125 0.91670386875 0.1567212296875 0.9340649796875 0.1592013890625 0.9625868046875 0.1678819453125 0.9985491062499999 0.1765625 0.9995907734374999 0.1796875 0.9999053296875001 0.1796875 1 0.1792023140625 1 0
4 1 0.2090337296875 0.98407738125 0.2134920625 0.93447420625 0.2246527765625 0.8737103171874999 0.23333333281250002 0.8315476187499999 0.25069444375 0.7695436499999999 0.2680555546875 0.7224206343749999 0.2643353171875 0.7112599203125 0.2680555546875 0.7174603171875 0.3089781734375 0.7273809515625 0.35362103125 0.7397817453125001 0.40570436406250004 0.7583829359375001 0.4714285703125 0.766356359375 0.5 1 0.5 1 0.453442909375 0.9729166671874999 0.45282737968750003 0.93447420625 0.46770833281249996 0.903472221875 0.4763888875 0.899751984375 0.4553075390625 0.899751984375 0.39454365 0.9047123015625 0.32881944375 0.9121527781250001 0.29285714218750003 0.9481150796875 0.29161706249999997 1 0.29070680000000004 1 0.2090337296875
4 1 0.28710317500000004 0.964992559375 0.28710317500000004 0.943911209375 0.2957837296875 0.9042286703125001 0.28958333281250004 0.9017485109375001 0.35282738125 0.899268353125 0.4011904765625 0.9042286703125001 0.45575396875 0.9031087828125 0.4703125 0.908244271875 0.4703125 0.9488715265625001 0.45823412656249995 0.9947544640625001 0.453273809375 1 0.45315977656250006 1 0.28710317500000004
4 0.7722966265625001 0.2624255953125 0.7699156734375 0.2671875 0.7705109109375 0.2671875 0.8305803562499999 0.2500248015625 0.87646329375 0.232663690625 0.9186259921875 0.223983134375 0.95458829375 0.216542659375 0.96875 0.1929398140625 0.96875 0.1910218265625 0.949627975 0.1718998015625 0.9198660703125 0.158258928125 0.9062251984374999 0.1495783734375 0.8662946375 0.1484375 0.8625248015625001 0.1484375 0.8330605156249999 0.158258928125 0.8181795624999999 0.1557787703125 0.804538690625 0.1743799609375 0.7884176578125001 0.1756200390625 0.7822172609375 0.2103422625 0.7722966265625001 0.2624255953125
9 0.8054067453125 0.1765625 0.8175595234374999 0.155902778125 0.8324404765625001 0.159623015625 0.853521825 0.14970238125 0.8783234125 0.1509424609375 0.8832837296875 0.1509424609375 0.8875 0.137239584375 0.8875 0.1343076796875 0.8361607140625 0.0988591265625 0.7828373015625 0.060416667187499995 0.7704365078125 0.0517361109375 0.78407738125 0.1323412703125 0.792675953125 0.1765625 0.8054067453125 0.1765625
9 0.765786209375 0.18955853125 0.7719866062499999 0.22304067500000002 0.7749255953125 0.225 0.77586960625 0.225 0.7819072421875 0.2056795625 0.7856274796875 0.1808779765625 0.7794270843750001 0.1163938484375 0.757105653125 0.123834325 0.7583457328125001 0.1411954359375 0.765786209375 0.18955853125
9 0.7631696421875 0.18427579375 0.7619295640624999 0.181795634375 0.7619295640624999 0.18055555625 0.7532490078125 0.12847222187500001 0.7780505953125 0.11483134843750001 0.764409721875 0.0540674609375 0.714806546875 0.0193452375 0.6999255953125 0.07638888906249999 0.694965278125 0.10987103125 0.701165675 0.1483134921875 0.7247271828125 0.1644345234375 0.7606894843750001 0.18303571406250002 0.7631696421875 0.18427579375
5 0 0.9793269234374999 0.00087890625 0.98203125 0.0025065109375 0.9787760421874999 0.0592122359375 0.9875 0.06556640625 0.9875 0.05947265625 0.972265625 0.10992838593750001 0.9445963546874999 0.1262044265625 0.98203125 0.2015625 0.9724110703125 0.2015625 0.9701768656249999 0.1929361984375 0.9543619796874999 0.15712890625 0.9706380218749999 0.1441080734375 0.9625 0.1782877609375 0.9185546875 0.1831705734375 0.887630209375 0.16689453125 0.8957682296874999 0.13271484375 0.877864584375 0.11969401093750001 0.8599609375 0.10016276093750001 0.8664713546874999 0.04970703125 0.8453125 0.03505859375 0.855078125 0.0431966140625 0.90390625 0.0041341140625 0.9201822921874999 0 0.9196310765625 0 0.9793269234374999
5 0.20286458437500002 0.668587240625 0.1817057296875 0.66533203125 0.10520833437499999 0.7987955734375 0.11739004687500001 0.8125 0.1187011734375 0.8125 0.11985677187499999 0.8101888031250001 0.1475260421875 0.78251953125 0.1572916671875 0.76787109375 0.1670572921875 0.75322265625 0.199609375 0.7060221359375 0.20286458437500002 0.668587240625
9 0.18642578125 0.743359375 0.1636393234375 0.7677734375 0.14248046875 0.77265625 0.1489908859375 0.7856770843750001 0.11806640625 0.8133463546874999 0.0757486984375 0.7938151046874999 0.057845051562500006 0.8052083343750001 0.0366861984375 0.8166015625 0.03994140625 0.8166015625 0.0513346359375 0.8442708343750001 0.07412109375 0.85078125 0.09853515625 0.8670572921874999 0.12783203125 0.85078125 0.1636393234375 0.8670572921874999 0.1847981765625 0.8833333343750001 0.18642578125 0.9110026046874999 0.14736328125 0.9598307296874999 0.1519140625 0.975 0.1540907140625 0.975 0.1929361984375 0.9516927093749998 0.1945638015625 0.9728515625 0.24176432343749998 0.9695963546874999 0.24990234375 0.9419270843749998 0.22548828125 0.9500651046874999 0.21897786406250003 0.92890625 0.24501953125 0.9240234375 0.23525390625 0.8930989593750001 0.2515299484375 0.899609375 0.2661783859375 0.8817057296874999 0.25478515625 0.85078125 0.25966796875 0.8572916671874999 0.3 0.8324719546875 0.3 0.8243001328125 0.2922200515625 0.7970703125 0.2612955734375 0.7710286468750001 0.25478515625 0.7580078125 0.2531575515625 0.7352213546874999 0.21735026093749998 0.7319661468750001 0.18642578125 0.743359375
4 0.258561196875 0.8991861968749999 0.24554036406250002 0.9105794265625 0.24065755156250002 0.9284830718750001 0.21461588437499998 0.9301106765625 0.22112630156250002 0.9431315093750001 0.25205078125 0.9431315093750001 0.244017390625 0.965625 0.248209634375 0.965625 0.31552734375 0.96103515625 0.3187825515625 0.9528971343750001 0.341569009375 0.91708984375 0.384375 0.8837962953125 0.384375 0.8815429703125 0.34482421875 0.83408203125 0.3043190703125 0.7984375 0.30401785625 0.7984375 0.29599609375 0.80966796875 0.3090169265625 0.8422200515625 0.2748372390625 0.86337890625 0.2553059890625 0.8519856765625 0.2650716140625 0.8796549468749999 0.258561196875 0.8991861968749999
3 0.55 0.9734263296875 0.587109375 0.971728515625 0.618359375 0.953662109375 0.622265625 0.947314453125 0.628125 0.927783203125 0.63349609375 0.920947265625 0.6583984375 0.871142578125 0.67939453125 0.844287109375 0.6875 0.8222222218749999 0.6875 0.8133886718750001 0.6857421875 0.795458984375 0.676953125 0.776416015625 0.6310546875 0.753955078125 0.62763671875 0.749560546875 0.6203125 0.697314453125 0.61787109375 0.690966796875 0.55 0.6898779562499999 0.55 0.9734263296875
14 0.6560546875 0.65126953125 0.616015625 0.6537109375 0.61259765625 0.6556640625 0.619921875 0.69375 0.62724609375 0.75234375 0.6873046875 0.7796875 0.696350740625 0.7875 0.7335693359375 0.7875 0.7453125 0.7870157453125 0.7453125 0.7766322546875 0.74296875 0.76357421875 0.72490234375 0.67177734375 0.7205078125 0.6576171875 0.713671875 0.6546875 0.69560546875 0.652734375 0.6560546875 0.65126953125
3 0.55 0.62022076875 0.55380859375 0.6318845875 0.5650390625 0.67924786875 0.56845703125 0.68120099375 0.61533203125 0.685595525 0.61728515625 0.67973615 0.6138671875 0.65678693125 0.61826171875 0.65483380625 0.69443359375 0.654345525 0.71982421875 0.65678693125 0.72470703125 0.66948224375 0.73154296875 0.70366193125 0.73544921875 0.7070799 0.75986328125 0.70952130625 0.765234375 0.71245099375 0.7583984375 0.71635724375 0.75205078125 0.72661115 0.753515625 0.74467755625 0.75888671875 0.7529783375 0.7728088671875 0.759375 0.7941924703125001 0.759375 0.8072265625 0.75444318125 0.8091796875 0.7510252125 0.80869140625 0.7461424 0.792578125 0.75346661875 0.7779296875 0.75444318125 0.77158203125 0.75249005625 0.76083984375 0.7393064625 0.7603515625 0.73002911875 0.76767578125 0.7100095875 0.7798828125 0.7002439625 0.7818359375 0.69389630625 0.79794921875 0.69389630625 0.80283203125 0.67973615 0.80869140625 0.6768064625 0.819921875 0.66655255625 0.82333984375 0.65581036875 0.827734375 0.65092755625 0.83125 0.63932599375 0.83125 0.62213849375 0.83017578125 0.61870099375 0.83017578125 0.60698224375 0.82578125 0.6006345875 0.8208984375 0.58549786875 0.81796875 0.58256818125 0.7994140625 0.57866193125 0.74619140625 0.57377911875 0.69248046875 0.5576658375 0.644140625 0.5557127125 0.60849609375 0.56010724375 0.56357421875 0.5713377125 0.55 0.5732768859374999 0.55 0.62022076875
3 0.819873046875 0.680908203125 0.818408203125 0.675048828125 0.814501953125 0.674072265625 0.799853515625 0.681396484375 0.795458984375 0.692138671875 0.795458984375 0.703369140625 0.793505859375 0.705810546875 0.789599609375 0.705810546875 0.784228515625 0.702392578125 0.778369140625 0.702392578125 0.762255859375 0.710693359375 0.731494140625 0.707763671875 0.731005859375 0.715576171875 0.734423828125 0.736572265625 0.745166015625 0.780029296875 0.742724609375 0.786376953125 0.702685546875 0.787841796875 0.696337890625 0.779541015625 0.678271484375 0.778076171875 0.677294921875 0.781982421875 0.684130859375 0.802001953125 0.683642578125 0.826416015625 0.677783203125 0.841064453125 0.663623046875 0.859130859375 0.645068359375 0.895751953125 0.6296875 0.9625625609374999 0.6296875 0.9639404296875 0.634326171875 0.969970703125 0.672900390625 0.980712890625 0.774462890625 0.987548828125 0.797900390625 0.991943359375 0.8197021484375 0.9984375 0.8213623046875 0.9984375 0.825244140625 0.995849609375 0.828173828125 0.987548828125 0.826220703125 0.973876953125 0.83125 0.9420247390625001 0.83125 0.9064615890625 0.815966796875 0.824951171875 0.813525390625 0.778076171875 0.809130859375 0.758056640625 0.812548828125 0.736572265625 0.820361328125 0.716064453125 0.819873046875 0.680908203125