3 0 0 0 0.06357559375 0.011639435937500001 0.06951505 0.01531040625 0.0868209734375 0.018275290625000003 0.0875 0.0589690328125 0.0875 0.06865371406250001 0.0537136375 0.0708371984375 0 0 0
3 0.066079534375 0 0.0660400109375 0.0231517328125 0.061812917187500004 0.0536694703125 0.0534951640625 0.08912865 0.0820915796875 0.10625 0.0912729359375 0.10625 0.131058390625 0.0341557953125 0.14375 0.0085144296875 0.14375 0 0.066079534375 0
12 0.31875 0 0.2282622828125 0 0.18715512031249998 0.1035645875 0.140625 0.22465917656249998 0.140625 0.2267351953125 0.1498515140625 0.237977465625 0.1578982203125 0.2453125 0.247799146875 0.2453125 0.253888621875 0.23831956875000002 0.27404895156250003 0.18867881250000001 0.3024771609375 0.1216604734375 0.31875 0.08635239375 0.31875 0
12 0.1496713203125 0 0.11320258750000001 0.0628400625 0.0901461578125 0.1059292390625 0.07070203750000001 0.10078474687500001 0.0227062421875 0.1871909625 0.0048374953125000005 0.2240292390625 0.0274998015625 0.246875 0.033228876562499995 0.246875 0.1046520828125 0.20070407031249998 0.144097840625 0.1143953375 0.19967038125 0 0.1496713203125 0
12 0 0.281337025 0.0037881828125 0.2828125 0.0234375 0.2828125 0.0234375 0.238879659375 0.0084715453125 0.22089783281250003 0.0234375 0.18419239999999998 0.0234375 0.182784021875 0 0.1699085953125 0 0.281337025
12 0.0171875 0.295804184375 0.0171875 0.2960675609375 0.054258348437500006 0.3170382953125 0.0812205140625 0.3296875 0.10840923437500001 0.3296875 0.11976594375 0.321287675 0.1261288265625 0.26769006093750003 0.1375 0.21464278750000002 0.1375 0.16006063125 0.129138171875 0.155617328125 0.10127373906249999 0.2117842328125 0.0317227 0.2517974890625 0.0183077859375 0.23981374843749997 0.0198747640625 0.2954830734375 0.0171875 0.295804184375
12 0.6638121671875 0.078402596875 0.6607437203125001 0.0852699203125 0.6568555625 0.08929428125 0.65506995625 0.09367469687499999 0.652979603125 0.09437598750000001 0.6490335078125 0.093377971875 0.6461752796875 0.0957300109375 0.638868190625 0.0989775390625 0.6357601015625 0.102408496875 0.6276912390625 0.1078354453125 0.5745274874999999 0.137877825 0.5656816 0.1441625125 0.562326703125 0.148936728125 0.5561806640625 0.16187836718749998 0.5515625 0.175422153125 0.5515625 0.2516591 0.5560748562500001 0.2663988625 0.5620108609375001 0.2807269578125 0.57004331875 0.29488243281250004 0.58307924375 0.31074261875000003 0.6024380687499999 0.32899263749999996 0.6257002984375 0.344539971875 0.642527053125 0.353125 0.7723201000000001 0.353125 0.7854787375 0.34752373125 0.7979873171875 0.34040828749999996 0.8182752609375001 0.3255084546875 0.8296868265625001 0.3142499484375 0.8477563453125001 0.2889493078125 0.8546672125000001 0.27409258593749997 0.8481217109374999 0.2524062453125 0.8477132890625001 0.239739709375 0.85192125625 0.2179616984375 0.8716513625000001 0.17744287812499998 0.8734375 0.1728796921875 0.8734375 0.10762544999999998 0.8696883468750001 0.09822847343749999 0.8595258937499999 0.0813379265625 0.8467550734374999 0.0657204984375 0.834563253125 0.0548179578125 0.8200251218750001 0.045166957812500005 0.8078942890625 0.039551131249999996 0.7952484937500001 0.0347714671875 0.7784128359375 0.030601378125000002 0.7685133093750001 0.0296875 0.7457504562499999 0.0296875 0.7377513828125 0.0302451984375 0.7155284156249999 0.03657299375 0.6917910453125 0.0480526359375 0.6744070671875 0.064565465625 0.667185359375 0.0752143953125 0.6638121671875 0.078402596875
12 0.5483519828125 0 0.5424650546875001 0.0237285125 0.506537540625 0.060641115625 0.4916510609375 0.12064421875 0.46471297343749995 0.1489811703125 0.467463553125 0.2015625 0.4839882937500001 0.2015625 0.5272927046875 0.1712728328125 0.60344668125 0.1323629234375 0.6472174140625 0.100031146875 0.6578125 0.0735710703125 0.6578125 0.048358215625 0.637397840625 0.036832053125 0.6211654203125001 0 0.5483519828125 0
12 0.8789229671874998 0.3890625 0.882194265625 0.3507519671875 0.8650488156249999 0.3012544765625 0.8444983374999999 0.28766077343749996 0.8143393453125001 0.3244724421875 0.7661616453125 0.3462117171875 0.7165773062499999 0.3566143125 0.669332128125 0.349013134375 0.647597253125 0.34315015781249997 0.6451247484375 0.3497134890625 0.6425040843750001 0.34356521406249996 0.623133071875 0.3890625 0.8789229671874998 0.3890625
12 1 0.0931299828125 0.9872054015625 0.0935649609375 0.944518078125 0.11396255625 0.9124385499999998 0.15170755 0.8852092812500001 0.15913446250000002 0.862075121875 0.183139525 0.8429302296875001 0.21462465625 0.8421875 0.2201321171875 0.8421875 0.25650375 0.8633150609375001 0.2897170546875 0.9276111218749999 0.3378071265625 1 0.3668367375 1 0.0931299828125
12 0.4969405328125 0.1785893984375 0.470108396875 0.1995410859375 0.459375 0.2234487421875 0.459375 0.23144796875 0.47257850625 0.294589946875 0.47971936875 0.3262091015625 0.5245448406250001 0.338681846875 0.5577452296875001 0.3625 0.5854804437500001 0.3625 0.58709608125 0.361794653125 0.5921724109375 0.3625 0.5999648984375 0.3625 0.605954125 0.353561709375 0.6222170953124999 0.354929371875 0.6296875 0.3479935375 0.6296875 0.3322379953125 0.6068817921875 0.3172653578125 0.5712256453125001 0.2785618921875 0.561206403125 0.23241871875000003 0.55908255625 0.1668555171875 0.561772065625 0.16529644999999998 0.5671825609375001 0.1648588359375 0.5712118703125 0.1421875 0.5680448609375001 0.1421875 0.555040421875 0.1685239875 0.5440777750000001 0.1573369046875 0.5428510640624999 0.16816836875000002 0.5252354703125001 0.16691010781249999 0.5213192515625 0.1793006375 0.4969405328125 0.1785893984375
6 0.31875 0.5423166078125 0.282617340625 0.54226380625 0.2705719578125 0.53771500625 0.2538246546875 0.536299375 0.25 0.5383504875 0.25 0.5705356953124999 0.258686553125 0.5715425015625 0.2639593421875 0.5753063296875001 0.278101803125 0.5764200515625 0.31875 0.5892641671875 0.31875 0.5423166078125
9 0.31875 0.5874650156250001 0.3130683984375 0.586990996875 0.30690623281249996 0.5872968609375 0.30403272187499997 0.5895576015625 0.2918552421875 0.5891453453125 0.2881867484375 0.5933942109375 0.2873056375 0.5995381078124999 0.28111805625 0.607131540625 0.2775455890625 0.6249315546875 0.27989240937500004 0.629898534375 0.295371253125 0.6286218859374999 0.3152655546875 0.6143326703125 0.31875 0.61306223125 0.31875 0.5874650156250001
0 0.159375 0.6453125 0.1760836421875 0.6453125 0.1814161828125 0.6359119453125001 0.1879267953125 0.6307702859375001 0.195091815625 0.6283988 0.2042331453125 0.63057094375 0.210855740625 0.6356713624999999 0.21793205468750002 0.6375960468749999 0.22321966249999997 0.6446898890625 0.2273496921875 0.645184809375 0.2347183 0.626687209375 0.241380153125 0.6204869734375 0.2587059234375 0.6241782468749999 0.2626716296875 0.629498628125 0.2781592453125 0.6313545749999999 0.27953349375 0.6180605 0.2859375 0.5986005390625 0.2859375 0.590390675 0.2802431453125 0.58369111875 0.2664817046875 0.5734284187500001 0.2491690171875 0.5659702624999999 0.24628785312499998 0.565625 0.22613853437500003 0.565625 0.21854571250000002 0.5671456906250001 0.2097432234375 0.5736277546874999 0.190185209375 0.5965864984375 0.1670134203125 0.6191121890625 0.159375 0.6294715765625 0.159375 0.6453125
11 0.31875 0.6624810828125 0.3092713109375 0.6569650031250001 0.2926422125 0.64318 0.2731401359375 0.638191596875 0.227599921875 0.636579109375 0.221716865625 0.6294361593750001 0.2068980015625 0.6234375 0.19145972656250002 0.6234375 0.1827495703125 0.63021151875 0.1773234890625 0.6419311703125 0.17728369375 0.6532116796875 0.18353674375 0.661473075 0.20026902500000002 0.66720939375 0.209252071875 0.68600338125 0.2091621546875 0.690291896875 0.216908446875 0.6992669015625 0.2279610984375 0.7037955734375 0.2768312671875 0.7154740625 0.2937301140625 0.7163935218749999 0.310539046875 0.7216014968750001 0.31875 0.722270896875 0.31875 0.6624810828125