1 0.100640325 0 0.063755184375 0.0280412515625 0.06775801406250001 0.23834042968750002 0.068042209375 0.303661603125 0.0685651890625 0.3478910671875 0.0700822203125 0.3639314640625 0.08053693125 0.3645579359375 0.10836889999999999 0.372075821875 0.10865745468750002 0.376672065625 0.11568489062500001 0.3782262046875 0.1191660359375 0.37470725625 0.178550340625 0.37147588593749997 0.18050648593750002 0.37051536406249996 0.17665378437499998 0.26795180625000004 0.171066053125 0.1430881453125 0.1684887296875 0.05854856093750001 0.165897525 0.006407899999999999 0.1636091765625 0.0043672234375 0.12572037656249999 0 0.100640325 0
15 0 0.3047744921875 0.10102900625 0.07212992812499999 0.1252819375 0.018677565625 0.1205872984375 0.013782853125 0.11072489999999999 0.0107298390625 0.100425103125 0.008126409375000001 0.090098734375 0.031140209375 0.0341485046875 0.1613021 0 0.240235096875 0 0.3047744921875
15 0.057796215625 0.2365184609375 0.063737953125 0.23668048281249998 0.07017053125 0.2370303140625 0.075962171875 0.23557285 0.08075396875 0.234375 0.080103675 0.22564350156250002 0.07908024375 0.20633028125 0.077777778125 0.19866071406250002 0.0748015875 0.2021329359375 0.0705853171875 0.2108134921875 0.06339285781250001 0.2306547625 0.057796215625 0.2365184609375
15 0.035923078125 0 0.043799603124999996 0.099483940625 0.04677579375 0.12304544843750001 0.048759920312499996 0.1294938625 0.05049603125 0.12775775 0.053472221875 0.1188291796875 0.0581845234375 0.1094045765625 0.0666170640625 0.0850990203125 0.06711309531250001 0.08088275 0.0612545609375 0 0.035923078125 0
15 0 0.359231009375 0.006978390625 0.3445074203125 0.0565989203125 0.23931475624999998 0.084408640625 0.1812770796875 0.1490351640625 0.049168575 0.16697214375 0.012245639062499999 0.166378853125 0.010247735937499999 0.1578847109375 0.0048984671875 0.15032842500000002 0.00220879375 0.1442187015625 0.0029225 0.138838884375 0.0139241484375 0.1067442546875 0.0786986703125 0.046186975000000005 0.20266808125 0 0.30672010156249996 0 0.359231009375
15 0 0.2748276390625 0.03717511875 0.271048971875 0.18226935625000001 0.25755146562500003 0.2716984453125 0.25033735468749996 0.2708249359375 0.24222449531249998 0.2677361609375 0.22178070781249998 0.21998312343749998 0.2269696421875 0 0.24812302343749998 0 0.2748276390625
15 0 0.3030921484375 0.1200093828125 0.3018305109375 0.227707840625 0.299597796875 0.2888900953125 0.2963558 0.28826252812500003 0.284806690625 0.2866744390625 0.2686751609375 0.2871646421875 0.2677643171875 0.21566294843749997 0.2713092375 0.009572196875 0.27903363125 0 0.279251775 0 0.3030921484375
2 0.7759765625 0.15888671875 0.79111328125 0.15498046875 0.7974609375 0.1466796875 0.80478515625 0.14130859375 0.80966796875 0.1212890625 0.80966796875 0.1037109375 0.80478515625 0.0939453125 0.7955078125 0.0822265625 0.78037109375 0.07099609375 0.75595703125 0.06123046875 0.73056640625 0.05927734375 0.71201171875 0.0626953125 0.6861328125 0.0744140625 0.6783203125 0.08125 0.6705078125 0.09296875 0.667578125 0.1037109375 0.66708984375 0.1173828125 0.671484375 0.13056640625 0.68662109375 0.14912109375 0.698828125 0.15791015625 0.72177734375 0.15498046875 0.7759765625 0.15888671875
12 0.69296875 0.35810546875 0.69931640625 0.35859375 0.69736328125 0.360546875 0.69150390625 0.36103515625 0.68955078125 0.3634765625 0.68955078125 0.3751953125 0.6958984375 0.38251953125 0.69931640625 0.40205078125 0.70615234375 0.40986328125 0.70908203125 0.42255859375 0.7134765625 0.43134765625 0.71640625 0.45869140625 0.72568359375 0.4640625 0.73154296875 0.4806640625 0.733984375 0.5177734375 0.733984375 0.536328125 0.73203125 0.5470703125 0.73642578125 0.5568359375 0.74033203125 0.55732421875 0.745703125 0.55634765625 0.7505859375 0.54755859375 0.75107421875 0.50947265625 0.759375 0.4728515625 0.76279296875 0.46552734375 0.77255859375 0.45625 0.77646484375 0.44599609375 0.78037109375 0.42451171875 0.7974609375 0.39716796875 0.804296875 0.37958984375 0.8033203125 0.3556640625 0.80576171875 0.3283203125 0.80185546875 0.278515625 0.80185546875 0.24580078125 0.808203125 0.19794921875 0.808203125 0.18623046875 0.804296875 0.17255859375 0.7974609375 0.165234375 0.79208984375 0.16279296875 0.74423828125 0.1583984375 0.72275390625 0.1583984375 0.706640625 0.1623046875 0.69833984375 0.169140625 0.6919921875 0.18037109375 0.69345703125 0.19453125 0.6890625 0.2189453125 0.69296875 0.24140625 0.694921875 0.28828125 0.687109375 0.329296875 0.687109375 0.33759765625 0.68955078125 0.35517578125 0.69296875 0.35810546875
18 1 0.103604953125 0.8106919156249999 0.10453857656250001 0.816603534375 0.512227315625 0.86448333125 0.600641740625 1 0.5801958328125 1 0.103604953125
0 0.6312227828125 0.6387090625 0.6299950953125 0.6239733249999999 0.6361335312499999 0.620289390625 0.661914959375 0.3832896109375 0.678070278125 0.3538181359375 0.6606872734375 0.3489062234375 0.6226289734375 0.3513621796875 0.5833429859375 0.3489062234375 0.5551061828125 0.33539846406249996 0.5440569984375 0.3710098296875 0.5317801281250001 0.4250408671875 0.5256416921875 0.4483724515625 0.49494951406250004 0.5097713578125 0.46916808593750003 0.5638023953125 0.43970359531250003 0.6178334343749999 0.44215896875 0.632569171875 0.4581189015625 0.654672778125 0.46776854375 0.659375 0.6125979390625 0.659375 0.6287674078125 0.65098884375 0.6312227828125 0.6387090625
7 0.5821152984375 0.1499737671875 0.5722938015625 0.1585696140625 0.55633386875 0.16839343906249998 0.5686107406249999 0.1708493953125 0.5821152984375 0.1819011984375 0.5759768625 0.19909289218749998 0.57720455 0.2126006515625 0.5759768625 0.2236524546875 0.5649276796875 0.2285643671875 0.5587892437499999 0.23470425781249998 0.5477400593749999 0.23716021406249999 0.5477400593749999 0.25312392968749997 0.5600169312500001 0.2641757328125 0.579659925 0.2715436015625 0.6152628499999999 0.2764555140625 0.653510715625 0.2850513609375 0.645955028125 0.2629477546875 0.6361335312499999 0.2506679734375 0.6299950953125 0.22733638906250003 0.6324504703125 0.20400480468749999 0.647182715625 0.1966369359375 0.6520934640625 0.1855851328125 0.65332115 0.1671654609375 0.645955028125 0.1487457890625 0.6128074765625 0.14137792031250002 0.5993029171875001 0.1364660078125 0.5821152984375 0.1499737671875
0 0.4869866515625 0 0.48021726875 0.014896171875 0.48021726875 0.024719996875 0.491266453125 0.0517355171875 0.49986026250000004 0.0701551890625 0.5231863171875 0.0873468828125 0.5477400593749999 0.1008546421875 0.6005306046875 0.1057665546875 0.6215832828125001 0.1008546421875 0.6226289734375 0.1008546421875 0.6780858796875 0 0.4869866515625 0
18 0.7083631578125 0 0.7061116953125001 0.06647125312499999 0.739259246875 0.060331364062500004 0.7748621734375 0.06892721093750001 0.799415915625 0.0836629484375 0.8141481609375001 0.1020826203125 0.970064421875 0.1008546421875 1 0.0497759625 1 0 0.7083631578125 0
11 0.1277462140625 1 0.13229166718750002 0.9979166671874999 0.1661458328125 0.9885416671874999 0.1786458328125 0.9791666671874999 0.1807291671875 0.9671875 0.20208333281250002 0.9119791671874999 0.2052083328125 0.8979166671875 0.215625 0.8796875 0.17916666718750002 0.8609375 0.1578125 0.8541666671874999 0.1520833328125 0.8463541671874999 0.1442708328125 0.84375 0.1385416671875 0.846875 0.09895833281250001 0.8848958328125001 0.052604167187499995 0.9375 0.0234375 0.9244791671874999 0 0.9163825750000001 0 1 0.1277462140625 1
9 0.12743055625 1 0.1286458328125 0.9994791671875 0.165625 0.9890625 0.175 0.9838541671875 0.178125 0.9791666671874999 0.1796875 0.96875 0.1895833328125 0.9395833328125001 0.2015625 0.9114583328125001 0.2052083328125 0.8942708328125001 0.215625 0.8791666671874999 0.17239583281249998 0.8572916671874999 0.15677083281249998 0.8541666671874999 0.15 0.8442708328125 0.1447916671875 0.8427083328125 0.1354166671875 0.8494791671874999 0.0979166671875 0.8859375 0.0515625 0.9375 0.0302083328125 0.975 0.025520832812499998 0.9796875 0 0.9867008593750001 0 1 0.12743055625 1
11 0 0.918236940625 0.0036458328125000003 0.9192708328125001 0.034375 0.9307291671875 0.0479166671875 0.9395833328125001 0.053125 0.9380208328125 0.1 0.8848958328125001 0.13229166718750002 0.8541666671874999 0.1364583328125 0.8463541671874999 0.1265625 0.8390625 0.09322916718749999 0.828125 0.07864583281250001 0.8197916671875 0.07291666718749999 0.8114583328125 0.0739583328125 0.8046875 0.0791666671875 0.7947916671875 0.0770833328125 0.7916666671875 0.0234375 0.78125 0.0161458328125 0.7822916671875 0.008854167187500001 0.7875 0 0.7788425921875 0 0.918236940625
3 0.5306640625 0.703125 0.527734375 0.7197265625 0.51552734375 0.74951171875 0.50576171875 0.7666015625 0.50380859375 0.775390625 0.50478515625 0.78857421875 0.508203125 0.794921875 0.5150390625 0.80029296875 0.55849609375 0.8115234375 0.59169921875 0.81787109375 0.6 0.82177734375 0.6107421875 0.83203125 0.6185546875 0.83349609375 0.62783203125 0.8212890625 0.6361328125 0.81689453125 0.65517578125 0.81396484375 0.6888671875 0.81640625 0.7474609375 0.79541015625 0.771875 0.78369140625 0.7865234375 0.77099609375 0.83095703125 0.75732421875 0.844140625 0.7509765625 0.879296875 0.72607421875 0.87685546875 0.72265625 0.85439453125 0.71142578125 0.84267578125 0.69970703125 0.82021484375 0.66357421875 0.8189116375 0.659375 0.5258011609375 0.659375 0.5306640625 0.68115234375 0.5306640625 0.703125
14 1 0.78369140625 0.9984375 0.77978515625 0.99208984375 0.75146484375 0.98330078125 0.70166015625 0.976953125 0.69091796875 0.96572265625 0.68798828125 0.91201171875 0.70849609375 0.8666015625 0.72998046875 0.8568359375 0.7373046875 0.84365234375 0.74267578125 0.82998046875 0.75146484375 0.78505859375 0.771484375 0.75380859375 0.79052734375 0.69130859375 0.8134765625 0.676171875 0.8125 0.66103515625 0.80615234375 0.65078125 0.8076171875 0.617578125 0.8212890625 0.6107421875 0.82177734375 0.60048828125 0.81494140625 0.59169921875 0.8125 0.55263671875 0.8056640625 0.5365234375 0.806640625 0.53310546875 0.80908203125 0.5296875 0.81591796875 0.52724609375 0.84033203125 0.52822265625 0.92333984375 0.52724609375 0.93115234375 0.521875 0.93994140625 0.52138671875 0.94970703125 0.52626953125 0.96435546875 0.5329528812500001 1 1 1 1 0.78369140625