4 0.4796875 0.1058407125 0.46421312812500004 0.09813742656249999 0.2941625765625 0.0299109515625 0.20624039375 0.0046875 0.206230515625 0.0046875 0.119074765625 0.1585492625 0.0097276125 0.361537790625 0.2914656203125 0.4984375 0.2935563140625 0.4984375 0.4796875 0.11160575156250001 0.4796875 0.1058407125
4 0.4796875 0.418503146875 0.44697299218750003 0.37967243281249996 0.2796638765625 0.1645950546875 0.24738912812499997 0.1837733328125 0.07383571875 0.298817640625 0.0720383609375 0.29950605 0.0910968875 0.3350171609375 0.127253478125 0.407850671875 0.158388834375 0.474550453125 0.180760590625 0.514805178125 0.21525457343749999 0.5748776375 0.23759691093750002 0.6247494296875 0.24134795312500001 0.6296875 0.316309640625 0.6296875 0.447910240625 0.5345093578125 0.4796875 0.5146919624999999 0.4796875 0.418503146875
4 0.4796875 0 0.1517978890625 0 0.090459209375 0.1188249921875 0.27987645156249996 0.2245868046875 0.39071984375 0.2621809171875 0.39536436406250003 0.24108166406249998 0.3970493640625 0.2112637453125 0.4319188484375 0.158444128125 0.4796875 0.07200099374999999 0.4796875 0
4 0 0 0 0.21922789531250003 0.0231178578125 0.24224501250000002 0.1352465125 0.27154905937499996 0.1980471046875 0.29410140625 0.2092940203125 0.3030908765625 0.20561217968749998 0.3101764984375 0.2133991703125 0.31987161406250003 0.227710453125 0.329357840625 0.2203308328125 0.3206674046875 0.2215829453125 0.3094830875 0.2311811234375 0.294754440625 0.24885812187499998 0.2622302140625 0.2709572 0.21712871093750002 0.28328829375 0.18526939375 0.29548362031250003 0.1741795171875 0.33415143281250004 0.09224600625 0.33095533125 0.08863512500000001 0.342688115625 0.06980149218750001 0.34375 0.05448180312499999 0.34375 0.0532408953125 0.343476221875 0.053950715625 0.3243278328125 0.0493615234375 0.3092350453125 0.054479293750000005 0.279461578125 0.0609341671875 0.2262598734375 0.0190596734375 0.185339425 0 0 0
17 0.4796875 0.6231677640625 0.580625075 0.6152719125 0.5887483921875 0.6012590890625 0.603524809375 0.5121469453125 0.6359375 0.164629425 0.6359375 0.16144649687499998 0.5902896359375001 0.0752284296875 0.5723675203124999 0.071303328125 0.512631203125 0.0751281734375 0.5082295671875 0.055454203125000004 0.4850603890625 0.046946923437499996 0.4796875 0.0472682453125 0.4796875 0.6231677640625
17 0.779714384375 0.6296875 0.789093028125 0.612726284375 0.8763943015625 0.360637253125 0.9328125 0.179253165625 0.9328125 0.1725553765625 0.9313523968750002 0.1582813 0.9006602906250001 0.1385139671875 0.9107470781250001 0.0930898734375 0.877268771875 0.0881266109375 0.8295997968750001 0.08613191406250001 0.7967267609375 0.0761860078125 0.7585790828125 0.07306668281249999 0.7018139640625 0.07479583281249999 0.6374707546875 0.0880824484375 0.6280241375 0.14755048906249998 0.6347292203125 0.16249357343749998 0.63412883125 0.1877664515625 0.6074490828125001 0.4602556640625 0.5938580703125 0.5609563953125 0.58476680625 0.5849704734375 0.5981530671875 0.6296875 0.779714384375 0.6296875
17 0.95808484375 0.6296875 0.969363103125 0.5788978265625 0.9206341124999999 0.5387953734375001 0.8897797031250001 0.474620675 0.8737659000000001 0.46210182499999997 0.8661204546875 0.44575123124999994 0.8548084796875 0.44026991249999997 0.8206519296874999 0.515096040625 0.80216920625 0.5757606375 0.784409390625 0.616242896875 0.7814239078125 0.6296875 0.95808484375 0.6296875
1 0.2058924921875 0.6296875 0.20483673906250002 0.634263571875 0.185239065625 0.762387778125 0.177745615625 0.7985898921875 0.1784808078125 0.805267603125 0.1920119078125 0.8177159109375 0.2049003953125 0.8228991109375 0.2106875015625 0.8164273546875 0.2188181265625 0.7988672203125 0.22598847812499998 0.7949614140625 0.23106399843749997 0.7967853140625 0.23490695 0.8026488515625001 0.2519869453125 0.8568534921875 0.25641441875000004 0.8627891562500001 0.265980940625 0.8663648265624999 0.267179028125 0.8701055656250001 0.2607620390625 0.9070393203125 0.25112654375 0.9190244062499999 0.23552422343749999 0.927279165625 0.2331516578125 0.934771053125 0.2446805078125 0.9523616671875 0.2703885109375 0.9782888265625 0.29013512656249996 0.9891087828125 0.3174665 1 0.338318453125 1 0.3391712734375 0.9993510046875 0.3601958234375 0.9755971953125 0.38609986093750004 0.9775958203125 0.39062535 0.9715672156250001 0.3978337703125 0.88802330625 0.45259695468750005 0.6313005140625 0.452988128125 0.6296875 0.2058924921875 0.6296875
5 0.7239870015625 0.6296875 0.713410078125 0.64932375 0.702181171875 0.6826542640625 0.69702418125 0.704842 0.6940064703125 0.733761215625 0.69554865625 0.751840546875 0.69899226875 0.762216209375 0.7091090953125001 0.768976853125 0.7518153109375 0.7819017625 0.762693646875 0.7828125 0.7772128281249999 0.7828125 0.7898774234375 0.7788332875 0.7967583234375001 0.7712711921875 0.8010305578124999 0.756420734375 0.8010803718750001 0.7459961578125001 0.8078125 0.72597494375 0.8078125 0.7139526593750001 0.8067804203125 0.7040095359375 0.7966032453125 0.6604844328125 0.790395209375 0.6457807171875001 0.7791038484375 0.6329089671875 0.7737741515625001 0.6296875 0.7239870015625 0.6296875
5 0.8056645 0.6296875 0.7997890703125 0.6391957984375 0.7988264328125 0.6480132281250001 0.8012793375000001 0.6582618984375 0.8097824140625001 0.6767367875 0.8245952656250001 0.6985040453125 0.8373467218750001 0.71205966875 0.8831871281249999 0.7507186640625 0.9029773546875 0.7631896890625 0.9222181984375 0.76714618125 0.9272776656249999 0.77524540625 0.9423978265624999 0.772216434375 0.9445609562499999 0.769016721875 0.9441933015625 0.757048496875 0.9465900734375001 0.7494083218750001 0.96915594375 0.6996493671875 0.9622427625000001 0.6793914265625001 0.9476656609375 0.6626215109375 0.929830884375 0.6508978562500001 0.8957273749999999 0.6355986828125 0.874811509375 0.6296875 0.8056645 0.6296875
13 0.821882071875 0.8069362921875 0.8122346374999999 0.8007325265624999 0.8032642750000001 0.7911385640625 0.6812477203125 0.7596032875 0.6718360328124999 0.7583968671875 0.6687600796875 0.75998943125 0.6644597812499999 0.7658954671875 0.6602654296875 0.7792657703125 0.6553399765625001 0.787575234375 0.6522163140625 0.8090301828124999 0.65328700625 0.817114828125 0.6596767671875 0.8283648484375 0.6823071953125 0.834245965625 0.7485285953125 0.8457147140625001 0.8168892703124999 0.86391494375 0.8253621734374998 0.8640076046875 0.83215676875 0.820174434375 0.821882071875 0.8069362921875
5 0.857506025 0.8596837953125 0.8684037671875 0.861080703125 0.8722865953125 0.8536310171875 0.8758319406249999 0.852595334375 0.88519170625 0.854788525 0.8924121984374999 0.8502502328125001 0.8876642531249999 0.8362303890625 0.8921743421875 0.8358150828124999 0.9004634171875001 0.829923628125 0.9006711 0.82597655 0.8964725343750001 0.8204712390625 0.9036909187500001 0.8064951421875 0.9093993937499999 0.802259746875 0.9114825359375001 0.791102384375 0.9028517640625001 0.7845322265625 0.8925791750000001 0.780731890625 0.884028390625 0.7821193859375 0.8751899359374999 0.77949630625 0.8661957203125 0.7798335375 0.8622609703125 0.788269990625 0.860099946875 0.8009075093749999 0.8660981984375 0.8101204953125001 0.8546012609375 0.8106336296875 0.8416722968749999 0.8194073156249999 0.8319532984375 0.8429971281249999 0.8337789453125 0.8462114203125001 0.8386545828124999 0.84832653125 0.8413411312499999 0.8541347390624999 0.8519273515625001 0.8614522656249999 0.857506025 0.8596837953125
5 0.8993770453125001 0.7652699640625 0.8902768812499999 0.7581429265625 0.8909020359375 0.7557394984375 0.8853493234375 0.7570145828125 0.8789336015625 0.746257946875 0.8723901859375001 0.7474060390625 0.87288764375 0.756907340625 0.8764350953125 0.7653094640625 0.8858229265625 0.776447078125 0.8940102671875 0.78196696875 0.9108003140625 0.785112596875 0.9222972500000001 0.7845994624999999 0.9264937078125 0.7806669656249999 0.92643968125 0.7722159296875 0.9237531328124999 0.7664077203125 0.9079537906249999 0.763389084375 0.905946421875 0.7636284875 0.9058166203125001 0.766095409375 0.8993770453125001 0.7652699640625
13 1 0.8902995234375 0.97281286875 0.8481384406250001 0.9590145765625 0.8165669828125001 0.9360901593750001 0.7783618703124999 0.9341087515625001 0.7781078859375 0.9194860484374999 0.7906381625 0.9116144437500001 0.79807326875 0.9082788875000001 0.8045996796875 0.904186271875 0.8065586375 0.8970976890625 0.8180678125 0.896864046875 0.8225082734375 0.900123828125 0.8268998234374999 0.8994207937500001 0.8307834062499999 0.8881855671875 0.8358005015625001 0.8880298046874999 0.838760809375 0.9420765093749999 0.967879959375 0.9568633999999999 0.9901406046875 0.96213055 0.9942927515625 0.994479975 0.9765840562499999 0.9972142312500001 0.96252988125 1 0.95662856875 1 0.8902995234375
3 0.5794841953125001 0.6296875 0.5727550828125001 0.649334128125 0.5658285796875 0.686196415625 0.5586466875 0.7468681640625 0.5533816453125 0.7521538234375 0.551584065625 0.7578839515625 0.5522653515625 0.77336936875 0.554638271875 0.7756603875 0.5776602078125 0.783578540625 0.58452146875 0.8048232499999999 0.6003509828125 0.8262241140625001 0.6239482609375 0.8421634140625001 0.638704978125 0.846041828125 0.6516879703125 0.8457191796875 0.6600289671875 0.83884095625 0.660783921875 0.8339706046875 0.656557290625 0.8195208718749999 0.6346277890625001 0.8003183671875 0.6367544281249999 0.7504230062499999 0.646888790625 0.7189390390625 0.6625520125 0.6961111765625 0.6681545390625 0.684411515625 0.6782089140625 0.6449698953125 0.6880746562500001 0.6296875 0.5794841953125001 0.6296875
13 1 0.6444109265625 0.9951092875 0.6423772296875 0.9920592953125 0.6434764078125 0.991825653125 0.6479168718749999 0.9812976734374999 0.667925996875 0.967879675 0.70494960625 0.9477624984374999 0.7460816203125 0.944870375 0.7536582968750001 0.943726015625 0.765929421875 0.9438880953125001 0.791282534375 0.9584932640625 0.816996871875 0.9703880296874999 0.8468341921875 0.9857741140625 0.8671847921874999 1 0.7791733734374999 1 0.6444109265625
5 0.8141122031249999 0.80296005 0.8268096328125001 0.8080646343750001 0.8368184062499999 0.7979232062499999 0.8488626140625 0.796486796875 0.8501648421875 0.7906931703125 0.8484689984375 0.7850119531249999 0.8616077515624999 0.781728996875 0.8724774265624999 0.774181484375 0.8751359093750001 0.77104526875 0.8754733937499999 0.7646312656250001 0.868715975 0.74141301875 0.8575565234375 0.7355121515625 0.84611150625 0.7350385171875 0.8370134515625001 0.7373492859375 0.8378203265625 0.7314921625 0.8322135859374999 0.7243162109375 0.82196695625 0.7200224890625 0.812007996875 0.7197393437499999 0.8052568984375 0.7248345140625 0.8020532499999999 0.738331809375 0.7951204296875 0.746880675 0.7963728421875 0.751511625 0.7949148546875 0.7602655609375 0.7982784765625001 0.762683571875 0.8028664453125 0.7607881093750001 0.8140518578125 0.766195590625 0.8144174078124999 0.7687260109375 0.8108720625 0.7697616953125 0.806989234375 0.77721138125 0.8051678015625001 0.7928727015625 0.8141122031249999 0.80296005