3 0 0.25 0.132655615625 0.25 0.151473140625 0.2181490015625 0.1553921015625 0.196544034375 0.154338453125 0.1663315328125 0.1557356046875 0.161734403125 0.1629278078125 0.1595546265625 0.185799175 0.1603686515625 0.1940499765625 0.15877045781250002 0.20362526406249998 0.15049151562500002 0.2185117203125 0.14564139843749999 0.2359375 0.1352786046875 0.2359375 0.1271023421875 0.21873466718749998 0.122261340625 0.20751945312500003 0.113289734375 0.20066580312500001 0.11029079687500001 0.184018871875 0.1093199390625 0.172326384375 0.1164357140625 0.15338058593749998 0.1090926359375 0.14365335625 0.09812842656250001 0.1412297625 0.096875 0.0252708671875 0.096875 0.0242396828125 0.0979221609375 0 0.1275129359375 0 0.25
3 0.3296875 0.25 0.6671875 0.25 0.6671875 0.237996246875 0.6544111375 0.2311812265625 0.6474628156250001 0.229968721875 0.626967234375 0.2321107859375 0.6160802999999999 0.23585125312500002 0.6052279546875 0.2432796015625 0.5730679578125001 0.237080046875 0.5354048578125 0.2185221265625 0.5017841203125 0.206074878125 0.41802026249999996 0.18205734843750002 0.3414754140625 0.1645089796875 0.3296875 0.159918596875 0.3296875 0.25
3 0.7069009234375001 0.25 0.7092280828125 0.236790459375 0.729174809375 0.179617203125 0.7210772359375 0.1569688453125 0.71593481875 0.1194790375 0.7100375671875 0.111399446875 0.647203896875 0.0979398375 0.5816793703125 0.08042680156250001 0.5426299359375 0.07305176249999999 0.47250953593750006 0.05263499218749999 0.446461896875 0.0487680171875 0.3930390921875 0.0453125 0.3828107265625 0.0453125 0.3767499109375 0.048259487499999996 0.3697644640625 0.081146065625 0.3609375 0.108015278125 0.3609375 0.18198341093749998 0.41437669687499995 0.19416970312499998 0.480888265625 0.2147773515625 0.525476571875 0.2312998765625 0.5505181328125 0.24570945625 0.5661621359375 0.25 0.7069009234375001 0.25
3 0.9620297578125001 0.25 0.9570196578125 0.23928955 0.951389590625 0.2150879765625 0.946148409375 0.20986559218749998 0.9364052453125 0.21088154218750002 0.9341423453125 0.2090014 0.926024896875 0.1814315875 0.9015524156249999 0.130728146875 0.888241428125 0.11793319843750001 0.8750381468749999 0.1091324953125 0.8705452250000001 0.108870428125 0.8697664156249999 0.152911159375 0.8646567624999999 0.1616816453125 0.8401775499999999 0.1699778796875 0.784786428125 0.19641088125 0.77488455 0.202935175 0.7660721796875001 0.213401721875 0.7512193625 0.2231881609375 0.7438978125 0.22057591250000003 0.725872790625 0.1765309609375 0.72326864375 0.175668878125 0.720697375 0.1783050109375 0.7115585140625 0.2062886484375 0.7113998 0.2117969875 0.7361568265625 0.247985528125 0.7420476203125 0.247673578125 0.750327146875 0.24023521250000002 0.75285646875 0.24060126249999997 0.750808984375 0.24670961875000003 0.7456336296875 0.25 0.9620297578125001 0.25
3 0.665954915625 0 0.7074917640624999 0.1170050421875 0.7170218421875 0.1604998609375 0.740353809375 0.2167636328125 0.7460439453125 0.22496221093750002 0.7548801359375 0.2244942828125 0.7594150015625 0.221754165625 0.7731783109375 0.20802547031250002 0.7839871640625 0.20095315625 0.821163996875 0.18498459375 0.857391915625 0.17256624062499998 0.8688832625 0.1634578078125 0.87228098125 0.1367781859375 0.8716857390625 0.10331009531249999 0.8640329546875 0 0.665954915625 0
1 0 1 0.2220595859375 1 0.2673995578125 0.9332600015625001 0.303125 0.8844190265625 0.303125 0.8492488859375001 0.2971948 0.8411404062500001 0.27389924374999997 0.794889934375 0.258113228125 0.7722559312499999 0.2159596015625 0.7682702906250001 0.17393409531249998 0.7520318968749999 0.15536106249999998 0.7416053765624999 0.08274567499999999 0.6900217671875 0.024229121875000002 0.6528734843749999 0.0214714484375 0.6515625 0 0.6515625 0 1
1 0 0.6644936296874999 0.0012471078125 0.6633337874999999 0.005737271875 0.655988971875 0.014994771874999998 0.6547972484375 0.10287309375 0.7099768734375 0.129822221875 0.7291333515625 0.1403735453125 0.73422835 0.1669402015625 0.7539565953125 0.1760299015625 0.7568099734375 0.1856698765625 0.75504648125 0.20488732656250003 0.741494921875 0.21168795937499998 0.7332256390625 0.21805924375000002 0.71800969375 0.216665896875 0.7112393781249999 0.20595254999999998 0.6956362109375 0.1872870734375 0.65840494375 0.15114871875 0.6359114953125 0.113386715625 0.60066825625 0.055318268749999996 0.5591037734375 0 0.522419971875 0 0.6644936296874999
1 0 0.5223073640625 0.042524751562500004 0.5504045468750001 0.0738431203125 0.5737797421874999 0.090974625 0.5816853953125 0.14784300156250002 0.6320000234375 0.18399698125 0.656999615625 0.1980999453125 0.67449170625 0.218956665625 0.67619608125 0.240855509375 0.6902548296875 0.24713711875 0.6916147046875001 0.2583908890625 0.6855415875 0.2785254625 0.664295246875 0.259280996875 0.5707857687500001 0.250693859375 0.565513925 0.22398080468749998 0.537783653125 0.2181343203125 0.5288171734375 0.15473841093750001 0.46865705 0.071461328125 0.37750966249999995 0.0261395234375 0.3371259703125 0.013560679687499999 0.3319000765625 0 0.3400103484375 0 0.5223073640625
17 0.5643574515625 1 0.6042671374999999 0.8278131078125 0.6296875 0.664442646875 0.6296875 0.6332053234374999 0.62675519375 0.629556125 0.5682378124999999 0.6140625 0.5484779015625 0.6140625 0.545337659375 0.6226116953125 0.5342350671875 0.6237893890625 0.5293700484375 0.6140625 0.4755102015625 0.6140625 0.42704224062499996 0.63460328125 0.4173926625 0.645086559375 0.3640625 0.987323671875 0.3640625 1 0.5643574515625 1
14 0.3296875 0.6910130265625 0.335922659375 0.69375 0.35386673750000003 0.69375 0.5211185234375 0.6165409484375 0.5381283890624999 0.620260465625 0.5436218609375001 0.6429062015625 0.5515625 0.6446425671875 0.5515625 0.6039065609375001 0.549644775 0.601334246875 0.535240546875 0.5953125 0.5279784578125 0.5953125 0.33321588750000003 0.6719527984375 0.3296875 0.6872375671875 0.3296875 0.6910130265625
17 0.6220207328124999 0.6727394999999999 0.5890625 0.85829811875 0.5890625 0.9078125 0.7726746906249999 0.9078125 0.89375 0.45368361562500004 0.89375 0.42387279062500005 0.828169034375 0.4077861171875 0.83499160625 0.36267915781250004 0.7966037859374999 0.35 0.7533067265625 0.35 0.74241769375 0.3836420640625 0.689183196875 0.3737837359375 0.660073253125 0.383543684375 0.606288471875 0.6477886703125 0.6209727921875 0.66175628125 0.6220207328124999 0.6727394999999999
17 1 0.68484000625 0.9456713156250001 0.6703125 0.8509120953124999 0.6703125 0.787976978125 0.9110797765624999 0.776862096875 1 0.9563789359375001 1 1 0.856836025 1 0.68484000625
14 1 0.6406219109375 0.95771766875 0.6627471515625001 0.9421875 0.6936509375 0.9421875 0.6942689125 0.94690286875 0.6953125 0.954911109375 0.6953125 0.9888252906249999 0.6626400046875001 1 0.6573162765625 1 0.6406219109375