12 0.609375 0.09579188281249999 0.6042971859375 0.0959962140625 0.5780647812499999 0.0924788125 0.5143332875 0.07719176718750001 0.483259571875 0.06680080625 0.43848118593749996 0.0457151515625 0.4164094203125 0.031190648437500003 0.41299624531249995 0.0277712234375 0.415041915625 0.024256340625 0.41162874218749995 0.020836915625 0.405699625 0.0194495515625 0.4016194609375 0.05431200781249999 0.4026578015625 0.08013866875 0.4004302234375 0.094094065625 0.40120618593749996 0.106505890625 0.42943981875 0.19448098125 0.4362488421875 0.2023141640625 0.4426309078125 0.2061786875 0.4584851921875 0.20739249062499998 0.609375 0.18237284375 0.609375 0.09579188281249999
12 0.1444133171875 0 0.14432298906250002 0.0051843406250000005 0.12995886406249998 0.117761096875 0.12438377187500001 0.1814766109375 0.1248219078125 0.213277959375 0.1274807921875 0.21875 0.132570871875 0.21875 0.13674077499999998 0.21257251875 0.15470136406249999 0.2067912671875 0.351811275 0.1978772265625 0.36622875781249997 0.19613406093750002 0.3727494171875 0.19204390625 0.38299509062500003 0.17347515468750002 0.3887397859375 0.1569731765625 0.39568489375000004 0.1285218265625 0.4015625 0.08920348125000001 0.4015625 0.010165265625 0.398338625 0 0.1444133171875 0
12 0 0 0 0.21086155624999997 0.08585821406250001 0.2028379703125 0.0938589859375 0.19921895 0.1014501203125 0.1906369359375 0.12487570625 0.15593320156249998 0.127991853125 0.14792645625 0.1327675078125 0.101620475 0.14221738281250002 0.043304376562500004 0.145828203125 0 0 0
4 0.609375 0.41875 0.6193900218749999 0.41875 0.6635771515625 0.38350330312500003 0.70692476875 0.38756868906249997 0.713127509375 0.383029146875 0.721875 0.367078884375 0.721875 0.36106191249999997 0.70139601875 0.363133046875 0.69840106875 0.3608277875 0.655285303125 0.2812655578125 0.650465384375 0.25912186406250004 0.6301025 0.282644171875 0.609375 0.2959095859375 0.609375 0.41875
16 0.724658728125 0.41875 0.7296780671875001 0.41527572968750004 0.735360996875 0.41364595781249996 0.737754709375 0.4106667578125 0.7421018609375001 0.40936179062500005 0.7480704171875 0.409729075 0.753125 0.40946111093750004 0.753125 0.405901278125 0.7518772828125 0.4030998296875 0.7480168375 0.3977562625 0.7454226078125 0.3950806 0.7438630828124999 0.3907480953125 0.740522184375 0.3888523328125 0.732103309375 0.3966659015625 0.72869806875 0.4003043609375 0.7220036125 0.4025933828125 0.7152550109375 0.40721007187499997 0.7101974296875 0.4105063359375 0.7067225734375 0.4171375125 0.7025079796875 0.41875 0.724658728125 0.41875
16 0.609375 0.22594584375 0.6293820828125 0.23482690625 0.6484892343750001 0.247417178125 0.6356975765625 0.23139727031250001 0.6304457046875 0.21888765625 0.619538846875 0.21119808281250002 0.6190395750000001 0.20287581562499998 0.6101465140625 0.1979710875 0.609375 0.19770722031250001 0.609375 0.22594584375
16 0.6562397921875001 0.18229397187500002 0.6543227421875 0.175350009375 0.641144103125 0.1759665734375 0.6316227765625 0.1682850671875 0.6140295640625 0.179968409375 0.6226807609375 0.19527093281250002 0.62806163125 0.2022350578125 0.6401766484375 0.2175577453125 0.6466211390625001 0.2085826203125 0.6572222125 0.19963169218750001 0.6562397921875001 0.18229397187500002
16 0.65983260625 0.176768646875 0.673687884375 0.1768493046875 0.6866730328124999 0.184550975 0.7090510953125 0.1756686046875 0.708889853125 0.1826004671875 0.7256290562500001 0.17784495312499998 0.733909975 0.1792797203125 0.739629453125 0.171686934375 0.7022685734375 0.1693896015625 0.687027765625 0.16930087968750002 0.6530178359375001 0.171876015625 0.65983260625 0.176768646875
16 0.882866871875 0.3583198234375 0.86827045625 0.36031469375 0.857830621875 0.3623337609375 0.848824690625 0.36228133281249997 0.8369670843750001 0.36567870625 0.8230150593750001 0.369757165625 0.7983168421875 0.3890252296875 0.8274613015625001 0.38711505 0.84677806875 0.3906939 0.8649995468749999 0.381787334375 0.882866871875 0.3583198234375
16 0.8168441015625 0.3967591640625 0.8249960265624999 0.40373942031250004 0.8276703375000001 0.40791466875 0.8527549562499999 0.4018211765625 0.87224909375 0.3977749765625 0.8846543453125 0.4006203140625 0.9104156078125 0.39522403906250003 0.9064686375000001 0.38618842343750004 0.9053572234375 0.374396190625 0.89412788125 0.380570340625 0.88167425625 0.3798045625 0.8670939640625001 0.381106246875 0.860069578125 0.3852250359375 0.8447320265625 0.3892954296875 0.8378205109374999 0.38856191406249996 0.821886940625 0.388469159375 0.8004112578125 0.3883441421875 0.7933062515625 0.3959288609375 0.8168441015625 0.3967591640625
16 0.87388028125 0.41875 0.8705572046875 0.41093745000000004 0.8610036265625001 0.40464231406250006 0.8567341734374999 0.40947042031249997 0.8545282999999999 0.41875 0.87388028125 0.41875
16 0.9083642390625 0.41875 0.913524690625 0.4104943 0.9094809796875 0.4056177984375 0.9076123031249999 0.3965942796875 0.8839454578125 0.4013094671875 0.8680602609375001 0.399137153125 0.8311341562500001 0.4079348328125 0.8337923421875001 0.41280326875 0.825163490625 0.41875 0.8544692406250001 0.41875 0.8553486453125 0.4094623546875 0.859601975 0.4053274359375 0.8732798875000001 0.4130331390625 0.885024625 0.41448807031249996 0.8853512312499999 0.41875 0.9083642390625 0.41875
15 0.5227134265625 1 0.5358129265625 0.95407439375 0.55625 0.8530597875 0.55625 0.8414539796875001 0.549784840625 0.786807028125 0.539445346875 0.7672217421875 0.523307478125 0.7621969875 0.5119253859375 0.7648784843750001 0.50432895625 0.7741298343749999 0.489019021875 0.773277859375 0.48031030937499997 0.7844291890624999 0.46190048125 0.78421651875 0.4480094734375 0.7967707359375 0.4231600828125 0.846667296875 0.41364572343750006 0.8750247812499999 0.3765138140625 0.9468332453125001 0.3623133609375 0.9878512781250001 0.3561227265625 1 0.5227134265625 1
15 0.3574229109375 1 0.3625401625 0.990174728125 0.3813793171875 0.9375082703125 0.40783719218750003 0.8969693921874999 0.4331604890625 0.8369515640625 0.454246509375 0.8018640828125001 0.4659129484375 0.7931098234375 0.50107673125 0.785189603125 0.5194642671875 0.76402334375 0.5276042890625 0.7650175328125 0.5386992312500001 0.8121787828125001 0.559520390625 0.8483129734375 0.5625 0.8372500765625001 0.5625 0.8275586765625 0.560398525 0.8077036375000001 0.5528996828125 0.7711607484374999 0.5389640906250001 0.7409571015624999 0.5080849796875 0.7229348546875001 0.4807071890625 0.7175552140624999 0.41085353125 0.7232743859375 0.3455437953125 0.719369390625 0.31241501875 0.727538153125 0.2529733421875 0.729439428125 0.236314171875 0.735548065625 0.23235843125 0.7981756375 0.2254700609375 0.8360150781249999 0.2052342765625 0.8966542765625001 0.1768835671875 0.933908225 0.167463990625 0.9602414546875 0.1648829671875 1 0.3574229109375 1
17 0.609375 1 1 1 1 0.546099375 0.8101626109375001 0.5406394109375 0.7247776265625 0.5448377265625 0.7059263953125 0.5408474062499999 0.6881840625 0.5213319984375 0.6615705593750001 0.5097723937499999 0.6271947875 0.5105711984375 0.609375 0.5175085890625 0.609375 1
17 0.609375 0.41875 0.609375 0.5144694734375 0.6342496046874999 0.506086421875 0.665298690625 0.5053649203124999 0.678605440625 0.50948408125 0.6952388796875 0.517954315625 0.7140901093750001 0.5407652359374999 0.9140625 0.5394274640625 0.9140625 0.5330151453124999 0.90090560625 0.41875 0.609375 0.41875