1 0.0449878375 0 0.14679310625 0.12148708281250001 0.21140740624999999 0.1509645484375 0.273247028125 0.1277907703125 0.3170592390625 0 0.0449878375 0
6 0.25164226093750003 0.15926150781249998 0.2290442203125 0.148005953125 0.12892168125 0.1952521140625 0.11314183281250001 0.19339787656250002 0.08490778593750001 0.2051133578125 0.0690708625 0.21961556249999997 0.0610456171875 0.23578815468749997 0.062812409375 0.2563732671875 0.07338154999999999 0.27594336249999996 0.099995090625 0.28834112031250003 0.12761835 0.27761129218749997 0.1451102078125 0.2684045328125 0.1512560828125 0.260376115625 0.2922111953125 0.227231425 0.282344675 0.19305393906249999 0.2512214078125 0.184128915625 0.25164226093750003 0.15926150781249998
4 0.3832525640625 0.29175561562499996 0.3590324453125 0.29175561562499996 0.3237512546875 0.2695187125 0.306358884375 0.2462265890625 0.29229327031249996 0.2270407953125 0.22431471093750002 0.2460804828125 0.1892228703125 0.2536628203125 0.156687165625 0.26235030312499996 0.14726813593750002 0.265943346875 0.13542374375 0.2749808234375 0.1331808171875 0.2769865359375 0.1274409765625 0.2961839171875 0.154837315625 0.4791675625 0.1862522328125 0.45863515625 0.2063564484375 0.4641137984375 0.272288084375 0.42545910156250005 0.33127671406250003 0.43916435312499996 0.3581904796875 0.4399358390625 0.3780508890625 0.408482615625 0.3822298234375 0.37627571406250004 0.3926880875 0.369529746875 0.3981910359375 0.33682792500000003 0.4312504171875 0.32484484999999996 0.45 0.3018971078125 0.45 0.24783579687500001 0.42184487031250006 0.26785255 0.3832525640625 0.29175561562499996
11 0.3216296140625 0 0.31696851718749997 0.01589235 0.3028744984375 0.054438490625 0.28587391875 0.0968527984375 0.27214727656250004 0.1285417296875 0.23886195781250003 0.1482557046875 0.24675237343749998 0.161498575 0.25024518125 0.1827904859375 0.286892471875 0.196027659375 0.30782785156250003 0.25678628125 0.3488044828125 0.28593689843750003 0.3909923546875 0.288862821875 0.45 0.24489208437499999 0.45 0 0.3216296140625 0
7 0.3639970703125 0 0.36317302812499996 0.00261373125 0.3555330953125 0.0176086328125 0.3421123734375 0.049337896874999995 0.3323197484375 0.0323454015625 0.33037761250000003 0.051235937499999995 0.3195232359375 0.0832542375 0.2988272765625 0.10872404218750001 0.26919459687499997 0.1305786078125 0.2843939578125 0.13668495625 0.30648324374999997 0.1451129953125 0.317132496875 0.1426716484375 0.31977659687500004 0.156385803125 0.34628057343749996 0.1599575671875 0.35071018593750003 0.15462211718750002 0.366263834375 0.1506676546875 0.383992690625 0.1547609890625 0.3990774453125 0.1478629890625 0.410533646875 0.16887676406250002 0.42090302968750004 0.16624272499999998 0.430019084375 0.15950016250000001 0.44358190156250005 0.1550423984375 0.4452111140625 0.1400765671875 0.44742546250000004 0.12234758125 0.45 0.1222016078125 0.45 0 0.3639970703125 0
11 0.5609375 0.50625 0.559375 0.490625 0.5125 0.471875 0.4890625 0.446875 0.4859375 0.428125 0.459375 0.40625 0.45 0.40198863593749995 0.45 0.51875 0.5574375 0.51875 0.5609375 0.50625
16 0.4828125 0.4453125 0.4921875 0.4546875 0.503125 0.4609375 0.5171875 0.453125 0.5328125 0.4828125 0.5609375 0.4875 0.5875 0.4703125 0.628125 0.4078125 0.659375 0.4109375 0.66875 0.35625 0.64375 0.3265625 0.5390625 0.2578125 0.521875 0.2546875 0.49375 0.2703125 0.478125 0.2671875 0.46875 0.2734375 0.45 0.2734375 0.45 0.39855324062499997 0.484375 0.4265625 0.4828125 0.4453125
1 1 0.25171618906250004 0.965625 0.2359375 0.91875 0.2078125 0.8484375 0.2046875 0.84375 0.18125 0.8484375 0.16875 0.8359375 0.1671875 0.8125 0.184375 0.7828125 0.1796875 0.775 0.1875 0.778125 0.2 0.825 0.2296875 0.803125 0.271875 0.85 0.2953125 0.8703125 0.2984375 0.9015625 0.3203125 0.9921875 0.3609375 1 0.36875 1 0.25171618906250004
11 1 0.3621875 0.9625 0.3546875 0.959375 0.365625 0.90625 0.384375 0.8671875 0.4578125 0.865625 0.478125 0.88125 0.5171875 0.882366071875 0.51875 0.9205592109375 0.51875 0.934375 0.475 0.95 0.478125 0.965625 0.49375 1 0.49927455312499996 1 0.3621875
13 0 0.933742428125 0.0164186515625 0.9309771828125 0.065773809375 0.91163194375 0.08363095312499999 0.902207340625 0.0935515875 0.89873511875 0.10644841249999999 0.8994791671875 0.125049603125 0.89873511875 0.13695436562500002 0.8965029765624999 0.15059523749999998 0.8925347218749999 0.18258928593749998 0.8811259921874999 0.188045634375 0.8783978171875001 0.2016865078125 0.8689732140625 0.21433531718749999 0.85830853125 0.2207837296875 0.8506200390625 0.2329365078125 0.8278025796874999 0.23541666718749998 0.8149057546874999 0.23690476249999998 0.798040675 0.2366567453125 0.7836557546875 0.2326884921875 0.7623263890625 0.2262400796875 0.7442212296874999 0.22127976249999998 0.7345486109375 0.21582341249999998 0.7281001984375 0.20119047656250003 0.7149553578125001 0.1647321421875 0.6975942453124999 0.12976190468749998 0.676512896875 0.12256944375 0.6710565468749999 0.1176091265625 0.6693204359375 0.11041666718750001 0.6651041671875 0.08363095312499999 0.6425347218749999 0.0623015875 0.630133928125 0.0365079359375 0.617733134375 0.016170634375 0.610540675 0 0.6074441703125 0 0.933742428125
13 0.364880953125 0.5244791671875 0.3552083328125 0.5378720234375 0.349255953125 0.5490327374999999 0.3388392859375 0.573586309375 0.32470238125 0.5971478171875 0.3197420640625 0.607564484375 0.2860119046875 0.6626240078125 0.2765873015625 0.6760168656250001 0.268402778125 0.6918898812500001 0.2572420640625 0.7102430562500001 0.2517857140625 0.7223958328125 0.24583333281250003 0.7405009921875 0.24484127031249997 0.7501736109375 0.2450892859375 0.7640625 0.24756944375 0.776959325 0.253769840625 0.7933283734375001 0.2634424609375 0.81044146875 0.2681547625 0.8149057546874999 0.27460317500000003 0.817137896875 0.2865079359375 0.8183779765624999 0.353472221875 0.83350694375 0.378769840625 0.8374751984375 0.3852182546875 0.8374751984375 0.39092261875 0.83623511875 0.41299603124999995 0.820362103125 0.437549603125 0.8054811515625 0.45 0.7963152140624999 0.45 0.51875 0.3680638234375 0.51875 0.364880953125 0.5244791671875
13 0.18407738125 0.5621775796875 0.18779761875 0.585987103125 0.1900297625 0.608060515625 0.190277778125 0.6353422625 0.1917658734375 0.6427827374999999 0.196230159375 0.65146329375 0.20193452343749999 0.6596478171875 0.21433531718749999 0.6713045640625 0.22921627031249997 0.679737103125 0.2416170640625 0.6837053578125001 0.2483134921875 0.6844494046875 0.268402778125 0.6842013890625 0.274355159375 0.6804811515625 0.2830357140625 0.6683283734375001 0.289980159375 0.654935515625 0.3197420640625 0.6085565468749999 0.3398313484375 0.5720982140624999 0.3445436515625 0.5616815468749999 0.35539448125 0.51875 0.174707909375 0.51875 0.1758928578125 0.53663194375 0.18407738125 0.5621775796875
13 0 0.5470728078125 0.0084821421875 0.5646577374999999 0.01220238125 0.5748263890625 0.0241071421875 0.5976438484375 0.0303075390625 0.6065724203125 0.0337797625 0.61475694375 0.040476190625000005 0.619965278125 0.06626984062499999 0.6321180562500001 0.0799107140625 0.6400545640625 0.0923115078125 0.6492311515625 0.1109126984375 0.6653521828125 0.1424107140625 0.6837053578125001 0.15133928593749998 0.6876736109375 0.1550595234375 0.6879216265625 0.16001984062500002 0.6842013890625 0.1679563484375 0.6809771828125 0.1761408734375 0.6747767859375 0.18531746093749998 0.6584077374999999 0.190277778125 0.6430307546875 0.1887896828125 0.604836309375 0.1890376984375 0.582762896875 0.1758928578125 0.5334077374999999 0.1745603359375 0.51875 0 0.51875 0 0.5470728078125
12 0.1770729984375 1 0.175148809375 0.9967013890624999 0.171924603125 0.9872767859374999 0.16423611093749999 0.9746279765624999 0.1143849203125 0.9091517859374999 0.10843253906250001 0.902207340625 0.1039682546875 0.90146329375 0.0853670640625 0.9064236109375001 0.06875 0.9093998015625001 0.0513888890625 0.91708829375 0.0174107140625 0.9282490078125001 0.0109623015625 0.93916170625 0.0079861109375 0.94833829375 0.0072420640625 0.9607390875 0.008234126562500001 0.967435515625 0.0144345234375 0.9783482140625 0.0335138203125 1 0.1770729984375 1
12 0.45 1 0.45 0.8683410625000001 0.44474206406250005 0.86748511875 0.4415178578125 0.8650049609374999 0.43854166718750004 0.8578125 0.43482142812499996 0.8538442453125 0.42862103124999995 0.8503720234375001 0.41299603124999995 0.84541170625 0.3991071421875 0.8434275796874999 0.37901785781249997 0.8382192453125 0.3415674609375 0.8310267859374999 0.29171627031249997 0.8191220234375001 0.2768353171875 0.8168898812500001 0.265178571875 0.8124255953124999 0.2582341265625 0.8119295640624999 0.25029761875 0.813417659375 0.24384920625 0.8166418656250001 0.23244047656250003 0.8275545640624999 0.2178075390625 0.8526041671875 0.2103670640625 0.872693453125 0.20813492031249997 0.8853422625 0.20615079375 0.9098958328125001 0.20664682499999998 0.9287450390625 0.20813492031249997 0.93643353125 0.21111111093749999 0.94288194375 0.22003968281250003 0.9537946421875001 0.22673611093749999 0.9587549609374999 0.234424603125 0.9607390875 0.2396329359375 0.9632192453125 0.27609127031249997 0.9714037703124999 0.286755953125 0.977108134375 0.30734127031249997 0.9845486109375001 0.337351190625 0.991741071875 0.3517361109375 0.9962053578125 0.3611402265625 1 0.45 1
18 0.4565228171875 0.9320932546874999 0.4590029765625 0.9363095234375001 0.47512400781249997 0.9425099203125 0.48802083281249997 0.943501984375 0.5038938484375 0.943005953125 0.5195188484375 0.941269840625 0.5286954359375 0.9368055562500001 0.5343998015625 0.9315972218749999 0.5356398812500001 0.9291170640624999 0.5339037703125 0.8931547625 0.5334077374999999 0.847023809375 0.5284474203125 0.8430555562500001 0.5195188484375 0.8388392859374999 0.5038938484375 0.82842261875 0.49868551562499996 0.8266865078125001 0.492733134375 0.821230159375 0.48975694374999995 0.8170138890624999 0.47909226250000003 0.8103174609374999 0.477108134375 0.8078373015625001 0.47264384843749996 0.805853175 0.473387896875 0.8021329359375 0.46991567500000003 0.800396825 0.4654513890625 0.7961805562500001 0.45 0.7800716609375 0.45 0.9267466796875 0.45205853124999995 0.928125 0.4565228171875 0.9320932546874999
4 0.4652033734375 0.799652778125 0.49198908750000003 0.8142857140625 0.5068700390624999 0.81825396875 0.5224950390624999 0.8239583328125001 0.54481646875 0.828670634375 0.5681299609375 0.8398313484375001 0.5773065468749999 0.846527778125 0.59913194375 0.8586805562500001 0.6150049609375 0.862152778125 0.6256696421875 0.8614087296875 0.6348462296874999 0.8641369046875 0.6430307546875 0.8700892859374999 0.661383928125 0.8770337296875 0.672792659375 0.8862103171875001 0.682961309375 0.8896825390625 0.6869295640625 0.89365079375 0.6918898812500001 0.9015873015625001 0.6970982140624999 0.9060515875 0.7000744046875 0.9072916671875 0.7037946421875 0.906299603125 0.7119791671875 0.9008432546874999 0.7305803578125001 0.894394840625 0.7437251984375 0.881498015625 0.750917659375 0.8698412703124999 0.7630704359375 0.8609126984375 0.7724950390624999 0.8509920640624999 0.778943453125 0.8415674609374999 0.7853918656250001 0.837103175 0.79208829375 0.834126984375 0.794568453125 0.831398809375 0.79481646875 0.82842261875 0.7915922625 0.818501984375 0.782663690625 0.8090773812500001 0.7786954359375 0.803125 0.773983134375 0.7991567453124999 0.7556299609375 0.787748015625 0.7474454359375 0.7852678578125001 0.7377728171875 0.784523809375 0.7283482140624999 0.7857638890625 0.7119791671875 0.7897321421875 0.7005704359375 0.7959325390624999 0.692137896875 0.796428571875 0.6879216265625 0.7946924609375 0.6720486109375 0.7820436515625 0.6631200390624999 0.77237103125 0.6494791671875 0.7617063484375 0.636582340625 0.75575396875 0.6291418656250001 0.7507936515625 0.6120287703125 0.743601190625 0.6028521828125 0.7364087296874999 0.5874751984375 0.7299603171875 0.5810267859375 0.72450396875 0.570362103125 0.718799603125 0.5673859125 0.716071428125 0.5656498015625 0.706398809375 0.561185515625 0.69325396875 0.55771329375 0.6900297625 0.5502728171875 0.688045634375 0.5403521828125 0.6865575390624999 0.5309275796875 0.6868055562500001 0.5130704359375 0.69052579375 0.49967757968750004 0.696230159375 0.4875248015625 0.70342261875 0.4746279765625 0.7133432546875 0.46470734062499996 0.7240079359375 0.4557787703125 0.7294642859375 0.4515625 0.7297123015625 0.45 0.7290984625 0.45 0.791807209375 0.4562748015625 0.7961805562500001 0.4652033734375 0.799652778125
4 0.5691220234375 0.7051587296874999 0.5716021828125 0.71259920625 0.5775545640625 0.7227678578125001 0.5810267859375 0.7240079359375 0.5872271828125 0.7292162703125 0.5941716265625 0.731696428125 0.5981398812500001 0.734920634375 0.60731646875 0.7386408734375001 0.6321180562500001 0.7517857140624999 0.63856646875 0.752777778125 0.6430307546875 0.75029761875 0.6502232140624999 0.737152778125 0.6502232140624999 0.722519840625 0.652207340625 0.7195436515625 0.698834325 0.6949900796875 0.714707340625 0.684821428125 0.748189484375 0.6669642859375 0.7591021828125 0.660019840625 0.7618303578125001 0.6572916671875 0.7625744046875 0.653571428125 0.761334325 0.649603175 0.757366071875 0.6446428578125001 0.7519097218749999 0.6429067453124999 0.7484375 0.640178571875 0.7343005953125 0.637946428125 0.7273561515625 0.6334821421875 0.7171875 0.6292658734375001 0.70850694375 0.6243055562500001 0.69833829375 0.624553571875 0.6775049609375 0.6178571421875 0.6752728171875 0.61612103125 0.6710565468749999 0.6091765875 0.6683283734375001 0.6064484125 0.6626240078125 0.6057043656250001 0.648983134375 0.60694444375 0.6447668656250001 0.6054563484375 0.6316220234375 0.6049603171875 0.6063244046875 0.597023809375 0.6013640875 0.59677579375 0.585987103125 0.6047123015625 0.575818453125 0.6114087296874999 0.55771329375 0.61884920625 0.5242311515625 0.6481150796875 0.5187748015625 0.6540674609375 0.5123263890625 0.6659722218749999 0.5041418656250001 0.688045634375 0.5036458328125 0.6922619046875 0.505133928125 0.69325396875 0.5100942453124999 0.6925099203125 0.5215029765625 0.68779761875 0.526959325 0.6868055562500001 0.542336309375 0.6865575390624999 0.5537450390624999 0.6892857140624999 0.557961309375 0.6915178578125001 0.5616815468749999 0.696478175 0.5644097218749999 0.6982142859375 0.5666418656250001 0.7029265875 0.5691220234375 0.7051587296874999
4 0.6591107546874999 1 0.6653521828125 0.98194444375 0.6973462296874999 0.9060515875 0.6973462296874999 0.9040674609374999 0.68643353125 0.8924107140625 0.683209325 0.8869543656250001 0.679241071875 0.8834821421875001 0.67080853125 0.88174603125 0.6621279765625 0.8738095234375001 0.6527033734375001 0.8698412703124999 0.6380704359375 0.8619047625 0.6321180562500001 0.8544642859374999 0.6298859125 0.85 0.6286458328125 0.8487599203125 0.6271577374999999 0.849255953125 0.6182291671875 0.864880953125 0.6122767859375 0.8698412703124999 0.6085565468749999 0.8795138890624999 0.598883928125 0.8931547625 0.5884672625 0.9139880953124999 0.579538690625 0.928373015625 0.536383928125 0.9945932546874999 0.5327183375 1 0.6591107546874999 1
4 0.4970729171875 1 0.5001736109375 0.9836805562500001 0.5021577374999999 0.9425099203125 0.49893353124999995 0.941021825 0.48678075468750004 0.941269840625 0.479836309375 0.9400297625 0.464459325 0.9353174609374999 0.46049107187500005 0.9320932546874999 0.45677083281249997 0.9325892859374999 0.4552827375 0.934821428125 0.455034721875 0.940773809375 0.45205853124999995 0.9459821421875001 0.45 0.9548338265625 0.45 1 0.4970729171875 1
13 0.8461557546874999 0.752777778125 0.85186011875 0.7545138890625 0.854340278125 0.753769840625 0.8555803578125 0.7517857140624999 0.854340278125 0.7423611109375 0.8493799609374999 0.725 0.8317708328125001 0.674652778125 0.8163938484375001 0.6399305562500001 0.8096974203125 0.6290178578125001 0.8067212296875 0.6265376984375 0.8017609125 0.627777778125 0.8002728171875001 0.63447420625 0.7960565468749999 0.637946428125 0.76455853125 0.6550595234375 0.7586061515625 0.659523809375 0.7377728171875 0.671428571875 0.7191716265625 0.680853175 0.694866071875 0.6957341265625 0.654439484375 0.7178075390624999 0.648983134375 0.722271825 0.648983134375 0.7284722218749999 0.6509672625 0.740625 0.6546875 0.7550099203125 0.6596478171875 0.76592261875 0.66708829375 0.7758432546875 0.6794890875 0.7862599203125 0.6871775796875 0.79444444375 0.6904017859375 0.7951884921875 0.7898561515625 0.7674107140624999 0.8069692453125 0.7634424609375 0.8377232140625 0.7540178578125001 0.8461557546874999 0.752777778125
13 0.7308921484375 1 0.7491815468749999 0.9955853171875001 0.7960565468749999 0.9886408734375 0.8151537703124999 0.9841765875 0.8245783734375 0.9834325390625 0.8305307546874999 0.9856646828125 0.8322668656250001 0.9854166671875 0.8434275796874999 0.9821924609374999 0.854340278125 0.977728175 0.8754216265625001 0.972271825 0.8841021828125 0.96904761875 0.886334325 0.9665674609374999 0.8845982140625 0.9571428578125 0.8754216265625001 0.9355654765624999 0.8697172625 0.9184523812500001 0.8662450390625 0.91299603125 0.83896329375 0.847023809375 0.8342509921874999 0.8428075390625 0.8273065468749999 0.8423115078125001 0.8173859125 0.8457837296875 0.8116815468749999 0.8490079359375 0.802008928125 0.8517361109375001 0.785887896875 0.859424603125 0.782415675 0.8633928578125 0.7814236109375 0.8663690468749999 0.7781994046875 0.8693452374999999 0.76356646875 0.875049603125 0.6946180562500001 0.909027778125 0.692137896875 0.9125 0.68916170625 0.922420634375 0.68643353125 0.9271329359375 0.672792659375 0.962351190625 0.6653521828125 0.9784722218749999 0.6580131671875 1 0.7308921484375 1
9 0.8444196421875001 0.8512400796874999 0.8528521828125 0.862152778125 0.855084325 0.8611607140625 0.8590525796874999 0.85694444375 0.8669890875 0.843799603125 0.876413690625 0.8331349203125 0.876165675 0.83115079375 0.8741815468749999 0.8294146828125 0.867733134375 0.8274305562500001 0.86103670625 0.8269345234375001 0.8409474203125 0.8095734125 0.82606646875 0.79990079375 0.823586309375 0.7966765875 0.81416170625 0.7909722218749999 0.7965525796875 0.7773313484375 0.7935763890625 0.778075396875 0.791840278125 0.7798115078125 0.7908482140624999 0.7862599203125 0.785887896875 0.7929563484375 0.7851438484375 0.796428571875 0.7856398812500001 0.803125 0.795064484375 0.8115575390625 0.8010168656250001 0.8199900796874999 0.8054811515625 0.8239583328125001 0.810193453125 0.8242063484375001 0.813913690625 0.82569444375 0.81788194375 0.8299107140625 0.8285466265625001 0.834126984375 0.83350694375 0.8383432546874999 0.8384672625 0.840575396875 0.8444196421875001 0.8512400796874999