16 0 0.4890625 0.0880770015625 0.4890625 0.1048815359375 0.4442504078125 0.0509599671875 0.38052491875 0.0068423203125 0.35928308750000004 0 0.3587357015625 0 0.4890625
16 0.21435865937499998 0.405034721875 0.2078227125 0.351113153125 0.19965277812499999 0.351113153125 0.145731209375 0.39196282656250003 0.11141748437500001 0.4311785125 0.087211453125 0.4890625 0.15042551875000001 0.4890625 0.18658088281250002 0.45568831718749997 0.21435865937499998 0.405034721875
16 0.26174428125000004 0.333139296875 0.22579656875 0.34130923125 0.2110906859375 0.35928308750000004 0.206188725 0.38052491875 0.2110906859375 0.4017667484375 0.18658088281250002 0.4638582515625 0.21599264687500003 0.45078635624999996 0.233966503125 0.4344464875 0.2584763078125 0.3756229578125 0.2829861109375 0.34130923125 0.2829861109375 0.333139296875 0.26174428125000004 0.333139296875
16 0.2029207515625 0.2906556375 0.11795343124999999 0.2873876640625 0.0444240203125 0.300459559375 0.0248161765625 0.3118974671875 0.026450164062499996 0.3380412578125 0.0444240203125 0.3756229578125 0.0852736921875 0.42464256562499997 0.11958741875000001 0.423008578125 0.1489991828125 0.390328840625 0.18984885625 0.36091707500000003 0.21272467343749998 0.318433415625 0.21435865937499998 0.29882557187500003 0.2029207515625 0.2906556375
16 0 0.2281504453125 0.037888071875 0.24163602968750003 0.06403186250000001 0.2596098859375 0.0787377453125 0.2579758984375 0.072201796875 0.243270015625 0.073835784375 0.22693014687500002 0.054227940625000005 0.1958843953125 0 0.1692461078125 0 0.2281504453125
16 0.21762663437500002 0.29555759843749996 0.21435865937499998 0.3200674015625 0.2029207515625 0.34130923125 0.2094567 0.3641850484375 0.23069852968750001 0.34130923125 0.28462009843749997 0.3315053109375 0.30912990156250003 0.3020935453125 0.3123978765625 0.27268178125000003 0.307495915625 0.26287785937499997 0.26174428125000004 0.2138582515625 0.21762663437500002 0.29555759843749996
16 0.163705065625 0.156668709375 0.1506331703125 0.1419628265625 0.1342933 0.137060865625 0.0672998359375 0.174642565625 0.057495915625000005 0.20078635625 0.0689338234375 0.2334660953125 0.109783496875 0.2334660953125 0.129391340625 0.24980596406250002 0.1391952609375 0.27431576875 0.19965277812499999 0.27431576875 0.23069852968750001 0.26287785937499997 0.22743055625 0.243270015625 0.19965277812499999 0.2138582515625 0.163705065625 0.156668709375
16 0.162071078125 0.104381128125 0.1228553921875 0.137060865625 0.14246323593750002 0.1419628265625 0.18984885625 0.1942504078125 0.233966503125 0.1877144609375 0.24703839843750003 0.16320465625 0.24540441249999997 0.11581903593750001 0.22743055625 0.09130923125 0.22743055625 0.0733353765625 0.21435865937499998 0.0733353765625 0.162071078125 0.104381128125
16 0 0.171296296875 0.037888071875 0.1877144609375 0.0525939546875 0.1860804734375 0.11958741875000001 0.1239889703125 0.0591299015625 0.086407271875 0 0.0616108609375 0 0.171296296875
16 0.0614919734375 0 0.055861928125 0.0079758984375 0.0493259796875 0.0373876640625 0.054227940625000005 0.048825571875 0.10814950937500001 0.0782373359375 0.1130514703125 0.1092830875 0.15226715625 0.11581903593750001 0.1931168296875 0.0962111921875 0.2192606203125 0.0733353765625 0.22416258125000002 0.035753676562499996 0.2372344765625 0.014511846875000001 0.2372344765625 0 0.0614919734375 0
7 0.80517578125 0.41826171875 0.7900390625 0.3767578125 0.76611328125 0.33525390625 0.74755859375 0.2859375 0.7041015625 0.2029296875 0.6826171875 0.1658203125 0.6728515625 0.1580078125 0.64599609375 0.14921875 0.63818359375 0.14091796875 0.62255859375 0.1306640625 0.58154296875 0.116015625 0.53515625 0.10380859375 0.47265625 0.09990234375 0.4501953125 0.10234375 0.43505859375 0.1072265625 0.41162109375 0.12333984375 0.4 0.128181965625 0.4 0.430009190625 0.41259765625 0.44853515625 0.41796875 0.4529296875 0.4287109375 0.455859375 0.43505859375 0.46220703125 0.43701171875 0.4744140625 0.4436701 0.4890625 0.8434801609375 0.4890625 0.83203125 0.47294921875 0.80517578125 0.41826171875
18 0.217273509375 0.561324540625 0.1966313078125 0.6129300453125001 0.2310349765625 0.9042144499999999 0.23447534375 0.9076548171875001 0.381264334375 0.9110951828125 0.38814506875 0.9042144499999999 0.3915854359375 0.885865825 0.4 0.81589208125 0.4 0.4890625 0.23975503437499998 0.4890625 0.217273509375 0.561324540625
18 0 0.7404726875 0.006264334375 0.8915997703125 0.013145068749999999 0.9076548171875001 0.21956708749999998 0.9110951828125 0.23447534375 0.9053612390625 0.2023652515625 0.6106364671875 0.2092459859375 0.589994265625 0.2207138765625 0.579673165625 0.2298881875 0.5498566515625 0.2333285546875 0.5154529812499999 0.24250785156250002 0.4890625 0 0.4890625 0 0.7404726875
18 0.725504103125 1 0.7306743421874999 0.9164144734375 0.7338322374999999 0.8090460531250001 0.7317269734375 0.6932565796875 0.7359375 0.6679934203125 0.7212006578125 0.5479934203125 0.7127796046875 0.5227302625 0.704358553125 0.5185197375 0.6327796046875 0.5153618421874999 0.547516446875 0.5174671046875 0.51699013125 0.5227302625 0.44751644687500003 0.5258881578125 0.42014802656250005 0.5627302624999999 0.4 0.5996683109375 0.4 0.72027755 0.42330592031250003 0.8164144734375001 0.44962171093750003 0.9795723687500001 0.45569479062499996 1 0.725504103125 1
18 1 0.4890625 0.759120265625 0.4890625 0.7580427624999999 0.511151315625 0.7380427625 0.5553618421875 0.7296217109375001 0.6174671046875 0.7338322374999999 0.6627302625 0.7306743421874999 0.8385197375000001 0.727516446875 0.9479934203125 0.722563440625 1 0.8968979265625 1 0.905411184375 0.9806250000000001 0.9264638156249999 0.951151315625 0.93699013125 0.911151315625 0.9790953953124999 0.8143092109375001 1 0.753918128125 1 0.4890625
18 0.5201480265625 0.5227302625 0.5359375 0.5185197375 0.567516446875 0.5185197375 0.5990953953125 0.5237828953125 0.7085690796875 0.51957236875 0.7180427625 0.532203946875 0.725411184375 0.5553618421875 0.7324311140625 0.4890625 0.45450912499999996 0.4890625 0.45488486874999995 0.520625 0.5201480265625 0.5227302625