4 0.46875 0.41875 0.46875 0.3412449046875 0.46689453125 0.33955078125 0.45615234375 0.3380859375 0.4498046875 0.333203125 0.43759765625 0.32880859375 0.413671875 0.32783203125 0.4087890625 0.32587890625 0.401953125 0.31904296875 0.39365234375 0.31513671875 0.38779296875 0.3078125 0.3833984375 0.30537109375 0.38193359375 0.30146484375 0.3775390625 0.30146484375 0.3716796875 0.3048828125 0.355078125 0.28681640625 0.34775390625 0.27509765625 0.3287109375 0.2521484375 0.312109375 0.24580078125 0.29697265625 0.25068359375 0.28671875 0.25654296875 0.2876953125 0.2736328125 0.30380859375 0.30927734375 0.32041015625 0.33662109375 0.33603515625 0.37958984375 0.3476645359375 0.41875 0.46875 0.41875
4 0.3164344203125 0.41875 0.318896484375 0.41201171875 0.33125 0.3900499125 0.33125 0.37374588750000004 0.322802734375 0.3470703125 0.322314453125 0.33779296875 0.308642578125 0.31484375 0.269580078125 0.2787109375 0.260302734375 0.27431640625 0.252978515625 0.26748046875 0.224169921875 0.22890625 0.223193359375 0.22353515625 0.202197265625 0.19521484375 0.189501953125 0.18447265625 0.180224609375 0.1830078125 0.158251953125 0.20693359375 0.144091796875 0.24599609375 0.141162109375 0.2796875 0.144580078125 0.29482421875 0.150439453125 0.3060546875 0.178271484375 0.3421875 0.194873046875 0.3705078125 0.206591796875 0.3958984375 0.213427734375 0.40615234375 0.216357421875 0.41689453125 0.217248046875 0.41875 0.3164344203125 0.41875
17 1 0 0.75198309375 0 0.7360054359375 0.1161043171875 0.746875 0.1281816109375 0.76861413125 0.1390511765625 0.825377415625 0.14629755312499998 1 0.14924062968750001 1 0
17 1 0.14979321875 0.7806121671875 0.14758831562500002 0.7129793171875 0.150003775 0.70331748125 0.154834690625 0.70331748125 0.18502792968749998 0.6912401875 0.23454483750000002 0.6912401875 0.2599071546875 0.680370621875 0.31787816874999997 1 0.3205528921875 1 0.14979321875
17 0.46875 0.41875 0.2844145171875 0.41875 0.2641373546875 0.5667081640625 0.2573114890625 0.6444503765625 0.265894203125 0.7176913109375 0.269528009375 0.7280000078125 0.2736669234375 0.73125 0.2971091421875 0.73125 0.4332660046875 0.727345990625 0.4437997125 0.726670959375 0.4486827578125 0.7235469578125 0.46875 0.662993496875 0.46875 0.41875
17 0.05357592343749999 0.41875 0.07279463593749999 0.7406065859375 0.074272671875 0.7468368078125 0.07796605 0.7484375 0.11107667968749999 0.7484375 0.21340750156250002 0.745651121875 0.235928440625 0.7484245390625001 0.2457599 0.747794509375 0.2485116890625 0.742698771875 0.26556843125 0.5778601218749999 0.26525791875000004 0.551174728125 0.271333 0.52970229375 0.2860667578125 0.41875 0.05357592343749999 0.41875
17 0 0.41875 0 0.6890625 0.012792790625 0.6890625 0.0340627171875 0.6885768046875 0.0649289078125 0.683787725 0.0671875 0.680775940625 0.0671875 0.6681715 0.05997084375 0.4992767234375 0.0540805125 0.41875 0 0.41875
6 1 1 1 0.7156149265625 0.9704439578125001 0.7062727843750001 0.9567543234375 0.7063989546875 0.9360291249999999 0.710610034375 0.9023633046875 0.7074898578125 0.895809390625 0.7116775296875 0.8981255812499999 0.7340077468749999 0.8912152031249999 0.7482756687500001 0.8865348703125001 0.7680975296874999 0.8802003562500001 0.8292073109375 0.8785321749999999 0.8791251031249999 0.8865251140625 0.9138384046875 0.9229828484375 0.9779842500000001 0.9246421187500001 0.9859554875000001 0.9242875046875 1 1 1
6 0.812486575 0.7168496125 0.803816771875 0.7149998859375 0.7897846765625001 0.7165764375 0.7773617796875 0.7220510203125 0.7622382171875 0.732535375 0.7485205796875001 0.7499212859375 0.739402221875 0.7799682140625 0.7230781281249999 0.8491029953125 0.7237851234375 0.8675351812500001 0.7278386703124999 0.884650103125 0.7571246125 0.9320313703124998 0.7578456109375 0.9418336843749999 0.7536719703125 0.9637949109375 0.75569874375 0.972352371875 0.763897925 0.9847658093749999 0.77238949375 0.991655659375 0.7801210218750001 0.9953364640625001 0.7888619625000001 0.996875 0.7977835375 0.996875 0.812887615625 0.9936944499999999 0.8295202234375001 0.9789617187499999 0.8373858500000001 0.9349365046875 0.87180661875 0.8920065703125001 0.8777286499999999 0.8754965203125 0.8796875 0.863166409375 0.8796875 0.8436080015625 0.8724342499999999 0.7672179421875001 0.8676707406249999 0.7509671765625 0.859357403125 0.7390372015625 0.847697515625 0.7284244875000001 0.8223980734375 0.7220111515625 0.812486575 0.7168496125
6 0.6167491859374999 0.6068725921875 0.604576665625 0.6327132000000001 0.600099603125 0.6495315390625 0.59297704375 0.7246920140625 0.594608309375 0.74992299375 0.5907351203125 0.796323446875 0.5947385921875 0.8093651656249999 0.61162964375 0.8449612734375 0.6297292890625 0.8518697750000002 0.6521342265625 0.8546875 0.675613571875 0.8546875 0.6996864890625 0.846990546875 0.7166615640625 0.8308074359375001 0.72135293125 0.82165205 0.7248917203125 0.8066647890624999 0.744988853125 0.6829831421874999 0.746875 0.653060528125 0.746875 0.646649453125 0.7194568484375 0.54042571875 0.7191423921875 0.5246163578124999 0.7274616671875 0.497953646875 0.7270831328125 0.486700953125 0.7229264640624999 0.4807359640625 0.708565909375 0.47513302343749997 0.677242853125 0.4734375 0.6663277734374999 0.4734375 0.6610322234375 0.4771791421875 0.65968740625 0.48501726562499997 0.661104365625 0.5025852953125 0.65620675625 0.534040546875 0.640281140625 0.5672054656250001 0.6167491859374999 0.6068725921875
6 0.7139055843750001 0.47377956093750007 0.7168455953125 0.47846934062499996 0.7263004750000001 0.48556471874999996 0.7277955171875 0.4899462109375 0.72707155 0.4994402375 0.722215953125 0.50500588125 0.7192479359374999 0.517575840625 0.719270003125 0.5389087874999999 0.722677665625 0.5523312 0.7746455593749999 0.647208203125 0.7823490812499999 0.6681487468749999 0.8036251109375 0.7087429249999999 0.8126233718750001 0.7177721421875 0.8266414624999999 0.7248254609375 0.8401152234375001 0.7265625 0.8563770749999999 0.7265625 0.8764442375 0.7217400140625 0.8907687187499999 0.714639878125 0.9176943328124999 0.6970250375 0.9276588765625 0.6869634343750001 0.9342267921874999 0.6741458921875 0.9359375 0.665550578125 0.9359375 0.6552819609375 0.93399041875 0.6451499953125 0.8660476765624999 0.49151286250000004 0.8445293359375 0.46051547499999995 0.8352286640625 0.4524373671875 0.7132103437499999 0.4264044171875 0.7139055843750001 0.47377956093750007
6 1 0.5491637109375 0.974481353125 0.5440077984375 0.9064817515625 0.5127419921875 0.882298815625 0.49945745312499995 0.8629073999999999 0.48516393593749996 0.8673284484374999 0.5028650796875 0.8869312 0.544117890625 0.8924297140625 0.5615410984375 0.9176591406250001 0.6111037890625 0.9350598546875 0.6295429203125 0.9535770750000001 0.6411108484375 0.9779132078125 0.6473186609375 0.9878887859375001 0.6479235328125 1 0.6462599906250001 1 0.5491637109375
6 0.5999153515625 0.9754629781249999 0.6054028328125 0.9822197140625001 0.6095397671875 0.9846257875 0.639659303125 0.9910518749999999 0.662519559375 0.9781556437500001 0.6957928421874999 0.9786529953125 0.7139064921875 0.976931625 0.7364191218749999 0.971578453125 0.7508327203125 0.96195825625 0.756615559375 0.943895065625 0.75618695 0.9285691640625 0.7291060140625 0.8847052312500001 0.7245457734375 0.86545094375 0.7242453203125001 0.8410117140625001 0.7152080171874999 0.8385757640625 0.7083757203125 0.8396571500000001 0.696941171875 0.8473738609375001 0.6770010515625 0.856830590625 0.6512640890625 0.8929803828124999 0.6356308625 0.9206217156250001 0.6268969796875 0.923328653125 0.6023796453125 0.9414573109374998 0.5976993109375 0.961279171875 0.5999153515625 0.9754629781249999
6 1 0.6454738109375 0.9926803046875001 0.6469145562499999 0.96525096875 0.643093690625 0.9443505062499999 0.6330485515625 0.9365939390625 0.6273311453125 0.9272031359374999 0.615679103125 0.9222724249999998 0.6151349359375 0.9333335343750001 0.645424690625 0.9359421140624999 0.6622313234374999 0.93354486875 0.6723839843749999 0.9266344890625 0.68665190625 0.9192814968749999 0.694223796875 0.9072511359375 0.7023212046875 0.90287719375 0.7079896109374999 0.936821403125 0.714216071875 0.9580532953125 0.7121443578125 0.98245350625 0.713795503125 0.9937849328125001 0.7172287265625 1 0.7205352984375001 1 0.6454738109375
6 0.6412617562499999 0.4896723625 0.57670291875 0.5038283890625 0.572000515625 0.5023173046875 0.55524271875 0.5068670234375 0.5481320359375 0.5048421249999999 0.5345675953125 0.5151513078125001 0.5262122484375 0.529110940625 0.5250817375000001 0.5446120140625 0.52786855 0.556378521875 0.534040959375 0.5602344984375 0.5550946156250001 0.5632029109375 0.5799234390625 0.580179959375 0.619341121875 0.6017930265625 0.627632390625 0.59239005625 0.6372684734374999 0.5751489671875 0.65239500625 0.54536826875 0.65843119375 0.5283747578125 0.6598651249999999 0.5180165750000001 0.6578383515625 0.5094591125 0.661491296875 0.4939883921875 0.65806963125 0.48919585000000004 0.654216384375 0.4883737484375 0.6412617562499999 0.4896723625