4 0.194513890625 0 0.1757936515625 0.0075892859375 0.1051091265625 0.0361111109375 0.0796875 0.035491071875 0.0536458328125 0.060292659375 0 0.09103829531249999 0 0.14445476875000002 0.044965278125 0.121056546875 0.0660466265625 0.099355159375 0.08154761875 0.10059523749999999 0.0803075390625 0.11113591249999999 0.1367311515625 0.092534721875 0.1770337296875 0.086334325 0.227876984375 0.08509424531250001 0.2415178578125 0.0609126984375 0.25887896875 0.051612103124999996 0.2756200390625 0.0503720234375 0.28492063437500004 0.037351190625 0.311582340625 0.039211309374999996 0.311582340625 0.0330109125 0.320262896875 0.0330109125 0.33700396875 0.0175099203125 0.3413442453125 0.0057291671875 0.3519841265625 0 0.194513890625 0
4 0 0.44750909375000003 0.018923610937499998 0.42921627031250004 0.056125992187499994 0.41185515937500006 0.084027778125 0.3913938484375 0.0790674609375 0.387053571875 0.0803075390625 0.36535218281250004 0.0747271828125 0.31884920625 0.03876488125 0.0875744046875 0.0288442453125 0.0193700390625 0 0.0258637703125 0 0.44750909375000003
4 0.2718998015625 0.401314484375 0.311582340625 0.3665922625 0.3419642859375 0.321329365625 0.3959077375 0.23700396875 0.41326884843749995 0.2103422625 0.40644841249999997 0.175 0.36924603125 0.131597221875 0.3376240078125 0.138417659375 0.33328372968750003 0.1557787703125 0.34506448437500004 0.1718998015625 0.336383928125 0.189880953125 0.307862103125 0.1824404765625 0.3022817453125 0.2004216265625 0.297321428125 0.245064484375 0.2861607140625 0.2599454359375 0.2247767859375 0.1861607140625 0.19935515937499998 0.21530257968750002 0.1441716265625 0.2562251984375 0.137351190625 0.2673859125 0.0908482140625 0.2828869046875 0.08960813437500001 0.28350694375 0.11875 0.31450892812500003 0.14169146875 0.3510912703125 0.15099206406250001 0.362251984375 0.17951388906250001 0.380233134375 0.20989583281250002 0.399454365625 0.2328373015625 0.4143353171875 0.252678571875 0.43603670625 0.258258928125 0.431696428125 0.25887896875 0.40751488125 0.2718998015625 0.401314484375
11 0.30042162656250004 0.20414186562499997 0.3066220234375 0.184920634375 0.3066220234375 0.15949900781249998 0.3171626984375 0.1371775796875 0.328943453125 0.09191468281250001 0.328943453125 0.0646329359375 0.31530257968750003 0.039831348437500004 0.2861607140625 0.039831348437500004 0.2743799609375 0.051612103124999996 0.26135912656250004 0.0522321421875 0.24399801562499998 0.059052579687499995 0.233457340625 0.072693453125 0.22849702343749997 0.0912946421875 0.19501488125 0.14833829375000002 0.23407738125000002 0.199181546875 0.279340278125 0.2568452375 0.297321428125 0.242584325 0.30042162656250004 0.20414186562499997
16 1 0.14691558437500002 0.971875 0.1430803578125 0.9361607140625001 0.1502232140625 0.8611607140625 0.1466517859375 0.825446428125 0.164508928125 0.8022321421875 0.1662946421875 0.8022321421875 0.1734375 0.7825892859375 0.1859375 0.7950892859375001 0.30022321406249997 0.8147321421875 0.3805803578125 0.880803571875 0.3912946421875 0.9522321421875001 0.3841517859375 1 0.3855363609375 1 0.14691558437500002
16 1 0.3816479046875 0.950446428125 0.382366071875 0.884375 0.3930803578125 0.8772321421875 0.4216517859375 0.875446428125 0.49129464218749996 0.996875 0.5627232140625 1 0.5627232140625 1 0.3816479046875
16 0.4700892859375 0.2805803578125 0.5290178578125 0.277008928125 0.543303571875 0.2609375 0.543303571875 0.1877232140625 0.534375 0.1180803578125 0.41875 0.1155667703125 0.41875 0.29765625 0.4200892859375 0.2966517859375 0.4700892859375 0.2805803578125
16 0.434375 0.4716517859375 0.4611607140625 0.4591517859375 0.5111607140625 0.41629464218749995 0.5075892859375 0.407366071875 0.43794642812499995 0.38950892812500004 0.41875 0.37168367343750003 0.41875 0.454644296875 0.430803571875 0.457366071875 0.434375 0.4716517859375
16 0.540723971875 0.3734375 0.5014382578125 0.4216517859375 0.43893825781249995 0.469866071875 0.43893825781249995 0.4805803578125 0.5925096859375001 0.5627232140625 0.7335811140625 0.5627232140625 0.747866828125 0.5484375 0.747866828125 0.527008928125 0.7264382578124999 0.5252232140624999 0.710366828125 0.5145089281249999 0.6764382578125 0.44486607187500005 0.6782239718749999 0.3430803578125 0.6246525421875 0.3216517859375 0.5889382578125 0.3305803578125 0.5514382578125 0.37165178593750003 0.540723971875 0.3734375
16 0.534375 0.1180803578125 0.5397321421875 0.21450892812500003 0.550446428125 0.23236607187499997 0.596875 0.2234375 0.609375 0.2002232140625 0.6700892859375001 0.2002232140625 0.759375 0.1716517859375 0.750446428125 0.144866071875 0.6915178578125001 0.1305803578125 0.584375 0.0841517859375 0.534375 0.1180803578125
16 0.768303571875 0.0716517859375 0.7397321421874999 0.064508928125 0.7147321421874999 0.0734375 0.6825892859375 0.069866071875 0.6272321421875 0.0805803578125 0.6165178578125 0.0859375 0.6165178578125 0.094866071875 0.655803571875 0.1162946421875 0.7540178578125001 0.144866071875 0.7575892859375 0.169866071875 0.768303571875 0.1716517859375 0.7790178578125 0.1609375 0.768303571875 0.0716517859375
16 0.793303571875 0.332366071875 0.7950892859375001 0.302008928125 0.7772321421874999 0.2787946421875 0.684375 0.25379464218750003 0.5665178578125001 0.24308035781249998 0.562946428125 0.2502232140625 0.5736607140625 0.277008928125 0.5736607140625 0.3180803578125 0.5790178578125 0.3234375 0.6861607140625 0.3377232140625 0.709375 0.3234375 0.7361607140624999 0.3234375 0.762946428125 0.3341517859375 0.775446428125 0.3484375 0.7825892859375 0.3484375 0.793303571875 0.332366071875
16 0.705803571875 0.3377232140625 0.6825892859375 0.3466517859375 0.675446428125 0.35736607187499997 0.668303571875 0.42879464218749996 0.6736607140624999 0.4537946421875 0.700446428125 0.5055803578125 0.7236607140625 0.527008928125 0.7415178578125 0.5180803578125001 0.7540178578125001 0.5234375 0.750446428125 0.5502232140625 0.7325892859375001 0.5627232140625 0.8504464281249999 0.5627232140625 0.837946428125 0.5430803578125001 0.8450892859374999 0.4484375 0.8504464281249999 0.4377232140625 0.8790178578125 0.43058035781250004 0.880803571875 0.3966517859375 0.8236607140625001 0.3752232140625 0.8040178578124999 0.3466517859375 0.7879464281249999 0.3484375 0.7647321421875 0.3377232140625 0.705803571875 0.3377232140625
16 0.43794642812499995 0.3912946421875 0.47901785781250006 0.3912946421875 0.484375 0.402008928125 0.5165178578125 0.4055803578125 0.5986607140625 0.3287946421875 0.575446428125 0.3180803578125 0.575446428125 0.2787946421875 0.562946428125 0.2591517859375 0.5486607140624999 0.257366071875 0.5165178578125 0.2752232140625 0.46830357187500005 0.2734375 0.4325892859375 0.28236607187499996 0.41875 0.2919104078125 0.41875 0.3609375 0.425446428125 0.3609375 0.43794642812499995 0.3912946421875
16 0.7825892859375 0.177008928125 0.825446428125 0.157366071875 0.8950892859374999 0.1430803578125 0.8950892859374999 0.132366071875 0.8825892859375 0.132366071875 0.700446428125 0.194866071875 0.6075892859375001 0.1984375 0.593303571875 0.23415178593750002 0.5897321421874999 0.227008928125 0.5665178578125001 0.2234375 0.5486607140624999 0.24486607187499998 0.596875 0.24486607187499998 0.746875 0.26450892812500004 0.7700892859375 0.2734375 0.7897321421875 0.2716517859375 0.7825892859375 0.177008928125
5 0 0.637261284375 0.0173828125 0.6681640625 0.03740234375 0.690625 0.04375 0.70185546875 0.05009765625 0.700390625 0.057421875 0.69501953125 0.05888671875 0.68525390625 0.0681640625 0.6779296875 0.07353515625 0.66474609375 0.0876953125 0.6427734375 0.09453125 0.62568359375 0.0916015625 0.60224609375 0.0822735359375 0.56875 0 0.56875 0 0.637261284375
5 0.09990234375 0.61201171875 0.11015625 0.62568359375 0.112109375 0.6310546875 0.12236328125 0.6408203125 0.1443359375 0.67109375 0.14873046875 0.6740234375 0.15703125 0.66767578125 0.16533203125 0.6525390625 0.17509765625 0.63984375 0.18388671875 0.61982421875 0.1833984375 0.610546875 0.18974609375 0.60712890625 0.184375 0.58369140625 0.18828125 0.57783203125 0.18828125 0.57392578125 0.184375 0.571484375 0.184375 0.56904296875 0.1845842640625 0.56875 0.08477399531249999 0.56875 0.08818359375 0.587109375 0.09990234375 0.61201171875
5 0.07451171875 0.71015625 0.07841796875 0.71015625 0.084765625 0.70185546875 0.09599609375 0.69892578125 0.09990234375 0.70380859375 0.09990234375 0.716015625 0.10478515625 0.71748046875 0.1072265625 0.72578125 0.1140625 0.731640625 0.13115234375 0.731640625 0.13212890625 0.72822265625 0.1296875 0.72431640625 0.13017578125 0.719921875 0.13701171875 0.723828125 0.1482421875 0.7267578125 0.15166015625 0.7296875 0.16826171875 0.72724609375 0.1697265625 0.723828125 0.1755859375 0.7208984375 0.1765625 0.71845703125 0.16826171875 0.71650390625 0.18291015625 0.71552734375 0.184375 0.71162109375 0.182421875 0.704296875 0.1853515625 0.70185546875 0.18583984375 0.6984375 0.190234375 0.6984375 0.19462890625 0.6935546875 0.198046875 0.6935546875 0.194140625 0.68818359375 0.190234375 0.6876953125 0.190234375 0.684765625 0.1912109375 0.6798828125 0.19951171875 0.675 0.2 0.67060546875 0.20341796875 0.6662109375 0.20390625 0.659375 0.1990234375 0.6505859375 0.1892578125 0.641796875 0.17802734375 0.6369140625 0.1775390625 0.63935546875 0.17021484375 0.64375 0.16923828125 0.65009765625 0.16240234375 0.6564453125 0.15849609375 0.66376953125 0.151171875 0.669140625 0.14970703125 0.6671875 0.1443359375 0.66669921875 0.13896484375 0.66181640625 0.121875 0.63837890625 0.112109375 0.63056640625 0.1091796875 0.62421875 0.10673828125 0.62421875 0.09794921875 0.628125 0.0837890625 0.6486328125 0.080859375 0.65595703125 0.07646484375 0.65986328125 0.0671875 0.676953125 0.0583984375 0.68330078125 0.057421875 0.696484375 0.06181640625 0.7091796875 0.0662109375 0.71064453125 0.07255859375 0.7072265625 0.07451171875 0.71015625
5 0.38212890625 1 0.38603515625 0.9953125 0.3982421875 0.9572265625 0.40703125 0.94697265625 0.4080078125 0.93037109375 0.4060546875 0.9162109375 0.3923828125 0.89423828125 0.38310546875 0.89326171875 0.34599609375 0.89814453125 0.30791015625 0.907421875 0.28203125 0.91767578125 0.26640625 0.92744140625 0.2458984375 0.93427734375 0.237109375 0.9435546875 0.213671875 0.95380859375 0.2048828125 0.962109375 0.1873046875 0.969921875 0.153125 0.9923828125 0.137890625 1 0.38212890625 1
5 0.0676236984375 1 0.06962890625 0.99677734375 0.07841796875 0.99140625 0.08916015625 0.97578125 0.09501953125 0.96357421875 0.1091796875 0.92353515625 0.11650390625 0.88447265625 0.1208984375 0.84736328125 0.11845703125 0.790234375 0.11015625 0.770703125 0.11015625 0.76484375 0.12236328125 0.75654296875 0.123828125 0.7501953125 0.1013671875 0.71015625 0.09794921875 0.69794921875 0.09453125 0.69697265625 0.09013671875 0.700390625 0.0828125 0.70234375 0.0779296875 0.70869140625 0.07060546875 0.708203125 0.06572265625 0.71064453125 0.05302734375 0.71162109375 0.03251953125 0.719921875 0.0125 0.73701171875 0 0.7624924875 0 1 0.0676236984375 1
5 0.12724609375 0.84052734375 0.1345703125 0.85029296875 0.13701171875 0.85126953125 0.14140625 0.848828125 0.143359375 0.85224609375 0.1541015625 0.8537109375 0.15849609375 0.8517578125 0.162890625 0.85419921875 0.17119140625 0.84931640625 0.1755859375 0.83955078125 0.17607421875 0.8322265625 0.18486328125 0.8126953125 0.18681640625 0.79658203125 0.190234375 0.794140625 0.1921875 0.7892578125 0.19658203125 0.78876953125 0.198046875 0.78681640625 0.2078125 0.76484375 0.215625 0.73896484375 0.225390625 0.73798828125 0.22392578125 0.727734375 0.21318359375 0.7140625 0.21708984375 0.7033203125 0.2244140625 0.69453125 0.22392578125 0.692578125 0.22099609375 0.69208984375 0.2166015625 0.6935546875 0.205859375 0.7052734375 0.18388671875 0.71748046875 0.14580078125 0.7443359375 0.13603515625 0.74775390625 0.11015625 0.76533203125 0.11064453125 0.77802734375 0.1169921875 0.790234375 0.12041015625 0.83759765625 0.12236328125 0.8400390625 0.12724609375 0.84052734375
5 0.136795846875 1 0.13701171875 0.99970703125 0.15166015625 0.99287109375 0.16142578125 0.9845703125 0.174609375 0.97919921875 0.18974609375 0.96845703125 0.20634765625 0.96064453125 0.2126953125 0.95283203125 0.2380859375 0.9435546875 0.244921875 0.9357421875 0.2654296875 0.92890625 0.27470703125 0.9220703125 0.30498046875 0.90595703125 0.33720703125 0.8986328125 0.39091796875 0.89423828125 0.397265625 0.90595703125 0.39970703125 0.91572265625 0.401171875 0.9171875 0.40458984375 0.9162109375 0.40849609375 0.9064453125 0.41728515625 0.8947265625 0.4158203125 0.8849609375 0.41875 0.8794270828125 0.41875 0.84541015625 0.41875 0.8329318578124999 0.41826171875 0.8322265625 0.41875 0.825146484375 0.41875 0.817578125 0.41240234375 0.81123046875 0.3884765625 0.7765625 0.38505859375 0.7580078125 0.38017578125 0.75458984375 0.37529296875 0.75458984375 0.36162109375 0.75556640625 0.35673828125 0.75849609375 0.33427734375 0.80048828125 0.3162109375 0.81806640625 0.29814453125 0.8234375 0.28154296875 0.82490234375 0.27861328125 0.8322265625 0.27275390625 0.8380859375 0.27373046875 0.8439453125 0.272265625 0.846875 0.26591796875 0.8498046875 0.25712890625 0.86103515625 0.23759765625 0.86689453125 0.1990234375 0.887890625 0.166796875 0.90107421875 0.1482421875 0.91083984375 0.13359375 0.92158203125 0.1267578125 0.9201171875 0.11064453125 0.92451171875 0.104296875 0.93623046875 0.0935546875 0.96552734375 0.07744140625 0.9875 0.07082375937499999 1 0.136795846875 1
5 0.2166015625 0.69892578125 0.213671875 0.70869140625 0.213671875 0.7150390625 0.21708984375 0.72041015625 0.21904296875 0.7296875 0.20048828125 0.78193359375 0.186328125 0.79951171875 0.17900390625 0.829296875 0.1599609375 0.876171875 0.1609375 0.88056640625 0.16337890625 0.88251953125 0.19609375 0.88837890625 0.23759765625 0.86689453125 0.25615234375 0.8625 0.2673828125 0.848828125 0.27177734375 0.84736328125 0.2732421875 0.837109375 0.278125 0.8322265625 0.28056640625 0.82587890625 0.307421875 0.821484375 0.31767578125 0.8166015625 0.33623046875 0.79853515625 0.3455078125 0.78193359375 0.34794921875 0.77119140625 0.3435546875 0.7541015625 0.34697265625 0.7501953125 0.3533203125 0.7482421875 0.34990234375 0.73701171875 0.35283203125 0.73212890625 0.3591796875 0.72822265625 0.35673828125 0.716015625 0.362109375 0.71064453125 0.3611328125 0.692578125 0.36552734375 0.6720703125 0.3611328125 0.66572265625 0.36357421875 0.65302734375 0.35576171875 0.64521484375 0.35478515625 0.6193359375 0.33916015625 0.5978515625 0.3298828125 0.5900390625 0.323046875 0.5880859375 0.3181640625 0.5841796875 0.3025390625 0.5822265625 0.2927734375 0.59296875 0.283984375 0.61591796875 0.25615234375 0.6525390625 0.2537109375 0.6544921875 0.2322265625 0.65205078125 0.2166015625 0.65400390625 0.21708984375 0.6671875 0.2224609375 0.68134765625 0.22001953125 0.68720703125 0.221484375 0.69404296875 0.2166015625 0.69892578125
5 0.38994140625 0.67939453125 0.366015625 0.67451171875 0.362109375 0.6798828125 0.366015625 0.68525390625 0.36064453125 0.6896484375 0.3611328125 0.69599609375 0.36357421875 0.6994140625 0.3591796875 0.704296875 0.3630859375 0.71064453125 0.3552734375 0.7169921875 0.35869140625 0.72919921875 0.35185546875 0.73115234375 0.3494140625 0.7365234375 0.35380859375 0.74677734375 0.34697265625 0.74873046875 0.34306640625 0.75458984375 0.35283203125 0.76630859375 0.36650390625 0.76728515625 0.37626953125 0.7638671875 0.39189453125 0.77998046875 0.41875 0.782666015625 0.41875 0.6803184015625 0.4080078125 0.680859375 0.38994140625 0.67939453125
5 0.30888671875 0.571484375 0.28740234375 0.59541015625 0.264453125 0.6095703125 0.2478515625 0.6251953125 0.2458984375 0.63740234375 0.2478515625 0.65009765625 0.252734375 0.6525390625 0.25712890625 0.65205078125 0.29130859375 0.61103515625 0.299609375 0.6076171875 0.3044921875 0.6076171875 0.311328125 0.59931640625 0.3162109375 0.5978515625 0.32353515625 0.5998046875 0.32744140625 0.60615234375 0.3376953125 0.6095703125 0.342578125 0.622265625 0.3572265625 0.63837890625 0.35625 0.64326171875 0.35771484375 0.64375 0.4080078125 0.645703125 0.41875 0.6451915921875 0.41875 0.56875 0.3146709734375 0.56875 0.30888671875 0.571484375
5 0.35576171875 0.64521484375 0.35673828125 0.6486328125 0.362109375 0.6505859375 0.36015625 0.66474609375 0.3650390625 0.66865234375 0.36552734375 0.68134765625 0.36748046875 0.68134765625 0.36748046875 0.67890625 0.37041015625 0.67890625 0.371875 0.68037109375 0.3689453125 0.6818359375 0.3689453125 0.6837890625 0.3748046875 0.68427734375 0.3748046875 0.68037109375 0.37724609375 0.67939453125 0.39140625 0.68232421875 0.41142578125 0.68232421875 0.41875 0.68093855625 0.41875 0.639154115625 0.3904296875 0.63740234375 0.35576171875 0.64521484375
18 1 0.8574682031249999 0.9513707124999999 0.79082806875 0.949565659375 0.7529219312500001 0.9242948999999999 0.7384814984375 0.8773634921875001 0.73667644375 0.8593129515625 0.7438966609375 0.846677571875 0.77458258125 0.6445115078125 0.76916741875 0.637291290625 0.7781926890624999 0.6102003203125 1 0.965012528125 1 1 0.8670476078125 1 0.8574682031249999
18 0.6189444453124999 1 0.6463165609375 0.77458258125 0.80696638125 0.77999774375 0.81779670625 0.77458258125 0.7780855140625 0.718625903125 0.77447540625 0.6897450359375 0.75281475625 0.6807197656249999 0.7203237812500001 0.6807197656249999 0.7022732406250001 0.6897450359375 0.69866313125 0.7114056859375 0.6896378609375 0.718625903125 0.5253779328125 0.7096006312500001 0.5181577171875 0.72043095625 0.5055223375 0.8648352890625001 0.50295591875 1 0.6189444453124999 1