16 0.44360567343749996 0.4796875 0.465625 0.448177084375 0.54375 0.3565104171875 0.5666666671875 0.3221354171875 0.571875 0.3065104171875 0.559375 0.28359375 0.5354166671875 0.2658854171875 0.5229166671875001 0.2502604171875 0.4927083328125 0.23463541718749997 0.48645833281249995 0.22630208437500002 0.396875 0.16796875 0.3166666671875 0.12005208437499999 0.3 0.11484375 0.284375 0.1315104171875 0.2364583328125 0.15130208437499998 0.21458333281250003 0.16484375 0.18020833281249998 0.1971354171875 0.171875 0.223177084375 0.09895833281250001 0.30755208437500003 0.0875 0.3346354171875 0.11875 0.357552084375 0.13125 0.379427084375 0.153125 0.401302084375 0.2427083328125 0.46901041718750003 0.25430059531250004 0.4796875 0.44360567343749996 0.4796875
16 0 0.4796875 0.10095486093749999 0.4796875 0.1265625 0.40286458124999996 0.1265625 0.3691695609375 0.1091145828125 0.346875 0.0632812515625 0.3260416671875 0.0466145828125 0.3114583328125 0.05390625156249999 0.290625 0.0726562515625 0.2604166671875 0.07473958281250001 0.24375 0.0705729171875 0.23125 0 0.1830538625 0 0.4796875
16 0.21711090624999999 0.4796875 0.2114583328125 0.46901041718750003 0.18020833281249998 0.4408854171875 0.1708333328125 0.413802084375 0.1416666671875 0.3846354171875 0.13333333281249998 0.38359375 0.10157353437500001 0.4796875 0.21711090624999999 0.4796875
16 0 0 0 0.1884481828125 0.021354167187500002 0.2010416671875 0.053645834375 0.2010416671875 0.066145834375 0.215625 0.072395834375 0.23020833281250003 0.0744791671875 0.25729166718749996 0.0671875 0.2760416671875 0.0515625 0.2947916671875 0.047395834375 0.3135416671875 0.058854167187499994 0.3239583328125 0.08072916718749999 0.33125 0.10677083437499998 0.2958333328125 0.171875 0.222461971875 0.171875 0.22007901875 0.1421875 0.1177083328125 0.1078125 0.0333333328125 0.1078125 0.0260416671875 0.11302083437499999 0.0197916671875 0.1328125 0.0083333328125 0.16302083437499998 0.00625 0.16354166718750002 0 0 0
16 0.2061111109375 0 0.18619791562500002 0.0096354171875 0.133072915625 0.0075520843749999995 0.11953125 0.012760417187500001 0.1059895828125 0.0283854171875 0.1091145828125 0.0471354171875 0.126822915625 0.085677084375 0.1734210953125 0.2171875 0.1740584921875 0.2171875 0.179947915625 0.204427084375 0.208072915625 0.17526041718750002 0.23515625 0.1565104171875 0.2809895828125 0.13671875 0.29348958281250004 0.11901041718750001 0.29375 0.1151041609375 0.29375 0.0990625 0.27890625 0.016927084375000002 0.24683387968749998 0 0.2061111109375 0
16 0.4575520828125 0.1989583328125 0.46067708281249997 0.20416666718749998 0.45338541718750003 0.20625 0.46692708281249995 0.21875 0.52757675625 0.2578125 0.528497025 0.2578125 0.53125 0.2449652796875 0.53125 0.2423611078125 0.5283854171875 0.2270833328125 0.5127604171875 0.2114583328125 0.5002604171875 0.20729166718749997 0.48671875 0.178125 0.47109375 0.17916666718750002 0.46067708281249997 0.16875 0.416927084375 0.15625 0.45130208281249995 0.11875 0.44817708281249996 0.078125 0.45130208281249995 0.071875 0.43723958124999995 0.0671875 0.43302083593749996 0.0671875 0.382552084375 0.0770833328125 0.3221354171875 0.075 0.30234375 0.10729166718750001 0.43776041718750003 0.1989583328125 0.45026041718750004 0.20208333281250002 0.4575520828125 0.1989583328125
16 0.6 0.44804910937500003 0.6172794125000001 0.44899407656249996 0.6248527703125 0.453125 0.6726970984375 0.453125 0.6801879078125 0.45062806406249994 0.7079656859375 0.44981107031249995 0.7351399093750001 0.453125 0.8160466234375001 0.453125 0.8909722234374999 0.44817708281249996 0.915482025 0.4391901546875 0.9359068609375001 0.4220332921875 0.9489787578125 0.39507250781250003 0.9546875 0.37142200625 0.9546875 0.269180196875 0.941625815625 0.17285028593750001 0.9138480375 0.13281760625 0.9073120906250001 0.130366625 0.6 0.130366625 0.6 0.44804910937500003
16 0.6 0 0.6 0.131957546875 0.7359376125 0.1328125 0.9172114765625 0.1328125 0.9333333328125001 0.11515522812500001 0.9390625 0.1015484609375 0.9390625 0 0.6 0
15 0.3601954140625 0.4796875 0.094140625 0.59345703125 0.10390625 0.61103515625 0.11533203125 0.6171875 0.11816355625 0.6171875 0.43234749375000003 0.4796875 0.3601954140625 0.4796875
15 0.50076456875 0.4796875 0.4265625 0.7193516515624999 0.4265625 0.721875 0.4609375 0.721875 0.5306078765625 0.4796875 0.50076456875 0.4796875
15 0.6 0.7891818953125 0.51650390625 0.911328125 0.51845703125 0.926953125 0.50380859375 0.946484375 0.49111328125 0.95625 0.47744140625 0.962109375 0.50673828125 0.9875 0.6 0.8519746625 0.6 0.7891818953125
15 0.3020640625 1 0.20302734375 0.9009632812499999 0.17568359375 0.8872914062499999 0.15615234375 0.8765492187499999 0.15517578125 0.8667835937499999 0.12685546875 0.8492054687499999 0.08681640625 0.8101429687499999 0.07900390625 0.8169789062499999 0.16298828125 0.9156117187499999 0.242313265625 1 0.3020640625 1
3 0.6 0.710557990625 0.587890625 0.713860546875 0.494140625 0.721673046875 0.4013671875 0.728508984375 0.2958984375 0.756829296875 0.2158203125 0.783196484375 0.1767578125 0.8115167968750001 0.1884765625 0.8417902343750001 0.2099609375 0.8632746093750001 0.228515625 0.8935480468750001 0.255859375 0.9052667968750001 0.26953125 0.9355402343750001 0.2880859375 0.9521417968750001 0.2958984375 0.9472589843750001 0.330078125 0.9384699218750001 0.369140625 0.9374933593750001 0.4013671875 0.9433527343750001 0.4541015625 0.9589777343750001 0.48828125 0.9531183593750001 0.5068359375 0.9443292968750001 0.5166015625 0.9277277343750001 0.5224609375 0.8984308593750001 0.6 0.7835235734375 0.6 0.710557990625
3 0.08434643593749999 0.4796875 0.0576171875 0.522454296875 0.052734375 0.53028828125 0.0654296875 0.54200703125 0.0810546875 0.55274921875 0.103515625 0.56251484375 0.1044921875 0.57325703125 0.1142578125 0.58009296875 0.1376953125 0.57228046875 0.1748046875 0.55665546875 0.1953125 0.48634296875 0.1969471765625 0.4796875 0.08434643593749999 0.4796875
3 0 0.7545425421875 0.03515625 0.77052265625 0.0546875 0.78810078125 0.1015625 0.82423359375 0.134765625 0.86036640625 0.1787109375 0.87208515625 0.220703125 0.89161640625 0.2109375 0.87208515625 0.173828125 0.81153828125 0.1923828125 0.79884296875 0.25 0.77247578125 0.3251953125 0.75001484375 0.361328125 0.73731953125 0.3203125 0.70704609375 0.2333984375 0.64454609375 0.1630859375 0.59767109375 0.111328125 0.62110859375 0.09765625 0.60157734375 0.0654296875 0.63185078125 0.03515625 0.67091328125 0.0224609375 0.70021015625 0 0.7378865671874999 0 0.7545425421875
3 0.6 0.49468601875000007 0.5830078125 0.48048359375 0.515625 0.56739765625 0.4951171875 0.62696796875 0.4794921875 0.71583515625 0.53515625 0.71583515625 0.5732421875 0.71485859375 0.6 0.7087265953124999 0.6 0.49468601875000007
3 0.43572591093749996 0.4796875 0.388671875 0.50001484375 0.287109375 0.54591328125 0.236328125 0.63966328125 0.28125 0.67677265625 0.3076171875 0.69435078125 0.3486328125 0.70704609375 0.396484375 0.72755390625 0.419921875 0.72071796875 0.4345703125 0.68946796875 0.4892578125 0.52247578125 0.5014830359375 0.4796875 0.43572591093749996 0.4796875
11 0.7720757375 0.4796875 0.771875 0.4828992953125 0.771875 0.48773561406250004 0.7802951375 0.5093874015625 0.793315971875 0.5242683515625 0.809437003125 0.547829859375 0.8528397812499999 0.5899925578125 0.8826016859375001 0.6234747031250001 0.8974733453124999 0.625 0.90788499375 0.625 0.9253844234375 0.6098338296875 0.9563864078125001 0.6030133937500001 0.9731274796875 0.5720114093750001 0.9849082328125001 0.541009425 0.9942088281250001 0.5372891875 1 0.512966265625 1 0.5096106203125 0.9925192203125001 0.4796875 0.7720757375 0.4796875
2 0.84327876875 0.4796875 0.8398561499999999 0.486681546875 0.8497767859375 0.5164434531250001 0.8670516296875 0.5296875 0.8694626328125 0.5296875 0.8782986109375 0.5214037703125001 0.8962797625000001 0.5164434531250001 0.9055803578124999 0.509623015625 0.9111607140625001 0.4922619046875 0.91612103125 0.482961309375 0.919394840625 0.4796875 0.84327876875 0.4796875
10 0.7906373999999999 0.5368923624999999 0.7887772828124999 0.5393725203125 0.7751364078125 0.5598338296875001 0.7695560515625 0.5871155765625 0.7348338296875 0.6627604171875 0.7168526796875 0.6919022828125 0.706312003125 0.7148437515625 0.705691965625 0.7284846234375 0.6963913703125 0.7371651796875 0.6815104171875 0.7762276796875 0.6740699421875 0.8097098218750001 0.6777901796875 0.8369915671874999 0.6895709328125 0.8574528765625 0.6858506953125 0.8642733140625 0.6784102187500001 0.873573909375 0.6728298609375 0.8952752984375 0.667249503125 0.9051959328125001 0.6610491062499999 0.9275173609374999 0.6622891875 0.9380580359374999 0.6771701390625 0.9485987109374999 0.6976314484375 0.9566592265625001 0.7074342703125 0.9578125 0.724683784375 0.9578125 0.7354538703125 0.955419146875 0.759015378125 0.8977554578125 0.7596354171875 0.88349454375 0.7825768859375 0.86923363125 0.8036582343750001 0.850632440625 0.8086185515625001 0.836371528125 0.8179191484375 0.818390378125 0.8278397828124999 0.8016493062500001 0.832180059375 0.7787078375 0.8340401796875 0.760106646875 0.8464409734375 0.74460565625 0.8520213296874999 0.727864584375 0.8749627984374999 0.63981895 0.8859375 0.5866782859375 0.8859375 0.5801091281249999 0.8786830359375 0.5561135921875 0.8402405765625 0.5313120046875 0.8154389890625 0.5282118062500001 0.7924975203125 0.5356522828125 0.7928518296875 0.5351208203125 0.7906373999999999 0.5368923624999999
4 0.623849525 0.4796875 0.61875 0.5278496890625 0.61875 0.5538688171875 0.6309312546875 0.5751860109375 0.6613131984375 0.5510044640625 0.6544927625 0.5392237109375 0.6799143890625 0.5348834328125001 0.6693737140625 0.5559647828125 0.6718538734375 0.5844866078125 0.68314260625 0.6046875 0.6856471015625 0.6046875 0.7332378015625001 0.5838665671875 0.7611395875 0.5714657734374999 0.7741604203125 0.5683655765625 0.7853211359375 0.5435639890624999 0.7927616109375 0.5336433546875 0.7915215328125 0.5181423609375 0.776020540625 0.5038814484375 0.772721365625 0.4796875 0.623849525 0.4796875
4 1 0.7898127468749999 0.9898313484375001 0.7936259921875 0.944568453125 0.7564236109375 0.9290674609374999 0.7353422625 0.9179067453125 0.7365823406249999 0.884424603125 0.7632440468749999 0.8707837296875001 0.782465278125 0.8441220234374999 0.8023065468749999 0.83916170625 0.798586309375 0.8466021828125001 0.8630704359375001 0.8509424609374999 0.9287946421874999 0.849082340625 0.9449156750000001 0.8515625 0.97529761875 0.8893849203125 0.9666170640625001 0.9117063484375001 0.9554563484374998 0.940228175 0.9480158734374999 0.9774305562500001 0.9449156750000001 1 0.9404861578125001 1 0.7898127468749999
9 0.9600694437499999 0.7024801593750001 0.9879712296875001 0.6615575390625 0.9885912703124999 0.6497767859375 0.9600694437499999 0.6063740078125 0.9383680562500001 0.6045138890625 0.9210069437499999 0.6150545640625 0.898685515625 0.628075396875 0.87822420625 0.6410962296875 0.8788442453125 0.6417162703125 0.8707837296875001 0.6516369046875 0.8590029765625001 0.6931795640624999 0.8509424609374999 0.7341021828125001 0.8447420640625 0.7520833328125001 0.832961309375 0.7632440468749999 0.8323412703124999 0.778125 0.827380953125 0.7954861109375 0.847222221875 0.8016865078125001 0.8658234125 0.784325396875 0.8943452375 0.7520833328125001 0.9241071421875 0.72666170625 0.9600694437499999 0.7024801593750001
4 1 0.49253472187499997 0.997271825 0.496626984375 0.9985119046875 0.5152281750000001 0.9935515875 0.5381696421875 0.9842509921874999 0.5443700390624999 0.96688988125 0.5803323406249999 0.958209325 0.6020337296875 0.989211309375 0.64853670625 0.9885912703124999 0.6609375 0.9290674609374999 0.681398809375 0.9210069437499999 0.6975198406249999 0.9024057546875 0.69813988125 0.9228670640625 0.728521825 0.91356646875 0.7353422625 0.9327876984374999 0.73720238125 0.9371279765625001 0.7458829359375001 0.958829365625 0.768204365625 0.99169146875 0.7923859125 1 0.78295460625 1 0.49416774218750004 0.9991319437499999 0.49414682499999996 1 0.49270006562499996 1 0.49253472187499997