6 0.195224534375 0 0.1875886671875 0.0373737125 0.1875 0.0423669 0.1875 0.077674596875 0.1931613578125 0.0890625 0.2264098953125 0.0890625 0.24104214218750003 0.082153375 0.2591491453125 0.0807952609375 0.2625 0.0712259328125 0.2625 0.054392026562499994 0.2533943109375 0.0058018546875 0.2532834671875 0 0.195224534375 0
6 0.257141303125 0 0.25265888593749997 0.0280923671875 0.2559364109375 0.055458795312499996 0.2531836625 0.0762389890625 0.2461059453125 0.0862444640625 0.24375 0.11783449531250001 0.24375 0.1310686140625 0.24860431093750002 0.1716007671875 0.272394415625 0.1890625 0.3068896578125 0.1890625 0.31360980625 0.18459319375 0.312149196875 0.1608804375 0.3140625 0.16158699062499998 0.3140625 0.1422463078125 0.30988584218750004 0.1258581484375 0.3027394734375 0.0408503640625 0.288638790625 0.008339915625 0.2881100171875 0 0.257141303125 0
6 0.2564478125 0.1729024984375 0.23854656875 0.14907600468749999 0.211962709375 0.132543990625 0.1898752984375 0.1069159265625 0.1757860265625 0.11329782968749999 0.1734375 0.11804876093750001 0.1734375 0.125951159375 0.2022100921875 0.17360285312499998 0.222830646875 0.1935083296875 0.23302340312499997 0.21712872968750002 0.2432800765625 0.22323992499999998 0.245271625 0.233431065625 0.26522832812499997 0.24993950156250003 0.2935968046875 0.29375 0.32271652031250003 0.29375 0.3390625 0.277923096875 0.3390625 0.25716981250000004 0.3228492046875 0.24871518125 0.3216606703125 0.240849575 0.3126244890625 0.23384938437499997 0.31129679375 0.227055290625 0.27804249375 0.1853074015625 0.2564478125 0.1729024984375
6 0.1644894046875 0.1904960796875 0.1847634921875 0.2163349609375 0.20918805625 0.2361582609375 0.21930883906249998 0.25355478124999997 0.24206670937500002 0.2775751453125 0.24984758125 0.2953125 0.2784467296875 0.2953125 0.28125 0.29178070312500004 0.28125 0.2635478015625 0.268462165625 0.24733466875 0.252949009375 0.23686299375000003 0.22528860781249999 0.1985713578125 0.1961796765625 0.18019322499999998 0.18179933125 0.16095406875 0.144563559375 0.144557015625 0.1273159921875 0.128125 0.11429988906249999 0.128125 0.11407113437500001 0.1281840765625 0.1078125 0.1358646 0.1078125 0.1431441859375 0.11013881875 0.1499161015625 0.1382565421875 0.175965778125 0.1644894046875 0.1904960796875
6 0.0984753703125 0.27579638906250004 0.111193371875 0.305023253125 0.16389180781249998 0.3658723578125 0.17178138125 0.38125 0.2011655453125 0.38125 0.21875 0.360907209375 0.21875 0.335295665625 0.21613959062500002 0.32909286249999997 0.185349875 0.29467328125000003 0.1698536578125 0.2866598796875 0.159123615625 0.26752108125 0.1359647 0.2506376140625 0.11422679218750001 0.21448136562500003 0.09051223281250001 0.20184059375 0.06444894375 0.1734375 0.0580057828125 0.1734375 0.0544326046875 0.17412304375 0.0421875 0.18753384687500002 0.0421875 0.189161315625 0.057265334375 0.2114506109375 0.072249115625 0.24864418906250002 0.0984753703125 0.27579638906250004
6 0.122534453125 0.1592142640625 0.0838846875 0.136756240625 0.07598055625 0.119573978125 0.0659567171875 0.118984375 0.0546875 0.12814863125 0.0546875 0.139437253125 0.058281812499999995 0.1527106109375 0.0739048046875 0.16217397656250002 0.0886799140625 0.17827440625 0.12922221875 0.24740464218749997 0.14580195468749998 0.25816260468749996 0.15097716875 0.270354896875 0.18219069999999998 0.2983194671875 0.1927907296875 0.315625 0.2209441 0.315625 0.2359375 0.2990273390625 0.2359375 0.2699217015625 0.20685778125 0.23698748281249998 0.1797214 0.2210267875 0.1691972109375 0.20678621718749998 0.169370978125 0.1966422 0.1416693421875 0.1851062140625 0.122534453125 0.1592142640625
14 0.1534600921875 0.4 0.0794698125 0.3703125 0.078126146875 0.3703125 0.0734375 0.37844253437500003 0.0734375 0.381142059375 0.118706509375 0.4 0.1534600921875 0.4
6 0.0774767328125 0.4 0.0811696828125 0.3989116703125 0.078130453125 0.38853801250000003 0.08125 0.3839900921875 0.08125 0.3364407390625 0.06850302968750001 0.2763000859375 0.0448253796875 0.2394093671875 0.025827403125 0.16608728281250001 0.017853631249999998 0.151586515625 0.00688344375 0.1519043859375 0 0.1558414921875 0 0.260069325 0.004746465625 0.26213464375 0.0081986046875 0.26929377187500003 0.000754978125 0.2932084578125 0.0120432515625 0.31593986093750004 0.0174447265625 0.375991625 0.029284375 0.4 0.0774767328125 0.4
6 0 0 0 0.0829938125 0.026227271875000003 0.06853575468749999 0.1037201875 0.0403742296875 0.1394250375 0.0151620609375 0.15015915156249998 0.0013454875 0.15037726875 0 0 0
6 0.328058778125 0.4 0.325983625 0.395981778125 0.3296875 0.37749940937500004 0.3296875 0.36275427968749996 0.3237353234375 0.353757103125 0.3126979734375 0.346351603125 0.2833632453125 0.31157368281250003 0.24475384218750001 0.2983194671875 0.2263619765625 0.297354484375 0.21979889218749998 0.3061332546875 0.2352048546875 0.3219979125 0.2493449328125 0.3563613875 0.25972800937499996 0.36035126093750003 0.267673803125 0.374931328125 0.2942542765625 0.3971241171875 0.308442609375 0.4 0.328058778125 0.4
6 0 0.15625 0.008371881250000001 0.15625 0.009810765624999999 0.155559378125 0.0278863296875 0.1541812671875 0.045853387499999995 0.1450508296875 0.07415828906250001 0.1166673421875 0.130747209375 0.1029866765625 0.1403046078125 0.0725536359375 0.1501875328125 0.06537758125000001 0.16512042968750001 0.062365825 0.1765625 0.0459190640625 0.1765625 0.037079565625 0.14936327031250002 0.028778275 0.13874302031250002 0.0171875 0.13751951406250001 0.0171875 0.124893859375 0.0191367609375 0.0989511796875 0.03797390625 0.0320567640625 0.06207413125 0 0.0799509765625 0 0.15625
18 0.613724 0 0.6046387390625 0.0255129171875 0.5965228421875 0.0405620734375 0.5890625 0.0472660328125 0.5890625 0.109375 0.5929051140625 0.109375 0.59362430625 0.10886208281250001 0.6040590328125 0.09612818281249999 0.62202995 0.08339428125000001 0.6452182296875 0.057926481249999995 0.6562326625 0.0347739359375 0.6649282671875 0.02261885 0.6707027546875001 0 0.613724 0
18 0.5890625 0.21568784531250002 0.606520715625 0.213847553125 0.620245628125 0.20979662812500002 0.6591328765625 0.191278109375 0.6865827 0.17507440624999998 0.6890625 0.1695536671875 0.6890625 0.1455041859375 0.6865827 0.1432457015625 0.6757171453125 0.141509590625 0.6253924703125 0.1588707015625 0.5890625 0.176059075 0.5890625 0.21568784531250002
18 0.7111624828125 0 0.6964152453125 0.024207590625 0.693500134375 0.035926340625 0.68300573125 0.051746653125 0.6878009984375 0.0640625 0.7107197390625 0.0640625 0.7174040515625 0.051746653125 0.7313965890625 0.047645090625 0.73606076875 0.040613840624999994 0.7477212171875001 0.0335825890625 0.762758196875 0 0.7111624828125 0
18 0.890617065625 0 0.881788853125 0.0107832796875 0.850503975 0.0220606734375 0.8359375 0.03386519375 0.8359375 0.05323709375 0.84629255 0.0600476859375 0.8568203000000001 0.0625 0.9069782203125 0.0625 0.9070574078125 0.0624218765625 0.916683525 0.057673498437500005 0.9323259625 0.042241275 0.9389439171875 0.028589692187499998 0.94375 0.010871475 0.94375 0 0.890617065625 0
18 0.821370534375 0.1707885390625 0.8156785718750001 0.1610115265625 0.802587053125 0.1472086828125 0.80201785625 0.16561247343750002 0.8099866062500001 0.1707885390625 0.811125 0.180565553125 0.822508928125 0.21277218593749997 0.83787723125 0.2323262125 0.8361696437500001 0.2421032265625 0.85096875 0.2702840296875 0.8560915187500001 0.29041317499999997 0.8720290187499999 0.2944390046875 0.8875846890625001 0.303125 0.9121715546875 0.303125 0.9164263406250001 0.2921385296875 0.9283794656250001 0.28121127968750004 0.9465937499999999 0.25073000156249997 0.9574084812500001 0.22024872499999998 0.958546875 0.2081712375 0.9609375 0.20334024374999998 0.9609375 0.1950585375 0.957977678125 0.192067921875 0.9551316968750001 0.17366413125 0.9460245531249999 0.1638871171875 0.9369174093750001 0.1598612890625 0.93065625 0.1610115265625 0.920979909375 0.1581359328125 0.899350446875 0.1483589203125 0.88398214375 0.15353498593749998 0.880566965625 0.1460584453125 0.8755836796875001 0.1453125 0.855967534375 0.1453125 0.841292409375 0.14778380156249998 0.8401540187500001 0.1840162625 0.838446428125 0.18574161875 0.831046875 0.1702134203125 0.8282008937500001 0.167912946875 0.821370534375 0.1707885390625
18 0.8364763546875 0.2861367984375 0.8188197546874999 0.2795599484375 0.8064601359375001 0.271787309375 0.7882149828125 0.26760204062500004 0.777621025 0.2616230859375 0.7670270640625001 0.2616230859375 0.7440734859375 0.26341677343750003 0.7022862015625 0.2729830984375 0.6805097296875 0.2747767859375 0.6746241984375 0.2795599484375 0.6625 0.28395875 0.6625 0.289102359375 0.6640302375 0.28972417031250003 0.679332625 0.28852838125 0.685806709375 0.2861367984375 0.6899265828125001 0.28075574062499997 0.7022862015625 0.276570471875 0.71876569375 0.2861367984375 0.724651228125 0.3022799734375 0.7293596546875 0.308258928125 0.7682041703125 0.3184231515625 0.7882149828125 0.328587371875 0.799397496875 0.34054527968750004 0.8388305656250001 0.35130739843750003 0.8446533203125 0.3546875 0.8734375 0.3546875 0.8734375 0.330446284375 0.8659040171875001 0.317227359375 0.8611955921875 0.3130420921875 0.858841378125 0.301084184375 0.84353899375 0.2939094375 0.8364763546875 0.2861367984375
18 0.705198578125 0.4 0.6945269578125 0.3916508359375 0.693925996875 0.37754559374999996 0.6999356109375 0.36872981718750003 0.716762534375 0.3581508828125 0.7185654203125 0.3493351078125 0.716762534375 0.3399316125 0.717363496875 0.306431659375 0.7209692656250001 0.292914134375 0.7265625 0.2853403171875 0.7265625 0.2671875 0.6809417953125 0.2671875 0.658469265625 0.2699931140625 0.6530606109375 0.2723439875 0.64825291875 0.2805720453125 0.6572673421874999 0.3017299109375 0.657868303125 0.3087825328125 0.6530606109375 0.31994918437500003 0.6530606109375 0.32876496093749996 0.6614740734375 0.3599140390625 0.6416423421874999 0.37637015625000003 0.6390625 0.386462125 0.6390625 0.39334202500000004 0.6414453 0.4 0.705198578125 0.4
18 0.7078125 0.33599600625 0.7078125 0.3406080453125 0.7127905640625001 0.352756696875 0.7274630546875 0.375022321875 0.748591440625 0.388498884375 0.76760339375 0.3953125 0.7965641984375 0.3953125 0.8025862078125 0.387912946875 0.803125 0.3842820609375 0.803125 0.3361288578125 0.7714805265625 0.309983259375 0.7468307421875 0.302952009375 0.72276785625 0.301194196875 0.7174857609374999 0.297092634375 0.7098560640625 0.309983259375 0.7078125 0.33599600625
18 0.667243728125 0 0.6617559515625 0.03824880625 0.6640625 0.0850718953125 0.668098959375 0.0936370953125 0.66982886875 0.1073414125 0.667522321875 0.12161674687499999 0.66867559375 0.1324659984375 0.6744419640625 0.1398891703125 0.6850245625 0.14375 0.6935613140625 0.14375 0.6957775296875 0.13760511875 0.7026971718749999 0.0776487234375 0.7101934515625 0.05423717812499999 0.7142299109375 0.047956031249999996 0.7136532734375 0.0428169109375 0.703850446875 0.037677792187499996 0.7015438984375 0.0342517140625 0.7021205359375 0.018834353125 0.7101934515625 0.0062720625 0.7159598218750001 0.00170395625 0.7165743703125 0 0.667243728125 0
18 1 0 0.9466998578125001 0 0.9394068875 0.020176978125 0.9394068875 0.03404815 0.9638488515624999 0.0594786359375 0.9644308031250001 0.0762396375 0.959775190625 0.0877989484375 0.9591932390625001 0.10918367343749999 0.9632669 0.1299904328125 0.97025031875 0.1455955046875 0.9760698343750001 0.15079719375 0.9970200890625 0.157154815625 1 0.1572605125 1 0
18 1 0.1678076875 0.9871004781250001 0.1661931828125 0.9790615296875 0.168492965625 0.97446784375 0.17251758749999999 0.968151528125 0.1863162890625 0.961261 0.1937905859375 0.9428862578124999 0.25013528281249997 0.9411636265624999 0.265083875 0.94747994375 0.2668087125 0.9589641562500001 0.26450892812500004 0.9848036375 0.25128517499999997 0.9916941640625 0.25013528281249997 1 0.2542935171875 1 0.1678076875
18 0.765794353125 0.0721382484375 0.7595492046875 0.0760869578125 0.7584137234374999 0.08116386875 0.7646588703124999 0.092445896875 0.7629556484375 0.0952664015625 0.7669298328125 0.09921511093749999 0.76636209375 0.10259971875 0.740246021875 0.1324970890625 0.7357040953125 0.1539329390625 0.7260525046875 0.1607021546875 0.7266202453125 0.167471371875 0.7351363546874999 0.18213800625 0.747058909375 0.192291828125 0.75013406875 0.196875 0.7591171796875 0.196875 0.772607240625 0.1736764859375 0.7890717203125 0.1646508640625 0.798155571875 0.154497040625 0.8237039015625001 0.14321501406249998 0.853794159375 0.135317596875 0.8583360828125001 0.130240684375 0.86003930625 0.117266353125 0.8708263781250001 0.11331764375 0.8770715265625 0.10654842812500001 0.897510190625 0.093009996875 0.902052115625 0.087368984375 0.9078125 0.08660585625 0.9078125 0.071036765625 0.898645671875 0.06480493125 0.8719618593749999 0.054651106250000005 0.8458457890625001 0.052958803124999995 0.8282458265624999 0.0580357140625 0.8055362 0.069317740625 0.765794353125 0.0721382484375
18 0.6128479515625 0.29293526718749996 0.6169073875 0.30305431562499996 0.615167628125 0.317340028125 0.619227065625 0.3215066953125 0.629085696875 0.3244828875 0.6353475484375 0.328125 0.6538008703125 0.328125 0.6580816703125001 0.317340028125 0.6580816703125001 0.3042447921875 0.654602153125 0.2994828875 0.6528623953125 0.290554315625 0.6592415078125 0.2834114578125 0.6743194156250001 0.27984002812500003 0.680698528125 0.27567336249999996 0.6890625 0.2499186421875 0.6890625 0.2251578640625 0.68707764375 0.2221019328125 0.683598125 0.2096019328125 0.6859178046875 0.18162574375 0.6821660875 0.178125 0.674478215625 0.178125 0.60704875625 0.21079241093749998 0.6082085953125 0.2232924109375 0.613427871875 0.23222098125 0.61632746875 0.247697171875 0.6116881125 0.2715066953125 0.6128479515625 0.29293526718749996
3 0.1257326 0.743395146875 0.11951554375 0.765988028125 0.11504559218749999 0.777675553125 0.10693798437499999 0.8101003406250001 0.0984375 0.8331403265624999 0.0984375 0.85684624375 0.10783176406249999 0.8539345578125002 0.11350706562499999 0.8550289937500001 0.116803671875 0.8585406484375 0.12397064531249999 0.869857778125 0.12680914062499998 0.8774642609375001 0.12428981562500001 0.9023389140625 0.12480603593749999 0.9047914968749999 0.1270996796875 0.9102013249999998 0.13343492343750002 0.9171748874999999 0.146133478125 0.926159909375 0.1581437421875 0.9318748218749999 0.1845429703125 0.940887425 0.2045505328125 0.9504975890625001 0.20748790156250002 0.9515625 0.2536128625 0.9515625 0.255856190625 0.9488877515624999 0.26153093125 0.9452760109374999 0.2715338703125 0.943021825 0.28784201249999997 0.9362316875000001 0.3050964140625 0.93276140625 0.3204015953125 0.9278694421874999 0.333758121875 0.9262619687499999 0.34820350312500004 0.921988540625 0.369784975 0.9104634609375001 0.38110554531249996 0.90114281875 0.40515133125 0.88407965 0.41329094375000003 0.8796360015625 0.4203125 0.8775090593750001 0.4203125 0.635645996875 0.412688484375 0.6353271390625 0.3702118578125 0.645175790625 0.35181049375 0.6447646140625001 0.33702040312500003 0.64269680625 0.3138891515625 0.6374517859375001 0.2932800328125 0.630862996875 0.281011803125 0.6250983390625 0.26152045625000003 0.6179407609374999 0.25896986875 0.6171875 0.21046577656249998 0.6171875 0.1998390859375 0.6204256515625 0.19081188124999998 0.632803034375 0.159777384375 0.6911345531249999 0.14261113125 0.7126617640624999 0.13048915 0.7315014468750001 0.1257326 0.743395146875
3 0.4691726421875 0.4 0.46263037812499996 0.404009534375 0.459149075 0.4092675296875 0.45717992343749997 0.4104368265625 0.4541841328125 0.4183621875 0.44945007343750004 0.44861397812500003 0.43578789687499997 0.5206765375 0.42805944531250006 0.5704404125 0.4174534453125 0.661881665625 0.4171875 0.6678833296875 0.4171875 0.8090038625 0.41767206406249996 0.81769681875 0.4185041765625 0.8544172312499999 0.42264821250000006 0.9012959453124999 0.420708690625 0.9114825796874999 0.420310390625 0.9219631609375 0.42133815312499995 0.9244764703125 0.425219996875 0.9272766484375001 0.45007882187500003 0.9278982109375 0.49103578125 0.9393143859374999 0.5342612531250001 0.9546875 0.5711693421875 0.9546875 0.5890625 0.7965052015625 0.5890625 0.42548840625000006 0.5882681203125 0.42539697656250003 0.5332408859375 0.4154168828125 0.5216817265625 0.4132122640625 0.4842066296875 0.4011727828125 0.472720728125 0.4 0.4691726421875 0.4
3 0 0.4 0 0.5404717765625 0.0037276390625000004 0.5515625 0.041803853125 0.5515625 0.042893928125 0.5508249921875 0.05465170625 0.545747803125 0.06501910625 0.5388363500000001 0.0728961984375 0.5351102812499999 0.105243271875 0.5104298515625001 0.11592947812500001 0.505409609375 0.14077641093749999 0.48818791875 0.1446568125 0.4844834234375 0.1474074953125 0.47899441718749997 0.1589566203125 0.4 0 0.4
3 0.1427084328125 0.4 0.139686034375 0.41861778593750004 0.1331052234375 0.46545619375 0.1323010359375 0.47497454375 0.132905515625 0.4790121421875 0.125140521875 0.48457859374999995 0.113722734375 0.489704540625 0.102506628125 0.49774496562500004 0.1 0.4985652765625 0.1 0.506273321875 0.1047510375 0.5060191390625001 0.11841294843750001 0.5068144421875 0.146196465625 0.504310521875 0.1841031765625 0.4940790171875 0.21179965625000002 0.48528406406249996 0.24343679843750002 0.47907636875000004 0.260866140625 0.47693562343749996 0.29954943749999996 0.4668533484375 0.33098546562500003 0.46243701093750006 0.34899027656250003 0.4622368578125 0.357302571875 0.463572740625 0.36857783125 0.46913800781250004 0.3764017 0.47482433281249997 0.39576025625 0.49083150625 0.4113226484375 0.5100306375 0.41639290156250003 0.5140625 0.44633600625 0.5140625 0.4462396453125 0.5122960859375001 0.4486533296875 0.4931527078125 0.4511549046875 0.4873591140625 0.45282215 0.47957518749999994 0.4577937453125 0.44471472500000003 0.461156965625 0.4288909625 0.4628230828125 0.41169536406249996 0.464778203125 0.4060581890625 0.4679299640625 0.4 0.1427084328125 0.4
3 0.11244007656249999 0.4930757734375 0.1045560046875 0.4942069328125 0.0993197140625 0.4979665609375 0.0768926765625 0.528611309375 0.06962033749999999 0.5362167859375 0.059380534375 0.5440457000000001 0.052486 0.548280746875 0.036776554687500004 0.5547920859375 0.0257503703125 0.555318496875 0.0180403859375 0.5525103015624999 0.0171875 0.5526765640625 0.0171875 0.604361815625 0.0240143625 0.63523618125 0.026139882812499998 0.649682715625 0.036881446875 0.701808159375 0.0433141328125 0.7279428296875 0.05120476875 0.781638425 0.051467753125 0.791223909375 0.0461741984375 0.8026533812500001 0.050073637500000004 0.8108198968749999 0.0563296671875 0.8194399781249999 0.058875251562499994 0.821875 0.115151659375 0.821875 0.115534128125 0.8210350796875 0.1271369875 0.7771830359375 0.1391481390625 0.74162015625 0.151248475 0.7219658875 0.17571184687500002 0.6898590640625001 0.19470500468750002 0.65166711875 0.2039547015625 0.635966775 0.20805615 0.630399584375 0.2121578828125 0.6272161671875001 0.23563514843750002 0.6206107218750001 0.24375 0.6197162796875 0.24375 0.4765625 0.20621231562500003 0.4765625 0.19471350625 0.4797762703125 0.1899134296875 0.4820307078125 0.1579412234375 0.4904443140625 0.14572235625000002 0.49206546093750003 0.11244007656249999 0.4930757734375
3 0.387946453125 0.4864555421875 0.37587615625000004 0.474908021875 0.35642504218750004 0.462201928125 0.3404837328125 0.4604912234375 0.31631505625 0.4627524375 0.2943547765625 0.467673296875 0.269414221875 0.47444863125000003 0.250825028125 0.47635380781250003 0.2421875 0.47951429375 0.2421875 0.6310763453125 0.2518446328125 0.6334417328124999 0.268761590625 0.6388921078124999 0.2802959109375 0.6429863156250001 0.29122868125 0.649735625 0.3037005296875 0.653125 0.4203125 0.653125 0.4203125 0.5181600421875 0.4150216734375 0.515696090625 0.40903188437500004 0.509513096875 0.40343501093749995 0.49978352031249995 0.39847373125 0.49435821874999997 0.387946453125 0.4864555421875
5 0.753634746875 0.606805653125 0.7441632125 0.6043463265625 0.739918034375 0.612232390625 0.7373779 0.6245659031249999 0.736361821875 0.6378861 0.736361821875 0.6497262609375 0.740426053125 0.6615664796875 0.7429661890625 0.675379971875 0.7460143421875001 0.6896868546875 0.75160263125 0.698073628125 0.7538343109375 0.7 0.76201170625 0.7 0.76328726875 0.696593628125 0.7658274031250001 0.6916602046875 0.7673514984375001 0.6882068359375 0.7693835765625 0.6808067296875 0.7703125 0.6782809453125 0.7703125 0.6506940578125 0.7693835765625 0.6487395953125 0.7653193828125 0.6433128390625 0.7637952875 0.629992640625 0.7627792484375 0.6201258296875001 0.762271228125 0.6161791109375001 0.753634746875 0.606805653125
7 0.786932040625 0.4 0.7828630656250001 0.405078125 0.78504753125 0.4814127609375 0.7916009296875 0.49122721406250003 0.805799959375 0.4879557296875 0.81283698125 0.5 0.8589904609375001 0.5 0.87351840625 0.49013671875 0.8942708328125001 0.46178385468750005 0.922668890625 0.43343099062499996 0.9464799328125 0.4 0.786932040625 0.4
7 0.6671875 0.4 0.6671875 0.446752646875 0.6810218546875 0.44057800625 0.671662990625 0.4672070796875 0.7324956078125 0.558059209375 0.7122180703125001 0.5627584578125 0.720017121875 0.5784226171875 0.7106582578125 0.583121865625 0.7090984484375 0.5972196109375 0.727816175 0.6160166031250001 0.729760925 0.6296875 0.7358093375 0.6296875 0.7558927671875 0.5956531953125 0.768371253125 0.603485275 0.757452578125 0.572156953125 0.803125 0.5276809953124999 0.803125 0.519442353125 0.794888034375 0.5157659765625 0.7636918203125 0.5095003124999999 0.7636918203125 0.4922697359375 0.7902086015625001 0.4734727421875 0.7855291703125 0.4139489328125 0.7883071921875 0.4 0.6671875 0.4
7 1 0.6908085734375 0.98239204375 0.682443665625 0.956378453125 0.6794036999999999 0.9471971874999999 0.699163478125 0.93125 0.726524503125 0.93125 0.728336228125 0.962499296875 0.7386830359375001 0.9839222546874999 0.7706026796875 0.999224365625 0.8146821843750001 1 0.821616234375 1 0.6908085734375
7 1 0.59618649375 0.9946428578125002 0.59075655 0.9946428578125002 0.5564674609375 0.9771825390625001 0.5431942640624999 0.9564484125 0.5398759656250001 0.940625 0.5539096062500001 0.940625 0.5769805828125 0.94990079375 0.57527115625 0.9597222234375 0.579695553125 0.9597222234375 0.604029746875 0.9553571421875 0.61509074375 0.9706349203125001 0.6261517390625 0.9804563484375001 0.6482737328124999 0.978273809375 0.662653028125 0.965178571875 0.6792445218750001 0.9619047625 0.6914116203124999 0.9640873015625001 0.69472991875 0.978273809375 0.69251771875 0.9957341281249998 0.6969421171875 1 0.6999942421875 1 0.59618649375
7 1 0.41454531718750004 0.988903409375 0.4015625 0.9706013140625 0.4015625 0.9416021015625 0.43125 0.903637225 0.442354559375 0.89279011875 0.4567904875 0.8689264812499999 0.4723368703125 0.8602487953125 0.4734473265625 0.8483169765625 0.46345322343749995 0.836385159375 0.46345322343749995 0.8136062328125 0.47677869531250006 0.8114368125 0.49010416718750005 0.8179450765624999 0.50565055 0.835300446875 0.521196934375 0.8559099515625 0.556731525 0.874350034375 0.568946540625 0.8798673656249999 0.578125 0.9055508734375 0.578125 0.9253314406250001 0.546737421875 0.9394326796874999 0.5411851421875 0.960042184375 0.520086478125 0.9719740015625 0.5145341984374999 0.9914987953125 0.493435534375 1 0.4772728625 1 0.41454531718750004
7 0.7901041671875 0.7586309531250001 0.7869419640624999 0.7188947875 0.796428571875 0.73723455625 0.800810871875 0.7640625 0.8042203484374999 0.7640625 0.8201450890625 0.7525176968749999 0.84375 0.7449120875 0.84375 0.731615753125 0.8359561015625001 0.71278153125 0.8154017859374999 0.70055501875 0.801171875 0.6883285078125001 0.77201555 0.6453125 0.7711309515625 0.6453125 0.7711309515625 0.6715170515625 0.7640625 0.6961139187500001 0.7640625 0.7029104187499999 0.7711309515625 0.7357062421875 0.76796875 0.7586309531250001 0.7901041671875 0.7586309531250001
7 0.90993114375 0.45907165625 0.8743908890625001 0.4773637828125 0.8216189968750001 0.4816678109375 0.8173110874999999 0.485971840625 0.8065413140625001 0.4805918046875 0.793617584375 0.48381982656249994 0.7882326984375 0.47843978906249995 0.78069385625 0.47843978906249995 0.7559233765625 0.4999599359375 0.7591543078124999 0.516100046875 0.7882326984375 0.516100046875 0.80331038125 0.520404075 0.7946945624999999 0.5365441843750001 0.75 0.5748193031250001 0.75 0.5785084656249999 0.751615465625 0.5881925359375 0.7591543078124999 0.5957245875 0.762385240625 0.6075606671875 0.7613082625 0.641992903125 0.7645391953125 0.6506009609375 0.7763859453124999 0.65705700625 0.8054643359375 0.7022493125 0.8334657484375001 0.71946543125 0.8582362281249999 0.72699748125 0.8609286718749999 0.7296875 0.9346747000000001 0.7296875 0.939009534375 0.7173134156250001 0.940625 0.6939102625 0.940625 0.6491887015625 0.9260858046875 0.6183207421875 0.9260858046875 0.6032566390625 0.940625 0.5627910765624999 0.940625 0.5518100390624999 0.9325476687500001 0.5386962000000001 0.940625 0.524349434375 0.940625 0.455036615625 0.9400865125 0.4450835625 0.9357786015624999 0.43862751875 0.9239318515624999 0.43647550312499994 0.9174699859375 0.439703525 0.92070091875 0.45799565 0.90993114375 0.45907165625
7 1 0.47795302343749996 0.99140224375 0.481564465625 0.986033653125 0.4954893875 0.9752964734375 0.5008451265625 0.9656330125 0.5126277515625001 0.9409375000000001 0.517983490625 0.936642628125 0.5233392296874999 0.9355689109374999 0.539406446875 0.9269791656249999 0.5458333328125 0.9140945500000001 0.554402515625 0.8936939109375001 0.551189071875 0.878125 0.5603253328125 0.878125 0.5817550406249999 0.89047275625 0.5843946546875001 0.8872516031250001 0.6218848265625001 0.8926664140625 0.6296875 0.9215078015625 0.6296875 0.9119471156250001 0.6036753140625001 0.9216105765625 0.5897503921875 0.9291266031250001 0.5661851421875 0.9506009609374999 0.5351218546875 0.971001603125 0.539406446875 0.994623396875 0.5554736640625 0.9956971156249999 0.5629716984375 0.986033653125 0.5640428453124999 0.98388621875 0.5747543234375 0.99140224375 0.5897503921875 1 0.595754415625 1 0.47795302343749996
7 0.9828125 0.6363696109375001 0.9637028765625001 0.61445616875 0.9652264031250001 0.583882575 0.9378029343750001 0.574710496875 0.939237115625 0.553125 0.938656378125 0.553125 0.9164735687500001 0.5976406937500001 0.9332323546874999 0.646558440625 0.9332323546874999 0.7296875 0.9354216125000001 0.7296875 0.9828125 0.6429765015625 0.9828125 0.6363696109375001