1 0 0.46146334062500005 0.010546875 0.468359375 0.0349609375 0.5139322921875 0.041705728125 0.51875 0.190434025 0.51875 0.2286458328125 0.5106770828125 0.26119791718749996 0.4634765625 0.2481770828125 0.448828125 0.19283854218750002 0.4537109375 0.2579427078125 0.43580729218750003 0.2384114578125 0.3934895828125 0.2465494796875 0.3772135421875 0.2432942703125 0.3088541671875 0.2270182296875 0.2811848953125 0.1651692703125 0.3072265625 0.052864582812500005 0.3527994796875 0 0.3728880203125 0 0.46146334062500005
13 0.0837890625 0.2697916671875 0.0821614578125 0.2893229171875 0.0837890625 0.3202473953125 0.0968098953125 0.331640625 0.147265625 0.3072265625 0.1700520828125 0.2990885421875 0.2091145828125 0.2909505203125 0.2221354171875 0.2779296875 0.205859375 0.23561197968749997 0.18795572968750002 0.2193359375 0.1651692703125 0.23235677031250002 0.15377604218750002 0.24700520781250002 0.1195963546875 0.2600260421875 0.0837890625 0.2697916671875
9 0 0.3609614859375 0.0349609375 0.3560546875 0.09518229218749999 0.3332682296875 0.0837890625 0.3251302078125 0.07890625 0.2697916671875 0.09518229218749999 0.2600260421875 0.0821614578125 0.24375 0 0.26615767031250004 0 0.3609614859375
6 0.0896484375 0.6201171875 0.0857421875 0.63134765625 0.076953125 0.64697265625 0.05595703125 0.6748046875 0.04130859375 0.70947265625 0.0408203125 0.7265625 0.0525390625 0.73828125 0.0740234375 0.74072265625 0.0876953125 0.74560546875 0.0974609375 0.7451171875 0.12333984375 0.7265625 0.1453125 0.70263671875 0.1677734375 0.65771484375 0.174609375 0.63427734375 0.18095703125 0.6201171875 0.22197265625 0.58154296875 0.2556640625 0.53955078125 0.268093796875 0.51875 0.10908203125 0.51875 0.10380859375 0.56884765625 0.0896484375 0.6201171875
4 0.09404296875 0.74658203125 0.0671875 0.74951171875 0.0525390625 0.75341796875 0.03935546875 0.74755859375 0.0359375 0.748046875 0.0349609375 0.7734375 0.0466796875 0.78759765625 0.0515625 0.79736328125 0.06279296875 0.80810546875 0.0828125 0.81591796875 0.09794921875 0.82568359375 0.104296875 0.8349609375 0.10771484375 0.84765625 0.116015625 0.8642578125 0.127734375 0.88037109375 0.13212890625 0.8896484375 0.13896484375 0.89892578125 0.15458984375 0.90771484375 0.1677734375 0.91064453125 0.2009765625 0.9130859375 0.24638671875 0.9091796875 0.2673828125 0.90478515625 0.30986328125 0.87353515625 0.33525390625 0.8515625 0.3474609375 0.8388671875 0.35283203125 0.830078125 0.369921875 0.81298828125 0.38212890625 0.79248046875 0.3875 0.78955078125 0.4021484375 0.7880859375 0.40751953125 0.783203125 0.408984375 0.7705078125 0.40751953125 0.76123046875 0.3962890625 0.7216796875 0.38896484375 0.7080078125 0.3806640625 0.6982421875 0.3689453125 0.67919921875 0.36357421875 0.67431640625 0.3533203125 0.6591796875 0.34404296875 0.65087890625 0.340625 0.64306640625 0.33134765625 0.63134765625 0.32255859375 0.625 0.315234375 0.6162109375 0.28251953125 0.59375 0.26689453125 0.591796875 0.25615234375 0.59814453125 0.2439453125 0.61962890625 0.229296875 0.63134765625 0.2146484375 0.654296875 0.20146484375 0.66552734375 0.194140625 0.6796875 0.147265625 0.71826171875 0.1345703125 0.73291015625 0.12333984375 0.73828125 0.10771484375 0.7412109375 0.09404296875 0.74658203125
1 0.35673828125 0.5693359375 0.3787109375 0.603515625 0.3845703125 0.61767578125 0.38896484375 0.62060546875 0.39384765625 0.61962890625 0.39580078125 0.61083984375 0.412890625 0.591796875 0.41875 0.586962890625 0.41875 0.51875 0.32060546875 0.51875 0.35673828125 0.5693359375
11 0.375451171875 0.6370442703125 0.385216796875 0.658203125 0.3966100265625 0.6826171875 0.390099609375 0.7086588546875 0.409630859375 0.7770182296875 0.380333984375 0.7802734375 0.346154296875 0.8323567703125001 0.3103470046875 0.8681640625 0.287560546875 0.921875 0.3184850265625 0.9251302078125001 0.351037109375 0.9267578125 0.3738235671875 0.9365234375 0.4128860671875 0.9283854171874999 0.41875 0.932050375 0.41875 0.6418958984375001 0.3917272140625 0.6337890625 0.375451171875 0.6370442703125
4 0 0.7005479343750001 0.0027298171874999997 0.70703125 0.028771484375 0.7119140625 0.038537109375 0.7151692703125 0.048302734375 0.6809895828125 0.067833984375 0.658203125 0.07108919218750001 0.58984375 0.087365234375 0.5231119796875 0.0885441484375 0.51875 0.048014010937500004 0.51875 0.048302734375 0.5198567703125 0.0499303390625 0.58984375 0 0.6613655859375001 0 0.7005479343750001
4 0.277794921875 0.5930989578125 0.297326171875 0.6044921875 0.3331334640625 0.6240234375 0.3428990890625 0.6028645828125 0.341271484375 0.5751953125 0.3201126296875 0.5524088546875 0.321740234375 0.541015625 0.2517532546875 0.5458984375 0.21106315156250002 0.5882161453125 0.175255859375 0.6158854171875 0.1687454421875 0.6549479171875 0.150841796875 0.6842447921875 0.1345657546875 0.70703125 0.12154492187499999 0.7395833328125 0.180138671875 0.6891276046875 0.2224563796875 0.6402994796875 0.2598912765625 0.6012369796875 0.277794921875 0.5930989578125
0 1 0.51875 0.9473619843750001 0.51875 0.9275390625 0.69794921875 0.9265625 0.75654296875 0.93046875 0.78876953125 0.9333984375 0.7951171875 0.93974609375 0.801953125 0.96171875 0.815625 0.99345703125 0.82783203125 1 0.8290119109375 1 0.51875
0 0.678515625 0.5587890625 0.69462890625 0.59052734375 0.70244140625 0.610546875 0.72294921875 0.6486328125 0.741015625 0.69013671875 0.79130859375 0.7814453125 0.80400390625 0.798046875 0.825 0.8166015625 0.8376953125 0.8205078125 0.85283203125 0.81953125 0.873828125 0.81318359375 0.8884765625 0.8048828125 0.90556640625 0.79072265625 0.92119140625 0.77314453125 0.9275390625 0.76044921875 0.9275390625 0.7130859375 0.88798828125 0.6232421875 0.854296875 0.55537109375 0.84111328125 0.520703125 0.8402574171875001 0.51875 0.655526021875 0.51875 0.66435546875 0.53681640625 0.678515625 0.5587890625
0 0.53251953125 0.618359375 0.52763671875 0.6486328125 0.5291015625 0.680859375 0.53935546875 0.72529296875 0.55205078125 0.794140625 0.56328125 0.8341796875 0.5642578125 0.84833984375 0.569140625 0.85517578125 0.58037109375 0.85810546875 0.6345703125 0.8537109375 0.6990234375 0.837109375 0.715625 0.829296875 0.71953125 0.8224609375 0.72587890625 0.786328125 0.73564453125 0.70673828125 0.737109375 0.680859375 0.72099609375 0.6359375 0.7107421875 0.61982421875 0.69658203125 0.58662109375 0.678515625 0.55146484375 0.6677734375 0.53486328125 0.66063755625 0.51875 0.555942946875 0.51875 0.55107421875 0.54853515625 0.53251953125 0.618359375