15 0.8296875 0.2890625 0.8296875 0.208686746875 0.8156581484375 0.19885074687499998 0.6777873203125 0.1571901203125 0.574686946875 0.130550653125 0.5354800953125001 0.136063165625 0.5051223984375 0.15410177187500002 0.45332114375000004 0.200854053125 0.45009574375000005 0.2398117375 0.42943195312500004 0.24631314375 0.42679138125 0.268611625 0.41132011874999996 0.28596052968749996 0.40201609843749997 0.28639159375 0.40132494531249996 0.2531594015625 0.3652548765625 0.27515869375 0.3626351984375 0.2890625 0.8296875 0.2890625
15 0.9734375 0.2890625 0.9734375 0.2686534984375 0.9702575781250001 0.25977870625 0.926514065625 0.2453125 0.9263993625000001 0.2453125 0.8347317546875 0.28073079375 0.82898968125 0.286501290625 0.82898020625 0.2890625 0.9734375 0.2890625
1 0 0.514458828125 0.0128360609375 0.48686603125000005 0.06491939531249999 0.5050595234374999 0.0948673109375 0.520653946875 0.09616939531249999 0.49206417187499996 0.11570064531249999 0.4907646359375001 0.134375 0.4898327453125 0.134375 0.449960853125 0.0597110625 0.40109670625 0 0.3643258109375 0 0.514458828125
4 0 1 0.2890625 1 0.2890625 0.9992301765625001 0.2352529140625 0.9694185140624999 0.199513721875 0.9486753703125 0.1746701328125 0.9390625 0.14357739375 0.9390625 0.1229297421875 0.9396002421875 0.0693209546875 0.9396002421875 0.01826496875 0.9473789234375001 0 0.9473789234375001 0 1
4 0 0.5998676859375001 0.0250334484375 0.61842920625 0.056160578125000006 0.6392462765625 0.08469378125 0.6730740140625 0.0911786 0.723815621875 0.082099853125 0.7628476281250001 0.0645630515625 0.7859375 0.1083367359375 0.7859375 0.15083893125 0.777159365625 0.16875 0.7789561375 0.16875 0.7466522343750001 0.1651055328125 0.7316220234374999 0.146948040625 0.6912889515625 0.1417601859375 0.6756761484375 0.0782089625 0.6535580109375 0.082099853125 0.6093217390625 0.08858467187499999 0.56638653125 0.0911786 0.5052363875 0.0600514703125 0.49482785312500005 0.038191090625 0.4859375 0.0069503640625000005 0.4859375 0 0.5003802296875 0 0.5998676859375001
0 0.0823412703125 0.5813740078125 0.07986111093750001 0.6185763890625 0.0761408734375 0.6594990078125 0.077380953125 0.6594990078125 0.077380953125 0.6619791671874999 0.07986111093750001 0.654538690625 0.1108630953125 0.6756200390625 0.146825396875 0.67313988125 0.17162698437499999 0.670659721875 0.17534722187500001 0.6656994046875 0.1852678578125 0.6148561515625 0.1951884921875 0.564012896875 0.20386904687500002 0.502008928125 0.1765873015625 0.49580853124999996 0.1393849203125 0.4933283734374999 0.0922619046875 0.49456845312500003 0.0873015875 0.539211309375 0.0823412703125 0.5813740078125
11 0 0.8321468953124999 0.031498015625 0.8182291671874999 0.068700396875 0.78350694375 0.08606150781250001 0.7277033734375 0.077380953125 0.6781001984375 0.060019840625 0.64833829375 0.02529761875 0.6198164687500001 0 0.615791846875 0 0.8321468953124999
11 0.1369047625 0.7785466265625 0.09474206406249999 0.7934275796875 0.057539682812500006 0.8169890875 0.043898809375 0.847991071875 0.0414186515625 0.8492311515625002 0.0550595234375 0.8913938484374999 0.07490079375 0.913715278125 0.1046626984375 0.9323164687500001 0.1666666671875 0.9347966265625001 0.190228175 0.9186755953125001 0.21130952343749998 0.88271329375 0.2224702375 0.8442708328125 0.20882936562499999 0.80830853125 0.18030753906250002 0.7872271828125 0.1369047625 0.7785466265625
9 0.6474946625 0.7013766796875001 0.6170932640625 0.704914128125 0.6023228515625 0.7097836203125001 0.594106034375 0.71735646875 0.5921875 0.7239321921874999 0.5921875 0.7257927984375 0.5941639656250001 0.7400357515625 0.5996046093749999 0.7514152515625 0.600096259375 0.765625 0.640412875 0.765625 0.669567553125 0.75469628125 0.6923148171875 0.7516555984375 0.734007096875 0.734870575 0.7558813765625 0.7311043765624999 0.77001876875 0.716107709375 0.78125 0.7115331421875 0.78125 0.6824997749999999 0.77972089375 0.6802802031249999 0.7553352296875 0.6826450453125 0.7422280375 0.6772383328125 0.7306392625 0.6772082875000001 0.7006681484375 0.6838465046875 0.6474946625 0.7013766796875001
9 0.7419755640625 1 0.7408896890625 0.9818801140625 0.7669704203125 0.974133140625 0.786999865625 0.9500912796875 0.846875 0.76735716875 0.846875 0.747835 0.8263715250000001 0.735205396875 0.7915877765625 0.71848595625 0.76606891875 0.714062453125 0.7549324671875 0.7261556328125 0.7479312578124999 0.7516335359374999 0.74053390625 0.7634858828125 0.737494125 0.784916671875 0.6989955671875 0.898121678125 0.696165984375 0.9210557140625 0.6996342609374999 0.9458592906250001 0.708967871875 0.97483544375 0.70372100625 0.9804821390625001 0.69827721875 1 0.7419755640625 1
9 0.8965169312499999 1 0.9028788484374999 0.9562018125 0.9109375 0.9318849 0.9109375 0.8930912390625 0.904879640625 0.849455934375 0.8915455999999999 0.847031528125 0.8742778843749999 0.8390625 0.8464787093750001 0.8390625 0.835899375 0.8537373921875 0.8344166859375001 0.8871148218750001 0.8191637515625001 0.93144734375 0.805475425 0.954006853125 0.7925902625 1 0.8965169312499999 1
9 0.6000953859375 1 0.6053625953124999 0.9945156265625 0.6138165828125001 0.9741646484375 0.6492717890625 0.9208343109375001 0.661370778125 0.888822378125 0.661640621875 0.8636713484375 0.6666832078125 0.84582669375 0.6638437265625 0.8307785953125 0.6651486734375001 0.8185079359374999 0.6696435046875 0.807553434375 0.6767804640625 0.80480525 0.6828125 0.793813884375 0.6828125 0.7829006406250001 0.6756768843750001 0.7751736499999999 0.6633483078125 0.767596159375 0.6544069718750001 0.7681766156250001 0.63156226875 0.798601275 0.5990552765625 0.818990490625 0.559004534375 0.8337764578125 0.55684975625 0.8453406671875001 0.5461604359375001 0.8658367609375001 0.507072309375 0.9254959140625001 0.4825964171875 0.9712588968750001 0.459154875 1 0.6000953859375 1
9 0.4144241453125 0.76632639375 0.42083054999999997 0.81333488125 0.42600405156250004 0.8171875 0.45072677812500006 0.8171875 0.45309751093749995 0.8137344500000001 0.4529038953125 0.8007836625 0.46794251718749996 0.7900671390625 0.5134329859375001 0.789491546875 0.531464178125 0.783438603125 0.5460650687499999 0.7695101109375 0.558195296875 0.7662778078125 0.5635490953125 0.7594422078124999 0.5662512468750001 0.7446796046874999 0.5703125 0.7432127625 0.5703125 0.7299062546874999 0.5696226203125001 0.72906255 0.5694290046875 0.7161117609375001 0.560889015625 0.7053329953125 0.5442088953124999 0.704004640625 0.5345240734375001 0.7078855625 0.5236588015625 0.703125 0.4783183203125 0.703125 0.45585435781250006 0.72442763125 0.42948941406249996 0.7269801984375001 0.4125 0.734285290625 0.4125 0.7497124890625 0.41583555 0.7651528203125 0.4144241453125 0.76632639375
9 0.5779825453124999 0.44194928281249996 0.5653410984375 0.46117495000000003 0.55413804375 0.46879879999999996 0.5390625 0.5028792187500001 0.5390625 0.514211596875 0.5404116453125 0.5348997921875001 0.5439747640625 0.5438791015625 0.5667343171875 0.5639049125 0.5779508375 0.5796875 0.6070992390625 0.5796875 0.6311334046875 0.563613684375 0.6485503296875 0.545616540625 0.6800799859375 0.529784053125 0.6927091062499999 0.5159303312500001 0.6994120265625 0.48173914687499997 0.692121396875 0.44077182343750004 0.704109403125 0.42235534843749994 0.7114986531249999 0.4203471078125 0.715625 0.4138852125 0.715625 0.3991848671875 0.7131877328125 0.394150371875 0.7071176968749999 0.38916828593749997 0.705351015625 0.3890625 0.7004042875 0.3890625 0.6887514250000001 0.3949493515625 0.684164996875 0.4059856359375 0.6662261328125 0.4148085390625 0.63430605 0.41148335468749997 0.60714911875 0.414758640625 0.5779825453124999 0.44194928281249996
9 0.8402449453124999 0.414441928125 0.7477853046875 0.42619349843750004 0.7393080390625 0.4350445515625 0.7437687171875 0.47249210937499997 0.748833475 0.47669246249999997 0.7564426140625 0.47770911250000003 0.8333221078124999 0.4666921515625 0.8444237671875001 0.46597314843749993 0.8475922406249999 0.46727740000000006 0.8402449453124999 0.414441928125
9 0.667405315625 0.53555195625 0.66069631875 0.5571188828125 0.6612844125 0.5774584828125 0.6531191953125 0.5885535125000001 0.654587415625 0.5937415265625 0.66144444375 0.6000899921875 0.6694696437500001 0.6040986109375 0.6730661828125 0.6031109499999999 0.67985519375 0.5928597796874999 0.7006943078125001 0.58698175 0.71498844375 0.5769992375 0.7472092515625001 0.5401949046875 0.7522059953125 0.527795621875 0.7639677500000001 0.5157129312500001 0.763471671875 0.5014052078125 0.755886534375 0.48982079531250006 0.7430046046875 0.48310780624999994 0.7319029453125 0.4838268078125 0.68785236875 0.516114196875 0.667405315625 0.53555195625
9 0.60792846875 0.703934946875 0.6192501609375001 0.6994280484375001 0.6353125640625 0.7021614046875 0.6492706515625001 0.7005026765625 0.68619616875 0.68679024375 0.6869482796874999 0.681458428125 0.702642621875 0.66006429375 0.7031066859374999 0.6419207375 0.71159595 0.6277858046875 0.7100237140625001 0.6218497984375 0.7007383234375 0.614149146875 0.687740378125 0.6119720484375 0.67745884375 0.6239588734374999 0.6556595875 0.63367273125 0.6307358703125 0.669249734375 0.6202223046875 0.6903083359375 0.60792846875 0.703934946875
9 0.7899836921875 0.697427178125 0.7930241515625001 0.7085511984374999 0.8071782687500001 0.713672334375 0.8108668218750001 0.718716546875 0.85446135 0.7475917546875 0.8881646328125001 0.7590393578125 0.8775747875000001 0.682886240625 0.8706797546875 0.681634659375 0.824260815625 0.6861504578125001 0.808314428125 0.678881209375 0.8008093078125 0.678612553125 0.7912678828125 0.69055144375 0.7899836921875 0.697427178125
9 0.5971268578125001 0.7121818078125 0.614185403125 0.6952276921875 0.6110529296875 0.6780718 0.6219745453125001 0.6169861265625001 0.6215944828125 0.5981425125 0.6181259625 0.5893104046875 0.6085285234375 0.5793657765625 0.571534990625 0.5764785734375 0.5648619937499999 0.58219385625 0.56278969375 0.610253046875 0.5550525374999999 0.6190561671875 0.5591451546874999 0.6323762328125 0.5602653265624999 0.6511719109375 0.566034196875 0.671175975 0.5971268578125001 0.7121818078125
9 0.5441068812500001 0.5510847156249999 0.5108019015625 0.553241725 0.506857315625 0.5678370515625 0.51289023125 0.6112206171875 0.5248240171875 0.616485553125 0.5416025296875 0.6297387390625 0.5627977062499999 0.6532720890625 0.5642939140625 0.5995894171874999 0.5591851421875 0.5682216671875 0.5546644625 0.5571935140625 0.5502357984375 0.552197234375 0.5441068812500001 0.5510847156249999
9 0.4598440484375 1 0.4833139125 0.97314193125 0.5231238453125 0.8996190875 0.5442189921875 0.874101521875 0.5546405421875 0.8470110484374999 0.5612095234375 0.840547771875 0.5632338234375001 0.8336241046874999 0.5722311671875 0.8285130140625 0.5586211296875 0.8165640765625 0.5291327171875 0.8139455296874999 0.5156146953125 0.8080284687500001 0.5107699671875 0.8000402187500001 0.4973439609375 0.8001550281250001 0.47910524062499993 0.8247328703125 0.4664153578125 0.8731026703125 0.4466604140625 0.9136280218749999 0.4405635078125 0.93422640625 0.449709978125 1 0.4598440484375 1
9 0.7608833171875 0.6170463984375 0.7479893890625 0.615617290625 0.738447965625 0.6275561812499999 0.7160126140624999 0.638065965625 0.6920250390625 0.6803749015625 0.7136962796875 0.6804808140625 0.7333672203125 0.67694263125 0.7513259078125001 0.6825720921875 0.766556184375 0.679321509375 0.7653679953125 0.6439261937499999 0.7713248828125 0.6276910828125001 0.7608833171875 0.6170463984375