9 0.32119140625 0.194140625 0.33291015625 0.2009765625 0.34560546875 0.19951171875 0.35439453125 0.18779296875 0.36318359375 0.1853515625 0.3685546875 0.1814453125 0.37001953125 0.17216796875 0.38369140625 0.14580078125 0.37685546875 0.1443359375 0.36611328125 0.13798828125 0.3587890625 0.1443359375 0.3509765625 0.1453125 0.3490234375 0.13798828125 0.34560546875 0.13603515625 0.3470703125 0.1287109375 0.344140625 0.12333984375 0.3392578125 0.119921875 0.3255859375 0.1169921875 0.3275390625 0.11455078125 0.336328125 0.11357421875 0.3373046875 0.1111328125 0.31826171875 0.10380859375 0.31240234375 0.10380859375 0.29482421875 0.10576171875 0.28701171875 0.11162109375 0.28505859375 0.11552734375 0.28505859375 0.1287109375 0.29140625 0.13994140625 0.289453125 0.14384765625 0.28994140625 0.1599609375 0.2943359375 0.16142578125 0.30166015625 0.1755859375 0.31484375 0.1814453125 0.32119140625 0.194140625
9 0.35830078125 0.2556640625 0.35146484375 0.23369140625 0.35146484375 0.225390625 0.355859375 0.21416015625 0.351953125 0.1990234375 0.33291015625 0.20244140625 0.3216796875 0.1990234375 0.3158203125 0.20146484375 0.3109375 0.209765625 0.31044921875 0.22734375 0.3138671875 0.241015625 0.30654296875 0.25224609375 0.3041015625 0.264453125 0.30542367812500004 0.26875 0.35515802500000004 0.26875 0.355859375 0.26103515625 0.35830078125 0.2556640625
11 0.45888671875 0.2546875 0.4544921875 0.24296875 0.4447265625 0.22685546875 0.433984375 0.21904296875 0.4134765625 0.2126953125 0.398828125 0.19853515625 0.38173828125 0.18974609375 0.3763671875 0.184375 0.37197265625 0.18388671875 0.3685546875 0.186328125 0.36611328125 0.19267578125 0.359765625 0.1951171875 0.35390625 0.20146484375 0.35537109375 0.2146484375 0.351953125 0.22490234375 0.35146484375 0.237109375 0.3568359375 0.25859375 0.3662109375 0.26875 0.4697040265625 0.26875 0.46767578125 0.2634765625 0.45888671875 0.2546875
15 0.44228515625 0.20146484375 0.43349609375 0.20146484375 0.42568359375 0.2048828125 0.4251953125 0.20830078125 0.4271484375 0.21123046875 0.445703125 0.2166015625 0.4671875 0.217578125 0.512109375 0.22685546875 0.5208984375 0.225390625 0.52041015625 0.22001953125 0.51650390625 0.217578125 0.4505859375 0.205859375 0.44228515625 0.20146484375
11 1 0.005342675 0.9973462296875001 0.0064484125 0.9906498015625 0.0111607140625 0.9814732140625001 0.0195932546875 0.9489831343749999 0.05456349218749999 0.9390625 0.06770833281250001 0.9370783734374999 0.075148809375 0.9405505953125 0.0818452375 0.9524553578124999 0.1140873015625 0.9598958328125 0.12673611093749998 0.967832340625 0.1525297625 0.9656001984374999 0.1706349203125 0.9643601187499999 0.17435515937499999 0.9616319437499999 0.1773313484375 0.9566716265625 0.1800595234375 0.9494791671874999 0.1822916671875 0.939806546875 0.18700396875 0.9316220234375001 0.1889880953125 0.908060515625 0.20560515937499999 0.8864831343749999 0.21676587343749998 0.8748263890624999 0.22594246093749998 0.8596974203125001 0.2358630953125 0.8534970234375001 0.240575396875 0.8472966265625 0.24751984062500001 0.83563988125 0.2636408734375 0.83317340625 0.26875 1 0.26875 1 0.005342675
9 0 0.6289458234375 0.3798280421875 0.7461970906250001 0.5145833328125 0.5105820109375 0.5617063484375 0.4072420640625 0.3666005296875 0.341104496875 0.17384814843750002 0.26875 0.0840314828125 0.26875 0 0.6268301046875 0 0.6289458234375
9 0.5875 1 0.5875 0.53174603125 0.5857638890625 0.53174603125 0.5711309531250001 0.533978175 0.5354166671875 0.53447420625 0.5034226187499999 0.5384424609375 0.4560515875 0.5419146828125 0.390079365625 0.5426587296875 0.34990079375 0.5414186515625 0.324355159375 0.5421626984375 0.3117063484375 0.540674603125 0.2960813484375 0.5404265875 0.275 0.5376984125 0.24102182499999997 0.5357142859375 0.197619046875 0.5391865078125 0.172321428125 0.5391865078125 0.146527778125 0.53720238125 0.0979166671875 0.541170634375 0.0800595234375 0.5404265875 0.046329365625 0.5419146828125 0.039880953125 0.5429067453124999 0.0366567453125 0.544394840625 0.034424603124999995 0.54737103125 0.0334325390625 0.5538194437499999 0.034920634374999995 0.594494046875 0.0361607140625 0.6054067453124999 0.040625 0.622519840625 0.043353175 0.6391369046875 0.046329365625 0.6671626984375 0.046825396875 0.687251984375 0.050049603124999995 0.70634920625 0.0545138890625 0.749255953125 0.056001984375 0.7914186515625 0.0609623015625 0.86904761875 0.06592261875 0.9112103171875001 0.0654265875 0.9208829359375 0.0681547625 0.9295634921874999 0.07137896875000001 0.931795634375 0.074603175 0.9325396828124999 0.10932539687500001 0.935019840625 0.1289186515625 0.93799603125 0.17157738125 0.9486607140625001 0.203075396875 0.9543650796875 0.21398809531250002 0.9578373015625001 0.243501984375 0.9637896828124999 0.255902778125 0.9675099203125 0.290625 0.9739583328125001 0.324851190625 0.981894840625 0.359821428125 0.9928075390625001 0.379138321875 1 0.5875 1
9 0.309556878125 0.4188161375 0.2012566140625 0.4014550265625 0.20042989375000003 0.40228174531249994 0.1855489421875 0.4270833328125 0.17314814843749998 0.5395171953125 0.2516865078125 0.534556878125 0.2888888890625 0.5386904765625 0.309556878125 0.4188161375
9 0 0.9603640015625 0.0177248671875 0.922288359375 0.0383928578125 0.9024470906250001 0.062367725 0.9007936515624999 0.047486771875 0.6792328046875 0 0.6834853515625 0 0.9603640015625
4 0.740228175 0.619295634375 0.7923115078125 0.603174603125 0.8481150796874999 0.59325396875 0.8890376984374999 0.5920138890625 0.890277778125 0.580853175 0.8890376984374999 0.5572916671875 0.8753968249999999 0.5510912703125 0.8295138890624999 0.5324900796875001 0.78487103125 0.5225694437499999 0.7203869046875 0.5089285718750001 0.6890625 0.50418245 0.6890625 0.6459400875 0.69930555625 0.6490575390625 0.740228175 0.619295634375
9 1 0.9079156218750001 0.9832837296875001 0.9131944437499999 0.9547619046875001 0.9007936515624999 0.9287202375 0.911954365625 0.8927579359375001 0.9206349203125 0.8778769843750001 0.8995535718750001 0.8716765875 0.9169146828124999 0.8605158734374999 0.9231150796875 0.8195932546875 0.9330357140625001 0.75634920625 0.93427579375 0.7327876984375 0.940476190625 0.70302579375 0.956597221875 0.6890625 0.9639895546874999 0.6890625 1 1 1 1 0.9079156218750001
7 0.8679563484375 0.825148809375 0.853075396875 0.77802579375 0.846875 0.7457837296875 0.83447420625 0.7358630953125 0.8109126984374999 0.7234623015625 0.7861111109375 0.7123015875 0.7513888890625 0.706101190625 0.7203869046875 0.7073412703125 0.774950396875 0.722222221875 0.7885912703125 0.7408234125 0.7712301593750001 0.7408234125 0.746428571875 0.72842261875 0.7352678578125 0.7445436515625 0.7352678578125 0.7705853171875 0.7439484125 0.7879464281249999 0.72782738125 0.7929067453124999 0.7241071421874999 0.815228175 0.7365079359375 0.84375 0.737748015625 0.8759920640625 0.737748015625 0.9082341265625 0.740228175 0.9293154765624999 0.7414682546875 0.9305555562500001 0.7427083328124999 0.928075396875 0.740228175 0.928075396875 0.7637896828125 0.9144345234375001 0.762549603125 0.8859126984374999 0.7799107140625 0.911954365625 0.8022321421875 0.90575396875 0.8146329359375001 0.9169146828124999 0.8257936515625 0.9007936515624999 0.8493551593750001 0.9144345234375001 0.8679563484375 0.8995535718750001 0.8667162703125 0.85987103125 0.8505952375 0.85987103125 0.856795634375 0.8301091265625 0.8679563484375 0.825148809375
7 1 0.759821428125 0.99072420625 0.7581845234375 0.9919642859375 0.7408234125 0.9832837296875001 0.7358630953125 0.984523809375 0.7147817453124999 0.9560019843750001 0.7123015875 0.9448412703125 0.7271825390625 0.943601190625 0.7408234125 0.915079365625 0.7383432546875001 0.896478175 0.74950396875 0.915079365625 0.765625 0.902678571875 0.7879464281249999 0.8734126984374999 0.7733134921875 0.8729166671874999 0.7743055562500001 0.881597221875 0.7991071421875 0.8741567453125001 0.812748015625 0.8952380953124999 0.8189484125 0.9076388890624999 0.8325892859374999 0.9039186515625 0.8524305562500001 0.91631944375 0.8660714281249999 0.9299603171875 0.88095238125 0.9423611109375001 0.878472221875 0.947321428125 0.8970734125 0.9572420640624999 0.8970734125 0.9770833328125 0.88467261875 0.9981646828124999 0.8883928578125 0.9919642859375 0.8487103171875001 1 0.8452664406249999 1 0.7935019828125001 0.993204365625 0.7867063484375 1 0.78176406875 1 0.759821428125
6 1 0.5858991703124999 0.974603175 0.5870535718750001 0.9225198406249999 0.5870535718750001 0.881597221875 0.59325396875 0.8295138890624999 0.5957341265625 0.78487103125 0.6106150796875001 0.7551091265625 0.615575396875 0.7203869046875 0.6354166671875 0.6980654765625001 0.6515376984375 0.696825396875 0.6924603171875 0.76006944375 0.6924603171875 0.8171130953124999 0.7011408734375 0.855723134375 0.7071736921875 0.8615402859374999 0.7013565390625 0.9113591265625001 0.6788194437499999 0.9634424609375 0.6614583328125 0.9994047625 0.640376984375 1 0.640236928125 1 0.5858991703124999