1 0.1403230796875 0 0.0607018859375 0.2341021828125 0.0586161359375 0.3796875 0.44550105625 0.3796875 0.47688281093749996 0 0.1403230796875 0
17 0.51875 0.3796875 0.7973734374999999 0.3796875 0.8525147921875 0.29277566718750003 0.8543038203125001 0.2842981171875 0.833805009375 0.2456432828125 0.8299131624999999 0.2286615296875 0.8095944390625001 0.1950572984375 0.6915803281249999 0.16979043437500002 0.674793278125 0.14306675 0.6446289828125 0.12659725625 0.6224748484375 0.125306225 0.6009655671875 0.150479284375 0.5769178078125 0.1463535171875 0.57254391875 0.14936788750000002 0.5532711609375001 0.2288865 0.54547019375 0.236332609375 0.5322266515625 0.2754730515625 0.5192095765625 0.295828446875 0.51875 0.2973842078125 0.51875 0.3796875
17 1 0.18588954687499998 0.9567060984375001 0.18075403125 0.8976090015625001 0.16559529687500002 0.84951348125 0.15734376249999998 0.80920165625 0.183055734375 0.8083594390625001 0.1929506515625 0.8277313515625 0.225137515625 0.8523020953125 0.2858247046875 0.7994670734375 0.370879528125 0.79432475 0.3796875 0.9697277312499999 0.3796875 1 0.22062707499999998 1 0.18588954687499998
17 0.51875 0.3796875 0.30435294062499996 0.3796875 0.2732897921875 0.4035381828125 0.265289603125 0.426581503125 0.2694761546875 0.45612731875 0.255081740625 0.48515378125 0.259306425 0.497932309375 0.284451115625 0.5163799515624999 0.29963793125 0.5326973359375 0.33966434218749997 0.553951603125 0.37564828125 0.580749678125 0.4018099453125 0.5950168203125 0.41643162968749997 0.6078125 0.42062355 0.6078125 0.42709022812499997 0.6030637890625 0.4329335875 0.5931930421875 0.44984076875 0.5421483796875 0.4819262765625 0.4619308078125 0.4936638390625 0.419832925 0.5046386843749999 0.417782684375 0.51875 0.42366769218750006 0.51875 0.3796875
17 0.51875 0.420381559375 0.4981620015625 0.4179855578125 0.490433 0.4202275359375 0.486805796875 0.44005961875 0.4210288140625 0.6175549390625 0.4003884828125 0.636574775 0.3881381890625 0.6580177625 0.3856381328125 0.674446865625 0.3905111390625 0.69747961875 0.38082023125000003 0.7256274046875 0.38057446562499997 0.73525055625 0.413778675 0.7537887828125001 0.51875 0.790874665625 0.51875 0.420381559375
17 0.51875 1 0.51875 0.8009601343749999 0.47513236406250003 0.7872043546875 0.43831366406249994 0.7829091109374999 0.431135525 0.7890386984375 0.40169415312499995 0.887916784375 0.373968921875 0.9705122124999999 0.36350680625 0.9932173515624999 0.361705721875 1 0.51875 1
17 0.36403605156249996 1 0.4336772328125 0.78683526875 0.44040197187499996 0.783184690625 0.4623389515625 0.7846733078125 0.47005524374999996 0.788020425 0.4796875 0.786220996875 0.4796875 0.7858119609374999 0.45844478593750004 0.7742273453124999 0.444787671875 0.7743843578125 0.4334950203125 0.7685129374999999 0.3763198875 0.7568470921875 0.3593194703125 0.75044575 0.2766182875 0.7403560859375 0.2138201390625 0.740116034375 0.20888357812499997 0.7450287609374999 0.20322243125 0.7732218421875 0.1828294421875 0.8337388375 0.20638814062500002 1 0.36403605156249996 1
11 1 0.693877953125 0.9899679296875 0.669371184375 0.9752538218750001 0.6472415203125 0.9565407875 0.6245528218749999 0.94105770625 0.614359265625 0.9223191078124999 0.6077251359375 0.8973257875 0.6042311515625001 0.87849754375 0.6146462640625 0.629564415625 0.6581296640625001 0.6079933000000001 0.664146796875 0.5863581 0.6711586031250001 0.557212121875 0.6851495 0.5311294249999999 0.698565 0.51875 0.70560460625 0.51875 0.899527334375 0.5419223343749999 0.9068223906250001 0.5618529078125001 0.9106122531249999 0.570732428125 0.9109375 0.5964444828125 0.9109375 0.623605584375 0.9072014687500001 0.677168153125 0.9056566374999999 0.6818078937500001 0.8962689203124998 0.9358381640625 0.8183709015625 0.9853159281250001 0.8042114203124999 0.9959540656249999 0.7956622578125 1 0.7832964859375 1 0.693877953125
9 1 0.4596399953125 0.9754056875 0.4553179703125 0.9610249421875 0.45932939375000004 0.946605678125 0.448280921875 0.71724385625 0.4071841796875 0.7042473296875 0.40536730781249997 0.6988641796875 0.41063656406250004 0.68918725625 0.4042655921875 0.6710639031250001 0.40373927343749993 0.6588107859375001 0.4060408625 0.6525305015625 0.42523557656250005 0.6516463234375001 0.4702754953125 0.6484375 0.5200833859375 0.6484375 0.522927334375 0.65239008125 0.5526774484375 0.6582988328124999 0.570565246875 0.670295628125 0.5722423609375 0.68529161875 0.5743387515625 0.7020307531250001 0.5806933625 0.926140975 0.6070050765625 0.93541706875 0.606294575 0.937672859375 0.6025953921875 0.9518613609374998 0.6015679953124999 0.9556039703125 0.6061057375 0.9653449734375 0.6114820328125 0.9744066515625001 0.6117451921875 0.9976393531250001 0.6140625 1 0.6140625 1 0.4596399953125
5 1 0.3796875 0.7487734453125 0.3796875 0.7471344578125001 0.3939404890625 0.75185265625 0.41467275312499996 0.7575641109375 0.41998755 0.7669036218749999 0.4238022671875 0.8214981 0.42992894687499994 0.835189934375 0.4288321203125 0.8466061281249999 0.42390444531250004 0.8587018859375 0.42408994218749996 0.86562493125 0.4340904671875 0.89275899375 0.45143277812499993 0.9143418046875 0.4609736046875 0.92252114375 0.4671352171875 0.9384565796875 0.470366575 0.9460524750000001 0.46992300625 0.955404646875 0.46571042343749997 0.9797243265625 0.46409206562499994 0.9993198609375 0.4653260046875 1 0.46544690781250003 1 0.3796875
0 0.5738113046875 0.3796875 0.5730790015625 0.3847424109375 0.5721565421875 0.4147224703125 0.563568925 0.508867165625 0.561716525 0.5141281937500001 0.5549283578125 0.517695584375 0.5536720640625 0.52153449375 0.558511709375 0.5247201453125 0.5778509203125 0.5299327890625001 0.5834662515625 0.536739596875 0.5931455453125001 0.5431109000000001 0.6295937921875 0.5803225281250001 0.6362282218749999 0.58125 0.643270271875 0.58125 0.6310870328125 0.564974953125 0.6226513703125 0.5627920421875 0.6124720906250001 0.55635084375 0.605017021875 0.5467777593750001 0.6042413343749999 0.543156603125 0.612401296875 0.54178825625 0.6234009640625 0.5433259734375 0.6328686359375 0.545151340625 0.64254793125 0.5515226421875 0.648175925 0.55030215 0.6496423078125 0.4727255203125 0.655743428125 0.4093458703125 0.6581598953125 0.40316006406250005 0.663916053125 0.3999502203125 0.67963986875 0.398635640625 0.6895754875 0.401028240625 0.6921875 0.38036840625 0.6921875 0.3796875 0.5738113046875 0.3796875