5 0.369879796875 0.2607543203125 0.348426715625 0.2563720921875 0.3138391 0.2506751984375 0.2963263875 0.24979874999999999 0.2805649515625 0.2480458765625 0.267430415625 0.24673119531249998 0.2591118703125 0.2524281046875 0.26655479375 0.2603161046875 0.2683060390625 0.2651365484375 0.26655479375 0.270395225 0.2630522375 0.28135079687500003 0.258674059375 0.2958121453125 0.25473369218749997 0.3054530515625 0.238096634375 0.3229819640625 0.23284280000000002 0.3286788578125 0.2313047171875 0.3296875 0.3796875 0.3296875 0.3796875 0.2625806984375 0.369879796875 0.2607543203125
5 0 0.2613668796875 0.009611465625 0.2703764125 0.046300334375 0.295732628125 0.095489390625 0.3296875 0.124595078125 0.3296875 0.12317222812499999 0.3241490796875 0.115310315625 0.3149684203125 0.1048277765625 0.3036018125 0.0974026640625 0.2952954921875 0.0921614109375 0.28742629062499997 0.08866722031249999 0.2834916984375 0.077747915625 0.2813058171875 0.0733801953125 0.27868276718749996 0.075127290625 0.26993924375 0.0808053078125 0.2690648875 0.0882304546875 0.2690648875 0.09958652500000001 0.2664418375 0.11400001875000002 0.2625072453125 0.12710318437499998 0.26075853437499996 0.1362753921875 0.258572653125 0.142826975 0.2581354828125 0.147194696875 0.25638677187500003 0.14949843125 0.2412120734375 0.13150204999999998 0.227623096875 0.11898329375000001 0.21718115 0.10479536406250001 0.21008062343749997 0.07641950625 0.2059038453125 0.0609797203125 0.2059038453125 0.039697826562499997 0.20715687656249998 0.018833234375 0.2138397140625 0.006314479687500001 0.22344631874999998 0.00047238749999999996 0.22804076874999998 0 0.22846597968750001 0 0.2613668796875
5 0.22796665156249998 0.31907242343750003 0.23710690156249997 0.310533646875 0.2505125828125 0.297725446875 0.25965283125 0.2708892609375 0.25965283125 0.245272884375 0.25355933125 0.20074919375000003 0.2352788328125 0.14036773593750002 0.209686153125 0.09950352968750001 0.1810466765625 0.04705095 0.1572820640625 0.030583284375000002 0.13047065625 0.02082466875 0.11950233750000001 0.02936346875 0.10365924687500001 0.02082466875 0.1018311796875 0.0214345796875 0.105487315625 0.0372923359375 0.120721065625 0.0568095765625 0.120721065625 0.08059620625 0.12133040625 0.10011344687499998 0.126814565625 0.128779403125 0.137173496875 0.1702535125 0.14143892656249998 0.20684833125000002 0.1548446546875 0.2477125484375 0.1639849046875 0.2775983015625 0.1652035859375 0.303214725 0.1688101703125 0.3296875 0.214628421875 0.3296875 0.2151703109375 0.329440959375 0.22796665156249998 0.31907242343750003
5 0 0.14423419531249998 0.013993668749999999 0.1582408078125 0.0761499921875 0.1612270640625 0.11394103124999999 0.152268278125 0.1263722953125 0.147788875 0.119908021875 0.0731323015625 0.11046025468750001 0.053223878125 0.0990235125 0.0422742609375 0.0855977234375 0.054219293749999994 0.0985262703125 0.08358422343750001 0.0831114703125 0.0626803765625 0.052779192187500004 0.09652469062499999 0.025927651562499997 0.12389877187500001 0 0.142641646875 0 0.14423419531249998
5 0.2887400140625 0.1413844125 0.25255481562500004 0.1271164578125 0.227974471875 0.123149834375 0.240493096875 0.14193319375 0.24926526093749998 0.1605912875 0.256392665625 0.1929686421875 0.26461657656250004 0.22973605 0.29312611718750003 0.23193112968750002 0.3156047984375 0.24071140781249997 0.332600871875 0.2396138890625 0.3369869734375 0.2160168546875 0.3276665578125 0.19955381875 0.3123152421875 0.1649814484375 0.2887400140625 0.1413844125
5 0.35836915 0.1161411 0.3468556828125 0.110653421875 0.3282148109375 0.10845834218749999 0.30463958281250003 0.11504356093749998 0.285560284375 0.13411856093750002 0.3018982796875 0.1457745734375 0.3117669890625 0.1572986890625 0.31889435312500003 0.1677252875 0.3271182640625 0.1814444828125 0.3315043671875 0.1830907828125 0.3408247828125 0.182542003125 0.3495969875 0.1792494453125 0.35782089687499996 0.1677252875 0.361110453125 0.15620115 0.36165870624999996 0.135896734375 0.35836915 0.1161411
14 0.5915023046875 0 0.5421875 0.059765625 0.5109375 0.09140625 0.490625 0.115234375 0.491015625 0.118359375 0.494140625 0.121484375 0.521875 0.1453125 0.641015625 0.1453125 0.65078125 0.134765625 0.681640625 0.083984375 0.687890625 0.076171875 0.691015625 0.06328125 0.694140625 0.05859375 0.694140625 0.0453125 0.692578125 0.03359375 0.687109375 0.017578125 0.6796875 0.0109375 0.6637019234375 0 0.5915023046875 0
12 0.3521634609375 0.4108974359375 0.33677884687500004 0.41858974375 0.33677884687500004 0.43269230781249995 0.3457532046875 0.44551282031249995 0.3701121796875 0.4634615390625 0.37524038437499996 0.47756410312500003 0.3796875 0.48137591718749995 0.3796875 0.42728017031250004 0.35985576875 0.4108974359375 0.3521634609375 0.4108974359375
12 0.31498397499999997 0.878846153125 0.31498397499999997 0.883974359375 0.3239583328125 0.9070512828125 0.3796875 0.9070512828125 0.3796875 0.8594127078125 0.366266025 0.8673076921874999 0.31498397499999997 0.878846153125
12 0.366266025 0.950641025 0.32652243593749997 0.9096153843750001 0.31498397499999997 0.88141025625 0.2521634609375 0.8173076921875 0.2265224359375 0.8108974359375001 0.21754807656250003 0.8237179484375 0.20600961562500003 0.8275641031250001 0.199599359375 0.8429487171875 0.22139423125 0.877564103125 0.27395833281250004 0.927564103125 0.2983173078125 0.9365384609375 0.3226762828125 0.9570512828125001 0.33677884687500004 0.975 0.3521634609375 0.977564103125 0.36370192343749996 0.972435896875 0.366266025 0.950641025
12 0.199599359375 0.8455128203125 0.2034455125 0.8339743593750001 0.162419871875 0.8237179484375 0.0611378203125 0.8339743593750001 0.05985576875 0.849358975 0.06626602499999999 0.8583333328125 0.062419871875 0.877564103125 0.0739583328125 0.8903846156249999 0.11754807656249999 0.89423076875 0.140625 0.8865384609375001 0.175240384375 0.883974359375 0.1893429484375 0.8737179484375 0.214983975 0.86858974375 0.199599359375 0.8455128203125
12 0 0.455368590625 0.007291667187500001 0.4480769234375 0.020112179687500002 0.4262820515625 0.025240384375 0.3429487171875 0.0175480765625 0.33269230781250003 0.006009615625 0.3365384609375 0.0034455125 0.3301282046875 0.0019030453125 0.3296875 0 0.3296875 0 0.455368590625
12 0 0.46937099375 0.006009615625 0.46987179531249995 0.036778846875 0.45064102500000003 0.0637019234375 0.45064102500000003 0.075240384375 0.43269230781249995 0.0893429484375 0.428846153125 0.112419871875 0.396794871875 0.112419871875 0.3865384609375 0.10216346093749999 0.38141025625 0.0983173078125 0.36987179531250003 0.07780448749999999 0.36987179531250003 0.0226762828125 0.41858974375 0.016266025 0.4365384609375 0 0.453579059375 0 0.46937099375
12 0.05567280625 1 0.08421474375 0.9544871796875001 0.09703525625000001 0.9455128203125 0.1034455125 0.9147435890625 0.11498397499999999 0.89423076875 0.10985576875 0.8891025640624999 0.09703525625000001 0.8891025640624999 0.0765224359375 0.8903846156249999 0.05985576875 0.900641025 0.0457532046875 0.9134615390624999 0.044471153125 0.9224358968749999 0.0226762828125 0.9391025640624999 0.016266025 0.9621794875 0 0.9716680015625 0 1 0.05567280625 1
12 0 0.9103587953125001 0.0008814109375000001 0.9108974359375 0.012419871875 0.9301282046875 0.020112179687500002 0.9352564109375001 0.0329326921875 0.9339743593750001 0.0483173078125 0.9198717953125 0.047035256250000004 0.9121794875000001 0.0611378203125 0.9019230765625 0.0534455125 0.8801282046875001 0 0.8298894234375 0 0.9103587953125001
12 0 0.7603365390625 0.025240384375 0.771153846875 0.0547275640625 0.76858974375 0.0637019234375 0.7480769234375 0.0585737171875 0.7147435890625 0.031650640625 0.7044871796875001 0 0.6997097234375 0 0.7603365390625
12 0.19447115312500002 0.6480769234375 0.18549679531250002 0.6416666671875 0.14831730781250002 0.6416666671875 0.10729166718750001 0.64423076875 0.081650640625 0.6557692312500001 0.03421474375 0.6608974359374999 0.026522435937499998 0.6788461531250001 0.038060896875 0.6916666671875 0.064983975 0.690384615625 0.112419871875 0.700641025 0.16754807656249998 0.69423076875 0.18549679531250002 0.6801282046875 0.19447115312500002 0.6608974359374999 0.19447115312500002 0.6480769234375
12 0.10729166718750001 0.596794871875 0.088060896875 0.596794871875 0.038060896875 0.621153846875 0.0329326921875 0.627564103125 0.0303685890625 0.6557692312500001 0.081650640625 0.6570512828124999 0.10985576875 0.6455128203125 0.1393429484375 0.600641025 0.1393429484375 0.5929487171875001 0.1278044875 0.5878205125 0.10729166718750001 0.596794871875
12 0 0.606044671875 0.020112179687500002 0.6198717953124999 0.07139423125 0.6083333328125 0.0983173078125 0.58141025625 0.11754807656249999 0.5711538468749999 0.1137019234375 0.553205128125 0.1008814109375 0.549358975 0.08421474375 0.5544871796875 0.052163460937499996 0.5519230765625001 0.044471153125 0.5583333328125 0.011137820312500001 0.566025640625 0 0.5759259265625001 0 0.606044671875
12 0.31498397499999997 0.6865384609375 0.2829326921875 0.675 0.240625 0.649358975 0.225240384375 0.646794871875 0.21883012812499997 0.650641025 0.21754807656250003 0.6737179484375 0.20600961562500003 0.6852564109375 0.20600961562500003 0.6929487171875001 0.214983975 0.7019230765625 0.23934294843749998 0.7108974359375 0.2457532046875 0.721153846875 0.275240384375 0.728846153125 0.290625 0.7391025640625 0.318830128125 0.7416666671875001 0.362419871875 0.7634615390625 0.3778044875 0.7634615390625 0.3796875 0.7621434296875 0.3796875 0.732762896875 0.3354967953125 0.7096153843749999 0.31498397499999997 0.6865384609375
12 0.16754807656249998 0.7852564109375 0.1765224359375 0.7673076921875001 0.19703525625 0.7570512828125 0.2201121796875 0.7365384609375 0.21754807656250003 0.703205128125 0.2034455125 0.6916666671875 0.2034455125 0.6852564109375 0.21883012812499997 0.650641025 0.23036858906250002 0.646794871875 0.21754807656250003 0.6391025640625 0.2034455125 0.6391025640625 0.1790865390625 0.7019230765625 0.1637019234375 0.7237179484375 0.1637019234375 0.7365384609375 0.1393429484375 0.800641025 0.143189103125 0.8173076921875 0.168830128125 0.822435896875 0.181650640625 0.8301282046875 0.19318910312499998 0.825 0.19318910312499998 0.8147435890624999 0.168830128125 0.7929487171875 0.16754807656249998 0.7852564109375
12 0.075240384375 0.500641025 0.0547275640625 0.5057692312500001 0.043189103125 0.499358975 0.0239583328125 0.499358975 0.012419871875 0.5083333328124999 0.007291667187500001 0.5262820515625 0.00985576875 0.5416666671875 0.02139423125 0.553205128125 0.044471153125 0.5544871796875 0.0585737171875 0.54423076875 0.0637019234375 0.549358975 0.0739583328125 0.549358975 0.10985576875 0.5314102562499999 0.106009615625 0.5134615390625 0.075240384375 0.500641025
12 0.1265224359375 0.453205128125 0.12267628281250001 0.44423076874999995 0.10216346093749999 0.43910256406250003 0.0765224359375 0.45064102500000003 0.0457532046875 0.4544871796875 0.012419871875 0.47115384687499995 0.011137820312500001 0.47628205156250003 0.027804487500000002 0.499358975 0.0419070515625 0.499358975 0.0585737171875 0.5070512828125 0.075240384375 0.496794871875 0.10216346093749999 0.4673076921875 0.11626602500000001 0.4634615390625 0.1265224359375 0.453205128125
12 0 0.6988360328125001 0.05729166718749999 0.7108974359375 0.0790865390625 0.7455128203125 0.12267628281250001 0.7557692312500001 0.13421474375 0.7160256406250001 0.13036858906249998 0.7083333328125 0.0919070515625 0.6955128203125 0.047035256250000004 0.69423076875 0.02139423125 0.6826923078125 0 0.6839507921875 0 0.6988360328125001
12 0.3457532046875 0.6019230765625 0.2957532046875 0.583974359375 0.2637019234375 0.5634615390625 0.2534455125 0.5621794875 0.24959935937500002 0.572435896875 0.26241987187500004 0.5980769234375 0.29703525625 0.6237179484375 0.3175480765625 0.6301282046875001 0.33421474375 0.6429487171875 0.344471153125 0.6570512828124999 0.3419070515625 0.66858974375 0.37139423125 0.6737179484375 0.3796875 0.6705282296874999 0.3796875 0.629927884375 0.3739583328125 0.622435896875 0.3457532046875 0.6019230765625
12 0.23806089687499998 0.5878205125 0.216266025 0.5878205125 0.2111378203125 0.5916666671875 0.214983975 0.622435896875 0.2265224359375 0.627564103125 0.24447115312499998 0.6519230765625 0.2983173078125 0.68141025625 0.32139423125 0.6865384609375 0.33806089687499996 0.6788461531250001 0.33677884687500004 0.6673076921875001 0.344471153125 0.6544871796875 0.3290865390625 0.6378205125 0.23806089687499998 0.5878205125
12 0.303938609375 1 0.2983173078125 0.9634615390624999 0.2919070515625 0.94423076875 0.281650640625 0.9365384609375 0.2726762828125 0.9365384609375 0.264983975 0.9416666671874999 0.24703525625 0.9391025640624999 0.23934294843749998 0.949358975 0.23806089687499998 0.9903846156249999 0.23940705 1 0.303938609375 1
12 0.2611378203125 0.7237179484375 0.240625 0.722435896875 0.1778044875 0.76858974375 0.16754807656249998 0.7839743593749999 0.16754807656249998 0.7891025640625 0.188060896875 0.803205128125 0.1983173078125 0.825 0.22139423125 0.8160256406249999 0.256009615625 0.7814102562499999 0.264983975 0.778846153125 0.28806089687499997 0.7442307687499999 0.2854967953125 0.7352564109374999 0.2611378203125 0.7237179484375
12 0.24703525625 0.7891025640625 0.236778846875 0.7903846156250001 0.23421474375 0.80576923125 0.27139423125 0.8326923078125 0.34959935937500003 0.8237179484375 0.3585737171875 0.8173076921875 0.35088141093749997 0.772435896875 0.3303685890625 0.7673076921875001 0.27139423125 0.7737179484375 0.24703525625 0.7891025640625
18 0.7519361421874999 1 0.7606808578125 0.9900060390625001 0.7908740937500001 0.9151268109374999 0.8005359296875 0.9066727046875 0.8114054953125001 0.8776871984374999 0.8307291671874999 0.8499094203125 0.8391832734375001 0.6482185984375 0.77034269375 0.634933575 0.5118885875 0.6059480671874999 0.5022267515625 0.6228562796875 0.46116395 0.79556159375 0.4744489734375 0.8245471015625 0.49256491562500004 0.8873490343749999 0.5396663640625 0.9936292265625 0.54444444375 1 0.7519361421874999 1
18 1 0.7551862953125 0.8754151562500001 0.764160628125 0.8488451093749999 0.8028079703125 0.831936896875 0.8499094203125 0.8065745765625 0.87647946875 0.7957050125 0.9030495171874999 0.7787968000000001 0.924788646875 0.75705766875 0.9815519328125 0.7594734875 1 1 1 1 0.7551862953125
18 1 0.5420019375 0.9237243359375 0.5407306765625 0.8597146734375001 0.5467693234375 0.8464296499999999 0.5660929953125 0.8355600843750001 0.595078503125 0.8258982484375 0.6397644921875 0.8391832734375001 0.6482185984375 0.831936896875 0.7327596625 0.8355600843750001 0.7967693234375 0.8524682968749999 0.7931461359374999 0.8754151562500001 0.7653683578125 0.8850769921874999 0.7629528984375 1 0.75416466875 1 0.5420019375
18 0.45154524531250007 1 0.49014945625 0.9513586953125 0.5058499390625 0.9211654593749999 0.50343448125 0.8970108703124999 0.4647871375 0.7967693234375 0.475656703125 0.7400060390625 0.41768568906250003 0.6929045890625 0.3796875 0.6704954 0.3796875 1 0.45154524531250007 1