4 0.13447420625 0.22601686562499998 0.1322420640625 0.22601686562499998 0.13149801562500002 0.2275049609375 0.13447420625 0.22725694375 0.13447420625 0.22601686562499998
4 0.0732142859375 0.04794146875 0.074950396875 0.0462053578125 0.074950396875 0.0407490078125 0.0724702375 0.0340525796875 0.0704861109375 0.036284721874999995 0.0702380953125 0.0412450390625 0.071478175 0.045709325 0.0732142859375 0.04794146875
4 0.396130953125 0.076959325 0.391170634375 0.076959325 0.3986111109375 0.120362103125 0.412251984375 0.11044146875000001 0.4345734125 0.10920138906250001 0.4258928578125 0.1774057546875 0.412251984375 0.23320932499999997 0.4544146828125 0.264211309375 0.449454365625 0.27909226249999997 0.41845238125 0.25925099218750003 0.4420138890625 0.28405257968750003 0.43705357187500005 0.2939732140625 0.449454365625 0.3348958328125 0.474255953125 0.33737599218750003 0.55 0.3516336953125 0.55 0.0053592859375000005 0.453174603125 0.0471974203125 0.396130953125 0.076959325
13 0.252979734375 0 0.2572420640625 0.029836309374999998 0.2733630953125 0.0434771828125 0.288244046875 0.050917659375 0.3390873015625 0.06083829375000001 0.39365079375 0.0732390875 0.398220534375 0.074381521875 0.4420138890625 0.0496775796875 0.48045634843749996 0.03231646875 0.487259815625 0 0.252979734375 0
4 0 0.3472139546875 0.0117063484375 0.342336309375 0.021626984374999998 0.3249751984375 0.0551091265625 0.30265377031249996 0.08487103124999999 0.264211309375 0.10719246093749998 0.235689484375 0.1332341265625 0.2046875 0.15059523749999998 0.18856646875 0.1716765875 0.169965278125 0.1518353171875 0.1402033734375 0.1109126984375 0.173685515625 0.1109126984375 0.141443453125 0.1208333328125 0.13648313437499998 0.1109126984375 0.095560515625 0.1171130953125 0.06083829375000001 0.099751984375 0.0496775796875 0.09107142812499999 0.063318453125 0.0439484125 0.0930803578125 0 0.1190498734375 0 0.3472139546875
4 0.3700892859375 0.3931795640625 0.3775297625 0.3844990078125 0.3638888890625 0.37333829375 0.284523809375 0.367137896875 0.256001984375 0.3224950390625 0.225 0.2828125 0.20019841249999998 0.251810515625 0.1865575390625 0.2493303578125 0.177876984375 0.2282490078125 0.181597221875 0.21708829375 0.10967261875 0.23320932499999997 0.06875 0.2828125 0.0389880953125 0.317534721875 0.0439484125 0.31629464218750003 0.0613095234375 0.363417659375 0.08363095312499999 0.37705853125 0.103472221875 0.4031001984375 0.10843253906250001 0.43782242031249996 0.10967261875 0.47130456406250004 0.1543154765625 0.4812251984375 0.190277778125 0.4837053578125 0.23368055625 0.47006448437500004 0.26964285781249997 0.448983134375 0.3142857140625 0.41302083281249996 0.3366071421875 0.410540675 0.3700892859375 0.3931795640625
15 0.184136775 0 0.424652778125 0.1724454359375 0.42713293593749996 0.15756448437499998 0.2095438859375 0 0.184136775 0
15 0.0953402140625 0 0.2733630953125 0.351016865625 0.2820436515625 0.342336309375 0.10535394375 0 0.0953402140625 0
15 0.1264781734375 0 0.35272817500000003 0.2828125 0.3601686515625 0.2716517859375 0.1434151359375 0 0.1264781734375 0
15 0.12466863125000001 0 0.3036875109375 0.34729662656250004 0.30436507968750004 0.34729662656250004 0.31180555625 0.34481646875 0.13819444375 0.0124751984375 0.1277984453125 0 0.12466863125000001 0
15 0.1781624625 0 0.440773809375 0.2778521828125 0.45069444374999995 0.26917162656250004 0.2262400796875 0.028596229687500002 0.22996031718749999 0.03231646875 0.2287202375 0.027356151562499997 0.2287202375 0.028596229687500002 0.18662023125 0 0.1781624625 0
15 0.3204861109375 0.3609375 0.331646825 0.3497767859375 0.18407738125 0.0657986109375 0.146875 0.029836309374999998 0.2287202375 0.18856646875 0.3242063484375 0.36837797656250004 0.3242063484375 0.3658978171875 0.325446428125 0.363417659375 0.325446428125 0.36217757968750003 0.325446428125 0.35969742031249996 0.3242063484375 0.35969742031249996 0.32668650781249997 0.35721726249999997 0.3204861109375 0.3609375
15 0.1676671984375 0 0.1952380953125 0.0434771828125 0.2138392859375 0.0657986109375 0.2572420640625 0.1067212296875 0.3080853171875 0.1650049609375 0.3775297625 0.2344494046875 0.43705357187500005 0.29521329375 0.44697420625 0.2877728171875 0.2510416671875 0.07943948437500001 0.1727055078125 0 0.1676671984375 0
15 0.44697420625 0.3820188484375 0.45813492031249997 0.3782986109375 0.3514880953125 0.11044146875000001 0.3328869046875 0.1054811515625 0.44449404687499994 0.3857390875 0.44325396875 0.379538690625 0.44697420625 0.3820188484375
15 0.34306746875 0.3259553484375 0.34776785781249997 0.3212549609375 0.3505580359375 0.32311507968750003 0.3552083328125 0.3212549609375 0.26220238125 0.16624503906250002 0.24360119062500002 0.1476438484375 0.34306746875 0.3259553484375
15 0.4345734125 0.28405257968750003 0.39489087343749996 0.1798859125 0.37132936562499996 0.12904265937499998 0.34404761875 0.0558779765625 0.3291666671875 0.058358134375 0.3924107140625 0.21212797656250001 0.45565476250000003 0.36961805625 0.45689484062499996 0.36837797656250004 0.45813492031249997 0.367137896875 0.4643353171875 0.36217757968750003 0.4345734125 0.28405257968750003
15 0.30188492031249997 0.1526041671875 0.2770833328125 0.1315228171875 0.412251984375 0.379538690625 0.41349206406250005 0.36837797656250004 0.4139880953125 0.36788194375 0.4110119046875 0.36837797656250004 0.4169684953125 0.364406915625 0.30188492031249997 0.1526041671875
15 0.36140872968750004 0.210887896875 0.337847221875 0.1972470234375 0.43207187343750003 0.383280309375 0.4395337296875 0.375818453125 0.36140872968750004 0.210887896875
14 0.61708984375 0.289453125 0.5951171875 0.2962890625 0.57412109375 0.29873046875 0.56875 0.3021484375 0.56826171875 0.30556640625 0.6009765625 0.328515625 0.60927734375 0.33193359375 0.61953125 0.33193359375 0.66787109375 0.32314453125 0.738671875 0.30361328125 0.76259765625 0.301171875 0.7640625 0.3060546875 0.771875 0.31484375 0.77431640625 0.3236328125 0.81044921875 0.37734375 0.81728515625 0.38271484375 0.84169921875 0.38857421875 0.8529296875 0.40078125 0.859765625 0.40322265625 0.86416015625 0.396875 0.86318359375 0.3802734375 0.86611328125 0.375390625 0.86318359375 0.36708984375 0.86318359375 0.35927734375 0.87197265625 0.340234375 0.87978515625 0.33291015625 0.88857421875 0.32802734375 0.91201171875 0.3236328125 0.94716796875 0.32607421875 0.96767578125 0.33095703125 0.97109375 0.33046875 0.97109375 0.3265625 0.9251953125 0.2708984375 0.88662109375 0.2181640625 0.86611328125 0.19521484375 0.83046875 0.14736328125 0.82265625 0.14638671875 0.81484375 0.15126953125 0.79970703125 0.16787109375 0.79287109375 0.18203125 0.785546875 0.18935546875 0.77626953125 0.1947265625 0.7474609375 0.20302734375 0.72646484375 0.21865234375 0.70693359375 0.22890625 0.6966796875 0.240625 0.664453125 0.266015625 0.61708984375 0.289453125
0 1 0.34542164531249997 0.9955078125 0.34462890625 0.9818359375 0.33388671875 0.953515625 0.32607421875 0.9271484375 0.3255859375 0.92275390625 0.32265625 0.91787109375 0.32216796875 0.88955078125 0.32607421875 0.8783203125 0.33291015625 0.87197265625 0.3392578125 0.86416015625 0.359765625 0.863671875 0.3666015625 0.86708984375 0.37294921875 0.86611328125 0.37685546875 0.86123046875 0.3822265625 0.86318359375 0.3939453125 0.86171875 0.402734375 0.855859375 0.402734375 0.84755859375 0.391015625 0.83779296875 0.38564453125 0.824609375 0.38466796875 0.82021484375 0.3861328125 0.82314453125 0.39345703125 0.82900390625 0.39931640625 0.8353515625 0.4115234375 0.863671875 0.4515625 0.8783203125 0.4759765625 0.8978515625 0.496484375 0.90419921875 0.49501953125 0.906640625 0.4896484375 0.91396484375 0.48671875 0.9232421875 0.4779296875 0.92958984375 0.459375 0.93740234375 0.45546875 0.93984375 0.4515625 0.93642578125 0.437890625 0.9447265625 0.43349609375 0.953515625 0.4232421875 0.96376953125 0.41640625 0.97939453125 0.39736328125 0.990625 0.38955078125 1 0.38017578125 1 0.34542164531249997
4 1 0.484644990625 0.99208984375 0.4525390625 0.9798828125 0.42177734375 0.9759765625 0.418359375 0.97158203125 0.418359375 0.96376953125 0.4193359375 0.941796875 0.4369140625 0.93203125 0.457421875 0.92568359375 0.46474609375 0.92373046875 0.475 0.918359375 0.4837890625 0.91298828125 0.488671875 0.902734375 0.4935546875 0.89931640625 0.49990234375 0.8998046875 0.50576171875 0.910546875 0.52431640625 0.93154296875 0.55556640625 0.94619140625 0.58193359375 0.96474609375 0.60830078125 0.97744140625 0.60537109375 0.98525390625 0.59462890625 0.98818359375 0.578515625 1 0.541702975 1 0.484644990625
9 0.76259765625 0.60341796875 0.74208984375 0.58291015625 0.73427734375 0.5794921875 0.72060546875 0.58876953125 0.7171875 0.594140625 0.711328125 0.59658203125 0.66298828125 0.58779296875 0.65712890625 0.58486328125 0.6537109375 0.57802734375 0.65517578125 0.57265625 0.66103515625 0.56826171875 0.66005859375 0.56337890625 0.6400390625 0.55263671875 0.6341796875 0.5521484375 0.615625 0.586328125 0.61513671875 0.5951171875 0.60830078125 0.6166015625 0.606256103125 0.6296875 0.7830213484375 0.6296875 0.77919921875 0.62392578125 0.76259765625 0.60341796875
11 0.56728515625 0.62685546875 0.57900390625 0.62880859375 0.58779296875 0.62734375 0.60048828125 0.61611328125 0.60732421875 0.60634765625 0.63515625 0.5521484375 0.64345703125 0.553125 0.65615234375 0.56337890625 0.65712890625 0.57265625 0.65517578125 0.58046875 0.6595703125 0.5873046875 0.67861328125 0.59267578125 0.70498046875 0.5970703125 0.71376953125 0.5951171875 0.7220703125 0.58681640625 0.723046875 0.5814453125 0.7201171875 0.5599609375 0.72060546875 0.52626953125 0.71962890625 0.51943359375 0.7162109375 0.5130859375 0.69716796875 0.50087890625 0.68642578125 0.4916015625 0.637109375 0.46474609375 0.60537109375 0.45400390625 0.5990234375 0.4173828125 0.590234375 0.40859375 0.56875 0.40224609375 0.55 0.40299609375 0.55 0.6296875 0.5543387281250001 0.6296875 0.56728515625 0.62685546875
1 1 0.3768246296875 0.9984375 0.37978515625 0.975 0.4046875 0.97158203125 0.418359375 0.990625 0.47255859375 0.99599609375 0.51259765625 0.996484375 0.53310546875 0.9818359375 0.57607421875 0.9779296875 0.59609375 0.97353515625 0.6 0.96474609375 0.601953125 0.9525390625 0.58974609375 0.93349609375 0.5560546875 0.91494140625 0.5306640625 0.8958984375 0.49990234375 0.887109375 0.4896484375 0.85634765625 0.441796875 0.83681640625 0.4173828125 0.81240234375 0.37880859375 0.805078125 0.363671875 0.78017578125 0.32900390625 0.76015625 0.3060546875 0.74990234375 0.3021484375 0.74306640625 0.30263671875 0.6361328125 0.328515625 0.62392578125 0.33095703125 0.6078125 0.33095703125 0.59462890625 0.32216796875 0.566796875 0.30849609375 0.55263671875 0.29873046875 0.55 0.296522484375 0.55 0.38387741875 0.562890625 0.39052734375 0.62978515625 0.4369140625 0.6498046875 0.459375 0.70302734375 0.51064453125 0.71474609375 0.52822265625 0.73427734375 0.56533203125 0.7572265625 0.59853515625 0.77822265625 0.62197265625 0.7825622562500001 0.6296875 1 0.6296875 1 0.3768246296875
11 0 0.705790328125 0.0017432953125 0.7105221296875001 0.015291445312499999 0.72773194375 0.0222486046875 0.7529974140625 0.0317689265625 0.769108728125 0.041289248437499995 0.7808260484375 0.05556973125 0.7921772015624999 0.06618855312500001 0.7936418671875 0.0841306984375 0.7921772015624999 0.0973126828125 0.783755378125 0.120747321875 0.7797275499999999 0.135393971875 0.7716718921875 0.15589928125000002 0.76691173125 0.1716444296875 0.759222240625 0.18043241875 0.7493357515625 0.1925159046875 0.7431109250000001 0.20459939062500002 0.733590603125 0.2071625546875 0.7291966078125001 0.20679638906250003 0.7112544625 0.1998392296875 0.6977063125 0.1939805703125 0.69221381875 0.1939805703125 0.68855215625 0.1991068984375 0.6830596625 0.204233225 0.67390550625 0.210091884375 0.669877678125 0.2225415375 0.655231028125 0.2236400359375 0.6504708671875 0.22180920468749998 0.6416828765625 0.2156351140625 0.6296875 0.0928305796875 0.6296875 0.0918201890625 0.630697890625 0.08486303125 0.6299655578125 0.084736640625 0.6296875 0.012357578125000001 0.6296875 0.006869621875 0.633261053125 0 0.6348639656249999 0 0.705790328125
9 0 0.868754265625 0.029571928125 0.8738322734375 0.0603298921875 0.87712776875 0.121845821875 0.878592434375 0.15296995156249998 0.8829864296875 0.17420759375 0.8811555984374999 0.1921497390625 0.8870142578125 0.2111903828125 0.8903097531249999 0.2159505453125 0.8895774218750001 0.22107687187499997 0.885915759375 0.2236400359375 0.8811555984374999 0.22290770312500002 0.8643119499999999 0.21485204531250002 0.8222028328125001 0.20752872187500002 0.7658132328125 0.192882071875 0.7658132328125 0.1569977796875 0.7702072265625 0.1141563296875 0.778262884375 0.0951156859375 0.7797275499999999 0.06838554999999999 0.7866847078125 0.054471232812500006 0.78522004375 0.0376275859375 0.772404225 0.02371326875 0.7420124265625 0.023347103124999997 0.726267278125 0.021882437499999997 0.7233379484375 0.0097989515625 0.7119867953125001 0.0076019546875 0.7010018078125 0.001377128125 0.6900168203125 0 0.6892134953125 0 0.868754265625
13 0.832061859375 0.7915652078125001 0.843046846875 0.8171968453125 0.8222974265625 0.8391668187500001 0.8003274515625 0.8660190109375 0.7698135984375 0.902635634375 0.7588286109375 0.90751785 0.8161946562500001 0.914841175 0.8613551578124999 0.920943946875 0.8625757125 0.920943946875 0.8650168203125 0.9233850546875001 0.8637962671875 0.9197233921875 0.8796634703124999 0.90751785 0.8686784828125 0.797667978125 0.8613551578124999 0.7268758390625 0.8540318328125001 0.6658481328125 0.8345029671875 0.6463192671875 0.8064302218750001 0.6426576046875 0.7820191390625 0.6475398203125 0.7612697203125001 0.6780536734375 0.745402515625 0.765933571875 0.7612697203125001 0.7500663671875001 0.7954452359374999 0.7647130171875001 0.832061859375 0.7915652078125001
12 0.6563020640625 0.6914797687500001 0.6331115359374999 0.7634924625 0.6184648859374999 0.8208585078124999 0.63189098125 0.8745628890624999 0.6440965234375 0.877003996875 0.666066496875 0.8794451046875 0.6709487140625 0.884327321875 0.6941392421875 0.84649014375 0.7209914328125 0.8074324125000001 0.7466230703125001 0.7781391125 0.760049165625 0.68415644375 0.774695815625 0.6560837 0.7930041265625001 0.6377753875 0.7886905859375 0.6296875 0.6749005453125 0.6296875 0.6758309296875 0.648760375 0.6563020640625 0.6914797687500001
0 0.7039036750000001 0.8318434937499999 0.666066496875 0.884327321875 0.669728159375 0.902635634375 0.6685076046875 0.9038561875 0.710006446875 0.9087384046875 0.7612697203125001 0.9124000671875001 0.77957803125 0.8892095390625 0.821076871875 0.83550515625 0.8332824125 0.8330640484374999 0.839385184375 0.8171968453125 0.824738534375 0.7903446546875 0.7991068984374999 0.7610513546875 0.7588286109375 0.7525074765624999 0.7039036750000001 0.8318434937499999
13 0.5842893703125001 0.9160617296875 0.605038790625 0.898973971875 0.6294498734375 0.9014150796875 0.63555264375 0.8599162390625 0.586730478125 0.7647130171875001 0.55 0.7391129859375 0.55 0.91250076875 0.5672016125 0.9246056078124999 0.5842893703125001 0.9160617296875