3 0.45 0 0.3192354296875 0 0.3159102171875 0.01649305625 0.308469740625 0.07204861093750001 0.30400545625 0.12413194375 0.3035094234375 0.135540675 0.30425347187499996 0.1444692453125 0.3057415671875 0.1469494046875 0.3072296625 0.1469494046875 0.3216145828125 0.141741071875 0.326326884375 0.14124503906250002 0.3384796625 0.1471974203125 0.34120783593750004 0.14769345312499998 0.3652653765625 0.14149305625 0.3786582328125 0.1407490078125 0.3890749 0.142237103125 0.403955853125 0.1484375 0.41176835 0.15 0.41779868125 0.15 0.41908482031250005 0.14918154687500002 0.42627728125 0.129836309375 0.4309895828125 0.12016369062500001 0.43768601093750004 0.10900297656249999 0.44487847187499996 0.0995783734375 0.45 0.0893353171875 0.45 0
3 0.2907711890625 0.2296875 0.308556546875 0.2158110109375 0.3132688484375 0.21060267968750002 0.3288938484375 0.18852926718750002 0.3353422625 0.1716641859375 0.3375 0.1605158703125 0.3375 0.1531770828125 0.33707837343749997 0.1515749 0.333358134375 0.148598709375 0.326909721875 0.1461185515625 0.323685515625 0.1419022828125 0.320461309375 0.1421502984375 0.31847718281250004 0.143390378125 0.31103670625 0.142894346875 0.3093005953125 0.1394221234375 0.31054067500000004 0.102715775 0.31054067500000004 0.06551339375000001 0.3097966265625 0.0617931546875 0.30533234062500003 0.0563368046875 0.2998759921875 0.046168154687500004 0.29541170625 0.0407118046875 0.2877232140625 0.0283110109375 0.28375496093749997 0.0250868046875 0.2780505953125 0.024590775000000002 0.255233134375 0.033271329687500004 0.233655753125 0.0399677578125 0.223487103125 0.04542410625 0.2195188484375 0.049640378125 0.21207837343749997 0.06328125 0.2061259921875 0.0781622015625 0.200917659375 0.0982514890625 0.1996775796875 0.1076760921875 0.1994295640625 0.127765378125 0.1944692453125 0.1818328359375 0.194965278125 0.19051339218750002 0.19375 0.20683284375 0.19375 0.2211185515625 0.1943620671875 0.2296875 0.2907711890625 0.2296875
15 0 0.7895263671875 0.004052734375 0.79560546875 0.004052734375 0.7984375 0.0734375 0.7984375 0.0734375 0.7983049671875 0.053369140625 0.78779296875 0.035791015625 0.77412109375 0.010888671875 0.75849609375 0 0.7503843984375 0 0.7895263671875
15 0.163232421875 0.43740234375 0.166650390625 0.44326171875 0.166162109375 0.4681640625 0.1546875 0.7540730796874999 0.1546875 0.76552734375 0.154931640625 0.7708984375 0.164775390625 0.775 0.16873372343749998 0.775 0.170556640625 0.77431640625 0.172509765625 0.76943359375 0.172509765625 0.75576171875 0.175439453125 0.74404296875 0.190087890625 0.51650390625 0.1984375 0.43671875 0.1984375 0.42177124062499993 0.194970703125 0.41787109375 0.183740234375 0.41298828125 0.175927734375 0.4125 0.165673828125 0.41591796875 0.163232421875 0.42421875 0.163232421875 0.43740234375
15 0.13291015625 0.4486328125 0.13193359375 0.57705078125 0.1490234375 0.7669921875 0.15078125 0.76875 0.1525349359375 0.76875 0.15830078125 0.66640625 0.165625 0.45812377968749995 0.165625 0.44130859375 0.16513671875 0.43837890625 0.16123046875 0.4349609375 0.1470703125 0.43349609375 0.14072265625 0.43544921875 0.136328125 0.43935546875 0.13291015625 0.4486328125
15 0.09306329218750001 0.49017695312500004 0.099433221875 0.5301648515625 0.12468821875 0.7403356171875 0.14876892656250001 0.765625 0.15 0.765625 0.15 0.7633936625 0.1233383484375 0.486486325 0.11986680937500001 0.4762445484375 0.1104594359375 0.47257755156250003 0.098261915625 0.4782662140625 0.09306329218750001 0.49017695312500004
15 0.0421875 0.6893411671874999 0.0421875 0.6948821953125 0.052087867187500005 0.7009969890625001 0.068464415625 0.7166325921875 0.1494513796875 0.7983313828124999 0.1618938515625 0.7984375 0.1796875 0.7984375 0.1796875 0.7981355328124999 0.0990356890625 0.7107386796874999 0.062967228125 0.6692160640625 0.05139560625 0.6708052906249999 0.0426075078125 0.68081618125 0.0421875 0.6893411671874999
15 0.049347999999999996 0.737701740625 0.105361953125 0.797422559375 0.14065789374999998 0.7984375 0.097320984375 0.7477636296875 0.060347253125 0.7046355296875 0.047214214062499996 0.7011318453125 0.0385322484375 0.70589529375 0.029934234375 0.7134066109375 0.0293906703125 0.7133748140625 0.0321892796875 0.72121458125 0.049347999999999996 0.737701740625
15 0.127147075 0.7442648578125 0.096432153125 0.5243423359375 0.08917475625 0.518014409375 0.079466528125 0.515054409375 0.0709495609375 0.5241531984375 0.1010968453125 0.71211080625 0.127147075 0.7442648578125
15 0.0465913625 0.5068921484375 0.051669520312499995 0.4982448609375 0.0441978140625 0.49174054843750004 0.0319594265625 0.4920768984375 0.025652659374999998 0.49657951093749997 0.058115603125000005 0.6697024234375 0.065490715625 0.6733676234375 0.0731735421875 0.680855109375 0.057173778125 0.57366071875 0.0465913625 0.5068921484375
15 0.37216796875 0.25986328125 0.38779296875 0.2388671875 0.38681640625 0.2359375 0.35458984375 0.2359375 0.3306640625 0.2701171875 0.24765625 0.374609375 0.23251953125 0.3951171875 0.23203125 0.3990234375 0.23837890625 0.4 0.241796875 0.40537109375 0.24716796875 0.4078125 0.25791015625 0.3990234375 0.3248046875 0.31650390625 0.339453125 0.29599609375 0.36240234375 0.26865234375 0.37216796875 0.25986328125
15 0 0.643613978125 0.0295788375 0.6988656421874999 0.03391508125 0.7085269546874999 0.039809385937500004 0.702697103125 0.05118489375 0.7018094515625 0.0470276515625 0.6982629375 0.040746575 0.6909789015625 0.04229299375 0.6820525390625 0.0436558734375 0.6766634265625 0.006738721875000001 0.59886909375 0 0.5849818609375 0 0.643613978125
15 0 0.721718865625 0.0236210046875 0.7598979124999999 0.052863364062499994 0.78380981875 0.0734663 0.79605314375 0 0.670403028125 0 0.721718865625
15 0.45 0.75390625 0.441015625 0.74716796875 0.44443359375 0.73642578125 0.4419921875 0.72470703125 0.42783203125 0.7154296875 0.41708984375 0.71640625 0.41708984375 0.7046875 0.41513671875 0.69931640625 0.40537109375 0.6900390625 0.3931640625 0.6861328125 0.4009765625 0.67587890625 0.3990234375 0.6626953125 0.40439453125 0.65634765625 0.401953125 0.64267578125 0.3921875 0.63193359375 0.3814453125 0.6314453125 0.37509765625 0.63486328125 0.3677734375 0.62900390625 0.3677734375 0.62607421875 0.37509765625 0.6158203125 0.3755859375 0.61044921875 0.3697265625 0.5962890625 0.3609375 0.589453125 0.35849609375 0.5728515625 0.3541015625 0.5650390625 0.35751953125 0.55380859375 0.3541015625 0.5484375 0.34580078125 0.542578125 0.33505859375 0.5396484375 0.33603515625 0.5337890625 0.343359375 0.52060546875 0.36875 0.49619140625 0.37021484375 0.48984375 0.36875 0.48544921875 0.35849609375 0.47861328125 0.34873046875 0.4791015625 0.3443359375 0.48251953125 0.339453125 0.49228515625 0.33310546875 0.499609375 0.32529296875 0.50595703125 0.321875 0.50595703125 0.3189453125 0.5044921875 0.31845703125 0.4947265625 0.31455078125 0.49033203125 0.31259765625 0.47861328125 0.30380859375 0.4712890625 0.29404296875 0.47080078125 0.28818359375 0.47421875 0.284765625 0.480078125 0.2818359375 0.5083984375 0.27646484375 0.51279296875 0.27451171875 0.51181640625 0.27451171875 0.5083984375 0.27939453125 0.48447265625 0.27841796875 0.47666015625 0.275 0.47275390625 0.265234375 0.4703125 0.2623046875 0.4673828125 0.26181640625 0.45908203125 0.25791015625 0.45322265625 0.24765625 0.45126953125 0.24130859375 0.45615234375 0.24033203125 0.46640625 0.23056640625 0.464453125 0.2193359375 0.46591796875 0.2154296875 0.468359375 0.2115234375 0.48251953125 0.20126953125 0.4908203125 0.1978515625 0.50546875 0.19052734375 0.515234375 0.191015625 0.57919921875 0.19345703125 0.58994140625 0.1958984375 0.59140625 0.2017578125 0.5904296875 0.2037109375 0.59775390625 0.20078125 0.632421875 0.20126953125 0.68271484375 0.19443359375 0.7486328125 0.194921875 0.76865234375 0.2017578125 0.78671875 0.20615234375 0.792578125 0.22763671875 0.7916015625 0.2369140625 0.7935546875 0.24228515625 0.7984375 0.3296875 0.7984375 0.33896484375 0.79697265625 0.3423828125 0.7984375 0.36142578125 0.7984375 0.36923828125 0.7955078125 0.3853515625 0.79404296875 0.44296875 0.78232421875 0.45 0.7797337578125 0.45 0.75390625
15 0.24602864531250002 0.45322265625 0.39169921875 0.2896484375 0.3778645828125 0.2806966140625 0.25009765625 0.43450520781250007 0.24602864531250002 0.45322265625
15 0.07919921875 0.6892252609375 0.0971028640625 0.7055013015625 0.06943359375 0.5232096359374999 0.0767578125 0.5183268234374999 0.07431640625 0.5028645828125 0.0580403640625 0.4963541671874999 0.0482747390625 0.5053059890625 0.07919921875 0.6892252609375
15 0.0751155453125 0.465415025 0.0751302078125 0.4654296875 0.0767578125 0.4670572921874999 0.0824544265625 0.4646158859374999 0.0962890625 0.4654296875 0.0971028640625 0.37428385468750003 0.0857096359375 0.36858723906249996 0.0735026046875 0.37428385468750003 0.0751155453125 0.465415025
15 0.0433919265625 0.3970703125 0.05478515625 0.38974609375 0.03525390625 0.30673828125 0.0189778640625 0.3002278640625 0.0067708328125 0.3083658859375 0.0328125 0.41253255156249996 0.03525390625 0.41009114531249996 0.0368815109375 0.41253255156249996 0.0433919265625 0.41171875 0.0433919265625 0.3970703125
15 0.3241536453125 0.5061197921874999 0.35263671875 0.43450520781250007 0.37705078125 0.3775390625 0.3705403640625 0.36207682343750003 0.3607747390625 0.36044921875 0.3217122390625 0.49309895781250007 0.3241536453125 0.5061197921874999
15 0.3322916671875 0.4987955734374999 0.3461263015625 0.47763671875 0.3583333328125 0.4751953125 0.3835611984375 0.41171875 0.37705078125 0.3775390625 0.3558919265625 0.4263671875 0.3339192703125 0.48251953125 0.3308965765625 0.4946103046875 0.3322916671875 0.4987955734374999
15 0 0.4822998046875 0.02060546875 0.58017578125 0.0395263671875 0.661962890625 0.043798828125 0.675390625 0.0566162109375 0.6674560546875 0.038916015625 0.574072265625 0.019384765625 0.48251953125 0.0199951171875 0.4709228515625 0.0053466796875 0.4703125 0 0.47468705624999996 0 0.4822998046875
15 0.0773681640625 0.515478515625 0.0834716796875 0.5142578125 0.0944580078125 0.520361328125 0.0956787109375 0.515478515625 0.0590576171875 0.4208740234375 0.0492919921875 0.4123291015625 0.0285400390625 0.412939453125 0.026708984375 0.4245361328125 0.03525390625 0.4416259765625 0.0590576171875 0.493505859375 0.07431640625 0.5002197265625 0.0773681640625 0.515478515625
15 0 0.561464371875 0.0016845703125 0.5661376953125 0.0163330078125 0.6174072265625 0.0407470703125 0.6747802734375 0.0212158203125 0.5795654296875 0 0.505815196875 0 0.561464371875
15 0.141455078125 0.43369140625 0.146337890625 0.395849609375 0.1481689453125 0.3915771484375 0.1353515625 0.3207763671875 0.1298583984375 0.3091796875 0.11337890625 0.3097900390625 0.107275390625 0.320166015625 0.1152099609375 0.359228515625 0.1237548828125 0.4074462890625 0.1298583984375 0.420263671875 0.1286376953125 0.4166015625 0.141455078125 0.43369140625
15 0.197607421875 0.4263671875 0.1890625 0.509375 0.198828125 0.509375 0.217138671875 0.38486328125 0.185400390625 0.381201171875 0.179296875 0.405615234375 0.197607421875 0.4263671875
15 1 0.384228515625 0.9295510921875 0.3710193453125 0.9171502984375 0.3710193453125 0.9047495046874999 0.373499503125 0.8935887906249999 0.3759796625 0.8911086312500001 0.3871403765625 0.860145340625 1 0.88136489375 1 0.9059895843749999 0.398301090625 0.9121899812500001 0.394580853125 0.9221106156250001 0.3908606140625 1 0.4063195765625 1 0.384228515625
15 1 0.30092474375 0.9930927593749999 0.2999379953125 0.9819320453125 0.3098586296875 0.9769717281249999 0.3383804546875 0.9881324421875 0.50579116875 1 0.609491021875 1 0.38810314375 0.9943328390625 0.3296999 0.9955729187500001 0.323499503125 1 0.3190724203125 1 0.30092474375
15 0.8921275031250001 0.2296875 0.8815724218749998 0.309437003125 0.8333065 0.8453125 0.8543854703125 0.8453125 0.9063740078125001 0.25363343125000004 0.9076140875 0.231312003125 0.9224950406249999 0.2300719234375 1 0.29241286875 1 0.271168928125 0.9469037734375 0.2296875 0.8921275031250001 0.2296875
15 0.8125 0.279643790625 0.8125 0.2945247421875 0.9154265875 0.3193263296875 0.9414682546875 0.316846171875 0.9513888890625001 0.324286646875 0.9575892859374999 0.3391676 0.9650297625 0.6219056953125 0.9575892859374999 0.9790485515625 0.962700871875 0.9796875 0.9774535 0.9796875 0.98125 0.6750183328125 0.98125 0.5394255203125 0.9761904765625001 0.3441279171875 0.9737103171874999 0.316846171875 0.9662698421875 0.311885853125 0.9389880953125 0.2970049015625 0.8075396828125001 0.2759235515625 0.8125 0.279643790625
15 0.8205357140625 0.3012126640625 0.8056547609375 0.4326610765625 0.7870535703125 0.6992781406249999 0.7758928562499999 0.9100916328124999 0.788737484375 0.9125 0.79581920625 0.9125 0.8341765875 0.32105393437499996 0.8391369046874999 0.2826114734375 0.8453373015625001 0.2677305203125 0.8515376984374999 0.2677305203125 0.8763392859374999 0.2850916328125 0.9296626984374999 0.33593488593750004 0.9420634921875 0.3322146484375 0.94375 0.32631186875 0.94375 0.3208885921875 0.9408234125 0.31113329843750004 0.8614583328125001 0.2441690125 0.852777778125 0.2416888546875 0.8416170624999999 0.246649171875 0.831696428125 0.255329728125 0.8205357140625 0.3012126640625
15 0.769962178125 0.2296875 0.767559525 0.25851934375 0.76259920625 0.32920386874999996 0.7551587312500001 0.5672991078124999 0.75391975 0.8609375 0.7762400796875 0.8609375 0.7762400796875 0.6057415671874999 0.7799603171875 0.45941220156250007 0.78740079375 0.23619791562499998 0.80848214375 0.239918153125 0.949851190625 0.2944816453125 0.953125 0.2802951421875 0.953125 0.27817241406250004 0.838114275 0.2296875 0.769962178125 0.2296875
15 0.86103670625 0.2818204359375 0.8411954359375 0.283060515625 0.6713045640624999 0.2607390875 0.6713045640624999 0.2619791671875 0.6725446421875001 0.2805803578125 0.8002728171874999 0.2967013890625 0.8163938484375001 0.295461309375 0.8300347218749999 0.299181546875 0.8461557546874999 0.304141865625 0.854836309375 0.307862103125 0.86103670625 0.311582340625 0.8039930562500001 0.8993799609375 0.7853918656250001 0.973784721875 0.80771329375 0.9713045640625001 0.8523561515625001 0.6265625 0.8783978171874999 0.3314236109375 0.8808779765625001 0.304141865625 0.8746775796874999 0.2929811515625 0.86103670625 0.2818204359375