17 0.24855467187500002 0.3538500375 0.19991964375 0.366938965625 0.164502628125 0.39347659375 0.119055390625 0.4199558828125 0.0971870765625 0.43152902187500003 0.06192567812500001 0.44469573906250004 0.08611135156250001 0.4859375 0.0888629421875 0.4859375 0.1032903296875 0.48170884531249997 0.126869253125 0.466802696875 0.143625196875 0.46355720624999996 0.1958565109375 0.42875999374999996 0.237435134375 0.4473880921875 0.24591036718749998 0.4374085265625 0.2744654984375 0.42587427968749997 0.3011738578125 0.42937258749999996 0.3453125 0.40043403125 0.3453125 0.398179559375 0.3152672125 0.367609903125 0.313751125 0.3542292640625 0.32222635624999996 0.3442497 0.314217975 0.314116525 0.2738831078125 0.3322681625 0.24855467187500002 0.3538500375
17 0 0.423394040625 0.00062933125 0.42444736250000004 0.01473624375 0.446875 0.0380418109375 0.446875 0.0471841640625 0.44644736093750004 0.08919073281249999 0.42830544843749996 0.141246978125 0.4085505109375 0.1952278046875 0.3670775671875 0.23054755781249997 0.348896759375 0.2703125 0.3179390546875 0.2703125 0.316882578125 0.2660618328125 0.314002309375 0.24339715625 0.2503543375 0.2149587375 0.2518604 0.07525416406249999 0.332950175 0.023081207812499997 0.362733296875 0.002709528125 0.3893584390625 0 0.39001800468750003 0 0.423394040625
4 0.45 0.6022276984375 0.42604246718749994 0.62425589375 0.40410606875 0.641678809375 0.39416338125 0.634099328125 0.40273587343750006 0.615762940625 0.383443196875 0.6215008937500001 0.365802771875 0.628919934375 0.3514863015625 0.6380297828125 0.33710175 0.6529894109375001 0.323767021875 0.6495688921875 0.3043965359375 0.6619923 0.3117635890625 0.6754069703125001 0.316516096875 0.697999559375 0.322104459375 0.720597009375 0.3344477171875 0.7373835765625001 0.3458967703125 0.7591793765625 0.3560534296875 0.7483738546875001 0.384725271875 0.726811421875 0.4058744484375 0.7052052343749999 0.4106172328125 0.7286335046875 0.41973379531250005 0.7353724421875001 0.42747686875 0.76875 0.4290991625 0.76875 0.45 0.754861446875 0.45 0.6022276984375
8 0.142560396875 0.4638954625 0.12163491875000002 0.4662809640625 0.103003025 0.48706605312500006 0.0887449125 0.49116181406250004 0.0737773859375 0.48438884375 0.0409846390625 0.5009128734375 0.0115353 0.51745635 0.0339963171875 0.526780121875 0.0511990703125 0.5569667765624999 0.066846834375 0.5771155218749999 0.08849145 0.5847630703125 0.103193115625 0.5890625 0.12915670937499998 0.5890625 0.152988215625 0.573437884375 0.16996785625 0.550971703125 0.17162983437499998 0.5518171093750001 0.1742832796875 0.5392964640625 0.17277691875 0.5250801453125 0.18365272187499998 0.5243076656250001 0.231500528125 0.50703546875 0.2826236609375 0.49563249374999996 0.2828125 0.49282351718750006 0.2828125 0.47971655156250004 0.2671217890625 0.46294851562500006 0.2522028921875 0.451997134375 0.21805940000000001 0.44093393281250004 0.1914093984375 0.43242153125 0.1695216296875 0.4456660375 0.142560396875 0.4638954625
8 0.45 0.53202850625 0.44305305937500006 0.5379478609375 0.42640410156249997 0.532000853125 0.4216710453125 0.5077369 0.4204661890625 0.467614434375 0.41175811875 0.4257768515625 0.402388678125 0.4407656484375 0.40054190624999997 0.4557982015625 0.3734375 0.44905208593749996 0.3734375 0.44943109375 0.3969456234375 0.4775064890625 0.3907737015625 0.505049965625 0.377885784375 0.5350615921874999 0.38447533906250003 0.5434573078125 0.41947413750000007 0.5528540093750001 0.4387570875 0.5479517406250001 0.45 0.541319065625 0.45 0.53202850625
3 0.45 0.21729669375 0.44790688593750005 0.2167485875 0.4153183875 0.2157232921875 0.3893097171875 0.22392939374999998 0.3989509 0.25741501875 0.412052203125 0.2808919078125 0.41336404218749995 0.31182186875 0.42222773125 0.34028854375 0.43573404687500006 0.3671875 0.43619836875000007 0.3671875 0.44080126875000003 0.3245175421875 0.45 0.3245710484375 0.45 0.21729669375
1 0.426563215625 0.37744110000000003 0.42655525625 0.378125 0.42792988125000003 0.378125 0.43125 0.3672869796875 0.43125 0.36402893125 0.4180982953125 0.3147114625 0.40904981406249996 0.3021227515625 0.4100510078125 0.2879210171875 0.4028395734375 0.2611354328125 0.3882610875 0.22093517812500002 0.42091767031250005 0.2161107 0.4061516890625 0.196875 0.40599885156250004 0.196875 0.357188675 0.23329052187500002 0.34366915468750003 0.2457479640625 0.3234375 0.2867763921875 0.3234375 0.2876991703125 0.38102902968749996 0.339568003125 0.426563215625 0.37744110000000003
1 0.2679675203125 0.25620434687500004 0.2559543609375 0.282878109375 0.263399221875 0.289607321875 0.304103090625 0.3115732859375 0.335832890625 0.328125 0.33795094375 0.328125 0.35997873281250004 0.3227628984375 0.3608340375 0.3210963953125 0.362496015625 0.3219418015625 0.3625 0.321941825 0.3625 0.3212480546875 0.3252522640625 0.2899670984375 0.34329145781250003 0.24828509375 0.3052118578125 0.216305528125 0.2926935296875 0.21456123593749998 0.2731479765625 0.24202692187500002 0.2679675203125 0.25620434687500004
3 0.45 0.3597664421875 0.5009811171875 0.370262640625 0.512330578125 0.360642065625 0.513336271875 0.373771340625 0.5316139625 0.3765625 0.538852228125 0.3765625 0.5828125 0.2020141296875 0.5828125 0.1982964625 0.5546946593750001 0.1400367484375 0.5243141312499999 0.09971421875 0.47858706875 0.08299953437499999 0.45 0.0786340453125 0.45 0.3597664421875
3 0.6399217578125 0.525489409375 0.7193686765624999 0.528125 0.7354858265625 0.528125 0.7520634171875 0.5134190796875 0.7540143718750001 0.48289973281250004 0.7724821625 0.46950030312499996 0.9109375 0.404959209375 0.9109375 0.386335125 0.889843965625 0.3219823296875 0.8730930703125 0.29671685625 0.8518422593749999 0.2788740203125 0.8399996703125 0.2546875 0.8387572343749999 0.2546875 0.77975744375 0.27435390000000004 0.671170440625 0.3226502171875 0.550661675 0.3934554078125 0.54931774375 0.40135998749999996 0.6108851609375 0.4772622984375 0.6399217578125 0.525489409375
3 1 0.4169853828125 0.9885751562500001 0.4004941203125 0.9662144703125 0.3987014140625 0.9156492531249999 0.41044321874999995 0.8431567453125 0.4464098890625 0.8247236812500001 0.4500828515625 0.820995396875 0.46248920781249997 0.8536560999999999 0.5274893671875 0.9133767374999999 0.6047316203124999 0.9709470859374999 0.694621203125 1 0.7299203265624999 1 0.4169853828125
9 1 0.8 1 0.7199531 0.95147926875 0.660302534375 0.88816925 0.5565607609375001 0.8496646968749999 0.5068878140625 0.8391563218750001 0.502039171875 0.821798403125 0.49938846875 0.8062525359375 0.5051242921875 0.7803629015625 0.5336099640625 0.777943825 0.5478382078124999 0.771856890625 0.631250703125 0.7927000125 0.6895803328125 0.7951795203125 0.7321299859375 0.8053149328125 0.7677389515625 0.8373853359375 0.8 1 0.8
16 0.5028784984375 0.5414874765625 0.537290825 0.5580962656249999 0.57636024375 0.5640625 0.581911540625 0.5640625 0.6223030953124999 0.5532367828125 0.640770884375 0.539837353125 0.64375 0.529923959375 0.64375 0.5263884546875001 0.6340255203125 0.5128558875 0.5941075828125 0.4905404578125 0.5504266343750001 0.4903578515625 0.5264532328125 0.498050640625 0.5018728046875001 0.5283582015625 0.5028784984375 0.5414874765625
16 1 0.1826224265625 0.9961118390625 0.1842861546875 0.9675086374999999 0.1620766171875 0.9404139749999999 0.15956099375 0.8927012281250001 0.1830921296875 0.8472339328124999 0.2410273609375 0.84375 0.2526206046875 0.84375 0.25394521875 0.8518637343750001 0.27092968906250003 0.9169206734375 0.2734375 0.9375818765624999 0.2734375 0.9461098968750001 0.2593704921875 0.9758576984375 0.2558034234375 0.988516365625 0.2480047359375 0.9972821390625001 0.225013915625 1 0.22497621093750003 1 0.1826224265625
9 0.45 0.0347596234375 0.4614584828125 0.04753976875 0.539482303125 0.083784103125 0.5575771296875 0.10114499531250001 0.600382265625 0.1255232875 0.626835178125 0.16038014843749998 0.680885596875 0.2043172734375 0.732621115625 0.23330323281249998 0.7478287437500001 0.24860126249999998 0.7943621640625 0.2605732 0.7996997296874999 0.2609375 0.8165163625 0.2609375 0.8409650375 0.25309219843749997 0.8616178453125001 0.2173189734375 0.882201203125 0.20099868281250002 0.891469825 0.1845724984375 0.9223274968750002 0.1649553 0.9331741109374999 0.1487700875 0.9390625 0.12189977187500001 0.9390625 0.11013863906250002 0.93367088125 0.0872113953125 0.45 0.0133507234375 0.45 0.0347596234375
9 0.8313499999999999 0.8 0.815428490625 0.779478928125 0.6540141390625 0.6623777515625 0.538621340625 0.626914703125 0.45 0.6239747578125 0.45 0.7755776640625001 0.60992776875 0.8 0.8313499999999999 0.8
7 0.3244378578125 1 0.332966109375 0.97068060625 0.3453125 0.8991968015625 0.3453125 0.8962217062500001 0.3222036109375 0.888221328125 0.24628183906249998 0.8981864484375001 0.21353159375000003 0.9241298640625001 0.187829353125 0.950944440625 0.1721067375 0.9900492953125 0.1731457609375 1 0.3244378578125 1
15 0.45 0.8 0.4484744296875 0.8 0.43617075937500005 0.8468707796875 0.4183396453125 0.9209584453125 0.40683369843749995 0.9871207296875 0.44243524062499995 0.9716190390625 0.45 0.9662170375000001 0.45 0.8
15 0.45 1 0.45 0.9815394812499999 0.43783388125 0.9741258437500001 0.40616797812499994 0.9890083187500001 0.40498335937499996 0.9624638734375001 0.391389359375 0.9547023875 0.3767913265625 0.9589792359375 0.36948225 0.9670594250000001 0.36458850625 1 0.45 1
7 0.3370514765625 0.8 0.340595053125 0.8064311234374999 0.3340891359375 0.8242852546874999 0.32065576562500003 0.8184785546875 0.316900875 0.8091690249999999 0.30176058906250003 0.8432321078125 0.3058166265625 0.8683347453125 0.314330440625 0.8749154656249999 0.320454734375 0.8888023546875001 0.33760291875 0.8791741249999999 0.352763325 0.8332275109375 0.36256379375000003 0.8 0.3370514765625 0.8
15 0.300184184375 0.8 0.2821303375 0.8529104656250001 0.29570421874999997 0.8725554859375 0.3001585 0.8734375 0.306595046875 0.8734375 0.303354678125 0.8565013390624999 0.30626633281250004 0.8312924671875 0.3184949625 0.8224382562500001 0.3372695859375 0.8204743750000001 0.3391772125 0.8073038406249999 0.335396490625 0.8 0.300184184375 0.8
7 0.3777221953125 0.8 0.3760795296875 0.818664859375 0.38226401875 0.845412678125 0.39439221406249997 0.8474646046875 0.3801756421875 0.8685119578125 0.3810389984375 0.8911468250000001 0.3909383046875 0.9024597125 0.3813200234375 0.918823465625 0.38250464375000004 0.945367909375 0.3957572609375 0.9611033546875 0.4083874703125 0.9571361140625001 0.420214684375 0.894883409375 0.4424633375 0.8260408890625 0.447157171875 0.8 0.3777221953125 0.8
5 0.130820609375 1 0.13921757968749998 0.9925558499999999 0.1938147375 0.9413944687499999 0.23732780937500003 0.900887284375 0.27901357031249996 0.8745280265625001 0.2629899703125 0.8493282499999999 0.2277499296875 0.84497245 0.172008390625 0.8458223203124999 0.1139977234375 0.879700215625 0.0785968875 0.9219011515625001 0.0454851375 0.9677020578125 0.0377118015625 1 0.130820609375 1
11 1 1 1 0.924140665625 0.9895443484375 0.9167602484374999 0.9490283625 0.9102657890625 0.9076598359375 0.911045234375 0.8457085359375001 0.9248937765624999 0.71704253125 0.9751719453125001 0.6875148453125 0.9923176453125 0.679782903125 1 1 1
11 0.45 1 0.6580617390625 1 0.67736113125 0.9910595234375 0.7773519921875 0.95065315 0.7880019890625001 0.9320287328125 0.790857328125 0.8986367156250001 0.8326453609375001 0.8852478359375 0.8308590875 0.8733977718749999 0.83679980625 0.8678623984374999 0.8393033031249999 0.855532725 0.8641217125 0.8514760656250001 0.8768150968749999 0.8605684140625 0.8828125 0.8559342624999999 0.8828125 0.847543003125 0.8810236734375 0.8336909328125 0.8694264171875 0.8152464187499999 0.8365697640625 0.8066137328125 0.8332001984375002 0.8082723515625 0.8341880625 0.8179042765625001 0.8458394515625001 0.82685674375 0.8361637890625 0.837168125 0.8277060437499999 0.8370882125 0.800668321875 0.82395928125 0.76966560625 0.8356295765624999 0.7636030921875 0.8422040781250001 0.733804765625 0.8255381203125 0.707267740625 0.8261976296875 0.6013361578125 0.8721393781250001 0.5828373734375 0.8854882343750001 0.5808210453125 0.8936613890625 0.5662331265625 0.8917030640625001 0.546746478125 0.8954199968750001 0.5295332734375 0.9068304734374999 0.49399720625 0.9210586359375 0.48242700625 0.9385040390625001 0.45 0.9470549875 0.45 1