11 0.2774837578125 0 0.2765625 0.024201503125000003 0.2765625 0.1461799265625 0.276989515625 0.154876728125 0.28163818749999997 0.193035121875 0.2926011421875 0.2608174109375 0.299748228125 0.28617405625000003 0.2973725796875 0.30265540625 0.3045222234375 0.3101015546875 0.3170964390625 0.31825568125000003 0.3528801453125 0.3228241515625 0.37821464374999997 0.33121893125 0.4041047671875 0.3337837984375 0.416792375 0.3375 0.4265625 0.3375 0.4265625 0.189902953125 0.419113146875 0.13159983749999998 0.39678090625 0.03556923125 0.3833084703125 0 0.2774837578125 0
11 0 0.2637704546875 0.0045300265625 0.2637211109375 0.0156983125 0.27460539375000004 0.0271957921875 0.293388325 0.033326554687499996 0.296875 0.0787239203125 0.296875 0.1233100203125 0.29395251093749997 0.174234421875 0.29589471562499997 0.2571977265625 0.2920407546875 0.2973434515625 0.2883532890625 0.303125 0.286734509375 0.303125 0.2680851015625 0.2935989953125 0.22470890625 0.287628978125 0.18708313906250001 0.2879631546875 0.1590764390625 0.2866625828125 0.15625 0.18210294375 0.15625 0.1447677140625 0.15790218281249999 0.1097560984375 0.16442121406250002 0.0872370203125 0.1595610921875 0.062224853125 0.1612005671875 0.0212690703125 0.1601889953125 0.0128613984375 0.1623241390625 0.002201071875 0.1693590703125 0 0.1736358796875 0 0.2637704546875
11 0.2203125 0.359375 0.2203125 0.325296715625 0.2198811046875 0.32184575312499997 0.215751940625 0.3093163734375 0.21144465937499998 0.3048038421875 0.18140875 0.2950882890625 0.15702504374999998 0.290625 0.11476618281249999 0.290625 0.0854258703125 0.291419546875 0.032962953125 0.29922560468750004 0.006524301562499999 0.3079455078125 0 0.3137252453125 0 0.3482470921875 0.0001160125 0.3484017453125 0.008789951562499999 0.3547545171875 0.0214591640625 0.359375 0.2203125 0.359375
0 0.4390625 0.359375 0.628045290625 0.359375 0.6796813265624999 0.3317903140625 0.7078125 0.3070775 0.7078125 0.2442374296875 0.6569845265625001 0.20353534375 0.6446904265625 0.1856173703125 0.6409076265625 0.1686424484375 0.6399619281250001 0.1478953203125 0.6484732265625001 0.13657870625 0.655093128125 0.113945475 0.673061425 0.07810952812500001 0.671170025 0.07056511875 0.644922725 0.05 0.5079276890625 0.05 0.4390625 0.067480225 0.4390625 0.359375
0 0.7224645390625 0 0.7021083203125 0.024127709375 0.66059324375 0.0927560046875 0.6359375 0.1523029890625 0.6359375 0.1933157171875 0.644348215625 0.2101465078125 0.6651057515625001 0.23001259375 0.8268749703125 0.359375 0.9538382296875 0.359375 0.97285880625 0.3356640453125 1 0.30767216875000003 1 0.038443153125000004 0.947004453125 0 0.7224645390625 0
1 0.4390625 0.4734375 0.4252994640625 0.4734375 0.42527198593750004 0.47345816249999995 0.3988805609375 0.49860285 0.3640625 0.53505333125 0.3640625 0.5475838609375 0.4390625 0.6244096265625 0.4390625 0.4734375
15 0.4390625 0.359375 0.4390625 0.62341679375 0.46992390312500004 0.6235267234374999 0.4893095484375 0.6127516390625 0.49942311093749997 0.5685461999999999 0.523941775 0.4343017015625 0.5281168296875001 0.4210571890625 0.5348596109375 0.4143413609375 0.550834834375 0.4064099953125 0.622126665625 0.390157025 0.63207703125 0.384750003125 0.634375 0.3673457703125 0.634375 0.359375 0.4390625 0.359375
15 0.4883262109375 0.5924376046875001 0.475 0.676666040625 0.475 0.701657871875 0.47661406875 0.7058207890625 0.4949936765625 0.7265625 0.5113804765625 0.7265625 0.5555094421875 0.7007895390625001 0.5599211093750001 0.6922703296874999 0.5586276859375 0.6749856140625 0.5634272640625 0.6649027609375 0.57266156875 0.6601038453125 0.5757498546875001 0.6608894624999999 0.5822232703125 0.6731750671875 0.58793585 0.6752931921875 0.60038005625 0.6661576265625 0.6219974640625 0.6379116296875 0.6280443390625 0.61750720625 0.6161171453125001 0.61330948125 0.615424903125 0.6108061328125001 0.6329805093750001 0.589007321875 0.6322041 0.5583893140625 0.6345695890625 0.5495158203124999 0.6315268375 0.542591196875 0.6235017890625001 0.5365601671875 0.6207328171875 0.526546775 0.6313360343750001 0.5063040265625001 0.6341655187499999 0.49688363593750007 0.6319896453125 0.47455369999999997 0.6339672249999999 0.467243853125 0.66875 0.3881665875 0.66875 0.3828125 0.6310263546874999 0.3828125 0.6088793359375 0.3883845984375 0.539241328125 0.402420078125 0.5275729390625 0.408428353125 0.5199133265625 0.4207758359375 0.4883262109375 0.5924376046875001
15 0.6830927906250001 0.359375 0.6317740984375 0.475133190625 0.6297523359375 0.4877357703125 0.630416653125 0.503121365625 0.6201206734375 0.5307946359375 0.620904284375 0.541191721875 0.62713515 0.546875 0.641653278125 0.546875 0.6435491421874999 0.545939775 0.6634926375 0.5279882953125 0.71833145625 0.4670450078125 0.7759309906249999 0.4098749375 0.79689668125 0.39234352031249997 0.8050069421874999 0.38824004843750004 0.8316806375000001 0.38073055624999996 0.90718044375 0.3704971390625 0.917372409375 0.3677288984375 0.9203125 0.3647188546875 0.9203125 0.359375 0.6830927906250001 0.359375
15 1 0.53864079375 0.930776515625 0.5239167390625 0.893290778125 0.51470175625 0.8879388796875001 0.5105892078125 0.8768404750000001 0.510423084375 0.8689834624999999 0.50649958125 0.8478145984375001 0.5046875 0.8459831078125 0.5046875 0.8130283875 0.50620573125 0.796297378125 0.5114829125 0.74423716875 0.5425100984375 0.7123236515625 0.54692570625 0.6963214515624999 0.5551588375 0.6948109140625001 0.5617965500000001 0.6991607703125 0.5659847156250001 0.6993885625 0.568978471875 0.629899021875 0.6093501359375 0.6229531749999999 0.6174016640625 0.621875 0.620905546875 0.621875 0.6404942328125001 0.62465413125 0.6463791375 0.6499105765625 0.6670553078125 0.6626035140625 0.6881777375 0.6684944046875 0.6927514374999999 0.67993449375 0.6974082 0.788270225 0.756979125 0.8027726453125 0.7625 0.8364578703125 0.7625 0.8597644453125 0.7495766140625 0.9085982062500001 0.7092582375 0.937763284375 0.6819660984375 0.9497573109375 0.674035440625 1 0.6193692109375 1 0.53864079375
15 0.5673077156249999 1 0.5708724078125 0.99537439375 0.5795111453125 0.9896737218750001 0.5875804046875001 0.9764483734375 0.6225368328125 0.9056853031250001 0.6386373859375001 0.8787329609375 0.640724878125 0.8730248046875001 0.638743215625 0.853498659375 0.64026123125 0.840265828125 0.6515625 0.8059324718750001 0.6515625 0.7900400265624999 0.64060173125 0.7781833671875 0.596154609375 0.7568338109375 0.5697062984375 0.7336141671874999 0.5681727421875 0.7266671625 0.6121780484375 0.6622809125 0.610485159375 0.659886721875 0.6055508734374999 0.6612701375000001 0.591780553125 0.672405396875 0.5858821890625 0.6743664828125 0.5782253671875 0.659375 0.5720983328125 0.659375 0.5606487609374999 0.6671994765625 0.5589863625 0.6718663312500001 0.5607402328125 0.68838260625 0.5572256078125 0.695208090625 0.45861642812500003 0.75717829375 0.44653899687500004 0.770707740625 0.440625 0.7868793171874999 0.440625 0.7958695203125 0.44162832031250004 0.8190102296875 0.45912847343749996 0.9503726859375 0.46403285937499994 0.9752268609375001 0.4692633921875 0.98441600625 0.48454484375 0.9999059453125 0.484704671875 1 0.5673077156249999 1
15 0.728066978125 0.8118449375000001 0.7152671625 0.8097602437500001 0.6956255 0.80411360625 0.6866123468750001 0.805313946875 0.6727462281250001 0.8227167718749999 0.6652266109375 0.8370805734375001 0.6599239078125001 0.840550415625 0.6539965437499999 0.8491748765625001 0.6515625 0.8551881453124999 0.6515625 0.870302903125 0.65865208125 0.8707779906249999 0.681478246875 0.8649459484375001 0.7173302578125 0.896875 0.7644887765625 0.896875 0.8194340359375 0.8702211765625 0.8928111031250001 0.8303908812499999 0.913473465625 0.8226816750000001 0.9318577125 0.811572009375 0.9442077843749999 0.8009240546874998 0.9485503984375001 0.7913994859375 0.9383017406249999 0.7222201921875 0.9458213546875001 0.70785639375 0.9468345546875 0.7011399968750001 0.9546875 0.690455175 0.9546875 0.6786191765625 0.9536683046875 0.6776363906249999 0.9462112359375 0.675 0.9447671703125 0.675 0.9336687078124999 0.6806987421875 0.8779906140625 0.7339845578124999 0.8438506703125 0.7575348140625 0.8132381656250001 0.774176290625 0.7355715890625 0.8107600265624999 0.728066978125 0.8118449375000001
15 1 0.359375 0.964517425 0.359375 0.82426988125 0.3775975359375 0.8068937734375 0.3823631234375 0.7941122625 0.38924405625 0.7746135015625001 0.40500990000000003 0.745680890625 0.43282271406249995 0.6323925796875 0.550294025 0.628347496875 0.5619326593749999 0.6274869734374999 0.5895891000000001 0.6235976843750001 0.5967816218750001 0.6085079125 0.612213375 0.6295730859375 0.6106171515625001 0.6434159218750001 0.5982360890624999 0.6616233203125 0.5914367078125 0.6869636124999999 0.5747355171875 0.7012890296875 0.5687229953124999 0.7018975890625001 0.563749875 0.6985128046875 0.5580939515625 0.7030775890625 0.553313746875 0.7158219796875 0.5459429265625 0.7414075062500001 0.5454822734375 0.766332153125 0.5297979796875 0.805315059375 0.5110776125000001 0.8424351625 0.5067867171875 0.9048218921875 0.517333053125 0.926606990625 0.5122333718750001 1 0.4687694546875 1 0.359375
15 0.6313054906250001 0.7765259859375 0.729350546875 0.809005325 0.737114509375 0.80743160625 0.7537779984374999 0.7997638140625 0.81715854375 0.7649063843749999 0.817915590625 0.761892815625 0.799797053125 0.7568606484375 0.784469359375 0.7496462015625001 0.7351757265625001 0.7233267109374999 0.6913079812499999 0.6970887734375 0.6668282125 0.6861335234375 0.6512924046874999 0.6631684265625 0.6329213250000001 0.648301384375 0.625765925 0.64490198125 0.5650063875 0.7273527640624999 0.566431621875 0.7331571718750001 0.595342884375 0.7570795406249999 0.6313054906250001 0.7765259859375
15 0.9527837796874999 0.7861621609375 0.9630489171875001 0.772081396875 0.9643250859375 0.7434080609375 0.9836753609375 0.7256826625 0.9871490046875 0.7195070390625 0.9701879640625 0.69073753125 0.9628469562500002 0.6848886921874999 0.9558771640625 0.6839387296874999 0.9436153546875001 0.697678090625 0.9423982328125 0.7076243296875 0.9368834875000001 0.719374328125 0.93972664375 0.7373888078124999 0.9413453703125001 0.771755190625 0.9456581937500002 0.789658309375 0.9527837796874999 0.7861621609375
15 0.7493336234375001 0.8971626125000001 0.7375391984374999 0.8975636375 0.7254106765625 0.8935556765625 0.6874288953125001 0.8604666187500001 0.6779354203125 0.8587224875 0.6571672203125 0.8642378125000001 0.653062509375 0.8620853468749999 0.6532183046875 0.8576392343750001 0.66209533125 0.8382439500000001 0.673147328125 0.8280451687500001 0.6785135890625 0.814335621875 0.688177475 0.7988223171875 0.6875391000000001 0.7968998875 0.6793668046875 0.7930848421875 0.6628664171875001 0.7899008609375 0.6567577265625 0.7938126546875 0.648607934375 0.8032988203125001 0.6359901046875 0.8318461781250001 0.6341273015625 0.8462756484374999 0.636176290625 0.8668138124999999 0.6510219875000001 0.9001779156249998 0.6703211015624999 0.9272921515625001 0.6841791359375 0.9346179640625 0.6986086078125 0.9364807671875 0.7068551484375 0.9412755890625 0.7117540265625 0.9409043734375 0.7235186390624999 0.9336077968750001 0.7449477171875 0.9433161140624999 0.7571577890625 0.9418981890625 0.766168684375 0.9372737781249999 0.89914925 0.8325985953124999 0.9161243296875 0.81603858125 0.91167821875 0.8158827859375 0.903721340625 0.8214127296874999 0.755553678125 0.89472048125 0.7493336234375001 0.8971626125000001