10 0.4390625 0.4296875 0.4390625 0 0.2816853453125 0 0.29567555625 0.0802845453125 0.30563634375 0.1546804484375 0.32764251718750004 0.18989203593749998 0.3514365890625 0.2455017640625 0.37248514374999997 0.2894112125 0.388723946875 0.337316259375 0.40339883906249996 0.4296875 0.4390625 0.4296875
10 0.402358071875 0.4296875 0.3778658953125 0.274854040625 0.3586962421875 0.26701658125 0.31990401875 0.246875 0.2910955671875 0.246875 0.2656135296875 0.2594145875 0.245675053125 0.3003690546875 0.234375 0.33454279374999996 0.234375 0.34475755625 0.24064409687500002 0.35805568125 0.234375 0.3829019125 0.234375 0.39622299375000003 0.25752808437499997 0.4296875 0.402358071875 0.4296875
8 1 0 0.5976023359375 0 0.6671007765625 0.15625 0.6791078125000001 0.15625 0.8686175109375001 0.0807690875 1 0.0192641671875 1 0
8 1 0.22391302343750003 0.976288315625 0.1892607328125 0.9869732062499998 0.13397550625000001 0.9228222531250001 0.11348714687499999 0.8687977421875 0.10264203125 0.8092286796874999 0.08567760625000001 0.7490283984375 0.0688980109375 0.7074644953125 0.0786946765625 0.6424705625 0.086470975 0.593684978125 0.102248053125 0.586223565625 0.124885428125 0.57633325 0.1537512609375 0.5742531109375 0.174033025 0.5608174531250001 0.17436885 0.5549490890625 0.1675436984375 0.554106990625 0.16653110625 0.554028725 0.16620756875 0.5480661765625 0.17822394375 0.549910571875 0.1804303703125 0.5638225875 0.19374854218749998 0.5638225875 0.20073341249999999 0.5710187421875 0.20898939374999997 0.5643176750000001 0.2605705453125 0.5665789078125 0.34686659531249997 0.573451703125 0.36979687031249997 0.5848080515625 0.3861184421875 0.6298497359375 0.4296875 0.8359089921875 0.4296875 0.8550638421875 0.42255976874999995 0.8573018687499999 0.4101659203125 0.8834355890625 0.41260443281250003 0.8833530406250001 0.42455779062500004 0.890172378125 0.42546068281249994 0.8946382359375 0.41188319843750004 1 0.380083984375 1 0.22391302343750003
6 0 0.794251475 0.0208946984375 0.78592455625 0.0892980625 0.7637758124999999 0.12007957656249998 0.74673831875 0.1577014265625 0.7177745796874999 0.1919031078125 0.71266333125 0.2261047921875 0.6939220890625 0.236365296875 0.671773346875 0.270566978125 0.634290859375 0.3098989125 0.5899933749999999 0.325 0.581396146875 0.325 0.5546875 0.323947590625 0.5546875 0.292798071875 0.562733384375 0.265436725 0.57465963125 0.181642603125 0.5865858765625 0.0824577265625 0.6002158718749999 0 0.61154721875 0 0.794251475
9 0 0.6133873375000001 0.0319800359375 0.6050993546875001 0.10625 0.6050993546875001 0.10625 0.595356928125 0.08404263749999999 0.561248396875 0.0521333015625 0.534263190625 0.00510901875 0.49884510937500004 0 0.4952108421875 0 0.6133873375000001
9 0.184318265625 0.715232825 0.185969121875 0.718507409375 0.187619978125 0.718507409375 0.185969121875 0.7201447015625 0.18125 0.7201447015625 0.18125 0.7203376406249999 0.21073195625 0.7447040859375 0.230542225 0.7659888859375 0.23219308125000002 0.7987347312499999 0.2619084828125 0.782361809375 0.29822730625 0.782361809375 0.32215324375 0.803125 0.3280616578125 0.803125 0.37911923281250004 0.7709007625 0.403125 0.751293734375 0.403125 0.5409714953125 0.38572265625 0.5449544265624999 0.32464099687500003 0.5629646421875 0.28997302812500003 0.600622365625 0.2487016359375 0.641554671875 0.2074302453125 0.6955853171874999 0.184318265625 0.715232825
8 1 1 1 0.8412130921875001 0.8843275046875 0.8390625 0.6546875 0.8390625 0.6546875 1 1 1
8 0.749267709375 0.853125 0.7895443 0.853125 0.7926036937500001 0.825581903125 0.8200093734375 0.5947608875 0.8203125 0.5902307421875 0.8203125 0.5015625 0.630093721875 0.5015625 0.6292173078125 0.6065472203125 0.62242039375 0.6505327937500001 0.584375 0.8336701718749999 0.584375 0.8360683390624999 0.749267709375 0.853125
8 1 0.7125623531249999 0.8602025890625 0.5806763078125 0.718387975 0.7216090859375 0.963859053125 0.9765625 0.9724190343749999 0.9765625 1 0.949868096875 1 0.7125623531249999
14 1 0.862343559375 0.8314988984374999 0.7594061171875 0.6569794828125 0.6506601359374999 0.6511987328125001 0.6538333749999999 0.6443767312500001 0.6650500328125 0.6434097328125 0.6702943234375001 0.644201975 0.676102890625 0.9586469546874999 0.8739240890625 1 0.8985718140625 1 0.862343559375
14 1 0.76414090625 0.9076369984374999 0.7103903515625 0.7236173203125 0.6019957125 0.6914956921875 0.584642215625 0.6906141765625 0.58404765625 0.6854812031249999 0.5850746140625 0.6818704421875 0.5924147109375 0.6789604609375 0.5993673968750001 0.679129653125 0.607137925 0.6816523390625 0.6102684125 0.7085035578125 0.624977278125 0.8902544609374999 0.7319061296875 1 0.7972852859375 1 0.76414090625
14 0.8262583593749999 1 0.8312749125 0.9661973781250002 0.87512655625 0.6868969765624999 0.8884376296875001 0.6062296593750001 0.8769518937499999 0.5986559890625001 0.85878421875 0.5988095234374999 0.857593428125 0.5987421234375 0.8242605140624999 0.8245663734375 0.8042058703125001 0.9469232046875 0.7954232906250001 1 0.8262583593749999 1
8 1 0.5776265515625 0.8217287765625001 0.5412391859375 0.8167238484375 0.6073031796875 0.8353298406249999 0.5911912562499999 0.8410330640625 0.598836103125 0.8562161890625 0.5793075921875 1 0.7148216890625 1 0.5776265515625