9 0.23203125 0.19853515625 0.2271484375 0.16826171875 0.218359375 0.13798828125 0.20908203125 0.13212890625 0.15048828125 0.11357421875 0.1197265625 0.0994140625 0.08603515625 0.09794921875 0.06015625 0.09404296875 0.06162109375 0.1365234375 0.071875 0.25908203125 0.0748046875 0.26787109375 0.07626953125 0.2986328125 0.08994140625 0.3044921875 0.12119140625 0.30888671875 0.20859375 0.31181640625 0.25693359375 0.311328125 0.2583984375 0.303515625 0.25400390625 0.28203125 0.2466796875 0.2615234375 0.23203125 0.19853515625
9 0.133752790625 0 0.11435546875 0.0154296875 0.081640625 0.03349609375 0.06796875 0.0486328125 0.05966796875 0.065234375 0.05673828125 0.0759765625 0.05625 0.0876953125 0.06064453125 0.0935546875 0.0748046875 0.096484375 0.11923828125 0.0994140625 0.1548828125 0.116015625 0.24326171875 0.14482421875 0.276953125 0.15458984375 0.3013671875 0.155078125 0.30625 0.14970703125 0.3287109375 0.0994140625 0.3609375 0.018359375 0.3697265625 0.0017578125 0.36996901875 0 0.3044921875 0 0.2994140625 0.0017578125 0.24375 0.01201171875 0.2271484375 0.0125 0.22177734375 0.0076171875 0.2173615828125 0 0.133752790625 0
9 0.43955078125 0.04375 0.43759765625 0.0466796875 0.44296875 0.05791015625 0.44345703125 0.0662109375 0.43564453125 0.08818359375 0.43564453125 0.0994140625 0.44150390625 0.100390625 0.4517578125 0.09306640625 0.45517578125 0.09306640625 0.45712890625 0.11748046875 0.48447265625 0.18876953125 0.48740234375 0.19169921875 0.49619140625 0.1912109375 0.5 0.18965287656250002 0.5 0.0192022234375 0.476171875 0.03056640625 0.43955078125 0.04375
9 0.456640625 0.24052734375 0.46396484375 0.23173828125 0.46640625 0.2205078125 0.460546875 0.21416015625 0.433203125 0.19853515625 0.40341796875 0.17705078125 0.319921875 0.1248046875 0.3150390625 0.1267578125 0.3052734375 0.15068359375 0.300390625 0.1541015625 0.2798828125 0.1541015625 0.22763671875 0.1384765625 0.21884765625 0.13896484375 0.226171875 0.166796875 0.24033203125 0.23857421875 0.24716796875 0.26591796875 0.25302734375 0.2810546875 0.25302734375 0.2888671875 0.257421875 0.307421875 0.26083984375 0.311328125 0.36435546875 0.31474609375 0.41220703125 0.31376953125 0.4146484375 0.3123046875 0.43515625 0.2791015625 0.456640625 0.24052734375
9 0.415625 0.3064453125 0.413671875 0.3123046875 0.42392578125 0.31474609375 0.4771484375 0.31572265625 0.4810546875 0.31376953125 0.4810546875 0.30791015625 0.46884765625 0.2703125 0.46787109375 0.2615234375 0.46103515625 0.25029296875 0.4595703125 0.24248046875 0.45419921875 0.2439453125 0.437109375 0.2771484375 0.415625 0.3064453125
9 0.370154746875 0 0.36826171875 0.002734375 0.323828125 0.10869140625 0.319921875 0.1189453125 0.3208984375 0.1248046875 0.33701171875 0.1345703125 0.355078125 0.14873046875 0.4068359375 0.1794921875 0.43466796875 0.2 0.44248046875 0.20244140625 0.44296875 0.1970703125 0.40634765625 0.10234375 0.38583984375 0.03935546875 0.37705078125 0.0037109375 0.37482421875 0 0.370154746875 0
11 0.782564484375 0.3090525796875 0.80674603125 0.3115327375 0.825347221875 0.29541170625 0.85634920625 0.2885912703125 0.8730902781250001 0.2575892859375 0.88487103125 0.2265873015625 0.8941716265625 0.22286706406249998 0.9003720234375001 0.196825396875 0.8923115078125001 0.16458333281249998 0.8941716265625 0.132961309375 0.8879712296875001 0.12490079375 0.889211309375 0.11622023749999999 0.88487103125 0.1050595234375 0.858829365625 0.092038690625 0.78876488125 0.0988591265625 0.7763640875 0.0703373015625 0.757762896875 0.058556546875000004 0.7552827375 0.0579365078125 0.7459821421874999 0.0728174609375 0.7255208328125 0.0870783734375 0.7112599203125 0.092038690625 0.7007192453125 0.09699900781250001 0.6889384921875 0.1125 0.6734375 0.14288194375000002 0.67157738125 0.1726438484375 0.6802579359375 0.194965278125 0.6932787703125001 0.20984622968750002 0.7093998015625 0.23340773750000002 0.7528025796875 0.2755704359375 0.782564484375 0.3090525796875
2 0.8228670640625 0.162103175 0.8185267859375 0.1515625 0.807366071875 0.1385416671875 0.796825396875 0.1323412703125 0.7799152234375 0.13290494218749999 0.77822420625 0.1323412703125 0.77822420625 0.1317212296875 0.772023809375 0.1342013890625 0.754042659375 0.143501984375 0.7397817453125 0.1726438484375 0.74970238125 0.2024057546875 0.768303571875 0.2166666671875 0.77822420625 0.20736607187499997 0.7962053578125 0.2024057546875 0.8055059531250001 0.1955853171875 0.811086309375 0.17822420625 0.8160466265625 0.1689236109375 0.8228670640625 0.162103175
1 0.74919294375 0 0.7509424609375001 0.0064732140625000005 0.7478422625000001 0.0356150796875 0.7583829359375 0.058556546875000004 0.77822420625 0.070957340625 0.790625 0.09699900781250001 0.7949652781250001 0.10071924531250001 0.8613095234375001 0.092038690625 0.9474950390625001 0.0845982140625 0.9431547625000001 0.07157738125 0.9326140875 0.0703373015625 0.9313740078125001 0.058556546875000004 0.9394345234375001 0.028794642187500004 0.9667162703125 0.0095734125 0.9799209781249999 0 0.74919294375 0
10 0.7751240078125 0.3257936515625 0.7869047625000001 0.26875 0.7788442453125 0.24208829375000002 0.7404017859375001 0.21728670625 0.7156001984375 0.21418650781249998 0.6926587296875 0.221626984375 0.6930130390625 0.221095521875 0.6907986109375 0.22286706406249998 0.6889384921875 0.22534722187499998 0.6752976187499999 0.24580853125000002 0.6697172625000001 0.27309027812500003 0.6349950390625 0.34873511874999996 0.6170138890625 0.377876984375 0.6064732140625 0.40081845312500003 0.605853175 0.414459325 0.5965525796875 0.42313988125 0.5940582484375 0.4296875 0.7468998015625 0.4296875 0.7521825390625 0.4138392859375 0.7751240078125 0.3257936515625
4 0.6591959968750001 0 0.662896825 0.0070932546875 0.6560763890625 0.02569444375 0.6064732140625 0.060416667187499995 0.5822916671875 0.08645833281250001 0.553769840625 0.10009920624999999 0.5320684531250001 0.1280009921875 0.5240079359375 0.1633432546875 0.5184275796875 0.2160466265625 0.5184275796875 0.239608134375 0.5308283734375 0.26130952343749997 0.5612103171875 0.2371279765625 0.55438988125 0.22534722187499998 0.5798115078125 0.22100694375000002 0.5692708328125 0.24208829375000002 0.5717509921875 0.27061011874999996 0.5835317453125 0.29169146874999996 0.6331349203125 0.2699900796875 0.66103670625 0.2575892859375 0.6740575390625 0.2544890875 0.6852182546875001 0.2296875 0.6926587296875 0.21976686562499997 0.6914186515625 0.20426587343749997 0.675917659375 0.1900049609375 0.6721974203125 0.1627232140625 0.6783978171875 0.13544146875000002 0.6907986109375 0.1156001984375 0.7007192453125 0.10009920624999999 0.7273809531250001 0.08645833281250001 0.7428819437499999 0.0765376984375 0.749082340625 0.036855159375 0.7509424609375001 0.0015128968749999999 0.7503120875 0 0.6591959968750001 0
9 0.9804563500000001 0 0.953075396875 0.01825396875 0.9394345234375001 0.031894840625 0.9295138890624999 0.0579365078125 0.9357142859375 0.069097221875 0.9481150796875 0.079637896875 0.9412946421875 0.0907986109375 0.9257936515624999 0.1050595234375 0.92021329375 0.11125992031250001 0.9251736109375001 0.13730158750000002 0.9381944437499999 0.145362103125 0.936954365625 0.162103175 0.940674603125 0.1788442453125 0.9822172625000001 0.1776041671875 0.9803571421875 0.188144840625 0.993998015625 0.1955853171875 1 0.19708581249999998 1 0 0.9804563500000001 0
9 0.8600694437499999 0.388417659375 0.8879712296875001 0.3474950390625 0.8885912703125 0.3357142859375 0.8600694437499999 0.2923115078125 0.83836805625 0.2904513890625 0.8210069437499999 0.3009920640625 0.798685515625 0.314012896875 0.77822420625 0.3270337296875 0.7788442453125 0.3276537703125 0.7707837296875 0.3375744046875 0.7590029765625 0.3791170640625 0.7509424609375001 0.42003968281250004 0.7476156265625 0.4296875 0.8041013343750001 0.4296875 0.8241071421875 0.41259920625 0.8600694437499999 0.388417659375
4 1 0.2011089859375 0.9611359125 0.1900049609375 0.9505952375 0.1813244046875 0.8991319437499999 0.180084325 0.9009920640625 0.1769841265625 0.897271825 0.182564484375 0.8985119046875001 0.20116567500000002 0.8935515875 0.2241071421875 0.8842509921874999 0.2303075390625 0.86688988125 0.26626984062500003 0.858209325 0.2879712296875 0.889211309375 0.33447420625 0.8885912703125 0.346875 0.8290674609375 0.367336309375 0.8210069437499999 0.38345734062500003 0.8024057546875 0.38407738125 0.8228670640625 0.414459325 0.81356646875 0.42127976250000004 0.8327876984374999 0.42313988125 0.8360615078125001 0.4296875 0.949167375 0.4296875 0.9499751984374999 0.42686011874999996 0.9598958328125 0.40205853124999996 0.9660962296875001 0.3313740078125 0.9927579359375001 0.3065724203125 1 0.2994471640625 1 0.2011089859375
3 0.5 0.7243883640625 0.5322265625 0.68232421875 0.56103515625 0.6369140625 0.583984375 0.61103515625 0.6025390625 0.5841796875 0.6181640625 0.5705078125 0.6240234375 0.5607421875 0.62841796875 0.548046875 0.63818359375 0.52998046875 0.6376953125 0.52314453125 0.61865234375 0.51630859375 0.615234375 0.51240234375 0.5888671875 0.4953125 0.568359375 0.47529296875 0.54541015625 0.44697265625 0.54248046875 0.44013671875 0.54443359375 0.4328125 0.54365234375 0.4296875 0.51364655625 0.4296875 0.5 0.44907997499999996 0.5 0.7243883640625
3 0.681640625 0.753125 0.70703125 0.77216796875 0.73876953125 0.79072265625 0.7490234375 0.80048828125 0.798828125 0.83369140625 0.83154296875 0.85810546875 0.86865234375 0.8927734375 0.87109375 0.89912109375 0.87255859375 0.91669921875 0.876953125 0.9181640625 0.87744140625 0.92255859375 0.88232421875 0.92548828125 0.88525390625 0.93037109375 0.8935546875 0.9318359375 0.896484375 0.93427734375 0.9208984375 0.93427734375 0.9267578125 0.92890625 0.93603515625 0.91474609375 0.966796875 0.84443359375 0.9765625 0.8146484375 0.9892578125 0.79267578125 0.9931640625 0.7765625 0.9951171875 0.7462890625 0.98681640625 0.7287109375 0.97314453125 0.71015625 0.9482421875 0.6857421875 0.9208984375 0.66474609375 0.88134765625 0.63984375 0.716796875 0.540234375 0.7060546875 0.5373046875 0.6884765625 0.53828125 0.67578125 0.5353515625 0.67041015625 0.53681640625 0.65185546875 0.5529296875 0.62255859375 0.5705078125 0.61328125 0.5783203125 0.59228515625 0.60419921875 0.56640625 0.6310546875 0.552734375 0.6515625 0.55419921875 0.657421875 0.595703125 0.68916015625 0.64453125 0.72138671875 0.681640625 0.753125
3 0.521484375 0.9279296875 0.5673828125 0.9474609375 0.65869140625 0.9796875 0.67724609375 0.985546875 0.68359375 0.985546875 0.6884765625 0.9796875 0.69384765625 0.9630859375 0.70751953125 0.9044921875 0.71484375 0.85322265625 0.72412109375 0.81025390625 0.72412109375 0.7921875 0.7216796875 0.78486328125 0.6953125 0.76142578125 0.578125 0.67744140625 0.5673828125 0.66767578125 0.5498046875 0.657421875 0.54736328125 0.6623046875 0.5439453125 0.684765625 0.537109375 0.75263671875 0.5 0.91601435625 0.5 0.9184895828125 0.50830078125 0.9240234375 0.521484375 0.9279296875
3 0.877771340625 1 0.89501953125 0.9376953125 0.89453125 0.92548828125 0.90087890625 0.91328125 0.90673828125 0.88740234375 0.92041015625 0.8478515625 0.9248046875 0.8263671875 0.92333984375 0.825390625 0.9072265625 0.844921875 0.8935546875 0.85615234375 0.88623046875 0.8673828125 0.8837890625 0.878125 0.87939453125 0.88251953125 0.87109375 0.880078125 0.86376953125 0.88056640625 0.85888671875 0.87861328125 0.84326171875 0.86396484375 0.830078125 0.8546875 0.81884765625 0.841015625 0.8037109375 0.829296875 0.75146484375 0.801953125 0.7451171875 0.8009765625 0.74169921875 0.80390625 0.720703125 0.87421875 0.70947265625 0.90498046875 0.6953125 0.966015625 0.68798828125 0.9865234375 0.693359375 0.99091796875 0.7188872468749999 1 0.877771340625 1