9 0.118306121875 0 0.1094130296875 0.0080554515625 0.0984375 0.0191018328125 0.0984375 0.0421509828125 0.123018471875 0.07926045937500001 0.143426634375 0.0984310390625 0.1515899 0.1367721953125 0.176762109375 0.203125 0.4359375 0.203125 0.4359375 0.1937630953125 0.41689602187499997 0.171005371875 0.39104568125 0.15457344687500002 0.309413028125 0.071044496875 0.23866472968750002 0.03544199375 0.21145384687500002 0.006686124999999999 0.200104978125 0 0.118306121875 0
9 0.49375 0 0.49375 0.028073832812499998 0.49864569062499997 0.0440207265625 0.5208032031250001 0.08155575312499999 0.5332659078125 0.09445648125 0.5424891515625 0.0988077265625 0.547177403125 0.10427934375 0.5548697578125 0.1299750046875 0.5690759796875 0.15247477812500002 0.5851078171874999 0.1663070421875 0.5871128703124999 0.1671875 0.6771579078125 0.1671875 0.6878699671875 0.16137578749999998 0.7057034203125 0.1437103078125 0.7159510453125 0.126728940625 0.7216990437499999 0.11238917500000001 0.723866121875 0.096610796875 0.7207908609375 0.0515282140625 0.7231347734375 0.043355979687500004 0.7409328609375001 0.024169271875000002 0.75070934375 0.0087209359375 0.7515625 0.0054447703125 0.7515625 0 0.49375 0
8 0.749018584375 0 0.7426543609375 0.0160307203125 0.71849988125 0.0398970703125 0.7225323390625 0.08591169374999999 0.7220043703125001 0.105755759375 0.7196958312499999 0.112750778125 0.7025363546875 0.13992433124999998 0.6923829671874999 0.1495815078125 0.6724206453124999 0.1624425078125 0.64687603125 0.168988546875 0.625638528125 0.1694844875 0.6092480171875 0.16590089218749998 0.5907554703125 0.1569126546875 0.5771788890625 0.14681803437500002 0.5674959921875 0.1341535203125 0.5521959046875 0.092368365625 0.529591259375 0.0765350484375 0.5251347046875 0.0761433234375 0.5215054171875 0.090110290625 0.5197967109375 0.22946814999999998 0.5214405734375 0.3003282234375 0.5235591484375 0.309375 0.7104121812499999 0.309375 0.739432371875 0.3031703625 0.7982055125 0.28047877187500003 0.8260701609375 0.2674332390625 0.845550084375 0.2550793 0.8930666765625 0.21579359375 0.9191047734375001 0.1879169125 0.9601543281249999 0.125479934375 0.9863410421874999 0.061406859375 0.9963100890625001 0.022502175 0.99922810625 0 0.749018584375 0
13 0.4390625 0.787900640625 0.4046875 0.8645833328125001 0.3723958328125 0.9510416671874999 0.3630208328125 0.965625 0.354659346875 1 0.4390625 1 0.4390625 0.9803607718750001 0.4036458328125 0.940625 0.4067708328125 0.9291666671875 0.4390625 0.885643115625 0.4390625 0.787900640625
13 0.1666666671875 1 0.1796875 0.9791666671874999 0.2265625 0.990625 0.24322916718749998 0.990625 0.35989583281250004 0.9666666671874999 0.3692708328125 0.95625 0.3869791671875 0.9083333328125001 0.3869791671875 0.8447916671875 0.3671875 0.81875 0.3494791671875 0.8114583328125 0.3161458328125 0.8072916671874999 0.2484375 0.8260416671874999 0.2130208328125 0.85 0.1973958328125 0.846875 0.1828125 0.834375 0.1734375 0.834375 0.1296875 0.8583333328125 0.0901041671875 0.871875 0.0546875 0.90625 0.0223958328125 0.9291666671875 0.0078125 0.95 0.0057291671875 0.9697916671875 0.01682610625 1 0.1666666671875 1
13 0.2567708328125 0.74375 0.2536458328125 0.7239583328125001 0.2588541671875 0.715625 0.26510416718749996 0.7135416671874999 0.2755208328125 0.7177083328125 0.2838541671875 0.709375 0.3098958328125 0.7010416671874999 0.3109375 0.696875 0.2984375 0.653125 0.2776041671875 0.6052083328125001 0.2338541671875 0.609375 0.1463541671875 0.6333333328125 0.1317708328125 0.6229166671874999 0.1244791671875 0.59375 0.1130208328125 0.590625 0.0973958328125 0.5916666671874999 0.0661458328125 0.6020833328125 0.050520832812500006 0.628125 0.0744791671875 0.6864583328125 0.10364583281249999 0.8052083328125 0.09635416718749999 0.846875 0.0973958328125 0.8645833328125001 0.1203125 0.859375 0.18802083281249998 0.8208333328125 0.22552083281250002 0.8072916671874999 0.2567708328125 0.74375
13 0.4390625 0.606597221875 0.43072916718750004 0.6072916671874999 0.40989583281249997 0.603125 0.2796875 0.603125 0.3015625 0.6635416671875 0.3098958328125 0.6989583328125001 0.2859375 0.7072916671874999 0.2765625 0.7145833328125001 0.2765625 0.7333333328125 0.2901041671875 0.7354166671875 0.2984375 0.7416666671875 0.32760416718749996 0.7427083328125 0.4390625 0.7383544921875 0.4390625 0.606597221875
13 0.4311463921875 0.5572916671875 0.4155213921875 0.540625 0.4092713921875 0.525 0.4113547265625 0.50625 0.4332297265625 0.48125 0.42593805937500007 0.47083333281249995 0.41968805937500003 0.47083333281249995 0.4082297265625 0.48020833281249997 0.37385472656249996 0.48229166718750005 0.2186463921875 0.5135416671875 0.11447972656250001 0.546875 0.113438059375 0.5625 0.1311463921875 0.6208333328125001 0.13947972656250002 0.6322916671875 0.1519797265625 0.6333333328125 0.341563059375 0.5833333328125001 0.42593805937500007 0.5697916671875 0.4311463921875 0.5572916671875
13 0.20132211406249997 0.359375 0.1390625 0.403125 0.1369791671875 0.409375 0.1442708328125 0.42395833281249995 0.1078125 0.4270833328125 0.09322916718749999 0.434375 0.10052083281249999 0.44895833281249997 0.0994791671875 0.4614583328125 0.1307291671875 0.48020833281249997 0.1973958328125 0.4875 0.21614583281250002 0.47083333281249995 0.21614583281250002 0.4625 0.2234375 0.45416666718750004 0.2609375 0.428125 0.29635416718749996 0.43125 0.2911458328125 0.43854166718750004 0.3234375 0.43333333281249997 0.3536458328125 0.40520833281249996 0.3828125 0.3854166671875 0.40606398906249996 0.359375 0.3525641015625 0.359375 0.3473958328125 0.3625 0.3463541671875 0.359375 0.20132211406249997 0.359375
13 0 0.7400520828125 0.058854167187499994 0.78125 0.0723958328125 0.7822916671875 0.0848958328125 0.7572916671875 0.0828125 0.7322916671874999 0.0369791671875 0.728125 0.0328125 0.7229166671874999 0.0348958328125 0.6854166671874999 0 0.6575 0 0.7400520828125
1 0.4390625 1 0.6765625 1 0.6765625 0.9686273625 0.6649048656250001 0.9306231984375 0.6528368812500001 0.9019550109375001 0.6251810843750001 0.8139386484374999 0.6126102671875 0.7817498078125 0.6040621125 0.7661583375000001 0.5904856296875 0.763643584375 0.561321334375 0.7696789921875 0.5221003859375 0.774205546875 0.46276612968749997 0.7782291531250001 0.4390625 0.781741625 0.4390625 1
1 0.48544325156249996 0.359375 0.4908731890625 0.37715359375 0.50024104375 0.3968061546875 0.51749761875 0.41645871718750005 0.526865471875 0.4228458 0.5929334984375 0.4596943546875 0.60082221875 0.4695206359375 0.6018083078125 0.4778729734375 0.5919474078125 0.498999478125 0.5766630140625 0.51963466875 0.5648299359375 0.5309348921875 0.5426429109375001 0.5427264296875001 0.5357402812500001 0.5486221984374999 0.5244002484375 0.5746618421875 0.51503239375 0.5844881234375 0.4514295921875 0.629689015625 0.4390625 0.6367932515625 0.4390625 0.74126245 0.46549155468750003 0.7796875 0.510893225 0.7796875 0.5653229796875 0.7731527203125 0.5801143296875 0.7667656375 0.587510003125 0.759887240625 0.7984375 0.617173665625 0.7984375 0.6028813749999999 0.7793044968749999 0.5756444703125 0.7650061921875 0.5609050484375 0.729013909375 0.5112823296875 0.7097851562499999 0.48868188281249997 0.6871050875 0.46608143750000003 0.6772441875 0.459203040625 0.6713276484375 0.4479028171875 0.6565363 0.43660259375 0.658015434375 0.41203689062500004 0.662945884375 0.3864885609375 0.6640105875 0.359375 0.48544325156249996 0.359375
10 0.4390625 0.6363040124999999 0.44306640625 0.63427734375 0.51337890625 0.583984375 0.5109375 0.57763671875 0.49873046875 0.5673828125 0.49873046875 0.5654296875 0.565625 0.5283203125 0.59052734375 0.50244140625 0.60224609375 0.474609375 0.598828125 0.46533203125 0.5919921875 0.45849609375 0.5763671875 0.45068359375 0.55390625 0.4453125 0.54658203125 0.43603515625 0.5294921875 0.42529296875 0.49140625 0.41748046875 0.48017578125 0.40771484375 0.47529296875 0.408203125 0.4390625 0.3912955734375 0.4390625 0.6363040124999999