14 0.2521568890625 0 0 0.1032340546875 0 0.137791346875 0.32834569375 0 0.2521568890625 0
14 0.3649516546875 0 0.290625 0.25833979687499997 0.290625 0.259375 0.326089359375 0.259375 0.3949611046875 0 0.3649516546875 0
14 0.51875 0.2565418640625 0.4300486140625 0.3890625 0.47415382968750003 0.3890625 0.51875 0.3229010359375 0.51875 0.2565418640625
14 0.4341361734375 0 0.51875 0.07948608124999999 0.51875 0.04230490625 0.47216208593750003 0 0.4341361734375 0
3 0.42631751093750003 0.3890625 0.47139914687499995 0.3207885171875 0.5140625 0.26195385 0.5140625 0.2603146515625 0.5080431328125 0.2415188921875 0.4540853859375 0.255097834375 0.3594867734375 0.2608041921875 0.2658524953125 0.265543853125 0.15988865624999998 0.29175808124999997 0.07954910625 0.3165917921875 0.0407228375 0.34437248125000003 0.0532830265625 0.375330509375 0.06698155781250001 0.3890625 0.42631751093750003 0.3890625
3 0 0.3890625 0.0652570203125 0.3890625 0.0376056234375 0.34486993125 0.056065909375 0.33244114687500004 0.1136971671875 0.30707760156249997 0.18919205 0.286087625 0.2234375 0.27473220781249996 0.2234375 0.2725829046875 0.183244340625 0.242424375 0.09390238437500001 0.17703150781250002 0.022092909375 0.128125 0.0211171671875 0.128125 0 0.13731500000000002 0 0.3890625
3 0.51875 0.0814749046875 0.5113208046875 0.07564100625 0.44388366875 0.018672765625 0.37780400468750003 0.105169134375 0.358472125 0.1650588328125 0.3447662359375 0.25475557968749996 0.40104331875000004 0.2560686421875 0.4395257109375 0.2559773265625 0.48666415625 0.2461960453125 0.5170182109375 0.23602315 0.51875 0.246507509375 0.51875 0.0814749046875
3 0.32972692656249997 0 0.2471755421875 0.0341667515625 0.14557461562500001 0.07828824375 0.0964402046875 0.172104328125 0.14273003906249998 0.2107736921875 0.16980124531250002 0.2292107875 0.21156731093749997 0.24304478281250003 0.26042843437499996 0.26495786250000003 0.28396319062500003 0.258582628125 0.2980375875 0.2272568484375 0.34939776093749997 0.05930324375 0.365027259375 0 0.32972692656249997 0
1 0.51875 0.3890625 1 0.3890625 1 0.23182873750000002 0.9953572812499999 0.22539724843750003 0.9552365265624999 0.1798313265625 0.931180046875 0.1479247171875 0.8738273453125001 0.0788631125 0.8708122765624999 0.0726421109375 0.865867171875 0.06954651875 0.8589093890624999 0.069086371875 0.843570315625 0.0772081671875 0.8141211328125 0.0978242921875 0.8092693484375 0.09819556406249999 0.799389815625 0.0949812796875 0.7859273953125 0.0850931609375 0.7721877890625001 0.0881296953125 0.7212068875 0.126770934375 0.6788152671875001 0.16971776249999998 0.6337897609375001 0.1999626984375 0.6264401187499999 0.20300654375 0.6120927578125 0.21700788750000002 0.60393804375 0.22110591249999997 0.5985397906250001 0.22697815000000002 0.5561054624999999 0.258017375 0.550304675 0.264416703125 0.51875 0.286566771875 0.51875 0.3890625
1 1 0 0.51875 0 0.51875 0.29007736875 0.5400796765625 0.2749060859375 0.6196220453125 0.2162129390625 0.6321939765625 0.2033400296875 0.6478422671875 0.1912242796875 0.668022446875 0.179754309375 0.6947258453125 0.1603408734375 0.7347955671874999 0.124023446875 0.7723781125 0.09335549531250001 0.7864376109375 0.0893019078125 0.8010463515625 0.1030726 0.8139089187499999 0.10357718125 0.8471462109375001 0.079197175 0.8602246749999999 0.072240940625 0.8688966 0.0770364921875 0.877909775 0.08676879531250001 0.9501405 0.177024784375 0.98798996875 0.2207793625 1 0.23668137812499998 1 0
3 0.25855648593749997 0.3890625 0.25779848437499997 0.389393015625 0.23409201249999997 0.39494450937500003 0.21706512031249997 0.40168924375000004 0.2118972640625 0.4055335609375 0.20477133125 0.408571821875 0.1932132734375 0.415725503125 0.183601690625 0.4239345796875 0.176939171875 0.427735365625 0.173509634375 0.426387103125 0.17070594687500001 0.422310625 0.1689505703125 0.422509178125 0.1670559609375 0.4256997953125 0.16695631093750002 0.44392327500000006 0.16258765625 0.45203536875 0.15713519375 0.46735651562499997 0.15274810625 0.49194671718750005 0.1513394296875 0.50613725 0.1532838453125 0.5394008515625 0.1593068515625 0.5707858234375001 0.1597525203125 0.5772903921875 0.1593177671875 0.581272553125 0.1565133921875 0.58793214375 0.15463584531250002 0.5961167859375001 0.15465221875 0.61184688125 0.15986988124999998 0.6444567812499999 0.16679719531249998 0.6671294125 0.17002880468749998 0.6834525 0.180268946875 0.7207028484375 0.18185574531249998 0.729487740625 0.184933209375 0.7328125 0.22678875 0.7328125 0.235877965625 0.7318100937500001 0.24800931875 0.7284182546875 0.29125630625 0.7264319703125001 0.3168512421875 0.7231825640625 0.34562660312500004 0.7212741656249999 0.3540096921875 0.7180228421875 0.3606490046875 0.71472073125 0.3666222046875 0.7096514875000001 0.3897506109375 0.6843587140625 0.39940860312500004 0.6751522875 0.445260015625 0.622557528125 0.456528696875 0.6109012406250001 0.4628786359375 0.6030965265624999 0.46907228125 0.59328985 0.4703125 0.5898642046875 0.4703125 0.573510021875 0.46990834843749996 0.5646014046875 0.46384645156250004 0.507248946875 0.46014803281249994 0.45271176406249997 0.4572993078125 0.428160503125 0.44917761875 0.42043367500000006 0.43229678906249996 0.40795757187500004 0.41162128437499995 0.3966193375 0.39346555156249996 0.390098340625 0.3894641546875 0.3890625 0.25855648593749997 0.3890625
3 0.51875 0.650551859375 0.51073088125 0.656469759375 0.47159523124999997 0.6880376046875 0.46656046250000005 0.6943825625000001 0.4662069296875 0.696619353125 0.47053394531250003 0.70548405 0.47204566875 0.71052160625 0.4718948375 0.7137630078124999 0.4632503484375 0.7279924859375 0.441402303125 0.7525735156250001 0.41873185468749996 0.7733854453125 0.403401640625 0.7919143859375 0.38160000625 0.8154980609375 0.37333225312499996 0.8269920703124999 0.36318695624999997 0.8466707187499999 0.35528434062500003 0.8556785968749999 0.35300139218750004 0.8618540203125 0.3542756078125 0.8666349828125 0.3582320296875 0.8727424453125 0.37942827343749996 0.8943325796875001 0.38449101875 0.9034683781249999 0.40563539375 0.9208125046875001 0.4206912328125 0.9349831921875001 0.43253797968749996 0.9430681828124999 0.43429172187500004 0.94375 0.441484334375 0.94375 0.444020278125 0.9429032359375 0.44713723437499997 0.9402475718750001 0.48412439531249996 0.8958836531250001 0.499825203125 0.8801119484375001 0.51875 0.8589365328125 0.51875 0.650551859375
3 0.20958769687499998 1 0.2584191671875 0.9548433046875001 0.308447446875 0.9036185703124999 0.3291427609375 0.8770065609375 0.349131003125 0.8548681296874999 0.3544728953125 0.8472837343750002 0.371037059375 0.8290404062500001 0.3816628328125 0.815118309375 0.41004031249999995 0.7842358515625 0.4335686609375 0.7557089359375 0.44354538125 0.745013728125 0.453719340625 0.730079765625 0.4666219171875 0.7154749468749999 0.4671875 0.71211294375 0.4671875 0.7064822937499999 0.4505819265625 0.6902898328125 0.432785871875 0.6760393406249999 0.4152070484375 0.6640625 0.40882303281250004 0.6640625 0.4063344125 0.665531596875 0.388571103125 0.6827412953125 0.3633221828125 0.710718746875 0.349545334375 0.71730845625 0.3412202578125 0.7193130890624999 0.3209610703125 0.7204708046875 0.2883214203125 0.7250131 0.24631998593749999 0.727035659375 0.23443774374999998 0.7304347515625 0.2218893875 0.7320667109375 0.1864808546875 0.7317845140625 0.1815914609375 0.7296447046875001 0.1795241890625 0.7151032640625 0.17625162968750002 0.7050208953125 0.172972925 0.70043123125 0.17100324375 0.6998745140625 0.1635817890625 0.7039028734375 0.1382291359375 0.7233883078125001 0.07941305 0.765119075 0.06480150625 0.7789250921875001 0.05684087812500001 0.7891796624999999 0.055954317187500005 0.7921499625 0.0543647734375 0.82630934375 0.054509457812499995 0.82856065 0.0576714515625 0.846379765625 0.057491270312499995 0.8556125484375 0.059634299999999994 0.8631652562500001 0.05837099999999999 0.8688710234375 0.05215366406250001 0.873826153125 0.0462823921875 1 0.20958769687499998 1
3 0.51875 0.3890625 0.5035256421875001 0.3890625 0.46957133593749995 0.417447125 0.46013924843750004 0.4271594875 0.45881793281250005 0.434111946875 0.4614741875 0.47888139687500003 0.46497059375000005 0.521677903125 0.46993845624999997 0.565016615625 0.471663109375 0.5922815796875 0.4694497765625 0.596960971875 0.4616283796875 0.6042234765625001 0.41697065625 0.6526085046875 0.4125 0.6598350359375 0.4125 0.660742075 0.430681975 0.6742303265625 0.444098459375 0.68610618125 0.4493472234375 0.6890625 0.4550044953125 0.6890625 0.46637373593750003 0.68450783125 0.47381839374999996 0.67998079375 0.48860328906249995 0.673170765625 0.4973283109375 0.6679319875 0.51875 0.652402846875 0.51875 0.3890625
3 0.51875 1 0.51875 0.85628435625 0.48893663125 0.8910514921875 0.476126875 0.903661603125 0.45137617499999994 0.93165356875 0.445889596875 0.9369866625000001 0.4420485125 0.9391218828125 0.4308617359375 0.9382967296875 0.42009810625000005 0.9337387546875 0.40612538750000005 0.9230950828125 0.3849407453125 0.9012556078125 0.380624646875 0.9028776421875001 0.37869523125 0.9068162734375 0.3732714328125 0.9268821093749999 0.35760814218750003 0.9900934390625 0.35550042187500003 1 0.51875 1
3 0.35577219375 1 0.3619767390625 0.9725795515625 0.37700238124999996 0.9131707890625 0.3806482625 0.9006938890625001 0.3828125 0.9005571765625 0.3828125 0.8998319406250002 0.3523503 0.8627190140625001 0.34606774218749997 0.8584812328125 0.286723071875 0.9240627328125001 0.23010652031249998 0.983235996875 0.2108698375 1 0.35577219375 1
12 0.51875 0.791508046875 0.5323705234375 0.8253515374999999 0.5438849625 0.8484633359375 0.5502303734375 0.8564672953125001 0.5621088203125 0.86499980625 0.569839859375 0.8682118265625001 0.5786686718749999 0.8703125 0.59754240625 0.8703125 0.6087384421875 0.8686599484374999 0.6927966609375 0.8409261671875001 0.7206192140625 0.8345069125 0.771733003125 0.8193066671875 0.7845612765625 0.8146320265625 0.8371960109375 0.7916346484375001 0.8462067531249999 0.7849841515625 0.8504548812499999 0.7797168015625 0.8539965687500001 0.7720446265625001 0.8546875 0.7680749625 0.8546875 0.734569925 0.8538702734375001 0.7298469421875 0.847930815625 0.7128273984375 0.8201488093750001 0.6482906390625001 0.8036153500000001 0.6030279140625 0.7923641984375001 0.57592466875 0.7851718234374999 0.5528626578125 0.7747304359375 0.52540560625 0.765413996875 0.5049772703125 0.7434802140625 0.44835158750000004 0.728578840625 0.4160207296875 0.7257310374999999 0.41245825468749997 0.7221621015624999 0.41052884062499995 0.7177440578125001 0.41121873750000004 0.6505707484375 0.455996478125 0.629566146875 0.4687401890625 0.612745684375 0.4767096765625 0.603405065625 0.480015534375 0.5572657484375 0.503973790625 0.54550318125 0.5063221234374999 0.51875 0.5147438640625 0.51875 0.791508046875
12 0.9696472984375 1 0.9897922593749999 0.9034278328124999 0.990625 0.8949445578125002 0.990625 0.8851361718749999 0.9823093468749999 0.8747556796874999 0.9649199046875001 0.859637784375 0.9530980937500001 0.8526310875 0.9407077656249999 0.84804358125 0.9203870953125 0.8437423765624998 0.9085752390625 0.8425459484375001 0.8993699375 0.8428466109375 0.885434015625 0.8442838593750001 0.873294884375 0.8475720031249999 0.8475103671875001 0.8579075375 0.8443992781249999 0.8583365093750001 0.835730503125 0.8564645468750001 0.7995664484375 0.856527265625 0.7907943484375 0.857413934375 0.7810525203124999 0.8598872249999999 0.75987065625 0.8700724281250001 0.7497622171874999 0.8792957937499999 0.7403282234375 0.8911705515625 0.72468460625 0.917542728125 0.7216081125 0.925554346875 0.7165113453125 0.95894758125 0.71749623125 0.9788296484375 0.720765146875 0.9948452234375 0.7225288125 1 0.9696472984375 1
12 0.9296262437500001 0.540272475 0.8751444921875 0.50686105 0.8130203343750001 0.471516859375 0.8053286343749999 0.4660393328125 0.79260108125 0.46012613281250003 0.7872206578125001 0.46038370625 0.7759799218750001 0.4645973 0.7550073125 0.4770944484375 0.7528119156249999 0.48224019375000005 0.7536956171875 0.4872035265625 0.7581582078125 0.49990654375000004 0.775306871875 0.5384656296875 0.7902847875 0.583942840625 0.8129716984375 0.6386889015625 0.8219288718750001 0.6638483703125 0.8489724453124999 0.7262268671875 0.8527212468750001 0.7385440015625 0.853432896875 0.756607246875 0.8554789421875 0.759375 0.8582290796875001 0.759375 0.8938597749999999 0.7472392921875001 0.9027991859375 0.7431008640625001 0.9136460578125 0.736035759375 0.9303359453125001 0.7212233140625 0.9458541953124999 0.7036665984375 0.9573556140624999 0.6876323484375 0.963909809375 0.6724416796874999 0.9695729578125001 0.65430661875 0.9737125515624999 0.6361394812500001 0.975 0.6262172734375 0.975 0.5994773703125 0.9727885796875 0.5824285078125 0.9707578890625002 0.5764932859374999 0.9660000171875 0.5680282765625 0.9563096203124999 0.5563689640625 0.9494276859374999 0.55053763125 0.9296262437500001 0.540272475
12 1 0.679525990625 0.9914238765625001 0.6781511796874999 0.9782903749999999 0.6812535640625 0.9611966734374999 0.68740423125 0.9535888625 0.6930541124999999 0.9399633796875001 0.7117220375000001 0.9312825140625 0.7217171703125 0.9214546609374998 0.7307404156249999 0.900226109375 0.74521006875 0.87624573125 0.75537755625 0.868620621875 0.757236115625 0.861861915625 0.760266684375 0.8586155046874999 0.7637008515625 0.85322299375 0.775825521875 0.8522165296875001 0.787506859375 0.8538438750000001 0.8102868749999999 0.859795884375 0.8409458984375 0.863118834375 0.8506580796875 0.8669757046875001 0.8503684281249999 0.8810789359375001 0.8456794249999999 0.8974121609375001 0.843427321875 0.9183973281250001 0.8445696484375 0.938036203125 0.848238409375 0.9499293468750001 0.8527330359375 0.965103490625 0.8613761437499999 0.9754903796875001 0.8696300140624998 0.9903109406249999 0.8859375 0.9905082203125 0.8859375 0.9922620125 0.8836223375 0.994782078125 0.8661628140625 1 0.8450875484375 1 0.679525990625
12 0.51875 1 0.6765625 1 0.6765625 0.9923707281249999 0.6732572859375 0.9776437421875 0.6392367328125 0.9611867468749999 0.622361771875 0.9499530531249999 0.6046597484375 0.93528184375 0.5897315921875 0.91885596875 0.5765509359375 0.9007362296875 0.5658882046875 0.8828343265624999 0.560126009375 0.8683732921875 0.5552721609375 0.860647975 0.5482302640625 0.8560494562500001 0.543305084375 0.8508362078125 0.5382125921875 0.8488747140624999 0.51875 0.8478176187500001 0.51875 1