6 0 0.4296875 0.1625 0.4296875 0.1625 0.42776771875 0.1481672296875 0.3809190765625 0.1288843328125 0.30177493125 0.1275719359375 0.2821430796875 0.1347963578125 0.2589372296875 0.131592334375 0.23304092656250003 0.1367849828125 0.2213643734375 0.13514915624999999 0.21127645625000002 0.13188072343749999 0.209375 0.039131309375 0.209375 0.0394299453125 0.22589990312500002 0.031071523437499998 0.2440765203125 0.032451540625000004 0.257987903125 0.0367415234375 0.26922268437499997 0.0339521203125 0.279516759375 0.0136353 0.31159090312500004 0 0.33780372187499996 0 0.4296875
6 0.22191105156250002 0.4296875 0.2006669875 0.221875 0.195934875 0.221875 0.17982888125000002 0.2304987859375 0.1556814578125 0.2379084765625 0.1472911796875 0.243333884375 0.1415732171875 0.2435967390625 0.128536675 0.25994511875000004 0.1203125 0.276999175 0.1203125 0.315397390625 0.12707106875000002 0.3469474609375 0.1500538890625 0.4296875 0.22191105156250002 0.4296875
6 0 0.288592690625 0.028310637500000003 0.2793996453125 0.025994779687500004 0.26234400468749997 0.0362730828125 0.238341628125 0.034586689062499995 0.2212565203125 0.0396897375 0.21529623125000003 0.06367184375 0.214809065625 0.1154079734375 0.22001519374999998 0.1359167421875 0.15230578749999998 0.1502743796875 0.144005071875 0.1623064109375 0.13136329687499998 0.175 0.115876028125 0.175 0.07779607968749999 0.167078571875 0.0643907 0.15317763906249998 0.051691725 0.14248161875 0.0458354625 0.12391485312499999 0.0435262515625 0.11232978281249999 0.0478829140625 0.0984093578125 0.06061310625000001 0.09248459375 0.07106180937499999 0.088328178125 0.0737992421875 0.079563515625 0.0939165109375 0 0.12553443749999998 0 0.288592690625
17 0.7621467890625 0.4296875 0.761130175 0.406168425 0.731311803125 0.21918783749999998 0.727677075 0.13172458125 0.71899025625 0.10287699374999999 0.703710346875 0.096875 0.6675780640625 0.096875 0.6089871390624999 0.09927993125 0.5760232453125 0.096875 0.4375 0.096875 0.4375 0.2048022890625 0.452303196875 0.4296875 0.7621467890625 0.4296875
17 0.675 0.103884853125 0.7084386828125 0.105689684375 0.712250715625 0.1103327484375 0.7305176624999999 0.25835169687500004 0.748723934375 0.275203403125 0.751621003125 0.30867722343750004 0.7642435703125 0.3125 0.7762616203125 0.3125 0.8136812499999999 0.2245591703125 0.859375 0.05796025312500001 0.859375 0.043805895312499996 0.8328944015624999 0.035017345312499996 0.732652971875 0.024718317187499998 0.6962708640624999 0.015008120312500001 0.6805651625 0.05244164375 0.675 0.10131986875000001 0.675 0.103884853125
17 0.44069040781249996 0 0.4390625 0.0027218234375 0.4390625 0.043503171875 0.44403847656249995 0.080852290625 0.4630341203125 0.0883363921875 0.46719095 0.1 0.6248662078125 0.1 0.625 0.097722715625 0.625 0.0267715953125 0.621433253125 0 0.44069040781249996 0
17 0.6532500265625 0 0.646875 0.069643865625 0.646875 0.0746665015625 0.6476981343749999 0.0907393546875 0.6502246515625 0.0921875 0.6778363281249999 0.0921875 0.6822207734375001 0.047445784375 0.6939548109375 0.0147457265625 0.7381732859375 0.019392296875 0.7669832125 0.02949885 0.7990972015625 0.0281930296875 0.8062781234375 0 0.6532500265625 0
17 0.8319662718749999 0 0.8249442828125 0.0318637046875 0.8593606625 0.0431737984375 0.861759003125 0.0494416515625 0.84889776875 0.07066688125000001 0.8453001578125001 0.10265120937500001 0.8137315468749999 0.2074227328125 0.8142711390624999 0.2233181375 0.8823631781250001 0.23125 0.9070185984375 0.23125 0.9236961609375001 0.2092396734375 0.940625 0.1719584875 0.940625 0.15957566406249998 0.9194718578125001 0 0.8319662718749999 0
17 0.620228496875 0 0.6148239890625 0.10039462343750001 0.6468420281249999 0.1054086953125 0.6550235734375001 0 0.620228496875 0
17 0.4296875 0.4296875 0.3445023765625 0.4296875 0.1619575375 0.4790667796875 0.1571394046875 0.48288421406249993 0.15567118124999998 0.4916157296875 0.1455304671875 0.4992771859375 0.1298859953125 0.515882878125 0.11875 0.5216566296874999 0.11875 0.5284000921875001 0.1357317921875 0.544082446875 0.14567177343749999 0.549158225 0.1897837234375 0.5901036578125 0.20693071718749997 0.603125 0.2667011953125 0.603125 0.41670512187500003 0.5689791703125 0.4296875 0.566608540625 0.4296875 0.4296875
1 0.4296875 0.559375 0.41867180781249996 0.559375 0.393903215625 0.567496959375 0.36118669375 0.5712525046875 0.30987455937499997 0.5821263765625 0.2942926765625 0.5880627734375 0.2664646453125 0.6197447921875 0.26230585624999997 0.62713509375 0.254843425 0.6551932140625001 0.240625 0.7431989890625 0.240625 0.7859378343750001 0.2448123796875 0.8032842453125 0.2552219671875 0.8129892156249999 0.27612681562499997 0.8257336375 0.32421409375 0.8447464765625 0.36226657812499996 0.8678692953125001 0.389843690625 0.8802657937500001 0.4102024 0.8925263078124999 0.4296875 0.9019096203124999 0.4296875 0.559375
13 0.0390349703125 0.743876203125 0.042754871875 0.7468881640625 0.04890951875 0.7485813453125 0.20111417031249998 0.775 0.2368023296875 0.775 0.2395628140625 0.7516902812499999 0.252542675 0.70263075 0.2625 0.6478111390625 0.2625 0.6127074015625 0.2504135984375 0.6064880140625 0.23317924531249998 0.6048716640625 0.21116801093749998 0.599474115625 0.1113997671875 0.5679155046875 0.025841556249999998 0.5379539078125 0.0390349703125 0.743876203125
15 0.4046875 1 0.4046875 0.9716602453124998 0.40274262031249997 0.9610600328124999 0.38209414062499997 0.8770321375 0.377756725 0.8727256765625 0.3456764140625 0.8552588421875 0.3323853015625 0.8458788875 0.3088408921875 0.834375 0.2921569125 0.834375 0.27739844375 0.8351425812500001 0.13070097187500002 0.8578790828125001 0.1253973328125 0.8621834093749999 0.1227843265625 0.8688656046875 0.11369420781249999 0.877395353125 0.105809971875 0.8888837515624999 0.09375 0.918153846875 0.09375 0.9605229078124999 0.0960309453125 0.9810404578125 0.09892680000000001 1 0.4046875 1
4 0.4296875 0.9241201593749999 0.431492871875 0.9254277890625 0.4612815140625 0.9375231390625001 0.484081365625 0.9541651734375 0.5357962609375 0.9753515765625 0.5408534015625 0.9765625 0.6451773109375 0.9765625 0.721764959375 0.9733493984375 0.742720546875 0.9740504703124999 0.7478568375 0.9765625 0.7670213359375 0.9765625 0.789474259375 0.9667890968750001 0.8015625 0.9546317828124999 0.8015625 0.939098775 0.7934108421875 0.9286434171875001 0.7380505546875 0.8831651484374999 0.735807240625 0.8782093156249999 0.7224767703125 0.8712444890625001 0.69528735 0.8455297843749999 0.66095815 0.8302738234374999 0.6298429343749999 0.8283636781249999 0.43608734531250004 0.8568827953125 0.4296875 0.8589910343749999 0.4296875 0.9241201593749999
1 0.4296875 0.4296875 0.4296875 0.7104071624999999 0.4359037296875 0.701172859375 0.4424631875 0.6846272109375 0.4520888390625 0.6799022109375 0.47979407187500006 0.706803715625 0.500118546875 0.721232534375 0.5197093203125001 0.72202196875 0.5193589000000001 0.7263114953125 0.51206574375 0.72921775625 0.5123066609375 0.7386072046875001 0.518844221875 0.7511194812499999 0.52637829375 0.7576026703125001 0.5890381171875 0.8008099484375 0.5976271140625 0.8046875 0.633417353125 0.8046875 0.7565178875 0.7536344171875 0.8744458078124999 0.7104945984375 0.9 0.68656605 0.9 0.490154825 0.879165521875 0.43679632812499997 0.8770944109375 0.4296875 0.4296875 0.4296875
8 1 0.6469373624999999 0.9764781093749999 0.4453125 0.9752729234374999 0.4453125 0.9041942171875 0.5432067703125 0.88982528125 0.570713571875 0.8840841953125 0.5860768843749999 0.8881170171874999 0.627820390625 0.8847112921875 0.6632019375 0.857789809375 0.7122603375000001 0.8509026703125 0.75367478125 0.85185679375 0.75625 0.8781956984375 0.75625 0.8858681671875 0.7520431453125 0.9907862843749999 0.7186336703125 0.998722178125 0.7149088125 1 0.711845671875 1 0.6469373624999999
10 0.9011293078125 0.783956690625 0.9023954171875002 0.7948686031250001 0.8864446234375001 0.8234672546875 0.8674638265624999 0.8403928031250001 0.8596723921875 0.8382265234374999 0.8604298890625 0.8086528187500001 0.840767334375 0.7547187656250001 0.8247407890625 0.7537828078125 0.8051323453125001 0.7580785890625 0.7962695875 0.7466791515625 0.7758711828125 0.7586075250000001 0.741816121875 0.746702171875 0.665625 0.7773271390625001 0.665625 0.7882150171875001 0.667332184375 0.7907063046875 0.665625 0.7965542343750001 0.665625 0.8301084031249999 0.6691610109375 0.835349715625 0.6920916359375 0.84524516875 0.7114403656249999 0.8603723640624998 0.7336459515625 0.8567986734375002 0.761478684375 0.8656201812500001 0.8042774703125 0.9167808265625 0.80907136875 0.92921511875 0.8095476640625 0.9453125 0.8164003781249999 0.9453125 0.834415171875 0.9238062953124999 0.8578976859375 0.916796903125 0.88251645 0.8979189359374999 0.893511028125 0.8771483515625 0.9028282843749998 0.8708035703124999 0.9032394953124999 0.8454658515624999 0.9159871453124999 0.83980406875 0.9261917593749999 0.8266660734375 0.9591430203125 0.7424132046875 0.959375 0.7416185625 0.959375 0.7265803890625 0.9588616609375 0.72554745625 0.8869424031250001 0.748332575 0.8905567624999999 0.76504194375 0.8848646875 0.77374848125 0.8897126921874999 0.7794286546875 0.9011293078125 0.783956690625
8 0.8619189203125 0.4296875 0.8780949203125001 0.4463461296875 0.9296273609375 0.4828125 0.9437466171875 0.4828125 0.9670321906249999 0.453195940625 0.971875 0.44463930156250003 0.971875 0.4296875 0.8619189203125 0.4296875