17 0 0 0 0.2796875 0.180346853125 0.2796875 0.1890625 0.274084584375 0.1890625 0.2715009984375 0.1872174203125 0.25581781875 0.180834440625 0.2483710109375 0.1670046546875 0.21113696875 0.158494015625 0.1707114359375 0.13615359062500001 0.145179521875 0.068995715625 0 0 0
17 0.4 0 0.261294559375 0 0.17799202187500002 0.0593916234375 0.133311171875 0.0859873671875 0.1162898953125 0.087051196875 0.1162898953125 0.09981715468749999 0.1386303203125 0.164710771875 0.18543883125 0.2679022609375 0.22802526093750003 0.275 0.27135419843749997 0.275 0.315226065625 0.2732214109375 0.386502659375 0.26471077187500003 0.4 0.2620983828125 0.4 0
15 0.819591471875 0.2796875 0.793359375 0.25751953125 0.73037109375 0.21259765625 0.7220703125 0.20869140625 0.70595703125 0.20966796875 0.699609375 0.20673828125 0.67958984375 0.1896484375 0.62490234375 0.1515625 0.61171875 0.14521484375 0.58974609375 0.14130859375 0.57998046875 0.14326171875 0.57021484375 0.14912109375 0.56240234375 0.1583984375 0.55849609375 0.16865234375 0.54921875 0.2228515625 0.547265625 0.24580078125 0.54189453125 0.26533203125 0.5395791328125 0.2796875 0.819591471875 0.2796875
14 0.049086173437500005 0.5 0.1319611734375 0.946875 0.1364908875 0.946875 0.14375 0.9459676109374999 0.14375 0.938900965625 0.058853096875 0.5 0.049086173437500005 0.5
14 0 0.9079668062499999 0.23125 0.72326713125 0.23125 0.7213216140625 0.22233072968749998 0.7079427093749999 0 0.8858072921875 0 0.9079668062499999
14 0 0.8829752531249999 0.0187497875 0.98125 0.022298178125000002 0.98125 0.034375 0.9788346359375 0.034375 0.97470703125 0 0.7999674484375 0 0.8829752531249999
14 0 0.700409171875 0.057030734375 0.7421875 0.058190920312500005 0.7421875 0.08125 0.7298893234375 0.08125 0.7290120421874999 0 0.6680745421875001 0 0.700409171875
14 0.08352864531250001 0.49322916718749993 0.1453776046875 0.8008463546875 0.15677083281249998 0.8008463546875 0.153515625 0.7520182296875 0.1079427078125 0.4916015625 0.08352864531250001 0.49322916718749993
14 0 0.8056118828125001 0.0867838546875 0.7194661453125 0.0819010421875 0.7015625 0.06888020781250001 0.7031901046875 0 0.7710498640625 0 0.8056118828125001
14 0.1486328125 0.5436848953125001 0.1291015625 0.5469401046875 0.16653645781249998 0.8366536453125001 0.1876953125 0.8366536453125001 0.1486328125 0.5436848953125001
14 0 0.9404997999999999 0.0005208328124999999 0.9408203125 0.2869791671875 0.8024739578125001 0.270703125 0.7715494796875 0 0.9155072109375 0 0.9404997999999999
14 0 0.5471464671875 0.192578125 0.5485677078125001 0.192578125 0.5339192703125001 0 0.5353097265625 0 0.5471464671875
14 0 0.6960217078125 0.16165364531249998 0.56484375 0.1502604171875 0.5534505203125001 0 0.67329385 0 0.6960217078125
14 0.395703125 0.95693359375 0.39521484375 0.949609375 0.38544921875 0.93056640625 0.3458984375 0.86806640625 0.18427734375 0.58388671875 0.17841796875 0.57900390625 0.17548828125 0.58046875 0.17451171875 0.586328125 0.1779296875 0.5990234375 0.18623046875 0.6166015625 0.22431640625 0.683984375 0.26240234375 0.75771484375 0.282421875 0.79091796875 0.3517578125 0.9232421875 0.37421875 0.959375 0.38056640625 0.96376953125 0.38544921875 0.96376953125 0.3927734375 0.95986328125 0.395703125 0.95693359375
14 0 0.69308284375 0.2007161453125 0.7129557296875 0.1974609375 0.6950520828125 0 0.6763384640625001 0 0.69308284375
14 0 0.8535591578125 0.1388671875 0.740625 0.12747395781249998 0.7194661453125 0 0.825065875 0 0.8535591578125