13 0 0.45 0.0743567265625 0.45 0.0890625 0.3704841421875 0.0890625 0.3549281796875 0.024419415625 0.35 0 0.35 0 0.45
13 0.284375 0.45 0.284375 0.4269307265625 0.2821649984375 0.42532715625 0.2443753515625 0.4160372484375 0.2087875421875 0.41500503593750004 0.15264045937499998 0.40571512656250003 0.1286999546875 0.400554065625 0.10072886562500001 0.396875 0.0800671828125 0.396875 0.07233564375 0.45 0.284375 0.45
13 0.492588046875 0.45 0.494048346875 0.44407440468750004 0.4981940609375 0.43377710468749997 0.497976296875 0.4162717015625 0.4984375 0.4154655796875 0.4984375 0.37677840156250003 0.481592975 0.3380122390625 0.4430685375 0.2234375 0.4338571953125 0.2234375 0.24450605312499998 0.3153581859375 0.24865436875000002 0.32462575312499997 0.266323434375 0.351398725 0.2797392046875 0.389498725 0.2953065640625 0.4070041328125 0.31106017656249996 0.45 0.492588046875 0.45
13 0.6296875 0.1842368296875 0.6050894765625 0.19270998749999999 0.45550120781250003 0.25396620625 0.50643448125 0.4336511140625 0.513135421875 0.45 0.5385702343750001 0.45 0.6296875 0.4114311 0.6296875 0.1842368296875
13 0 0.357463553125 0.0928890546875 0.3645087484375 0.1046875 0.3058026984375 0.1046875 0.27533760625000003 0.0952435890625 0.27275442656250004 0.0771320609375 0.2560718234375 0.059513962499999996 0.224791940625 0.05108839375 0.19559738437500002 0.0438749015625 0.174744128125 0.0475541234375 0.11009903750000001 0.034723271875 0.10625 0.022211434375 0.10625 0.0134307046875 0.13616560625000002 0 0.21682945468749998 0 0.357463553125
13 0.08125 0.4000561 0.263956321875 0.421875 0.283372496875 0.421875 0.2887538890625 0.3989152375 0.2487892296875 0.31721760468750004 0.315625 0.2846420078125 0.315625 0.2520821078125 0.191462109375 0.26577835156249996 0.144583540625 0.26880418906250003 0.10862591562499999 0.27384725468750004 0.1025529578125 0.27384725312499997 0.08125 0.39369372812500003 0.08125 0.4000561
13 0.3085715640625 0.45 0.3013955140625 0.4245317421875 0.2859701125 0.40209062656250005 0.28282199218750004 0.42147159062500006 0.28238301250000003 0.44493275624999995 0.28146515 0.45 0.3085715640625 0.45
9 0.6296875 0.0767919859375 0.6209934015624999 0.0830498515625 0.611902896875 0.0835604375 0.5784961421875 0.057010004687500004 0.567079103125 0.050882978125 0.5132764140625 0.0564994171875 0.47746926875 0.058031175000000004 0.35432302031249996 0.054457075 0.2818628546875 0.05598883125 0.11921235937500001 0.070285221875 0.084542096875 0.0753910734375 0.0657805921875 0.08202868437500001 0.053573482812499996 0.093261559375 0.04374568125 0.11062145781249999 0.047472960937499996 0.11828023750000001 0.061058218750000004 0.13257662812499998 0.06074158281249999 0.1356401390625 0.0559060828125 0.1387036515625 0.054030389062499996 0.142277746875 0.052499989062499995 0.157084721875 0.049672871875 0.16014823281249999 0.046556265624999996 0.1708705234375 0.048330965625 0.19742095937499998 0.0591449125 0.23367251718749998 0.073181009375 0.2581806109375 0.083224446875 0.26788173125000003 0.08792465625 0.2703125 0.1809268234375 0.2703125 0.18845355156250002 0.2699240734375 0.2432604328125 0.2643076359375 0.30898074062499997 0.2551170984375 0.33564461093750003 0.2546065125 0.36865026875 0.25103241718749997 0.396291184375 0.2459265625 0.43074884375 0.2331619296875 0.4427991515625 0.23316193125 0.45286821875000005 0.23775719843749998 0.4689352953125 0.23775719843749998 0.5026013640625 0.232651346875 0.539675046875 0.2188655421875 0.5640907828125 0.2061009109375 0.580763984375 0.19537861875 0.599682290625 0.17750813125 0.617914553125 0.16627525781250002 0.6296875 0.1661158546875 0.6296875 0.0767919859375
11 0.6296875 0 0.6296875 0.1285082671875 0.6737718546875 0.15093374843750001 0.7507792640625001 0.1808497390625 0.7936834046875 0.20047411093749998 0.7972749515625 0.2015625 0.8443879609374999 0.2015625 0.8588207640625001 0.191539390625 0.875562446875 0.1727225546875 0.881470546875 0.1712950234375 0.8954345890625 0.1719496375 0.898954690625 0.177455396875 0.9140814687500001 0.1848120375 0.922046728125 0.19524194374999998 0.9338771765625001 0.2015625 0.9631162671875 0.2015625 0.964564940625 0.2008145703125 0.9779948062500001 0.1806493328125 0.978125 0.1802274203125 0.978125 0.10375357031250002 0.9720684515624999 0.0991808640625 0.9562849390625001 0.0939524578125 0.9449465828125 0.0936481984375 0.9321158828125 0.09656933125 0.9110810015624999 0.09064022031249999 0.9017716406249999 0.09020381093749999 0.89860930625 0.0867602125 0.8963451046875001 0.061882115625 0.8927061593750001 0.052734534374999996 0.8770145640625 0.030295065625 0.8657668890625001 0.02164304375 0.837422240625 0.0120190921875 0.7839410203125 0 0.6296875 0
11 0.6296875 0.335361003125 0.6549914328125 0.347805603125 0.6610783578125 0.35 0.7021051968750001 0.35 0.725119959375 0.29620823125 0.7453125 0.24099681875 0.7453125 0.1882078203125 0.7446724171875 0.1875114046875 0.7094082671875 0.16574533125 0.681491671875 0.1511783203125 0.6681829359375 0.14180649218750002 0.6296875 0.1215559359375 0.6296875 0.335361003125
11 0.213315846875 1 0.2141380515625 0.9924136390625 0.21786005468749997 0.9775053218749999 0.2302667296875 0.9638393656249999 0.2375 0.9452141609375001 0.2375 0.9023423749999999 0.2215820578125 0.849542271875 0.1856026984375 0.7799701296875 0.1831213625 0.727791021875 0.1634882546875 0.7125 0.12242562500000001 0.7125 0.11240331249999999 0.7153674234375 0.0999966375 0.7290333812500001 0.1012373046875 0.7849395671874999 0.08634929531249999 0.8271797984375 0.06153594375 0.9712935234375 0.066579278125 1 0.213315846875 1
11 0.3984375 1 0.3984375 0.94389974375 0.38635601249999996 0.9043110890625 0.373799459375 0.8818681749999999 0.3800777359375 0.829501371875 0.365009871875 0.8107989437500001 0.351266434375 0.80625 0.3032682125 0.80625 0.2946931796875 0.8083052859375 0.280880971875 0.823267228125 0.27585835 0.873140375 0.2520009015625 0.8980769468750001 0.233166071875 0.945456434375 0.21307558750000002 0.9728866625 0.2012037296875 1 0.3984375 1
11 0.6296875 0.8004523328125 0.6080746203125 0.7984375 0.605924740625 0.7984375 0.5877658671875 0.8068640671875 0.5655436453125 0.8449208171875 0.491469571875 0.8989368500000001 0.4408522875 0.95418051875 0.41369179375 0.9971478171874999 0.4124263734375 1 0.5316508015625 1 0.5383831515625 0.98978199375 0.5581362390625 0.9762779874999999 0.5840621640625 0.9738227125 0.609988090625 0.979960896875 0.6296875 0.9910328374999999 0.6296875 0.8004523328125
11 0.4267295171875 1 0.4552331609375 0.9540307968749999 0.4513917078125 0.91440056875 0.4577941296875 0.8875542843750001 0.460355096875 0.8325833203125 0.45651364531249994 0.7648284125 0.4609375 0.74961555625 0.4609375 0.7053253234375 0.45395267656250005 0.6983518984374999 0.4301368421875 0.6921875 0.4026461140625 0.6921875 0.396330884375 0.6932383203125 0.3822455578125 0.7060222656249999 0.372001684375 0.7443741 0.3234375 0.8043422984374999 0.3234375 0.813435275 0.35791635781250003 0.8236345593750001 0.372001684375 0.8415320828125001 0.3655992625 0.8990598328124999 0.3796845890625 0.9233493296875 0.3912089484375 0.95786598125 0.397603325 1 0.4267295171875 1
1 0.6296875 0.6081229593749999 0.626731984375 0.6075776265625 0.5139773921875 0.5669699109375 0.5038421484375 0.5606249562500001 0.5013083375 0.5403210984375 0.48715350781250005 0.5296875 0.04716905625 0.5296875 0.030019482812499998 0.57585285 0 0.6031882125 0 0.8740128578124999 0.032119062500000004 0.9828125 0.050776584375 0.9828125 0.07562808125 0.8334580453125 0.08576332656249999 0.796657303125 0.0895640421875 0.7344767375 0.104766909375 0.717979853125 0.14404097968750001 0.71417288125 0.1605107515625 0.71924884375 0.17191289999999998 0.7294007734375001 0.1757136171875 0.7814294078125 0.2175215 0.8651828218750002 0.2365250828125 0.937515315625 0.2719984375 0.886755671875 0.280866775 0.832189053125 0.29353583125 0.8194991421875001 0.322674659375 0.8106162046875 0.3695501625 0.75858756875 0.3872868390625 0.702751959375 0.39995589531250003 0.6938690218750001 0.4164256671875 0.6913310390625 0.4531659265625 0.700213978125 0.4658349828125 0.7116348984374999 0.46710188906249994 0.72813178125 0.4556997390625 0.7712774796874999 0.4595004546875 0.856299884375 0.4518990203125 0.9337083406249999 0.4658349828125 0.937515315625 0.5139773921875 0.8931006265625001 0.5646536140625 0.8626448390625001 0.5988600625 0.8068092296875001 0.6229312671875 0.8004642750000001 0.6296875 0.8010056640624998 0.6296875 0.6081229593749999
1 0.6296875 0.8367827875 0.654856228125 0.8188633 0.68683414375 0.7860446703124999 0.70769893125 0.7530973609375 0.718090434375 0.7305888890625 0.72768333125 0.7020368218749999 0.73125 0.6813490390625001 0.73125 0.62715401875 0.72988351875 0.610541396875 0.7209625484375 0.5767463421875 0.714472675 0.5600767484375 0.6920539859375 0.522102509375 0.6595500859375 0.48350863281249995 0.6296875 0.45824282812500006 0.6296875 0.8367827875