9 0 0 0 0.4714584609375 0.23549105781250002 0.4725562109375 0.2400849046875 0.2447137421875 0.27667030625 0.1681272609375 0.3306294625 0 0 0
15 0 0.44648566093750003 0.1587248953125 0.48359205000000005 0.19599805625 0.4913901515625 0.20103699062499997 0.47489215625 0.2018874109375 0.4644812171875 0.20294665781250001 0.4642633796875 0.18868294375 0.45890402343750003 0 0.4151928046875 0 0.44648566093750003
9 0 0 0 0.1762204828125 0.140195378125 0.331417590625 0.2922783875 0.1866091296875 0.10589651562499999 0 0 0
15 0 0 0 0.0257737640625 0.022083717187499997 0.040592290625 0.14325158437500002 0.12260808125 0.2124321421875 0.1691966 0.231912921875 0.1811031625 0.251101046875 0.158720125 0.11532355000000001 0.0696851359375 0.010594626562499999 0 0 0
15 0.2402173828125 0 0.24478395625 0.07455650312499999 0.2607713328125 0.3072392640625 0.263241728125 0.349213590625 0.2787478609375 0.35118828125 0.2906357828125 0.34929071718750004 0.282100615625 0.196760346875 0.27268950468750003 0.018279407812500002 0.2713423703125 0 0.2402173828125 0
15 0.158767246875 0 0.1698960125 0.037458771875000005 0.19921090156250001 0.12871730625 0.2418939359375 0.2623740859375 0.25119925468750004 0.2820796 0.2790314234375 0.272879096875 0.2459776421875 0.1750434296875 0.1893667796875 0 0.158767246875 0
15 0.1119037203125 0 0.1541676328125 0.11257816875 0.1823307109375 0.185087365625 0.2029014421875 0.23799330312500003 0.2045872421875 0.23799330312500003 0.2176150984375 0.2344943421875 0.2258064765625 0.23161526875 0.22779783281250002 0.2270472328125 0.1909715421875 0.1301628765625 0.1499172109375 0.02711203125 0.1392590671875 0 0.1119037203125 0
15 0.172016428125 0.30669823749999997 0.0720177125 0.1271168 0.0397832421875 0.068517003125 0.02639701875 0.0733152453125 0.0159128875 0.0788641765625 0.021843540624999998 0.09016106406249999 0.0709710734375 0.177813784375 0.1462197609375 0.316038290625 0.206382 0.4278384046875 0.238858796875 0.489940525 0.246181546875 0.490089190625 0.25696739375 0.4854742265625 0.2631529578125 0.48007455937500004 0.2520951640625 0.4570427921875 0.172016428125 0.30669823749999997
15 0.0245824109375 0 0.024549715625 0.0011742703125 0.015830784375 0.134202271875 0.0052592859375 0.26963539999999997 0.001882546875 0.3136929828125 0.028764490625 0.3622066109375 0.0403514125 0.192098584375 0.0483631671875 0.07462083281250001 0.0539965125 0.007766053125 0.05480511406250001 0 0.0245824109375 0
15 0 0.1273719578125 0.0107131296875 0.1351167421875 0.1904830421875 0.2665959421875 0.19947249375 0.2544953015625 0.2065850203125 0.2399091171875 0.18326225937500001 0.2226492328125 0 0.0938842421875 0 0.1273719578125
15 0 0.3693484984375 0.027048984375 0.4151460421875 0.08704245000000001 0.5114376046875 0.09829985 0.5007762296875 0.10968925781250001 0.49481325 0.0266695203125 0.3575713265625 0 0.313400103125 0 0.3693484984375
4 0.684920634375 0.5653769843750001 0.763045634375 0.5790178578125 0.800248015625 0.5926587296875 0.83125 0.5802579359375 0.8386904765625 0.6125 0.8622519843750001 0.6199404765625001 0.880853175 0.5790178578125 0.8982142859375 0.52197420625 0.9068948406249999 0.4612103171875 0.9106150796874999 0.42772817500000004 0.9118551593750001 0.3855654765625 0.8932539687500001 0.3644841265625 0.8845734125 0.3545634921875 0.89697420625 0.3458829359375 0.9044146828124999 0.31736111093749997 0.8895337296875001 0.29255952343749997 0.9044146828124999 0.2727182546875 0.903174603125 0.2553571421875 0.8932539687500001 0.187152778125 0.8771329359375001 0.14002976250000002 0.8647321421875 0.0953869046875 0.8585317453125001 0.0606646828125 0.8548115078125 0.019742064062500002 0.8176091265625001 0.050744046875000004 0.7928075390625 0.06438492031250001 0.7841269843750001 0.063144840625 0.7419642859375 0.080505953125 0.738244046875 0.11398809531250001 0.7332837296875 0.1449900796875 0.7283234125 0.1611111109375 0.709722221875 0.1983134921875 0.6787202375 0.20575396875 0.6489583328124999 0.1772321421875 0.5708333328124999 0.24171627031249998 0.55967261875 0.1983134921875 0.55595238125 0.1896329359375 0.5390625 0.21027612499999998 0.5390625 0.57005738125 0.568353175 0.5678571421874999 0.684920634375 0.5653769843750001
4 0.598958334375 0 0.5695932546875 0.0073412703125 0.5472718249999999 0.025942460937500002 0.5390625 0.030320767187499997 0.5390625 0.2485033515625 0.565873015625 0.2429563484375 0.596875 0.22311507968750002 0.60927579375 0.21195436562499997 0.5956349203125 0.18839285781249998 0.606795634375 0.1648313484375 0.6266369046875 0.128869046875 0.63407738125 0.08174603124999999 0.6303571421874999 0.02470238125 0.631597221875 0.0048611109375000005 0.630625 0 0.609325396875 0 0.615476190625 0.012301587499999999 0.6080357140625 0.0172619046875 0.5994047625000001 0 0.598958334375 0
11 0.6297433031249999 0 0.631597221875 0.029662698437500003 0.6328373015625 0.063144840625 0.631597221875 0.1040674609375 0.619196428125 0.1474702375 0.6005952375 0.1735119046875 0.6117559531250001 0.2082341265625 0.616063596875 0.205721334375 0.652678571875 0.18095238125 0.675 0.20575396875 0.7146825390625 0.1983134921875 0.7233630953125 0.1611111109375 0.7394841265625 0.1301091265625 0.738244046875 0.0904265875 0.7320436515625001 0.063144840625 0.71592261875 0.029662698437500003 0.7030955046875 0 0.6829545453125 0 0.68368055625 0.0011408734375 0.681200396875 0.0135416671875 0.6628224203124999 0 0.6297433031249999 0
9 0.79404761875 0.4884920640625 0.821329365625 0.4612103171875 0.8424107140625001 0.42896825468750005 0.8349702375 0.4054067453125 0.8014880953124999 0.39672619062500003 0.7494047625 0.4029265875 0.6712797625 0.3334821421875 0.6700396828125 0.3359623015625 0.68368055625 0.3818452375 0.684920634375 0.41780753906249996 0.6762400796875 0.44384920625 0.6762400796875 0.46493055625 0.6787202375 0.484771825 0.6985615078125 0.49717261874999996 0.71220238125 0.5095734125 0.7456845234375 0.5095734125 0.763045634375 0.4946924609375 0.79404761875 0.4884920640625
4 0.5547123015625 0.6410218249999999 0.5578125 0.6410218249999999 0.5547123015625 0.6422619046875 0.5919146828125 0.6447420640625 0.6253968249999999 0.6484623015625 0.6477182546875 0.64970238125 0.6576388890625 0.634821428125 0.6700396828125 0.6323412703125 0.6675595234375 0.6137400796875 0.6886408734375 0.6335813484374999 0.6985615078125 0.62490079375 0.6998015875 0.6447420640625 0.7494047625 0.6397817453125 0.7841269843750001 0.6125 0.796527778125 0.5988591265625 0.796527778125 0.5889384921875 0.763045634375 0.5802579359375 0.7035218249999999 0.569097221875 0.6514384921875 0.5666170640625 0.60927579375 0.569097221875 0.5390625 0.572697903125 0.5390625 0.618271475 0.5472718249999999 0.6298611109375 0.5547123015625 0.6410218249999999
4 0.553472221875 0.49593253906249996 0.590674603125 0.49965277812500003 0.631597221875 0.49593253906249996 0.656398809375 0.4860119046875 0.6700396828125 0.46493055625 0.681200396875 0.4388888890625 0.6861607140625 0.4016865078125 0.6861607140625 0.36944444375 0.6762400796875 0.359523809375 0.6700396828125 0.3322420640625 0.6675595234375 0.314880953125 0.6253968249999999 0.3334821421875 0.6080357140625 0.36944444375 0.5708333328124999 0.409126984375 0.5390625 0.4408978171875 0.5390625 0.5047758546875001 0.5435515875 0.503373015625 0.553472221875 0.49593253906249996
4 0.5981150796875 0.37564484062500003 0.6204365078125 0.3322420640625 0.6390376984375 0.3260416671875 0.665079365625 0.314880953125 0.6886408734375 0.2826388890625 0.7146825390625 0.26279761874999996 0.7010416671875 0.2429563484375 0.6762400796875 0.20947420625 0.6489583328124999 0.1759920640625 0.5757936515625001 0.23799603125000002 0.5390625 0.2709010203125 0.5390625 0.44300683750000003 0.5633928578125 0.41780753906249996 0.5981150796875 0.37564484062500003
16 0.2759765625 0.70830078125 0.3111328125 0.81279296875 0.31552734375 0.815234375 0.42392578125 0.803515625 0.4625 0.79619140625 0.47373046875 0.78837890625 0.4810546875 0.77958984375 0.4859375 0.76982421875 0.495703125 0.73955078125 0.49521484375 0.72392578125 0.4869140625 0.68876953125 0.47813154999999996 0.659375 0.251990684375 0.659375 0.25888671875 0.66728515625 0.2759765625 0.70830078125
16 0.05380859375 0.90166015625 0.0572265625 0.92314453125 0.06162109375 0.936328125 0.06552734375 0.9431640625 0.071875 0.9490234375 0.11337890625 0.965625 0.1255859375 0.97783203125 0.13486328125 0.983203125 0.16171875 0.98076171875 0.1958984375 0.9822265625 0.20126953125 0.98564453125 0.202734375 0.99248046875 0.20615234375 0.9958984375 0.2154296875 0.99345703125 0.22275390625 0.98857421875 0.228125 0.98955078125 0.23349609375 0.9958984375 0.24130859375 0.99541015625 0.2720703125 0.98173828125 0.27744140625 0.97734375 0.28037109375 0.97099609375 0.2818359375 0.95341796875 0.2984375 0.93974609375 0.3052734375 0.92412109375 0.331640625 0.8982421875 0.33505859375 0.8904296875 0.33408203125 0.87529296875 0.3150390625 0.81962890625 0.30673828125 0.78935546875 0.27255859375 0.6951171875 0.25986328125 0.66533203125 0.255324590625 0.659375 0.0195030125 0.659375 0.02255859375 0.69560546875 0.05380859375 0.90166015625
1 0.6255385890625 1 0.6569661453125 0.9654296875 0.69765625 0.9003255203125 0.6764973953125 0.8775390625 0.6634765625 0.8840494796874999 0.6309244796875 0.8645182296874999 0.5576822921875 0.8384765625 0.5593098953125 0.8417317703125 0.5390625 0.82013455 0.5390625 0.9753603656250001 0.5779383671875 1 0.6255385890625 1
9 0.6423177078125 0.823828125 0.6276692703125 0.8401041671874999 0.6130208328125 0.8254557296874999 0.5967447921875 0.843359375 0.6 0.8482421875 0.6569661453125 0.8807942703125 0.6748697921875 0.8791666671874999 0.69765625 0.9003255203125 0.687890625 0.91171875 0.7090494796875 0.9247395828125 0.6960286453125 0.95078125 0.6927734375 0.9768229171874999 0.7139322921875 0.9865885421874999 0.7595052078125 0.960546875 0.6423177078125 0.823828125
9 0.6846354171875 0.8401041671874999 0.6732421875 0.8596354171874999 0.7578776046875 0.9524088546874999 0.75625 0.9458984375 0.785546875 0.9035807296874999 0.6846354171875 0.8401041671874999
9 0.7861601140625 1 0.77578125 0.9540364578125 0.7171875 0.9768229171874999 0.7090494796875 0.999609375 0.7104166671875001 1 0.7861601140625 1