13 0.5573690499999999 0.509375 0.52137760625 0.4463139734375 0.50912013125 0.3903765875 0.49292193281249996 0.365699803125 0.4881635453125 0.3657813671875 0.48125 0.3904272125 0.48125 0.39968095625 0.4835745453125 0.4298057796875 0.5037452874999999 0.509375 0.5573690499999999 0.509375
14 0.5609375 0.3002056453125 0.45 0.31588523125 0.45 0.331983453125 0.4530201421875 0.3328125 0.48626584531250006 0.3328125 0.5609375 0.3209572078125 0.5609375 0.3002056453125
14 0.16875 0.3909098109375 0.16482461875 0.3876187078125 0.16875 0.379473925 0.16875 0.3753375609375 0.022403937500000002 0.46149854687499997 0.028712134374999997 0.46875 0.0420050796875 0.46875 0.1632894125 0.39684512031249997 0.16875 0.3961713703125 0.16875 0.3909098109375
17 0.5796875 0.509375 0.7796875 0.509375 0.7796875 0.369501353125 0.7681181953125 0.19311713125000002 0.7517811 0.0802920515625 0.738578240625 0.061510521875 0.7326648437500001 0.0403832171875 0.7252118328125 0.0375 0.6788039125 0.0375 0.5796875 0.0397682484375 0.5796875 0.509375
17 1 0.509375 1 0.4820028890625 0.9937889546874998 0.47120694375000005 0.9842325453124999 0.39842355 0.96165269375 0.31064360625 0.90632696875 0.0421875 0.8171494328125 0.0421875 0.8071454093749999 0.06302233125 0.8069124046875 0.4544105421875 0.8042297421875 0.509375 1 0.509375
11 0 0.7959999828125 0.0008245109375 0.7960387953125 0.0056883140625 0.7916115421875001 0.043337571875 0.7964879328125 0.05033914375 0.8025084328125001 0.060016599999999996 0.8283144218749999 0.0671377515625 0.8364099749999999 0.0819282984375 0.8443491921875002 0.10321219687500001 0.8494899312499999 0.134946246875 0.8494316718749999 0.1649261078125 0.854464396875 0.1808080828125 0.8546946500000001 0.2382312734375 0.8651580578125 0.2587627171875 0.8661245281250001 0.268849065625 0.8634951843750001 0.27995692499999997 0.8697089796874999 0.28285666875 0.8703125 0.371875 0.8703125 0.371875 0.7688191078125 0.3653478109375 0.7614623078125 0.3372118234375 0.752894884375 0.1895799875 0.722664428125 0.1516267109375 0.72139521875 0.14589087812499998 0.7195731484375 0.139915878125 0.7136009734375 0.13261029062500002 0.7111876578125 0.10115036250000001 0.7071199703125 0.08357399062500001 0.7130182312500001 0.07563553437500001 0.7085056984375 0.0683897375 0.7071299046874999 0.059539231250000005 0.7134389171875 0.0521936203125 0.7280964625 0.0457002734375 0.7308949390625 0.010014473437500001 0.7245589046875001 0.004702240625 0.7212047078125 0.0029531124999999997 0.7175008796875 0 0.7160240484375 0 0.7959999828125
11 0.5796875 0.7750023453124999 0.5613185828125 0.7869037437499999 0.551277371875 0.7910484562500001 0.5446899468749999 0.8015010265625 0.5180455234375 0.7766988515625 0.49912453437500004 0.769673228125 0.4862952546875 0.7701024734375 0.46882072968750005 0.7790252203125 0.4382965546875 0.8021990421874999 0.43259013125 0.810131003125 0.4321595578125 0.8203569859375 0.37481539218750004 0.8597043484375 0.3565850625 0.8644936375000001 0.33977625625 0.876008771875 0.3306409890625 0.886855403125 0.328125 0.893378078125 0.328125 0.9183204734375 0.3317668265625 0.932502196875 0.3542464625 0.9740169468750001 0.382979321875 1 0.4436265578125 1 0.46029937031249996 0.98508599375 0.49482293593750004 0.9687576437499998 0.5255221984375 0.957374809375 0.544688503125 0.9598011328125 0.5538787390625 0.958690715625 0.5796875 0.944545871875 0.5796875 0.7750023453124999
11 0 1 0.12016566875000001 1 0.11609531875000001 0.9867680406249999 0.0965967109375 0.9404549015625001 0.064912584375 0.8831381078125 0.0390657390625 0.8448819796875 0.0301028921875 0.826198425 0.0226823234375 0.8159375203125 0.0223056734375 0.815625 0 0.815625 0 1
11 0.3466363765625 1 0.3418675671875 0.9954238109375 0.3228119921875 0.9848014484375 0.30816886875 0.9707982859375001 0.270032875 0.9403302531249998 0.2485693046875 0.9147377875 0.2193428765625 0.887758934375 0.211799521875 0.872549553125 0.2051884453125 0.86455639375 0.186222603125 0.8554752359375 0.16921610625 0.853658153125 0.15444321249999998 0.8550191953125001 0.145438853125 0.85869838125 0.12180607968749999 0.8750168531250001 0.10394184531249999 0.893653471875 0.0984375 0.9046683921875001 0.0984375 0.9412898406250001 0.0985368203125 0.941561740625 0.10701751562499999 0.9552777718750001 0.12712500468750002 0.9751712953125 0.14630021875000002 0.9878485984375001 0.161382715625 1 0.3466363765625 1
17 0.8257365437499999 0.509375 0.7171690796875 0.523049628125 0.58856589375 0.52846844375 0.5796875 0.5293159453125 0.5796875 0.557698840625 0.6354758671875 0.56091816875 0.6726877859375 0.566498209375 0.7010001171875 0.5851650953125 0.7139585796875 0.5843486125 0.718084 0.6082461625 0.7033789140625 0.826590021875 0.7338870296875 0.83067519375 0.7466126078124999 0.8389484203125 0.7535326609374999 0.8533392171875 0.75426459375 0.881668553125 0.75790646875 0.8828125 0.9378725750000001 0.8828125 0.9850383609375001 0.8751340656250001 0.9837075765625001 0.8236261812500001 1 0.8209738281250001 1 0.7195698296874999 0.9872507640624999 0.7208934124999999 0.9823601484375001 0.7126377953125 0.9736102531249999 0.5278539343750001 0.97142971875 0.509375 0.8257365437499999 0.509375
17 0.5796875 0.9446083062499999 0.7453125 0.9176251828125 0.7453125 0.8313002734375001 0.7193772703125 0.824216240625 0.7141589046875 0.8019425046875 0.7235387421875 0.7605898796874999 0.72140845625 0.7095505046875 0.728146075 0.6018259765625 0.7225478953125 0.5873220828125 0.6565256859375 0.565961696875 0.5796875 0.5610359234375 0.5796875 0.9446083062499999