13 0.14345999062499998 0.226296528125 0.13601318281250002 0.23887762499999998 0.1011609796875 0.245642509375 0.081908759375 0.28772822656249997 0.0821559890625 0.3088972859375 0.08826177187499999 0.31153384375000004 0.08552674375 0.33743292343750003 0.093344390625 0.356605415625 0.1177851875 0.368663725 0.14392019218750002 0.3957458921875 0.1683597796875 0.403125 0.1784354609375 0.403125 0.189536984375 0.400399325 0.2344297515625 0.34305765625 0.24351779062499998 0.340964190625 0.2558882921875 0.3598459875 0.2665469265625 0.3621918515625 0.30625 0.2652057 0.30625 0.2586475546875 0.2769572703125 0.213233259375 0.2418048609375 0.19429285937500002 0.20945812187500001 0.15550168125 0.1651646953125 0.1341185203125 0.1547532875 0.152941715625 0.14345999062499998 0.226296528125
13 0.5390625 0.186741678125 0.5116601765625 0.132916365625 0.5034363671875 0.078966134375 0.489495275 0.055645009375 0.48494242343750005 0.055935703125 0.4765625 0.080951940625 0.4765625 0.1185215765625 0.49276113749999995 0.2052435921875 0.5066315921875 0.222516415625 0.5250140171875 0.225 0.5300514640625 0.225 0.5390625 0.2160409140625 0.5390625 0.186741678125
14 0.5390625 0 0.48518258281250004 0 0.4495998515625 0.006658374999999999 0.4484375 0.019848484375 0.4484375 0.0219178828125 0.4615955578125 0.025 0.4656577515625 0.025 0.5390625 0.0100037921875 0.5390625 0
14 0.1480040890625 0.10287202499999999 0.1578125 0.10126664062499999 0.1578125 0.10028475625 0.150071203125 0.09409316718750001 0.1575079234375 0.0806480296875 0.005595668749999999 0.17033105625 0.015192796875000001 0.18125 0.0160607546875 0.18125 0.1480040890625 0.10287202499999999
14 0.5226047390625 0.409375 0.525 0.4033254859375 0.525 0.39959687499999996 0.4842748296875 0.3698169234375 0.42914618125 0.33096714375 0.38006445312500003 0.28971366875000004 0.3650413328125 0.30378730625 0.45501665156250004 0.37874664375 0.4953659015625 0.409375 0.5226047390625 0.409375
3 0.5390625 0 0.5390625 0.2508996375 0.6113916015624999 0.3311118046875 0.58830153125 0.3419768921875 0.637123196875 0.36875 0.6408415 0.36875 0.8296875 0.19108275937500002 0.8296875 0.190073846875 0.5886801687500001 0 0.5390625 0
3 0.5970179890625 0 0.602131040625 0.0064047734375 0.7469665937500001 0.1184272171875 0.7779607640625 0 0.5970179890625 0
3 0.5390625 0.409375 0.7375 0.409375 0.7375 0.37133203593749997 0.7364414703125 0.3066064515625 0.604865684375 0.39931751718749997 0.5468913718749999 0.3547577875 0.5390625 0.3600727515625 0.5390625 0.409375
3 0.808055765625 0.2546466515625 0.8111562765624999 0.27641651562499997 0.7375 0.3104923109375 0.7375 0.3108203359375 0.852860265625 0.334375 0.8591275140625001 0.334375 0.965625 0.14949408125000002 0.965625 0.1480367953125 0.764896571875 0.084753065625 0.7472923859374999 0.1146995890625 0.83452203125 0.19071104218749999 0.8107041234375 0.21881823281249999 0.8212467968749999 0.24230613124999997 0.808055765625 0.2546466515625
3 1 0.1296510265625 0.982869971875 0.112140421875 0.9551164437499999 0.1320511078125 0.9703225718749999 0.1464934046875 0.8625623765625001 0.3374213765625 0.73250340625 0.31347036250000004 0.7388991734375 0.409375 0.9074703921874999 0.409375 0.995496940625 0.29118106250000003 1 0.2861058875 1 0.1296510265625
3 0.780168896875 0 0.7585504734375 0.08415771562499999 0.848661959375 0.086297890625 0.856872834375 0 0.780168896875 0
3 1 0 0.862276959375 0 0.8534326921875 0.0809210359375 0.817950946875 0.08933037187500001 0.9400544640625 0.13614294062500001 0.9775640015625001 0.1128160328125 1 0.1289396609375 1 0
4 0.5390625 0.6153863875 0.5227011421875 0.612941034375 0.46758555 0.6068301453125 0.43500042812500006 0.5973627140625 0.3997602515625 0.5802428703125 0.38221779218749996 0.582084403125 0.3850235875 0.6839031015625 0.380721809375 0.7140964015625 0.38970708125 0.7260412453124999 0.3930012640625 0.7296609999999999 0.39856953125 0.7479128890625001 0.39327191875 0.75540874375 0.40191299062499997 0.7634241562499999 0.41521254374999994 0.7679763718749999 0.42290705781250004 0.765185853125 0.42701246875 0.766737665625 0.425095090625 0.77883563125 0.41936722968750006 0.7814196984375 0.40782545625 0.7856054765625 0.393628625 0.7821388468749999 0.4087720109375 0.7964114078125 0.41604877812499996 0.8115097734375001 0.4344738421875 0.8066014156250001 0.4436312125 0.8205109765625 0.45775449687499997 0.8457959234375 0.46720679374999996 0.8517433953125 0.4835791515625 0.8460591328125 0.4820427484375 0.8511773703125 0.476831190625 0.8596555828125 0.4874021421875 0.8783737031250001 0.48724254531250005 0.8992096609375 0.49610499375000006 0.9210813046874999 0.5390625 0.940860003125 0.5390625 0.6153863875
16 0.5390625 1 0.5390625 0.9745287953125 0.46204927500000004 0.9489463484375001 0.033203304687500004 0.8105574890625 0.026212528125000002 0.8221966500000001 0.0320757203125 0.832486453125 0.058072475 0.834714378125 0.3973585625 0.9468147859375 0.4812612953125 0.9756798828125 0.533960740625 1 0.5390625 1
16 0.3002632421875 0.6892314671875 0.29167145 0.6931075671875 0.289139215625 0.6755283593750001 0.2822927 0.6653417796875 0.2667683390625 0.6580489453125 0.20040589999999997 0.6481617484375001 0.1761669234375 0.6546718140625 0.1584302640625 0.6674390296875 0.158479540625 0.6793305453125 0.163273353125 0.6887412187499999 0.15319443593749998 0.7096270734375001 0.1114276734375 0.7199599109375 0.092449534375 0.72988328125 0.0799737125 0.7460637984374999 0.0810063171875 0.7578520875000001 0.0877652 0.7660650859375 0.08878688125 0.7560439265625 0.104520115625 0.75439231875 0.11657819062500001 0.7561006875 0.13449945624999998 0.7680988578125 0.138051790625 0.7746656843749999 0.1455742046875 0.76991045 0.16166414375 0.7949889453125 0.183727590625 0.7976297734375001 0.21577024687500002 0.8125 0.21894330156250003 0.8125 0.23239014687499998 0.809375028125 0.245400090625 0.8125 0.2592856109375 0.8125 0.2810894734375 0.8102111234375 0.29416765 0.8009071078125001 0.29685947968750004 0.797650359375 0.3026733921875 0.7960486484375 0.306004346875 0.7887592453125001 0.3254127375 0.7837476640625 0.34062966875 0.7762019125 0.346480353125 0.76369104375 0.353125 0.7519168734375 0.353125 0.7476573265625 0.343210440625 0.7263614609375 0.34140338125 0.7057319546875 0.3316929359375 0.6968374078125 0.31364884531250004 0.6947660375 0.30436865156250004 0.6907832781250001 0.3002632421875 0.6892314671875
8 0.292538396875 1 0.294588540625 0.9995419703125 0.3078125 0.9756514796874999 0.3078125 0.966156884375 0.3073100109375 0.9635078515625001 0.2912936171875 0.91661104375 0.13459549843750002 0.8625 0.13225444687500001 0.8625 0.102174890625 0.8987910703124999 0.092268075 0.921641640625 0.086294565625 0.9440793078125 0.074574171875 1 0.292538396875 1
16 0.07523844843750001 1 0.074918465625 0.992362478125 0.0802528484375 0.9739574671875001 0.0839155 0.94779681875 0.0908723375 0.9252559250000001 0.0984375 0.90708006875 0.0984375 0.905254403125 0.0110776515625 0.8632436953125 0.0033804968749999997 0.9007331624999999 0.0044873859374999995 0.9700143109375 0 0.9761772984375 0 0.9788172859375 0.0018555171874999998 1 0.07523844843750001 1
10 0 0.7532632203125 0.0536073578125 0.8404606609374999 0.07281937968749999 0.86719419375 0.10224499375 0.8849244234375 0.1095591875 0.8901049546875001 0.15224749375 0.8449767015624999 0.1731922859375 0.8348468828125 0.15659855 0.8266749140625 0.14338504531250001 0.823105059375 0.13546915312500002 0.8120393484375 0.1287579625 0.8147266406250001 0.118408390625 0.8098647515625 0.10271193125 0.8006072 0.1062149890625 0.7952825109375 0.1300729890625 0.7957521734374999 0.16222785625 0.8003078171875 0.1635061078125 0.7922425078125 0.15584836562499998 0.7841238687500001 0.14694914375 0.7731613828125 0.136132546875 0.7742968640625 0.1328383640625 0.770677109375 0.1260778984375 0.7614728875 0.1100865140625 0.7601774234375 0.0977702875 0.7555219828124999 0.0864006140625 0.7616724765624999 0.0852451875 0.7598109875000001 0.0772432421875 0.74776291875 0.09070239375 0.7314791749999999 0.1116471859375 0.7213493546875 0.105316971875 0.7170569203125 0 0.7517302515625 0 0.7532632203125
16 0.46802101562500004 1 0.4269781984375 0.9678194203124999 0.41281814062500005 0.9534436312499999 0.3140419390625 0.8567425453125 0.27389763125 0.8629395015625001 0.25764809375 0.8586969671875 0.2422097859375 0.8523864859374999 0.21586882968749999 0.8462291328125 0.20743663125 0.8292692781250001 0.20915764062500003 0.8489164265625 0.21250110156250002 0.86442769375 0.258729975 0.8823767703125001 0.286349184375 0.880468815625 0.308720059375 0.8979482296875 0.40329229843750003 0.969314475 0.4448398390625 1 0.46802101562500004 1
16 0.5390625 0.9382086234374999 0.494888809375 0.9160778781250001 0.4846620578125 0.9012891859375 0.49016854218750006 0.8848488890624999 0.4823754703125 0.8638563781249999 0.45431350625 0.8380518734375 0.43061510468749997 0.8167462546875001 0.42073255468750004 0.8058869953125001 0.3915151640625 0.7782210015625 0.40348718906250003 0.7789470093749999 0.4166146421875 0.7815345109375 0.42977886875 0.77321285 0.42220717499999993 0.76607656875 0.41425450937499997 0.765920015625 0.3968495453125 0.7598159890625 0.3963700171875 0.7430126875 0.39166225468750004 0.734584371875 0.3810913046875 0.7158662515625001 0.36556694375 0.7085734171875 0.34572830312499997 0.7086732109375 0.35048534062500003 0.728993040625 0.35515633125 0.7483305124999999 0.3255461984375 0.78415475 0.3279063328125 0.7997692437499999 0.31906889375 0.8234989453124999 0.3023155609375 0.836162934375 0.26880889375 0.861490915625 0.3151113171875 0.8576216765625 0.384325925 0.922727340625 0.5390625 0.9727781406249999 0.5390625 0.9382086234374999
16 0.32994579375 0.698433303125 0.34170894375 0.7081037546875001 0.3554755234375 0.706658596875 0.3671401203125 0.6925460203125 0.3827873046875 0.6899120546875 0.3857740578125 0.6786932218749999 0.3811883796875 0.5810269328125 0.373101125 0.6473076796875 0.36562798750000003 0.6639544296875 0.35750322031250004 0.6618331609375 0.33007649843750003 0.675617596875 0.32994579375 0.698433303125
2 0.9118583625 0.7768001421875 0.90048016875 0.783450075 0.8691615921875 0.788657509375 0.8594523078125 0.7940035484375001 0.8426678750000001 0.8201071750000001 0.8361233203125 0.8570239109374999 0.8534132703124999 0.8923407187500001 0.8606803421875 0.902788815625 0.8836894921875 0.92019916875 0.897693040625 0.9249362125000001 0.8982125484375001 0.925 0.9161229734375 0.925 0.92666473125 0.922458240625 0.9397118359375 0.9145044125 0.949534009375 0.9041428625 0.9652578890625 0.87438845625 0.9703125 0.8480871546875001 0.9703125 0.837494346875 0.968907403125 0.8159928796875 0.961127303125 0.79743479375 0.9541123546874999 0.7890294062500001 0.9420818953125 0.7805111265625 0.9196553921875001 0.7747398734375001 0.9118583625 0.7768001421875
2 0.786759240625 0.83646435 0.7723467703125 0.8145772250000001 0.75976000625 0.8064935765625 0.7483642484375 0.8050943531250001 0.7290497890625 0.8067463359375001 0.6958189578125 0.8152395390624999 0.6742623546875001 0.8392484046875002 0.6672913140625 0.8509659046875001 0.663414753125 0.862057484375 0.6619634765625 0.8779732859374999 0.6660319609375 0.89808739375 0.6746725453125 0.9137335078125 0.6816874921875 0.9221388968750001 0.694152584375 0.9312134796875 0.7119982031250001 0.9374281453125001 0.7277315 0.940365825 0.753678328125 0.942042884375 0.76345723125 0.9402259578125001 0.7783037 0.9340018749999999 0.79138593125 0.9421463593750001 0.8068605421875 0.9484375 0.8125706265625 0.9484375 0.8169069109375 0.947291690625 0.8368209453125001 0.9366604531250001 0.8462693250000001 0.925247134375 0.8515018375000001 0.91130441875 0.8515625 0.9108103625 0.8515625 0.887938240625 0.8506319375 0.8815243015625001 0.8409308031249999 0.8622274046874999 0.825110325 0.8477114593749999 0.8074384328124999 0.8359858109375 0.790966325 0.834969165625 0.786759240625 0.83646435
12 1 0.47721990156250005 0.9962667156249999 0.48046665937500005 0.9838110375 0.5040841687500001 0.9656530921875 0.5249897734375 0.9402895453125 0.5636193265625 0.9123790421875 0.5984155921875 0.8885627328125001 0.6367321875 0.8770108140625 0.6488930984375 0.85488034375 0.6652874421874999 0.8338712640624999 0.6848370984375001 0.8271523484374999 0.6985973046874999 0.8250055328125001 0.7078895203125001 0.8306996546875001 0.7352443546874999 0.8491109937499999 0.773716478125 0.8622107875000001 0.7899101156249999 0.8656182265625001 0.79083143125 0.8963196625000001 0.786554096875 0.9160511921874999 0.7774092609375 0.9333925640625 0.779538515625 0.9494475999999998 0.7880480125 0.9609913750000001 0.8005300328124999 0.9695273984374999 0.8296875 0.984774271875 0.8296875 0.9929973406249999 0.8265891171875002 1 0.8179432171875 1 0.47721990156250005
12 0.5503369218749999 0.409375 0.5390625 0.501197803125 0.5390625 0.847616959375 0.5563603109375 0.8477539374999999 0.6138514953125 0.8341925343749999 0.670960103125 0.8155547796875 0.6893444640624999 0.8132856593749999 0.7012789609375 0.8062010953125001 0.70442549375 0.8010551296875 0.7264518546875001 0.793700878125 0.7375170875 0.7855037078125 0.740625 0.7804863015625 0.740625 0.7787566015625 0.7368127671875 0.7748555421875001 0.7286331625 0.7718394609375 0.724782309375 0.7663372625 0.7204096468750001 0.74870049375 0.6890019875 0.6563271328125 0.65687308125 0.5739239609375 0.63697470625 0.50660181875 0.6263259046874999 0.47863862656249995 0.6229441765625 0.4611235296875 0.6036372296875 0.4094650671875 0.603573840625 0.409375 0.5503369218749999 0.409375
14 0.8355242359374999 0.85625 0.8390925578124999 0.85625 0.8453125 0.8371864953125 0.8453125 0.833887075 0.843002353125 0.8313570265625 0.837056740625 0.8306269984375 0.8109375 0.8363888203125001 0.8109375 0.8366473937500001 0.833954115625 0.8558958531249999 0.8355242359374999 0.85625
14 1 0.797356178125 0.9724751875 0.8006522734375 0.9671875 0.8034628421875001 0.9671875 0.8048791125000001 0.96799026875 0.8166985312499999 0.9716981406249999 0.8296875 0.9825611203125 0.8296875 0.9890696 0.829345496875 0.9992135171874998 0.8245557625 1 0.8229020375000001 1 0.797356178125
14 0.5390625 0.9238842375 0.6655007984375001 0.8965275500000001 0.6671875 0.8918920203125001 0.6671875 0.8849406 0.6656306187500001 0.8708936812499999 0.6611538453125 0.862297003125 0.65441736875 0.8680080546875001 0.6338686296875 0.8715202375000001 0.614389225 0.8827077765624999 0.610364646875 0.8827165578125001 0.6054011875 0.8780836234375 0.596421934375 0.877484046875 0.584922065625 0.8851249140625 0.55050023125 0.88693369375 0.5390625 0.8904528875000001 0.5390625 0.9238842375