15 0.66650390625 0.3759765625 0.75830078125 0.4169921875 0.76611328125 0.4189453125 0.7705078125 0.41796875 0.7744140625 0.41552734375 0.779296875 0.4072265625 0.78125 0.3974609375 0.775390625 0.39306640625 0.46826171875 0.2578125 0.4052734375 0.22802734375 0.392578125 0.22314453125 0.3828125 0.22314453125 0.3759765625 0.236328125 0.3759765625 0.24267578125 0.38134765625 0.248046875 0.51708984375 0.3095703125 0.55224609375 0.32861328125 0.6181640625 0.357421875 0.66650390625 0.3759765625
15 0.65966796875 0.3974609375 0.66015625 0.40478515625 0.66259765625 0.40771484375 0.68701171875 0.4189453125 0.6982421875 0.42333984375 0.708984375 0.4228515625 0.71728515625 0.40869140625 0.71923828125 0.4033203125 0.71826171875 0.39892578125 0.68701171875 0.3837890625 0.33349609375 0.24169921875 0.3173828125 0.23828125 0.3115234375 0.24267578125 0.310546875 0.24658203125 0.31201171875 0.24853515625 0.3505859375 0.26806640625 0.57763671875 0.36865234375 0.65283203125 0.39111328125 0.65966796875 0.3974609375
15 0.6435546875 0.42724609375 0.66845703125 0.42724609375 0.6845703125 0.42431640625 0.68212890625 0.4169921875 0.677734375 0.4130859375 0.66748046875 0.408203125 0.66259765625 0.408203125 0.65869140625 0.41064453125 0.65771484375 0.4140625 0.650390625 0.41650390625 0.62353515625 0.4130859375 0.61376953125 0.41357421875 0.61962890625 0.41796875 0.6435546875 0.42724609375
15 0.42431640625 0.33203125 0.439453125 0.33740234375 0.47021484375 0.353515625 0.50390625 0.3642578125 0.56494140625 0.375 0.59521484375 0.3779296875 0.5947265625 0.37548828125 0.41650390625 0.296875 0.27783203125 0.2314453125 0.2685546875 0.23095703125 0.26513671875 0.23291015625 0.26220703125 0.24658203125 0.26220703125 0.25390625 0.2666015625 0.25927734375 0.40087890625 0.3212890625 0.41064453125 0.32421875 0.42431640625 0.33203125
15 0.515625 0.39599609375 0.587890625 0.40625 0.63720703125 0.416015625 0.654296875 0.416015625 0.65966796875 0.4072265625 0.6591796875 0.39404296875 0.65185546875 0.38916015625 0.6416015625 0.38623046875 0.25 0.3203125 0.2021484375 0.314453125 0.19677734375 0.31640625 0.1953125 0.31884765625 0.193359375 0.33447265625 0.1962890625 0.3408203125 0.20703125 0.3447265625 0.275390625 0.3544921875 0.515625 0.39599609375
15 0.275390625 0.49755859375 0.51953125 0.47021484375 0.6904296875 0.44677734375 0.693359375 0.44091796875 0.693359375 0.4326171875 0.69091796875 0.42578125 0.6865234375 0.42236328125 0.6767578125 0.421875 0.2255859375 0.47314453125 0.20947265625 0.47607421875 0.2080078125 0.4853515625 0.21044921875 0.49951171875 0.212890625 0.50341796875 0.228515625 0.50439453125 0.275390625 0.49755859375
15 0.41845703125 0.51513671875 0.45947265625 0.50732421875 0.49462890625 0.50390625 0.52294921875 0.49853515625 0.60302734375 0.48974609375 0.69677734375 0.47509765625 0.71533203125 0.47509765625 0.73486328125 0.46923828125 0.7392578125 0.45947265625 0.73828125 0.44970703125 0.73388671875 0.44482421875 0.71875 0.44384765625 0.5205078125 0.4697265625 0.28515625 0.4970703125 0.27001953125 0.50341796875 0.27197265625 0.5234375 0.27587890625 0.53076171875 0.2841796875 0.5322265625 0.41845703125 0.51513671875
15 0.24072265625 0.51220703125 0.23291015625 0.5146484375 0.21826171875 0.5234375 0.1884765625 0.5322265625 0.17822265625 0.537109375 0.17822265625 0.5390625 0.24072265625 0.54248046875 0.48876953125 0.54296875 0.59228515625 0.54150390625 0.5986328125 0.5390625 0.599609375 0.51904296875 0.59765625 0.51416015625 0.59423828125 0.5126953125 0.4365234375 0.51171875 0.39111328125 0.515625 0.2861328125 0.53125 0.27783203125 0.53125 0.2744140625 0.529296875 0.271484375 0.51416015625 0.26953125 0.5126953125 0.24072265625 0.51220703125
15 0.19873046875 0.583984375 0.23681640625 0.58154296875 0.3232421875 0.58056640625 0.34814453125 0.578125 0.62353515625 0.572265625 0.63427734375 0.56982421875 0.6708984375 0.55517578125 0.6728515625 0.55224609375 0.6728515625 0.54541015625 0.6708984375 0.54052734375 0.66015625 0.5390625 0.52685546875 0.54443359375 0.20703125 0.55078125 0.19970703125 0.552734375 0.193359375 0.55712890625 0.18896484375 0.58203125 0.19189453125 0.583984375 0.19873046875 0.583984375
15 0.29833984375 0.734375 0.3623046875 0.7060546875 0.53564453125 0.6416015625 0.65576171875 0.59228515625 0.7333984375 0.56396484375 0.7392578125 0.55908203125 0.73876953125 0.55126953125 0.73193359375 0.53759765625 0.72705078125 0.53515625 0.51123046875 0.61572265625 0.38037109375 0.6689453125 0.287109375 0.70458984375 0.27734375 0.7109375 0.27978515625 0.7275390625 0.28564453125 0.734375 0.29833984375 0.734375
15 0.2939453125 0.822265625 0.29931640625 0.8291015625 0.30810546875 0.8291015625 0.31201171875 0.8271484375 0.361328125 0.794921875 0.46875 0.73193359375 0.56201171875 0.67431640625 0.71240234375 0.58740234375 0.7255859375 0.5751953125 0.7236328125 0.57080078125 0.71630859375 0.56982421875 0.6474609375 0.5947265625 0.59033203125 0.62109375 0.50927734375 0.6708984375 0.4091796875 0.72802734375 0.29443359375 0.798828125 0.2890625 0.8056640625 0.2939453125 0.822265625
15 0.7099609375 0.58349609375 0.70263671875 0.58935546875 0.69580078125 0.591796875 0.69384765625 0.5947265625 0.6728515625 0.6083984375 0.5869140625 0.65966796875 0.52978515625 0.708984375 0.44921875 0.77294921875 0.443359375 0.77978515625 0.443359375 0.7861328125 0.453125 0.80029296875 0.45849609375 0.80517578125 0.46240234375 0.8056640625 0.47900390625 0.79052734375 0.49609375 0.77880859375 0.6142578125 0.677734375 0.67724609375 0.61865234375 0.716796875 0.58642578125 0.71923828125 0.58203125 0.7333984375 0.57373046875 0.77685546875 0.53173828125 0.79443359375 0.52294921875 0.80419921875 0.51513671875 0.8095703125 0.5078125 0.8095703125 0.50439453125 0.7978515625 0.49169921875 0.7900390625 0.4912109375 0.7734375 0.5029296875 0.732421875 0.5380859375 0.736328125 0.560546875 0.7333984375 0.56494140625 0.72216796875 0.57080078125 0.71484375 0.58251953125 0.7099609375 0.58349609375
15 0.47607421875 0.79345703125 0.458984375 0.8134765625 0.42822265625 0.841796875 0.43017578125 0.85107421875 0.44091796875 0.8671875 0.447265625 0.87109375 0.455078125 0.8681640625 0.5712890625 0.759765625 0.611328125 0.72705078125 0.6484375 0.69140625 0.65869140625 0.6787109375 0.68115234375 0.6611328125 0.7802734375 0.57080078125 0.802734375 0.552734375 0.80615234375 0.54931640625 0.806640625 0.5419921875 0.7958984375 0.52783203125 0.78759765625 0.525390625 0.779296875 0.52783203125 0.75048828125 0.55517578125 0.7431640625 0.5556640625 0.73193359375 0.572265625 0.70166015625 0.59521484375 0.5810546875 0.70556640625 0.47607421875 0.79345703125