3 0.6375 0.4640625 0.6984375 0.4609375 0.753125 0.465625 0.7703125 0.45 0.7828125 0.4046875 0.7875 0.3421875 0.765625 0.209375 0.759375 0.190625 0.70625 0.190625 0.659375 0.2 0.6234375 0.234375 0.5859375 0.2875 0.6 0.465625 0.625 0.465625 0.628125 0.453125 0.6375 0.4640625
3 0.375 0.5359375 0.371875 0.565625 0.3859375 0.5828125 0.478125 0.59375 0.5140625 0.5515625 0.5859375 0.4875 0.5859375 0.4796875 0.48125 0.39375 0.384375 0.33125 0.3296875 0.303125 0.3140625 0.325 0.290625 0.3390625 0.2703125 0.3609375 0.2375 0.4234375 0.2359375 0.4375 0.359375 0.5203125 0.375 0.5359375
3 0 0.6953125 0.0640625 0.7515625 0.0796875 0.753125 0.13125 0.7078125 0.2015625 0.6296875 0.271875 0.5640625 0.3140625 0.50625 0.3125 0.49375 0.2953125 0.4875 0.23125 0.4421875 0.184375 0.4234375 0.1625 0.421875 0.1171875 0.46875 0.0359375 0.53125 0 0.609375 0 0.6953125
10 0.3421875 0.5953125 0.3421875 0.58125 0.321875 0.55 0.3078125 0.5421875 0.290625 0.5421875 0.2796875 0.5453125 0.234375 0.5875 0.15625 0.678125 0.0859375 0.740625 0.06875 0.7828125 0.0671875 0.8234375 0.0609375 0.8390625 0.0671875 0.875 0.1921875 0.875 0.2109375 0.853125 0.2796875 0.803125 0.2953125 0.7703125 0.3046875 0.7296875 0.334375 0.6765625 0.3421875 0.5953125
17 1 0.525 0.9984375 0.465625 0.946875 0.440625 0.909375 0.4390625 0.88125 0.453125 0.8703125 0.471875 0.8765625 0.4875 0.896875 0.5078125 0.921875 0.5125 0.975 0.509375 1 0.525
17 0.9234375 0.721875 0.9265625 0.7078125 0.9140625 0.6828125 0.8453125 0.65625 0.796875 0.6859375 0.796875 0.696875 0.815625 0.7171875 0.8359375 0.7265625 0.8703125 0.73125 0.9125 0.728125 0.9234375 0.721875
17 0.6078125 0.6296875 0.6109375 0.6171875 0.5921875 0.584375 0.5703125 0.5734375 0.528125 0.5671875 0.4859375 0.5828125 0.4734375 0.5953125 0.475 0.6078125 0.490625 0.6234375 0.5296875 0.640625 0.571875 0.640625 0.6078125 0.6296875
17 0.1875 0.275 0.1984375 0.284375 0.2265625 0.2921875 0.2328125 0.3078125 0.315625 0.3171875 0.3265625 0.3015625 0.325 0.2890625 0.290625 0.2265625 0.2484375 0.196875 0.221875 0.1953125 0.190625 0.2125 0.178125 0.2046875 0.159375 0.209375 0.153125 0.2265625 0.1546875 0.246875 0.1828125 0.2515625 0.1875 0.275
10 0.3296875 0.3015625 0.3546875 0.3140625 0.3734375 0.315625 0.4203125 0.3109375 0.4375 0.2984375 0.4921875 0.278125 0.5515625 0.24375 0.5828125 0.2140625 0.628125 0.196875 0.6484375 0.1828125 0.7296875 0.159375 0.7703125 0.1265625 0.26875 0.125 0.25625 0.1546875 0.2578125 0.1875 0.265625 0.2046875 0.2921875 0.228125 0.2984375 0.2453125 0.315625 0.2640625 0.3296875 0.3015625
10 0.7546875 0.7 0.74375 0.6875 0.7078125 0.6828125 0.6828125 0.690625 0.6859375 0.715625 0.6515625 0.7171875 0.559375 0.70625 0.4421875 0.7234375 0.2671875 0.8125 0.2 0.875 0.65625 0.875 0.6921875 0.8578125 0.6828125 0.809375 0.6875 0.7828125 0.703125 0.7640625 0.759375 0.7234375 0.7546875 0.7
10 0 0.2234375 0.0046875 0.234375 0 0.25625 0.015625 0.275 0.0296875 0.3109375 0.0375 0.3140625 0.0875 0.30625 0.1265625 0.284375 0.1609375 0.253125 0.1796875 0.246875 0.1828125 0.228125 0.2 0.2015625 0.2359375 0.190625 0.2515625 0.1734375 0.2546875 0.125 0.0765625 0.125 0.009375 0.1421875 0 0.1390625 0 0.2234375