2 0.221875 0.278125 0.2453125 0.2796875 0.2671875 0.2640625 0.2671875 0.246875 0.253125 0.2296875 0.2359375 0.228125 0.2125 0.240625 0.2078125 0.2609375 0.221875 0.278125
2 0.3515625 0.1609375 0.36875 0.1640625 0.3796875 0.1578125 0.3828125 0.1390625 0.36875 0.1171875 0.3578125 0.1140625 0.3359375 0.1359375 0.346875 0.1421875 0.3515625 0.1609375
2 0.078125 0.25625 0.0921875 0.265625 0.1046875 0.265625 0.1296875 0.2390625 0.1140625 0.2109375 0.1 0.2109375 0.0828125 0.2234375 0.0765625 0.2359375 0.078125 0.25625
2 0.421875 0.153125 0.440625 0.15625 0.453125 0.1765625 0.4640625 0.1734375 0.471875 0.1578125 0.4671875 0.1359375 0.453125 0.1234375 0.434375 0.121875 0.421875 0.13125 0.421875 0.153125
2 0.4453125 0.10625 0.45625 0.0921875 0.4546875 0.0828125 0.4296875 0.075 0.415625 0.0859375 0.41875 0.0984375 0.4328125 0.1078125 0.4453125 0.10625
2 0.353125 0.0484375 0.3328125 0.0453125 0.3265625 0.0484375 0.3296875 0.0703125 0.35 0.075 0.35625 0.0640625 0.353125 0.0484375
2 0.2578125 0.3484375 0.2796875 0.371875 0.3140625 0.3546875 0.3171875 0.3375 0.2875 0.3078125 0.2671875 0.3015625 0.25 0.3109375 0.2453125 0.321875 0.2265625 0.3234375 0.2078125 0.34375 0.2046875 0.3609375 0.2109375 0.3734375 0.2234375 0.378125 0.2390625 0.375 0.2421875 0.3625 0.253125 0.3640625 0.2578125 0.3484375
2 0.353125 0.2953125 0.3234375 0.2828125 0.30625 0.2984375 0.30625 0.3203125 0.31875 0.3390625 0.3375 0.34375 0.353125 0.2953125
19 0.4484375 0.1625 0.425 0.140625 0.4125 0.1390625 0.3953125 0.15 0.36875 0.19375 0.3703125 0.234375 0.3546875 0.25 0.353125 0.2609375 0.39375 0.2796875 0.440625 0.284375 0.46875 0.26875 0.478125 0.209375 0.4609375 0.19375 0.4484375 0.1625
19 0.2921875 0.425 0.2359375 0.4328125 0.2125 0.45625 0.2125 0.46875 0.3072916671875 0.46875 0.3125 0.4296875 0.2921875 0.425
19 0.409375 0.4453125 0.4078125 0.43125 0.3890625 0.415625 0.3328125 0.415625 0.3046875 0.4296875 0.3058712125 0.46875 0.3897058828125 0.46875 0.390625 0.465625 0.409375 0.4453125
19 0.325 0.3765625 0.290625 0.3984375 0.2875 0.4203125 0.38125 0.421875 0.3953125 0.43125 0.425 0.4234375 0.4375 0.403125 0.4375 0.3921875 0.4015625 0.3671875 0.371875 0.3609375 0.325 0.3765625
19 0.503125 0.096875 0.4953125 0.115625 0.4953125 0.1453125 0.50625 0.153125 0.5125 0.1828125 0.525 0.196875 0.55 0.2048018296875 0.55 0.077884615625 0.53125 0.075 0.503125 0.096875
19 0.2 0.3859375 0.1875 0.3734375 0.15625 0.375 0.1203125 0.365625 0.1125 0.3515625 0.10625 0.3515625 0.09375 0.365625 0.090625 0.3953125 0.10625 0.421875 0.1234375 0.4296875 0.1359375 0.45625 0.1609375 0.465625 0.18125 0.4359375 0.203125 0.4234375 0.2015625 0.409375 0.19375 0.4046875 0.2 0.3859375
19 0.2828125 0.4015625 0.240625 0.3953125 0.21875 0.4 0.2078125 0.409375 0.2203125 0.4484375 0.3 0.4203125 0.2828125 0.4015625
19 0.11875 0.128125 0.109375 0.1015625 0.1234375 0.08125 0.121875 0.059375 0.0984375 0.040625 0.084375 0.0390625 0.0640625 0.0671875 0.0703125 0.1484375 0.059375 0.165625 0.08125 0.2140625 0.0875 0.215625 0.10625 0.20625 0.1375 0.20625 0.146875 0.2 0.1484375 0.1890625 0.1390625 0.1578125 0.11875 0.128125
2 0.4203125 0.3 0.4015625 0.3046875 0.4 0.3 0.3875 0.3 0.3765625 0.321875 0.375 0.3515625 0.3984375 0.3515625 0.4046875 0.3453125 0.428125 0.3609375 0.4421875 0.3609375 0.4515625 0.353125 0.4421875 0.3390625 0.4453125 0.315625 0.4390625 0.30625 0.4203125 0.3
2 0.4609375 0.303125 0.475 0.2921875 0.478125 0.265625 0.46875 0.25625 0.43125 0.2796875 0.43125 0.29375 0.4390625 0.3015625 0.4609375 0.303125
2 0.4625 0.24375 0.475 0.2609375 0.503125 0.2421875 0.4984375 0.2171875 0.4796875 0.2078125 0.4625 0.24375
2 0.4734375 0.303125 0.509375 0.3015625 0.5140625 0.3125 0.5203125 0.3109375 0.53125 0.2984375 0.53125 0.28125 0.515625 0.2703125 0.4953125 0.26875 0.4765625 0.278125 0.4734375 0.303125
2 0.45 0.359375 0.4734375 0.3625 0.4828125 0.35625 0.4875 0.340625 0.503125 0.33125 0.5140625 0.3140625 0.5140625 0.3078125 0.5 0.3046875 0.478125 0.309375 0.45 0.359375
2 0.46875 0.33125 0.4703125 0.315625 0.465625 0.3078125 0.4421875 0.3046875 0.4484375 0.3125 0.44375 0.334375 0.45 0.3515625 0.46875 0.33125
2 0.5296875 0.2546875 0.53125 0.278125 0.55 0.2756793484375 0.55 0.2203125 0.5390625 0.2203125 0.5296875 0.2546875
2 0.534375 0.28125 0.5328125 0.3125 0.55 0.3170833328125 0.55 0.271875 0.5453125 0.271875 0.534375 0.28125
2 0.4859375 0.1875 0.5015625 0.1890625 0.5125 0.175 0.5125 0.1609375 0.5015625 0.146875 0.4828125 0.1453125 0.4703125 0.15625 0.4703125 0.1703125 0.4859375 0.1875
19 0.3203125 0.1484375 0.25625 0.1109375 0.2421875 0.11875 0.2328125 0.1609375 0.234375 0.1859375 0.2453125 0.2 0.259375 0.1953125 0.2703125 0.178125 0.3375 0.1828125 0.3515625 0.175 0.3515625 0.1640625 0.3359375 0.1453125 0.3203125 0.1484375
19 0.2765625 0.24375 0.3015625 0.2390625 0.3046875 0.2125 0.3 0.2046875 0.2828125 0.1890625 0.2671875 0.1859375 0.253125 0.203125 0.2203125 0.1953125 0.2 0.2 0.190625 0.19375 0.1765625 0.1953125 0.171875 0.20625 0.1796875 0.2125 0.1796875 0.234375 0.203125 0.21875 0.2203125 0.21875 0.2765625 0.24375
19 0.2515625 0.09375 0.246875 0.1 0.2609375 0.1125 0.265625 0.128125 0.2875 0.1265625 0.315625 0.15 0.346875 0.1578125 0.3453125 0.140625 0.315625 0.1171875 0.315625 0.1 0.284375 0.103125 0.2515625 0.09375
5 0.5660732125 0 0.5588045640625 0.0292658734375 0.55 0.0503504875 0.55 0.12968884218750001 0.5533482140625 0.143353175 0.560540675 0.159226190625 0.57393353125 0.17137896875 0.576413690625 0.17881944375 0.5759176593750001 0.1837797625 0.5657490078125 0.194196428125 0.55830853125 0.19593253906250002 0.55 0.195280890625 0.55 0.39768858906250004 0.5558283734375 0.40054563437499996 0.591790675 0.41493055625 0.6312251984375 0.4206349203125 0.6508184531250001 0.4293154765625 0.6599950390625 0.42757936562500004 0.6634672625 0.424851190625 0.667931546875 0.41840277812500004 0.67041170625 0.4164186515625 0.6808283734375 0.41493055625 0.6872767859375 0.4112103171875 0.6905009921875 0.406498015625 0.69521329375 0.3953373015625 0.7009176593750001 0.3893849203125 0.70438988125 0.38392857187499996 0.7076140875 0.374255953125 0.70811011875 0.369295634375 0.701165675 0.33506944375000003 0.7021577375 0.3229166671875 0.701909721875 0.3082837296875 0.705133928125 0.3005952375 0.7086061515625001 0.296875 0.7162946421874999 0.2986111109375 0.7187748015625 0.3008432546875 0.7277033734375 0.32118055624999997 0.729935515625 0.3335813484375 0.7343998015625 0.34275793593750004 0.746056546875 0.35987103125000003 0.75126488125 0.3645833328125 0.757465278125 0.36830357187499996 0.7606894843750001 0.372023809375 0.761185515625 0.38467261875 0.7589533734375 0.40203372968749995 0.7589533734375 0.40823412656249997 0.7604414687500001 0.4117063484375 0.7663938484374999 0.415674603125 0.7837549609375001 0.419146825 0.7966517859375 0.41989087343750003 0.8231894843750001 0.4166666671875 0.8390625 0.41220238125 0.8531994046875001 0.406498015625 0.8896577375 0.39732142812500004 0.9107390875 0.3888888890625 0.9243799609375 0.3804563484375 0.9382688484375 0.374255953125 0.954637896875 0.3648313484375 0.9620783734374999 0.361855159375 0.9846478171875 0.346726190625 0.986383928125 0.3358134921875 0.9848958328125 0.30902777812500004 0.982415675 0.30654761875 0.9759672625 0.3053075390625 0.9719990078125 0.3033234125 0.9680307546875 0.2988591265625 0.9588541671874999 0.28447420625 0.9526537703125 0.27256944375000003 0.9434771828124999 0.247023809375 0.9432291671874999 0.24181547656250002 0.9442212296875001 0.237847221875 0.9474454359375001 0.23710317500000003 0.954637896875 0.2385912703125 0.9640625 0.246527778125 0.9712549609375 0.249751984375 0.991840278125 0.2539682546875 1 0.254177478125 1 0.0080624734375 0.9925843249999999 0.006696428124999999 0.9724950390625 0.0076884921875 0.9655505953124999 0.0064484125 0.9529017859375 0.006200396875 0.944965278125 0.0047123015625 0.92413194375 0.006200396875 0.9087549609375 0.0037202375 0.8998263890624999 0.00049603125 0.886681546875 0.00049603125 0.8859812671875 0 0.5660732125 0
14 0 0.5749386171875 0.03798828125 0.627352828125 0.0619140625 0.673251265625 0.07509765625 0.706942671875 0.08095703125 0.713778609375 0.183984375 0.651766890625 0.19765625 0.645907515625 0.2044921875 0.639559859375 0.230859375 0.623446578125 0.18349609375 0.548251265625 0.1406135921875 0.46875 0.1195472859375 0.46875 0.08779296875 0.491122359375 0.0375 0.517001265625 0.008203125 0.534579390625 0 0.5398717296875 0 0.5749386171875
14 0.39541015625 0.507705815625 0.383203125 0.581436284375 0.37880859375 0.596573003125 0.36513671875 0.668350346875 0.36025390625 0.682510503125 0.36171875 0.696670659375 0.36708984375 0.700088628125 0.38369140625 0.702041753125 0.457421875 0.717666753125 0.47744140625 0.724990971875 0.527734375 0.732803471875 0.53603515625 0.732803471875 0.54189453125 0.730362065625 0.547265625 0.722061284375 0.55 0.708085590625 0.55 0.525545540625 0.40126953125 0.49940503437499995 0.39541015625 0.507705815625
14 0.32763671875 1 0.32802734375 0.999609375 0.32509765625 0.9859375 0.3177734375 0.97421875 0.3060546875 0.96298828125 0.29970703125 0.95078125 0.2689453125 0.85849609375 0.25625 0.80869140625 0.25283203125 0.78525390625 0.24697265625 0.77255859375 0.23134765625 0.75595703125 0.22060546875 0.749609375 0.215234375 0.74375 0.18935546875 0.72470703125 0.1849609375 0.7193359375 0.18154296875 0.718359375 0.1439453125 0.7369140625 0.1263671875 0.74033203125 0.0736328125 0.7583984375 0.0501953125 0.76767578125 0.03115234375 0.7779296875 0.0111328125 0.7818359375 0.00625 0.78525390625 0.00625 0.7974609375 0.01259765625 0.812109375 0.01845703125 0.83701171875 0.02431640625 0.85068359375 0.0287109375 0.86826171875 0.04287109375 0.90341796875 0.04873046875 0.92392578125 0.05458984375 0.93369140625 0.05849609375 0.94736328125 0.0638671875 0.9576171875 0.07216796875 0.98154296875 0.07607421875 0.999609375 0.0762195671875 1 0.32763671875 1
14 0.544145978125 0.973540509375 0.543169415625 0.954009259375 0.533892071875 0.899321759375 0.525591290625 0.823149884375 0.520708478125 0.817290509375 0.493364728125 0.799224103125 0.470415509375 0.780669415625 0.449419415625 0.768462384375 0.437700665625 0.766997540625 0.341509259375 0.776274884375 0.333696759375 0.778716290625 0.329790509375 0.783110821875 0.347368634375 0.960356915625 0.350298321875 0.975493634375 0.354204571875 0.979399884375 0.400591290625 0.980376446875 0.439653790625 0.983794415625 0.505083478125 0.982817853125 0.537310040625 0.979888165625 0.544145978125 0.973540509375
6 1 0.9179361984375 0.995703125 0.91865234375 0.991796875 0.92353515625 0.98349609375 0.92158203125 0.94345703125 0.88447265625 0.93173828125 0.8712890625 0.925390625 0.86689453125 0.917578125 0.8654296875 0.894140625 0.8693359375 0.88681640625 0.86884765625 0.8853515625 0.87470703125 0.87998046875 0.8810546875 0.8716796875 0.8849609375 0.86337890625 0.89228515625 0.853125 0.90400390625 0.8501953125 0.91962890625 0.8326171875 0.94599609375 0.83115234375 0.9513671875 0.82236328125 0.958203125 0.800390625 0.96845703125 0.769803503125 1 1 1 1 0.9179361984375
6 0.758584871875 1 0.7671875 0.993359375 0.7798828125 0.98701171875 0.81064453125 0.95966796875 0.835546875 0.942578125 0.851171875 0.92353515625 0.853125 0.91376953125 0.851171875 0.9064453125 0.83896484375 0.88740234375 0.81650390625 0.8595703125 0.7974609375 0.83076171875 0.7916015625 0.8185546875 0.78525390625 0.81220703125 0.78330078125 0.7990234375 0.7779296875 0.7912109375 0.73984375 0.7541015625 0.722265625 0.73408203125 0.65927734375 0.649609375 0.63291015625 0.61787109375 0.61728515625 0.60224609375 0.60361328125 0.59345703125 0.5611328125 0.57587890625 0.55 0.5660306484375 0.55 0.788044084375 0.55185546875 0.794140625 0.55 0.8058035718750001 0.55 0.8241796875 0.5591796875 0.84345703125 0.57138671875 0.86298828125 0.57041015625 0.87275390625 0.58017578125 0.87763671875 0.5884765625 0.8869140625 0.6197265625 0.9357421875 0.634375 0.954296875 0.648046875 0.98017578125 0.66123046875 0.99189453125 0.6661642328124999 1 0.758584871875 1
6 1 0.8553374187499999 0.99033203125 0.83466796875 0.9830078125 0.813671875 0.97861328125 0.7921875 0.980078125 0.77314453125 0.9791015625 0.74580078125 0.97275390625 0.72578125 0.9634765625 0.70966796875 0.93466796875 0.6759765625 0.913671875 0.6623046875 0.89365234375 0.64326171875 0.85654296875 0.594921875 0.8296875 0.5666015625 0.8189453125 0.5578125 0.81650390625 0.5529296875 0.7955078125 0.52998046875 0.77646484375 0.5138671875 0.7525390625 0.48896484375 0.7309652375 0.46875 0.60751953125 0.46875 0.58408203125 0.48017578125 0.56357421875 0.49384765625 0.55283203125 0.5294921875 0.55 0.544911025 0.55 0.5639973953124999 0.554296875 0.57294921875 0.56015625 0.5783203125 0.57041015625 0.583203125 0.5904296875 0.58857421875 0.605078125 0.59541015625 0.6177734375 0.6046875 0.6421875 0.6310546875 0.68466796875 0.6876953125 0.710546875 0.71748046875 0.73203125 0.7482421875 0.75107421875 0.766796875 0.78525390625 0.8068359375 0.79404296875 0.8107421875 0.81162109375 0.82734375 0.8287109375 0.8390625 0.86044921875 0.8439453125 0.86826171875 0.8419921875 0.89462890625 0.84345703125 0.90927734375 0.84736328125 0.91513671875 0.85126953125 0.94345703125 0.88251953125 0.9634765625 0.895703125 0.98447265625 0.915234375 0.99375 0.9162109375 1 0.9142878609375 1 0.8553374187499999
0 1 0.634740796875 0.99326171875 0.63154296875 0.98203125 0.6271484375 0.9771484375 0.6271484375 0.9693359375 0.63251953125 0.9556640625 0.63642578125 0.93271484375 0.6544921875 0.92099609375 0.659375 0.9302734375 0.67255859375 0.93857421875 0.67939453125 0.9703125 0.721875 0.976171875 0.7384765625 0.98154296875 0.747265625 0.983984375 0.76142578125 0.98740234375 0.76337890625 0.99375 0.7599609375 0.9927734375 0.7453125 0.9908203125 0.7423828125 0.9869140625 0.74482421875 0.98349609375 0.74384765625 0.97958984375 0.73798828125 0.9791015625 0.73310546875 1 0.70215970625 1 0.634740796875
12 1 0.46875 0.7327043265625 0.46875 0.7720703125 0.50751953125 0.7935546875 0.5255859375 0.8443359375 0.5529296875 0.8970703125 0.58515625 0.99521484375 0.63251953125 1 0.635510253125 1 0.46875