14 0.1727234328125 0.61875 0 0.37675041249999996 0 0.4075897765625 0.0272861640625 0.44697116093749995 0.15322252187500002 0.61875 0.1727234328125 0.61875
14 0 0.34361209531250003 0.0238319734375 0.3836474890625 0.12926617812500002 0.5515625 0.130019021875 0.5515625 0.13125 0.5318488390625 0.13125 0.527097390625 0 0.3124501703125 0 0.34361209531250003
14 0 0.310351303125 0.1265625 0.5180557484375 0.1265625 0.508089553125 0.12510490624999998 0.4888803359375 0 0.28428186875 0 0.310351303125
14 0 0.247432403125 0.1684012640625 0.53125 0.1685720484375 0.53125 0.18125 0.5197139125 0.18125 0.5191473859375 0.0726612296875 0.33937756406249997 0 0.21876896875 0 0.247432403125
14 0.025042875 0 0.06746415624999999 0.3322279828125 0.09214051250000001 0.3640625 0.0921875 0.3640625 0.0921875 0.36134794062500003 0.041272257812500004 0 0.025042875 0
14 0.044269253125000005 0 0.09202670625 0.36585283281250003 0.1125 0.4031591296875 0.1125 0.39539264375 0.059781845312500005 0 0.044269253125000005 0
14 0.1421875 0.4503132640625 0.12209618124999999 0.2043521734375 0.11257572656249999 0.123546328125 0.092555575 0.013138579687499999 0.12153611875 0.41585233906249996 0.1421875 0.45104788593749995 0.1421875 0.4503132640625
14 0.0917815671875 0 0.1037939578125 0.0756997875 0.169062825 0.48125 0.171597975 0.48125 0.1828125 0.47347892187499996 0.1828125 0.4659273609375 0.10995213125 0 0.0917815671875 0
14 0.31875 0.4763093578125 0.112645259375 0.015343771875 0.12259774375000002 0.07653695 0.31875 0.51260026875 0.31875 0.4763093578125
10 0.31875 0 0.11268567812500001 0 0.11329336718750001 0.0063105796875 0.11915048749999999 0.0244844484375 0.1279361671875 0.045094546875 0.1349647140625 0.0620959015625 0.1525360734375 0.0987367609375 0.1639574375 0.125456915625 0.1756717015625 0.1527177125 0.1868002359375 0.1747022265625 0.203148778125 0.20880387812499998 0.216237496875 0.23238540468750002 0.24331425156250003 0.3 0.246387034375 0.3 0.2589028203125 0.2946853359375 0.276798003125 0.2887147578125 0.285975 0.274017996875 0.28276306562500003 0.2574841484375 0.2795510609375 0.243246621875 0.2720827078125 0.2332587796875 0.2845984359375 0.219823625 0.2983639296875 0.1996155703125 0.31875 0.17607140937500002 0.31875 0.14429573906249998 0.30960373125 0.13631268125 0.31809448281249997 0.1255295078125 0.31875 0.12469112812500001 0.31875 0
1 0.65553116875 0 0.65518353125 0.00834328125 0.6427827374999999 0.0095833609375 0.6440228171875 0.06538693281249999 0.6527033718749999 0.1001091546875 0.6787450390625 0.2017956625 0.6948660703125 0.307202409375 0.693779775 0.309375 0.699536840625 0.309375 0.80771329375 0.30472225000000003 0.8486359125 0.29976193281249996 0.8473958328125001 0.28984129531249997 0.854836309375 0.22659725000000003 0.86103670625 0.1373115359375 0.8796875 0.0545486328125 0.8796875 0.042555949999999995 0.8721372515624999 0 0.65553116875 0
1 0.31875 0.34055737812500003 0.38671875 0.3628596234375 0.4598834328125 0.3752604171875 0.513206846875 0.3988219234375 0.5561620671874999 0.4109375 0.5646205390625 0.4109375 0.5987723203125 0.3938616078125 0.6111731140625001 0.40626240156250004 0.6609375 0.394124746875 0.6609375 0.32373514375 0.6607762890625001 0.3132564484375 0.6285342265625 0.25869295625 0.524367559375 0.1966889890625 0.4822048609375 0.170647321875 0.4102802578125 0.12724454375 0.348276290625 0.09500248125 0.31875 0.114379109375 0.31875 0.34055737812500003
1 1 0.3069525328125 0.9787078375 0.3060267859375 0.9291046609375 0.30106646875 0.8509796609375 0.302306546875 0.7728546609375 0.30850694375 0.6959697421875 0.3097470234375 0.6662078375 0.29858630937499997 0.66496775625 0.3494295640625 0.6662078375 0.3903521828125 0.6835689484375 0.4213541671875 0.7071304546875 0.4498759921875 0.7120907750000001 0.5366815468749999 0.7443328375 0.5726438484374999 0.749293153125 0.6011656750000001 0.7683847078125 0.61875 0.953044721875 0.61875 0.947705853125 0.60860615 0.972507440625 0.5986855156249999 0.9960689484374999 0.38167162656250003 1 0.379884784375 1 0.3069525328125
10 0.739018209375 0.61875 0.7484375 0.6105081203125 0.7484375 0.5969246140625 0.7468129968749999 0.5725570421875 0.7220114093750001 0.541555059375 0.7071304546875 0.5055927578125 0.70341021875 0.44234870937500004 0.6835689484375 0.42374751875000005 0.6676897328125 0.396875 0.6619915625 0.396875 0.6178447421875 0.40018601093750006 0.569481646875 0.4101066453125 0.5211185515625 0.40018601093750006 0.52235863125 0.40266617031249996 0.5186383937500001 0.4336681546875 0.5025173609375 0.446068946875 0.4888764890625 0.45722966249999997 0.46779513906250003 0.47955109062499995 0.45911458437499997 0.508072915625 0.456634425 0.5378348203125001 0.47275545625 0.5427951375 0.5062376000000001 0.5527157734375 0.5322792656249999 0.5713169640625 0.56328125 0.5713169640625 0.5843626000000001 0.55519593125 0.606684028125 0.54775545625 0.62156498125 0.5328745031250001 0.6376860125 0.5427951375 0.6612475203124999 0.5626364078125 0.6897693453125 0.5973586296875 0.7019929859375 0.61875 0.739018209375 0.61875
8 0.4939851203125 0.61875 0.49327447968750004 0.6199584984375 0.4325537296875 0.658781003125 0.41449911874999995 0.67357303125 0.40569184687500004 0.685713578125 0.40339986406249995 0.69288865625 0.40328966875 0.7069256515625 0.414353575 0.798343634375 0.42761537812499995 0.8109435703125 0.4604608265625 0.8241768687500001 0.5228431859375 0.822315446875 0.543667621875 0.8253671859375 0.5525658453125001 0.82424328125 0.5563907125 0.8274828671875 0.5599612640625 0.8382559453124999 0.5683053796875 0.8466906968749999 0.5841551078125 0.8551011171875 0.598566753125 0.8591027875 0.6065656015625001 0.864054384375 0.610041353125 0.868821546875 0.6391684546875 0.8734375 0.6588632484375 0.8734375 0.6643678421875 0.8715323875 0.667452853125 0.8673080750000001 0.6651724171875 0.8594509671875 0.6695513906249999 0.8531318984375 0.67517115625 0.84923120625 0.6765625 0.847223428125 0.6765625 0.8424897625 0.668318296875 0.8406920671875 0.6513796000000001 0.8263453249999999 0.6511823031249999 0.82435495 0.6547644015625 0.8200958437500001 0.67355886875 0.8127677140625 0.6731188031249999 0.8032786484375001 0.6684932109374999 0.807109753125 0.6519868796875 0.8122735328124999 0.6380191500000001 0.8127502015625 0.610440503125 0.8021545109374999 0.605033428125 0.7880026671875 0.5940104359375 0.7727407890625 0.59943675625 0.7618389921875 0.5987993953125 0.750359553125 0.604221865625 0.7444684859375 0.594978378125 0.7421092375 0.58513530625 0.7438003249999999 0.580912 0.741590721875 0.5722418609375 0.7046191765625001 0.551201596875 0.6589936484375001 0.5364319656250001 0.61875 0.4939851203125 0.61875
1 0.5437537453125 0.61875 0.5441349234375 0.6253984640625 0.54656333125 0.6347483515625 0.5566907984375 0.6510750078124999 0.57311316875 0.690510184375 0.5877714296875001 0.6969998187499999 0.6124207328125 0.703291146875 0.6285157234375001 0.7109375 0.6366208703125 0.7109375 0.6388610874999999 0.707452921875 0.6459721093749999 0.703447840625 0.6727161031250001 0.7005737187500001 0.66979830625 0.6812371703125 0.6711454421875 0.6746292765625 0.6851855859375 0.644585834375 0.6999676984375001 0.61875 0.5437537453125 0.61875