18 0 0.20199975625 0.027020546875000002 0.2140625 0.030497292187500004 0.2140625 0.0358732859375 0.21259631875 0.053467454687500006 0.2140625 0.06071669843750001 0.2140625 0.0728595875 0.1756100171875 0.0872431515625 0.170815496875 0.096147259375 0.1646511140625 0.1015625 0.15855896875 0.1015625 0.1485282484375 0.052311643750000004 0.1242401546875 0.0372431515625 0.122185359375 0.0331335609375 0.1153360453125 0.012585615625 0.10711686718749999 0 0.118931934375 0 0.20199975625
18 0.07080479375 0.1338934078125 0.0749143828125 0.138687928125 0.07011986249999999 0.1475920375 0.05231164218749999 0.1660851890625 0.0516267109375 0.170194778125 0.0538670078125 0.171875 0.0569884421875 0.171875 0.06395547812499999 0.17087970937500002 0.08998287499999999 0.14553724375 0.1023116421875 0.1496468328125 0.1009417796875 0.1667701203125 0.1077910953125 0.1667701203125 0.131763696875 0.1154002578125 0.146875 0.11342921718750001 0.146875 0.1053189359375 0.146147259375 0.096222175 0.0845034234375 0.0681399828125 0.034375 0.1155587625 0.034375 0.1165721328125 0.039297943749999995 0.120879709375 0.07080479375 0.1338934078125
18 0.02665881875 0.2288848453125 0.011590325 0.299432790625 0.0102204609375 0.3254601875 0.01227525625 0.34737799687500004 0.019124571875 0.3528574484375 0.0484054078125 0.3546875 0.05213238437499999 0.3546875 0.05679580468749999 0.3466930640625 0.0588505984375 0.33230950312499996 0.1015625 0.2943433703125 0.1015625 0.2808326203125 0.09789169375 0.2692958046875 0.07939854375 0.24600813281249997 0.0609053953125 0.216556078125 0.054741009375 0.2138163515625 0.0341930640625 0.21313142031250001 0.02665881875 0.2288848453125
18 0.665625 0.4296875 0.665625 0.42955754375 0.652686215625 0.33590539375 0.6417273125 0.33042594062499997 0.6026862171875 0.325631421875 0.5903574500000001 0.3215218328125 0.5876177234375 0.318097175 0.5787136140625 0.31741224375 0.5629601890625 0.3215218328125 0.5458369015625 0.3639875859375 0.5481181484375 0.4296875 0.665625 0.4296875
18 0.3484375 0.3577846765625 0.3484375 0.3622126296875 0.3667594171875 0.3852846734375 0.370387415625 0.39375 0.384634525 0.39375 0.43799229375 0.3893942640625 0.4558005140625 0.3845997421875 0.4914169515625 0.380490153125 0.4984375 0.3019876765625 0.4984375 0.295697771875 0.47703339062500005 0.27295590625 0.4694991453125 0.26747645468750003 0.464704621875 0.26747645468750003 0.388677225 0.27227097499999997 0.351690925 0.277750428125 0.3484375 0.3577846765625
18 0.2734375 0.4296875 0.2734375 0.42329837187499997 0.2679045375 0.40116652343750003 0.260370290625 0.38883775625 0.2535209765625 0.35390625 0.24461686562499999 0.327878853125 0.24050727656249998 0.32308433281250004 0.23023330468749997 0.32308433281250004 0.20420590781249998 0.3319884421875 0.1959867296875 0.3313035109375 0.1706442640625 0.3408925515625 0.14598672968749998 0.3682898109375 0.144616865625 0.37513912656250004 0.1473565921875 0.3895226890625 0.1618346046875 0.4296875 0.2734375 0.4296875
18 0.101183125 0.4296875 0.0755244015625 0.4011130140625 0.0734696078125 0.3928938359375 0.032373715625 0.419606165625 0.0343899828125 0.4296875 0.101183125 0.4296875
18 0.1601381046875 0.4296875 0.15804794687499998 0.41766909218750004 0.1388698640625 0.40123073593749997 0.1176369875 0.377258134375 0.11558219375 0.37177868125 0.07928082343750001 0.395066353125 0.0785958921875 0.3978060796875 0.10739201406250001 0.4296875 0.1601381046875 0.4296875
18 0.07439949375 0.39375 0.08037989062499999 0.39375 0.11512200312500001 0.37327697031249996 0.125395975 0.378756421875 0.1315603578125 0.3767016265625 0.148683646875 0.3650577921875 0.165625 0.34497915 0.165625 0.3383704359375 0.156902825 0.330811215625 0.1082726875 0.293824915625 0.1034781671875 0.2931399828125 0.0555329609375 0.333550940625 0.05621789218749999 0.377386559375 0.07439949375 0.39375
18 0.469092465625 0.26786172812500003 0.498551828125 0.2953125 0.50207085 0.2953125 0.505393834375 0.29457405937500003 0.519777396875 0.2836151546875 0.5252568484375 0.2822452921875 0.53125 0.275652825 0.53125 0.2724279390625 0.527996575 0.2637521390625 0.5307362999999999 0.22676583749999998 0.4992294515625 0.193889128125 0.45470890312499995 0.1603274828125 0.44899400468749995 0.159375 0.44589148125 0.159375 0.417037671875 0.1795055640625 0.40470890312499996 0.197313784375 0.3978595875 0.23156036093750001 0.40676369843750004 0.24251926250000003 0.41361301250000004 0.269916525 0.469092465625 0.26786172812500003
18 0.2995719171875 0.1690068484375 0.2571061640625 0.18613013750000001 0.245462328125 0.1936643828125 0.2421875 0.2106934890625 0.2421875 0.2122030234375 0.247517121875 0.23818493125 0.268937803125 0.2796875 0.271903090625 0.2796875 0.297517121875 0.26969178125000004 0.30916095781249997 0.2683219171875 0.31806506875 0.26010273906250003 0.321489725 0.2525684921875 0.3591609578125 0.24297945156249998 0.3749143828125 0.23339041093750001 0.3890625 0.2044204546875 0.3890625 0.197289234375 0.377654109375 0.1738013703125 0.371489725 0.1690068484375 0.3584760265625 0.147089040625 0.35368150625 0.14640410937499998 0.329023971875 0.15393835625000002 0.2995719171875 0.1690068484375
18 0.6613869875 0.2522367296875 0.5997431515625 0.2584011125 0.5922089046875 0.281688784375 0.5915239734375 0.31525042812500004 0.5942636984375 0.3220997421875 0.6004280828125 0.32483946874999997 0.6154965765625 0.32826412656250004 0.6504280828125 0.3296339890625 0.653852740625 0.333743578125 0.6599607078124999 0.38125 0.6698897640625 0.38125 0.6908390421874999 0.38031892031250003 0.7113869875 0.35771618125 0.7154965765625 0.3467572765625 0.68125 0.25771618125 0.670976028125 0.2522367296875 0.6613869875 0.2522367296875
18 0.070462328125 0.17767551406249998 0.0622431515625 0.20849743125 0.0622431515625 0.223565925 0.0889554796875 0.2619220890625 0.09983114531250001 0.2734375 0.1039108375 0.2734375 0.1396404109375 0.264661815625 0.1451198625 0.2537029109375 0.146489725 0.22836044531250002 0.1642979453125 0.22288099374999998 0.1671875 0.21999143906250002 0.1671875 0.2178510265625 0.166352740625 0.21534674687500002 0.14717465624999998 0.20575770468750001 0.151969178125 0.15986729375 0.13416095781249998 0.15849743125 0.0773116453125 0.1721960609375 0.070462328125 0.17767551406249998
18 0.2472281671875 0.240625 0.24781677968750002 0.2353274828125 0.243022259375 0.227108303125 0.243022259375 0.2065603578125 0.24644691718749998 0.192861728125 0.275898971875 0.17779323593750002 0.2889126703125 0.1620398109375 0.290625 0.1551904953125 0.290625 0.15369220781249998 0.1868578765625 0.11477953593750001 0.1546660953125 0.15793022343750002 0.1478167796875 0.20587542656250002 0.1697345890625 0.21751926250000003 0.2443331109375 0.240625 0.2472281671875 0.240625
18 0.14580479531249999 0.2312178953125 0.14648972656249998 0.272998715625 0.14785958906250002 0.2832726890625 0.16018835625 0.309985015625 0.1779965765625 0.33121789375 0.1782534265625 0.33125 0.18490037343750002 0.33125 0.199914384375 0.324368578125 0.20813356249999998 0.31409460624999996 0.2314212328125 0.31546447031249997 0.25333904218750003 0.3113548796875 0.28416095937499997 0.29834118125 0.2859375 0.2912350203125 0.2859375 0.2835295328125 0.28416095937499997 0.276423371875 0.2704623296875 0.27847816718749996 0.24922945312499997 0.2435466625 0.1958047953125 0.225053509375 0.1711472609375 0.221628853125 0.14580479531249999 0.2312178953125
18 0.1935829359375 0 0.1939747421875 0.060338184375000006 0.203563784375 0.063762840625 0.20767337343749998 0.06307790937499999 0.2165774828125 0.052803937499999995 0.22959118125 0.032940923437500005 0.265625 0.0244238390625 0.265625 0 0.1935829359375 0
18 0.23099314999999998 0.1281464046875 0.239897259375 0.1356806515625 0.263972603125 0.1421875 0.2666095890625 0.1421875 0.270719178125 0.141160103125 0.272773971875 0.13499571875 0.2761986296875 0.0870505140625 0.290625 0.0630065625 0.290625 0.055327482812499995 0.27893835624999996 0.0302011984375 0.2734589046875 0.024036815625 0.26986300937499996 0.0234375 0.26897392343750004 0.0234375 0.23030821875 0.03225599375 0.2104452046875 0.058283390625 0.2008561640625 0.07609160937500001 0.203595890625 0.0863655828125 0.220034246875 0.10691352812499999 0.23099314999999998 0.1281464046875
18 0.573052225 0.2494220890625 0.579216609375 0.2651755140625 0.5899472046875001 0.2671875 0.59034674375 0.2671875 0.595654965625 0.2658604453125 0.6004494859375 0.2590111296875 0.6579837328125 0.25490154062500003 0.6785316781249999 0.256271403125 0.6819563343749999 0.261065925 0.70625 0.25971627656249996 0.70625 0.2552776546875 0.7018193484374999 0.20147688281249998 0.6353809921875 0.1925727734375 0.597709759375 0.206271403125 0.5826412671875 0.2165453765625 0.57236729375 0.23709332187499998 0.573052225 0.2494220890625
18 0.759375 0.4296875 0.759375 0.376001775 0.7573416109375 0.37310573593749996 0.7183005140625001 0.385434503125 0.7046018843749999 0.385434503125 0.691588184375 0.40187285937499995 0.6840539375 0.415571490625 0.6840539375 0.42379066875 0.6764722984375 0.4296875 0.759375 0.4296875
18 0.5564747421875 0.0899935796875 0.465378853125 0.0975278265625 0.4598994 0.138623715625 0.4722281671875 0.138623715625 0.482502140625 0.1495826203125 0.52360235625 0.18125 0.52624946875 0.18125 0.565378853125 0.170815496875 0.5701733734375 0.16533604531249999 0.57496789375 0.152322346875 0.5763377562499999 0.137253853125 0.566748715625 0.0913634421875 0.5564747421875 0.0899935796875
18 0.664929365625 0.15127354375 0.6806827906249999 0.1814105296875 0.6752033390625 0.192369434375 0.6765732015625 0.19921875 0.6953232093749999 0.2015625 0.7046302359375 0.2015625 0.7359375 0.15027187656250002 0.7359375 0.1495461375 0.70602525625 0.10195847499999999 0.6991759421875 0.10127354375 0.6594499140625001 0.1060680640625 0.6416416953125 0.1457940921875 0.6601348453125 0.1457940921875 0.664929365625 0.15127354375
18 0.4534853015625 0.4296875 0.44677868125 0.39347174687500003 0.4426690921875 0.3893621578125 0.3844499140625 0.40169092500000003 0.3776005984375 0.40169092500000003 0.370751284375 0.3962114734375 0.36732662656250004 0.3975813359375 0.36390196874999997 0.4147046234375 0.36390196874999997 0.4296875 0.4534853015625 0.4296875
18 0.28962970781249997 0.160552225 0.3060680640625 0.165346746875 0.3320954625 0.1530179796875 0.35606806406249997 0.148223459375 0.36908176406250004 0.16740154062499998 0.3779858734375 0.17151112968749999 0.3868899828125 0.1941138703125 0.3941593546875 0.2046875 0.39438570156249997 0.2046875 0.39373929687500003 0.19822345937500002 0.39921875 0.1961686640625 0.410177653125 0.183154965625 0.423876284375 0.1578125 0.428125 0.13975545625000002 0.428125 0.1338110015625 0.39510916093750004 0.1146618140625 0.38209546250000004 0.10986729375 0.36565710625 0.09616866406249999 0.33346532500000003 0.0804152390625 0.3060680640625 0.1249357875 0.28962970781249997 0.160552225
18 0.3139982875 0.2676262828125 0.312628425 0.2847495703125 0.31468321875 0.327215325 0.331121575 0.3265303921875 0.337101353125 0.328125 0.3434567625 0.328125 0.34755993125 0.3258454609375 0.35098458906249996 0.3080372421875 0.3516695203125 0.277215325 0.4125 0.2696969515625 0.4125 0.268910528125 0.40783390468749997 0.24091395468750001 0.40440924687499996 0.2340646390625 0.39619006875 0.2340646390625 0.34482020625 0.24365368125 0.320162671875 0.252557790625 0.3139982875 0.2676262828125
18 0.118214896875 0.0855629296875 0.1307133625 0.0890625 0.135607965625 0.0890625 0.13876284218749999 0.07391909375 0.166845034375 0.050631421875000006 0.1709546234375 0.049946490625 0.19287243125 0.0588505984375 0.19375 0.0522688390625 0.19375 0.0448844140625 0.19150256875 0.0280286828125 0.148351884375 0.0047410109375 0.09013270625 0.049261559375 0.0880779109375 0.0533711484375 0.0894477734375 0.0704944359375 0.118214896875 0.0855629296875
14 1 0.1724433875 0.9848580921875 0.1262605671875 0.9015247578125001 0.1178064609375 0.784375 0.11418327343750001 0.7722977046875 0.12022192031250001 0.7674667875 0.1516228859375 0.7638435984374999 0.292927234375 0.7698822468750001 0.3339900359375 0.8978462140625 0.34375 1 0.34375 1 0.1724433875
2 0.256201171875 0.76865234375 0.2665759859375 0.778125 0.26871005000000003 0.778125 0.276220703125 0.77353515625 0.288427734375 0.76083984375 0.291357421875 0.75546875 0.291845703125 0.7486328125 0.295751953125 0.74375 0.305029296875 0.73837890625 0.312353515625 0.7388671875 0.3125 0.7386474609375 0.3125 0.7356384281249999 0.309423828125 0.7291015625 0.302587890625 0.72177734375 0.2823766640625 0.709375 0.2777180984375 0.709375 0.268408203125 0.7115234375 0.261083984375 0.71591796875 0.250341796875 0.733984375 0.249365234375 0.74814453125 0.252783203125 0.761328125 0.256201171875 0.76865234375
2 0.369384765625 0.61796875 0.355224609375 0.62822265625 0.346923828125 0.63115234375 0.345947265625 0.63505859375 0.341552734375 0.63505859375 0.333740234375 0.63896484375 0.330322265625 0.6453125 0.331298828125 0.65263671875 0.345458984375 0.674609375 0.371337890625 0.6931640625 0.391845703125 0.7 0.4117024734375 0.7 0.420166015625 0.69951171875 0.432373046875 0.68876953125 0.4375 0.676806640625 0.4375 0.664599609375 0.436767578125 0.6541015625 0.429443359375 0.6345703125 0.422119140625 0.6228515625 0.411376953125 0.61552734375 0.382080078125 0.6150390625 0.369384765625 0.61796875
2 0.490478515625 0.749609375 0.477294921875 0.74912109375 0.457275390625 0.7564453125 0.446044921875 0.7662109375 0.439697265625 0.77939453125 0.438232421875 0.78671875 0.441162109375 0.80625 0.448486328125 0.81943359375 0.467529296875 0.83408203125 0.499267578125 0.83994140625 0.513427734375 0.8384765625 0.519775390625 0.83408203125 0.531494140625 0.81748046875 0.535400390625 0.80380859375 0.535400390625 0.7916015625 0.525634765625 0.77841796875 0.490478515625 0.749609375
2 0.487841796875 0.858056640625 0.492724609375 0.858544921875 0.496142578125 0.863427734375 0.505908203125 0.870263671875 0.518603515625 0.885400390625 0.525439453125 0.888330078125 0.53251953125 0.8890625 0.5406893109375 0.8890625 0.569384765625 0.869775390625 0.575 0.8636922203124999 0.575 0.8570612984375 0.569384765625 0.841943359375 0.560595703125 0.831689453125 0.543994140625 0.823876953125 0.5371826171875 0.8234375 0.528338215625 0.8234375 0.514697265625 0.837548828125 0.505908203125 0.839990234375 0.490771484375 0.840478515625 0.484423828125 0.846826171875 0.481494140625 0.853173828125 0.487841796875 0.858056640625
2 0.62373046875 0.7580078125 0.60712890625 0.751171875 0.59541015625 0.75068359375 0.5841796875 0.753125 0.5744140625 0.75849609375 0.57099609375 0.7619140625 0.57001953125 0.77021484375 0.5646484375 0.77021484375 0.5607421875 0.77509765625 0.56025390625 0.7853515625 0.5568359375 0.7921875 0.55634765625 0.7990234375 0.56123046875 0.81904296875 0.57783203125 0.8244140625 0.59296875 0.82685546875 0.6369140625 0.825390625 0.645703125 0.8302734375 0.645703125 0.84052734375 0.645947265625 0.840625 0.648395646875 0.840625 0.65205078125 0.82783203125 0.65302734375 0.8068359375 0.6505859375 0.794140625 0.6447265625 0.7794921875 0.63740234375 0.76923828125 0.62373046875 0.7580078125
2 0.494970703125 0.63876953125 0.494970703125 0.640234375 0.492041015625 0.640234375 0.492041015625 0.64267578125 0.495458984375 0.65 0.512060546875 0.667578125 0.534521484375 0.67734375 0.547412109375 0.678125 0.5516764328125 0.678125 0.558447265625 0.67685546875 0.575537109375 0.6666015625 0.5859375 0.65052823125 0.5859375 0.6477213546874999 0.584814453125 0.640234375 0.574560546875 0.61728515625 0.576513671875 0.60751953125 0.573095703125 0.5884765625 0.568212890625 0.57431640625 0.554052734375 0.56064453125 0.536474609375 0.55185546875 0.528564453125 0.5515625 0.5228402937500001 0.5515625 0.508642578125 0.55771484375 0.501806640625 0.56455078125 0.493017578125 0.5787109375 0.486181640625 0.60361328125 0.486181640625 0.62607421875 0.494970703125 0.63876953125
2 0.506103515625 0.6810546875 0.490478515625 0.6947265625 0.482177734375 0.71328125 0.482177734375 0.7328125 0.490966796875 0.75185546875 0.506591796875 0.7669921875 0.525634765625 0.7787109375 0.5384416859375001 0.7953125 0.549560546875 0.7953125 0.557373046875 0.79189453125 0.559814453125 0.78505859375 0.558349609375 0.77822265625 0.552001953125 0.76845703125 0.563720703125 0.76650390625 0.564697265625 0.7640625 0.570068359375 0.76259765625 0.5828125 0.7493815109374999 0.5828125 0.7442801343750001 0.579833984375 0.71279296875 0.573974609375 0.69716796875 0.561767578125 0.6859375 0.548583984375 0.680078125 0.522705078125 0.67568359375 0.506103515625 0.6810546875
2 0.643359375 0.65751953125 0.63603515625 0.65361328125 0.62724609375 0.6443359375 0.621875 0.64091796875 0.6169921875 0.6404296875 0.6111328125 0.6423828125 0.61455078125 0.65361328125 0.62626953125 0.6619140625 0.63505859375 0.67509765625 0.6326171875 0.678515625 0.62431640625 0.678515625 0.63115234375 0.69951171875 0.627734375 0.71171875 0.62431640625 0.71220703125 0.61748046875 0.70439453125 0.60966796875 0.70439453125 0.60576171875 0.7009765625 0.60234375 0.69072265625 0.59453125 0.6814453125 0.5935546875 0.6658203125 0.590625 0.65751953125 0.58818359375 0.6560546875 0.58134765625 0.6580078125 0.5740234375 0.67021484375 0.5720703125 0.6794921875 0.57353515625 0.694140625 0.57841796875 0.7048828125 0.600390625 0.7283203125 0.6205859375 0.7375 0.639453125 0.7375 0.65068359375 0.73076171875 0.67021484375 0.7244140625 0.6814453125 0.7146484375 0.6890625 0.700842284375 0.6890625 0.681640625 0.6775390625 0.66435546875 0.67412109375 0.655078125 0.66826171875 0.65068359375 0.66142578125 0.64873046875 0.647265625 0.65751953125 0.643359375 0.65751953125
2 0.626123046875 0.47236328125 0.607568359375 0.47626953125 0.603662109375 0.48310546875 0.590966796875 0.49140625 0.579736328125 0.505078125 0.570947265625 0.52412109375 0.572412109375 0.5294921875 0.569482421875 0.53876953125 0.568994140625 0.55 0.575830078125 0.555859375 0.591943359375 0.57880859375 0.626123046875 0.610546875 0.634912109375 0.61396484375 0.648583984375 0.61396484375 0.657861328125 0.6115234375 0.672998046875 0.602734375 0.678857421875 0.5939453125 0.6796875 0.5819091796875 0.6796875 0.5585872390625 0.673486328125 0.5197265625 0.672509765625 0.49921875 0.670068359375 0.49140625 0.656884765625 0.481640625 0.638330078125 0.47333984375 0.626123046875 0.47236328125
19 0.363720703125 0.525390625 0.344677734375 0.5302734375 0.336865234375 0.53564453125 0.3359375 0.54306640625 0.3359375 0.54354248125 0.339794921875 0.55029296875 0.342724609375 0.55126953125 0.342236328125 0.5634765625 0.346630859375 0.56494140625 0.355419921875 0.560546875 0.363232421875 0.56103515625 0.386181640625 0.59130859375 0.404248046875 0.6064453125 0.413525390625 0.61767578125 0.420361328125 0.62060546875 0.4265538828125 0.628125 0.43481130312499994 0.628125 0.424755859375 0.61328125 0.424267578125 0.60595703125 0.442333984375 0.60498046875 0.44375 0.603564453125 0.44375 0.59705810625 0.431103515625 0.595703125 0.414990234375 0.58935546875 0.384228515625 0.5478515625 0.376416015625 0.52978515625 0.372509765625 0.5263671875 0.363720703125 0.525390625
19 0.47275390625 0.524609375 0.44541015625 0.5294921875 0.40830078125 0.53193359375 0.38876953125 0.52607421875 0.384375 0.52607421875 0.38388671875 0.52802734375 0.38583984375 0.53583984375 0.39609375 0.54365234375 0.47177734375 0.54169921875 0.52060546875 0.53779296875 0.523046875 0.52900390625 0.53671875 0.5236328125 0.540625 0.520160590625 0.540625 0.5189453125 0.538671875 0.5158203125 0.53330078125 0.5158203125 0.5123046875 0.52265625 0.5103515625 0.51337890625 0.503515625 0.51142578125 0.47275390625 0.524609375
19 0.43359375 0.581689453125 0.4287109375 0.588525390625 0.43212890625 0.594384765625 0.44287109375 0.595849609375 0.4453125 0.598291015625 0.44482421875 0.603662109375 0.435546875 0.606591796875 0.43505859375 0.609033203125 0.44140625 0.645654296875 0.44921875 0.725244140625 0.451171875 0.730615234375 0.455078125 0.734033203125 0.458984375 0.754541015625 0.46142578125 0.756005859375 0.46923828125 0.751123046875 0.475 0.727189753125 0.475 0.7199919328125001 0.46435546875 0.633447265625 0.45166015625 0.582666015625 0.439453125 0.568017578125 0.43310546875 0.566064453125 0.43115234375 0.570947265625 0.43359375 0.581689453125
2 0.447021484375 0.51865234375 0.460205078125 0.525 0.475341796875 0.5240234375 0.506591796875 0.509375 0.510986328125 0.50791015625 0.519287109375 0.50888671875 0.525634765625 0.5015625 0.531005859375 0.4908203125 0.53125 0.48837890625 0.53125 0.48585612031250003 0.524169921875 0.48349609375 0.505615234375 0.48203125 0.489013671875 0.478125 0.476806640625 0.478125 0.459228515625 0.483984375 0.438720703125 0.4859375 0.434375 0.48931749062499996 0.434375 0.48954101562499996 0.439208984375 0.50791015625 0.447021484375 0.51865234375
19 0.443994140625 0.765234375 0.438623046875 0.7642578125 0.418603515625 0.77060546875 0.397607421875 0.7837890625 0.366357421875 0.78330078125 0.374169921875 0.80576171875 0.375634765625 0.8296875 0.442529296875 0.8326171875 0.4515625 0.8273874390625 0.4515625 0.825537109375 0.451318359375 0.823828125 0.441064453125 0.8091796875 0.425927734375 0.7935546875 0.427392578125 0.78916015625 0.444970703125 0.7681640625 0.443994140625 0.765234375
19 0.42470703125 0.5875 0.4282958984375 0.5875 0.432177734375 0.584912109375 0.4328125 0.5815266921875 0.4328125 0.5750244140625 0.430712890625 0.569775390625 0.428759765625 0.569775390625 0.413623046875 0.581005859375 0.412646484375 0.583935546875 0.414599609375 0.586376953125 0.42470703125 0.5875
19 0.4771484375 0.56923828125 0.4796875 0.5651123046875 0.4796875 0.554248046875 0.47666015625 0.54970703125 0.46982421875 0.54873046875 0.4341796875 0.56728515625 0.449084471875 0.578125 0.4571533203125 0.578125 0.4771484375 0.56923828125
19 0.570361328125 0.5703125 0.567431640625 0.57958984375 0.573779296875 0.6015625 0.572802734375 0.615234375 0.589404296875 0.65771484375 0.592822265625 0.67041015625 0.593310546875 0.68212890625 0.609423828125 0.7021484375 0.615283203125 0.70458984375 0.622424315625 0.7109375 0.62578125 0.7109375 0.627490234375 0.70947265625 0.631884765625 0.69970703125 0.619189453125 0.6689453125 0.605029296875 0.62646484375 0.613818359375 0.6318359375 0.636279296875 0.65576171875 0.641650390625 0.65869140625 0.646044921875 0.65966796875 0.659375 0.65157470625 0.659375 0.6461140953125 0.624560546875 0.6083984375 0.590380859375 0.57666015625 0.575244140625 0.55517578125 0.568408203125 0.55126953125 0.567919921875 0.56494140625 0.570361328125 0.5703125
7 0.759375 0.6985677171875 0.7598958328125 0.713671875 0.778125 0.733203125 0.7963541671875001 0.744921875 0.8302083328125001 0.7462239578125001 0.8376822921875 0.7515625 0.8394741265625001 0.7515625 0.84375 0.7184244796874999 0.84375 0.7098028281250001 0.8354166671875 0.682421875 0.8236979171875 0.6850260421875 0.8236979171875 0.6680989578125001 0.809375 0.6563802078125001 0.8263020828125001 0.639453125 0.8236979171875 0.623828125 0.8015625 0.616015625 0.7803571421875 0.5869977671875001 0.778125 0.584765625 0.76640625 0.627734375 0.759375 0.67109375 0.759375 0.6985677171875