18 0.5754802984375 0.5123536859375 0.546307853125 0.508878978125 0.5423058562499999 0.513126615625 0.5547155593750001 0.55161184375 0.5529646890625 0.5807334046875 0.5417310203125 0.6156151000000001 0.54436830625 0.6515584140625 0.5519071578125 0.6693851484375 0.566212540625 0.682899834375 0.6042578359374999 0.702785396875 0.627949478125 0.7077726 0.6680352625 0.706838646875 0.698107278125 0.6964444109375 0.7087792671875001 0.6851173765625 0.7096788359375 0.6712484328125 0.7262177875 0.66947829375 0.73427005 0.6623666921875 0.7312641625 0.655512734375 0.7352661609375 0.6512650953125 0.7612879109375 0.643734825 0.7717185484375 0.6254894203125 0.7593088453125 0.5870041953125 0.75067734375 0.577511709375 0.7438932546875 0.5416650109375001 0.759563346875 0.5149887421875 0.7574570328125 0.4942658390625 0.7134175203125 0.5008311078125 0.6602155421875 0.4826834765625 0.6132666859375 0.4851621328125 0.598592703125 0.5007368046875 0.5754802984375 0.5123536859375
18 0.73752163125 0.3590200578125 0.7056329171875 0.356993434375 0.679562896875 0.36314003125 0.649683959375 0.3790689640625 0.6381606734374999 0.4056486140625 0.6378886109375 0.43750531875 0.642662925 0.4553964640625 0.6601190031249999 0.47991612968749997 0.6994982984375 0.4983858125 0.7231416703125 0.50198934375 0.7641752937499999 0.4885701171875 0.7734650125 0.477275290625 0.7807449578125001 0.44802490625 0.7688969328125 0.3859850171875 0.73752163125 0.3590200578125
18 0 0.7380469515625 0.0425917171875 0.7421827859375 0.16233565781249998 0.764319253125 0.2678224859375 0.7743247109375 0.2894078140625 0.7585890125 0.300448403125 0.718172621875 0.2972011671875 0.70440029375 0.28447113281249997 0.6963881 0.13470344375 0.686029540625 0.095710309375 0.6786292453125 0 0.644175821875 0 0.7380469515625
18 0.2949368859375 0.7584601906249999 0.306091575 0.7609698953125 0.345356771875 0.736513484375 0.3810851109375 0.6899827000000001 0.3847974890625 0.6774330187500001 0.44315553437500005 0.6054486156250001 0.4693045359375 0.5619106171875 0.4604799578125 0.5468834375 0.4987973140625 0.534912296875 0.5270526328125 0.5120972 0.5506916015625001 0.3966081625 0.5014740625 0.3340541453125 0.4917016421875 0.3315122359375 0.47693111874999994 0.34431955937500003 0.4336025046875 0.45057375781250003 0.3268036390625 0.6012354953125 0.2797450875 0.679880628125 0.2775115203125 0.6951654515625 0.2970563578125 0.7002492703125001 0.2886354953125 0.73645023125 0.2949368859375 0.7584601906249999
18 0.45872908749999997 0.576005 0.41271491875 0.6449322078125 0.40310486562500003 0.6867000671875 0.3880810984375 0.81445156875 0.495133434375 0.8119573640625 0.49904306875 0.6609232359375 0.5040894421875 0.646957675 0.5014038875 0.6096306874999999 0.49071434218750004 0.5807989734375 0.473644421875 0.5673486984375 0.45872908749999997 0.576005
18 0.6690182203124999 0.774670871875 0.6689523890625 0.7331284484375 0.66269926875 0.7125021625 0.652782040625 0.7058092312500001 0.6070223734375 0.7027209875 0.5703593453125 0.6828032171875 0.5516658078125001 0.6624667796875 0.5410245312499999 0.6350187390625 0.513234353125 0.631511825 0.505085553125 0.6358560796875 0.498560371875 0.647086496875 0.4937771296875 0.8119889656250001 0.6557160421875 0.8082159624999999 0.6643097328125 0.79832215 0.6690182203124999 0.774670871875
18 0.6523519578125 0.3762372046875 0.6849954296874999 0.3602438609375 0.7261738640625001 0.350975659375 0.72840743125 0.33569083437499997 0.7427435265625 0.3104304453125 0.7419229390625001 0.28690798906250004 0.7300442046875 0.26364317656249997 0.6961939828125 0.2450446703125 0.6520096640624999 0.247458915625 0.6180321921874999 0.2648681375 0.6042095078124999 0.265190190625 0.57590591875 0.28662161249999996 0.5698634359375 0.31168877031250003 0.581307740625 0.3225005171875 0.583414059375 0.3432234203125 0.5585990546875 0.3853455390625 0.558792134375 0.3908802328125 0.576761621875 0.3904615640625 0.6523519578125 0.3762372046875
18 0.7701476046875 0.7390795015625 0.77183705 0.7875080875 0.7779936328125 0.8053670265624999 0.81546038125 0.804494090625 0.8271277859374999 0.7862198734375 0.8646421156249999 0.7908850234375 0.8848451718750001 0.7751815296875 0.8845072828125 0.7654958125 0.877306321875 0.757354796875 0.8616186703125001 0.743872315625 0.8391644859375 0.7347018859375 0.8248108328124999 0.7198035265625 0.8310463984375 0.700271065625 0.8232661968749999 0.6755259625 0.83374510625 0.6586642312500001 0.8334554859375001 0.6503621890625 0.8249687968750001 0.645020725 0.811242653125 0.6481101265625 0.7914257546875 0.6748830109374999 0.7701476046875 0.7390795015625
18 0.8355310312500001 0.27364863281249996 0.8517320953124999 0.262192778125 0.8441932453125001 0.24436604375 0.8396734453124999 0.2417017546875 0.7133736046875 0.244644403125 0.714356553125 0.250160696875 0.7287102046875 0.26505905625000004 0.7395928296875 0.2994254640625 0.7165462546875 0.3525847703125 0.7515373953125 0.36423269999999996 0.7606823046875 0.34878685 0.7836498984375 0.333018946875 0.788841084375 0.3232044078125 0.7930844296874999 0.3258751390625 0.7938567484375 0.348013921875 0.8105887765625001 0.351778478125 0.82698291875 0.34585731875 0.8537111609375 0.3189234078125 0.8518944625 0.3065025484375 0.8362068109375 0.29302006875000003 0.8355310312500001 0.27364863281249996
18 0.3409203578125 0.8155503625 0.358731871875 0.8026721875 0.35485712812500003 0.7709120984375 0.343412821875 0.76010035 0.3373045078125 0.7436250859375 0.3061398453125 0.7623535703125001 0.285309278125 0.7600693015625 0.2759712890625 0.76998045625 0.191556375 0.7691776359375 0.20047749218750002 0.786972165625 0.2041108875 0.811813884375 0.20937866875000002 0.8186151421875 0.262604978125 0.817375028125 0.2637415109375 0.8159637484375001 0.27618192656249996 0.8156739 0.27761246562499997 0.8170253687500001 0.3409203578125 0.8155503625
18 0.7820526484375 0.6044766703125 0.8111768234375001 0.6065677046875 0.8303355031249999 0.6005821359375 0.8403799828125 0.5712673406250001 0.847225496875 0.529563890625 0.8357329203124999 0.5173684703125 0.802558478125 0.5181414 0.7733553203125 0.5534417625 0.7544379906249999 0.566345703125 0.7563029593749999 0.5801502359375 0.7820526484375 0.6044766703125
18 0.8245563296875 0.7918189796874999 0.8220331421875 0.7988017578125 0.8288611109374999 0.80418186875 0.9613748624999999 0.8010944406249999 0.9647173578125001 0.737315834375 0.9126177921874999 0.7385296968749999 0.9656366593750001 0.7197745046875 0.9660781500000001 0.7113503578125 0.9275638374999999 0.6910983203125001 0.8750859078125 0.6937057984375 0.8713252609375 0.7048718046875 0.882962646875 0.7212182484375 0.8644314765625 0.7451915796875 0.8845072828125 0.7654958125 0.88355944375 0.777981084375 0.8674066500000001 0.7908206125 0.8354696671875 0.7874103140625001 0.8245563296875 0.7918189796874999
18 0.752419465625 0.7464165390625 0.7284382015624999 0.7331272921875 0.706370178125 0.7350262515625 0.6997967234375 0.7448729968750001 0.6994281234375 0.7739623515625 0.6776014484374999 0.782779684375 0.672506803125 0.79536156875 0.67377059375 0.8077953109375 0.7782062875 0.8053620718750001 0.77489120625 0.7957457203125 0.7747771078125 0.7528196234375 0.7673830671874999 0.7391439125 0.752419465625 0.7464165390625
18 0.2744573640625 0.6869278171875 0.31884791562500003 0.611114446875 0.3077239421875 0.56982966875 0.2919880203125 0.5549635140625 0.29169840156250004 0.5466614703125 0.30785119375000003 0.533821940625 0.266093521875 0.526486059375 0.2237566109375 0.502546090625 0.18595266562499999 0.4895788953125 0.15134768437499999 0.48900035624999993 0.12127566875 0.49939459218750004 0.096364125 0.5387493625 0.09856698124999999 0.5622396125 0.1104939859375 0.5868881 0.153651484375 0.6343505234375 0.20185535781250002 0.667847390625 0.22054889531250002 0.688183828125 0.2595903 0.6969677953125 0.2744573640625 0.6869278171875
18 0.092313859375 0.5416133249999999 0.0687670265625 0.54077714375 0.0497048890625 0.5495300624999999 0.023217996875 0.5833823421875 0.0239420453125 0.6041374515625 0.07044331718749999 0.66813955 0.088750696875 0.6774065984375001 0.13041182812500002 0.6819751328125 0.15342769218750002 0.6675909046874999 0.1598563375 0.6535931374999999 0.15656083125 0.6384371359375 0.1075846390625 0.5828014890625 0.09956309062499999 0.5511380156250001 0.092313859375 0.5416133249999999
18 0.469168478125 0.35973320468750003 0.4929391015625 0.327329009375 0.4907362453125 0.30383875625 0.47623778281250007 0.2847893765625 0.4797088109375 0.26532132656249996 0.4723630390625 0.25302928750000003 0.4480768015625 0.250825534375 0.419463846875 0.2514921859375 0.41297376718749995 0.2557977921875 0.38671066718749997 0.25640969375 0.363984421875 0.2790959671875 0.34902081875 0.286368596875 0.3374668171875 0.351723321875 0.352689328125 0.3915278109375 0.3520311078125 0.412315125 0.3441236578125 0.4235777484375 0.35200039843750003 0.4510902 0.348305578125 0.503798628125 0.3542208109375 0.5147392 0.368091765625 0.5158008171875 0.3923933578125 0.49861703593750006 0.4322202359375 0.4506059609375 0.4594618875 0.39873371562500004 0.469168478125 0.35973320468750003
18 0.27637934999999997 0.5040896328125 0.30106710312499996 0.4979752421875 0.297192359375 0.466215153125 0.2698673203125 0.4363862296875 0.23334910468749998 0.42061948437499996 0.2012848671875 0.45321690937500003 0.18976158125 0.47979656249999997 0.2041152328125 0.49469492031250006 0.26890632812500004 0.5278053234375 0.27637934999999997 0.5040896328125
18 0.053412859374999996 0.4178878109375 0.027922078125 0.44063849531250004 0.0137790625 0.471433578125 0.0142134921875 0.48388664375 0.027088335937500003 0.49604985937499996 0.08720165625000001 0.514036465625 0.11727367343749999 0.5036422296875 0.1303240390625 0.4811813921875 0.1315439390625 0.43683941875 0.126866165625 0.42171562187499995 0.10703170937499999 0.40832975937500005 0.0683764640625 0.41061518281250003 0.053412859374999996 0.4178878109375
18 0.358047284375 0.5451156125 0.3495605953125 0.5397741500000001 0.3440139640625 0.49974422343749997 0.35781908906250004 0.45926342187499997 0.35899072187500003 0.4135377734375 0.3523514390625 0.38184209375 0.34061751406249996 0.3627283046875 0.3197869484375 0.36044403593749996 0.30210707812500004 0.36916474843749997 0.286902125 0.3695190078125 0.2821936390625 0.393170284375 0.2848309234375 0.4291136015625 0.300825753125 0.49105687187499997 0.3170443734375 0.519759765625 0.3220600359375 0.544569278125 0.34761664531249997 0.563361015625 0.3583851734375 0.55480133125 0.358047284375 0.5451156125
18 0.9251283812500001 0.4626633078125 0.9507157015625 0.44267997187499997 0.9705127265625 0.41533733906250003 0.969132775 0.3757805453125 0.9671229984374999 0.3578249890625 0.9684569953125 0.35640910937500003 0.9643540578125 0.238796828125 0.9100506546875 0.24006204062499997 0.8888602625 0.2557885375 0.8717113609375 0.2797296640625 0.8526185109375 0.32725765625 0.8096409375 0.36426375 0.7966871109375 0.3894919328125 0.7984555390625 0.40052911875 0.8340259171875 0.42878113593749995 0.844522384375 0.452078153125 0.8697893734375001 0.462567846875 0.9083963515625 0.4588987515625 0.9251283812500001 0.4626633078125
18 0.9472490796875 0.5812405921875 0.9336984578124999 0.549705940625 0.9033675328124999 0.5130230578125 0.90220905625 0.4798148859375 0.9137323437499999 0.45323523281250006 0.9010988484375 0.447990384375 0.8952318859374999 0.43843349062500003 0.8396998 0.43280333593750003 0.81983463125 0.458192546875 0.80615675625 0.462665621875 0.8080699953125 0.47785382812500005 0.8415033453125 0.5241580156250001 0.8521446203125 0.55160605625 0.8666430828125 0.5706554374999999 0.8976804968750001 0.5879346796875 0.9311445578124999 0.5954637953125 0.94077216875 0.5938546828125 0.9472490796875 0.5812405921875
18 0.9149566484375 0.5279858296875 0.9139605390625001 0.5390874250000001 0.9257910062500001 0.5609685640625 0.9207446296875 0.5749341234374999 0.941671734375 0.579985740625 0.9461564296875 0.589574840625 0.9353396328124999 0.596750853125 0.9228992171874999 0.5970407015625 0.8752263109375 0.5787642484375 0.873185821875 0.59958376875 0.88353748125 0.6187297640625 0.89636405625 0.6295093078125 0.9175325109375001 0.6414792921875 0.9370290796875 0.6451794390625001 0.93903885625 0.66313499375 0.947718625 0.6740111515625 0.9679276375000001 0.67606005625 0.974940196875 0.54225244375 0.9710153 0.42974382499999997 0.9630113109374999 0.4382391015625 0.950878071875 0.486989740625 0.9119332046874999 0.48097312187499996 0.9123983453125 0.4546511125 0.9067727328125 0.4520125859375 0.8959076640625 0.45780492500000003 0.8908130203125 0.47038681093749996 0.9004581875 0.5089364468750001 0.9149566484375 0.5279858296875
18 0 0.5814579328125 0.015117464062499999 0.589110271875 0.02193226875 0.5861818953125 0.026833832812500003 0.5680653140625 0.041507817187500004 0.5524906406250001 0.07419956093749999 0.5378809734375001 0.091445 0.516707196875 0.0382912921875 0.49994324062500006 0.0043445328125 0.47857738593750004 0 0.48140460625000003 0 0.5814579328125
18 0 0.49595197031250005 0.004875503125 0.4937978 0.0241131609375 0.45042082812500006 0.0453123296875 0.42361573906250005 0.048686815625000004 0.40138033906250004 0.041389315625 0.39047197499999997 0.026087821875 0.3880588859375 0.005643415625 0.3968440125 0 0.39768531406249996 0 0.49595197031250005