7 0.03798828125 0.28623046875 0.04384765625 0.29111328125 0.05068359375 0.29306640625 0.06875 0.292578125 0.0833984375 0.28623046875 0.09365234375 0.27744140625 0.10927734375 0.27939453125 0.115625 0.27841796875 0.13173828125 0.26328125 0.1361328125 0.25205078125 0.1390625 0.24130859375 0.13857421875 0.23251953125 0.1185546875 0.2017578125 0.1009765625 0.19736328125 0.07900390625 0.194921875 0.06533203125 0.196875 0.05068359375 0.2037109375 0.043359375 0.20908203125 0.0375 0.21787109375 0.03310546875 0.23251953125 0.03212890625 0.24375 0.03408203125 0.24814453125 0.04189453125 0.25302734375 0.043359375 0.25791015625 0.03896484375 0.27158203125 0.03798828125 0.28623046875
7 0.12294921875 0.3736328125 0.13271484375 0.374609375 0.13759765625 0.370703125 0.14638671875 0.36826171875 0.1478515625 0.3658203125 0.14736328125 0.36044921875 0.14345703125 0.3560546875 0.1419921875 0.34873046875 0.13515625 0.3482421875 0.1322265625 0.33701171875 0.125390625 0.3267578125 0.12587890625 0.3228515625 0.1302734375 0.31796875 0.13125 0.312109375 0.11416015625 0.300390625 0.1048828125 0.2994140625 0.0921875 0.30771484375 0.06875 0.3345703125 0.06337890625 0.3462890625 0.0638671875 0.35849609375 0.07021484375 0.370703125 0.0833984375 0.38046875 0.08388671875 0.3833984375 0.0931640625 0.39462890625 0.113671875 0.39169921875 0.121484375 0.38681640625 0.12294921875 0.3736328125
7 0.2611328125 0.59091796875 0.25673828125 0.5865234375 0.2455078125 0.540625 0.2328125 0.53818359375 0.21572265625 0.5435546875 0.21376953125 0.54794921875 0.20009765625 0.55283203125 0.19423828125 0.56064453125 0.19130859375 0.57138671875 0.19130859375 0.58212890625 0.1986328125 0.59140625 0.2064453125 0.59482421875 0.20546875 0.59921875 0.199609375 0.60654296875 0.1993995953125 0.609375 0.27209179687499996 0.609375 0.27236328125 0.59580078125 0.2611328125 0.59091796875
7 0.0902018234375 0 0.0892578125 0.0005859375 0.08779296875 0.01669921875 0.09072265625 0.03671875 0.09560546875 0.046484375 0.10830078125 0.0591796875 0.10830078125 0.0611328125 0.1224609375 0.058203125 0.15029296875 0.06162109375 0.178125 0.04208984375 0.1830078125 0.03037109375 0.1810546875 0.02109375 0.1712890625 0.0103515625 0.15859375 0.0064453125 0.15859375 0 0.0902018234375 0
7 0.08779296875 0.0826171875 0.09169921875 0.0728515625 0.10830078125 0.0630859375 0.1107421875 0.05966796875 0.0970703125 0.05234375 0.08974609375 0.03232421875 0.08828125 0.0220703125 0.07705078125 0.01962890625 0.06533203125 0.02255859375 0.0619140625 0.03427734375 0.0560546875 0.03623046875 0.05361328125 0.03916015625 0.0501953125 0.0484375 0.04970703125 0.05625 0.05263671875 0.0884765625 0.06826171875 0.10849609375 0.08193359375 0.10947265625 0.090234375 0.10654296875 0.08779296875 0.0826171875
7 0.11953125 0.10263671875 0.1234375 0.08603515625 0.1322265625 0.07919921875 0.1390625 0.0767578125 0.15078125 0.06455078125 0.1498046875 0.062109375 0.1419921875 0.05966796875 0.121484375 0.05771484375 0.11416015625 0.0591796875 0.1 0.0669921875 0.0912109375 0.0748046875 0.08779296875 0.081640625 0.0873046875 0.0923828125 0.090234375 0.108984375 0.09609375 0.11826171875 0.09853515625 0.11728515625 0.10341796875 0.10654296875 0.1126953125 0.10751953125 0.11953125 0.10263671875
5 0.14052734375 0.34970703125 0.14345703125 0.35849609375 0.1546875 0.3677734375 0.16494140625 0.38046875 0.17080078125 0.38388671875 0.1908203125 0.41025390625 0.20302734375 0.41318359375 0.2123046875 0.41025390625 0.22158203125 0.3990234375 0.2240234375 0.3912109375 0.22353515625 0.38291015625 0.21474609375 0.3560546875 0.187890625 0.32529296875 0.178125 0.319921875 0.168359375 0.31845703125 0.1634765625 0.3140625 0.1654296875 0.2876953125 0.164453125 0.2681640625 0.16005859375 0.26474609375 0.1341796875 0.261328125 0.1205078125 0.273046875 0.1166015625 0.28037109375 0.117578125 0.28818359375 0.1234375 0.29990234375 0.1322265625 0.30673828125 0.12978515625 0.3169921875 0.12490234375 0.3228515625 0.1244140625 0.32724609375 0.13125 0.33701171875 0.13515625 0.35068359375 0.14052734375 0.34970703125
7 0.14638671875 0.50595703125 0.1458984375 0.49619140625 0.13662109375 0.4537109375 0.13173828125 0.44150390625 0.12734375 0.39609375 0.125390625 0.39365234375 0.11806640625 0.39169921875 0.10537109375 0.39169921875 0.090234375 0.3921875 0.0580078125 0.4029296875 0.04287109375 0.4107421875 0.031640625 0.413671875 0.027734375 0.4185546875 0.0345703125 0.48544921875 0.04189453125 0.51328125 0.047265625 0.51962890625 0.05703125 0.5201171875 0.12783203125 0.51181640625 0.14638671875 0.50595703125
9 0.32119140625 0.5318359375 0.30263671875 0.5220703125 0.27919921875 0.5162109375 0.273828125 0.51328125 0.27333984375 0.5083984375 0.28603515625 0.48740234375 0.285546875 0.4859375 0.28115234375 0.4859375 0.25185546875 0.49814453125 0.238671875 0.5064453125 0.23720703125 0.509375 0.25673828125 0.58798828125 0.26064453125 0.59189453125 0.293359375 0.603125 0.30775669687499996 0.609375 0.35 0.609375 0.35 0.534716796875 0.32119140625 0.5318359375
4 0.35 0 0.35 0.1030675546875 0.41015625 0.1419921875 0.4345703125 0.1546875 0.4384765625 0.15810546875 0.45361328125 0.1859375 0.4697265625 0.19912109375 0.4775390625 0.2015625 0.48291015625 0.1966796875 0.48828125 0.18447265625 0.52099609375 0.1283203125 0.53759765625 0.1068359375 0.59814453125 0.0130859375 0.6005859375 0.00673828125 0.599462890625 0 0.35 0
4 0.4169921875 0.281640625 0.419921875 0.29384765625 0.41943359375 0.30751953125 0.43212890625 0.33046875 0.4501953125 0.32314453125 0.474609375 0.30703125 0.4990234375 0.2953125 0.55029296875 0.26357421875 0.61376953125 0.23427734375 0.61328125 0.22890625 0.60107421875 0.203515625 0.59619140625 0.168359375 0.587890625 0.1439453125 0.57861328125 0.1205078125 0.5576171875 0.07705078125 0.55615234375 0.07705078125 0.537109375 0.09755859375 0.53173828125 0.10927734375 0.5234375 0.115625 0.515625 0.13369140625 0.48876953125 0.178125 0.48193359375 0.1966796875 0.47705078125 0.2005859375 0.47119140625 0.1986328125 0.4521484375 0.1830078125 0.43798828125 0.15517578125 0.39501953125 0.13173828125 0.37646484375 0.1185546875 0.3505859375 0.10439453125 0.35 0.10388671875 0.35 0.14189453125 0.39990234375 0.24306640625 0.4169921875 0.281640625
4 0.5967480468749999 0 0.59912109375 0.0052734375 0.59716796875 0.01259765625 0.58642578125 0.02626953125 0.5615234375 0.06728515625 0.55712890625 0.0755859375 0.55712890625 0.08046875 0.5625 0.09609375 0.57763671875 0.1263671875 0.5888671875 0.15810546875 0.60009765625 0.209375 0.60888671875 0.22646484375 0.6083984375 0.2357421875 0.587890625 0.24404296875 0.5771484375 0.25087890625 0.5654296875 0.254296875 0.5322265625 0.2728515625 0.5126953125 0.285546875 0.50634765625 0.2962890625 0.51513671875 0.3041015625 0.52734375 0.30947265625 0.5458984375 0.32216796875 0.564453125 0.32607421875 0.5732421875 0.3314453125 0.61328125 0.3431640625 0.62646484375 0.35 0.64794921875 0.3578125 0.6669921875 0.36220703125 0.68505859375 0.37001953125 0.69189453125 0.3685546875 0.7021484375 0.3578125 0.70654296875 0.34169921875 0.70654296875 0.29287109375 0.70263671875 0.242578125 0.7060546875 0.226953125 0.71826171875 0.1009765625 0.71923828125 0.074609375 0.71484375 0.03701171875 0.7229682734375 0 0.5967480468749999 0
4 0.37109375 0.4291015625 0.36865234375 0.4330078125 0.41162109375 0.44130859375 0.4482421875 0.43203125 0.59716796875 0.4212890625 0.62158203125 0.414453125 0.64111328125 0.40322265625 0.66845703125 0.3978515625 0.67919921875 0.3880859375 0.72119140625 0.37490234375 0.72607421875 0.3705078125 0.7255859375 0.36806640625 0.7197265625 0.363671875 0.70556640625 0.35634765625 0.69921875 0.3568359375 0.69189453125 0.36513671875 0.68701171875 0.36513671875 0.63037109375 0.3451171875 0.60009765625 0.344140625 0.54833984375 0.34658203125 0.50244140625 0.351953125 0.482421875 0.355859375 0.47412109375 0.3607421875 0.4716796875 0.3646484375 0.455078125 0.3646484375 0.4443359375 0.37001953125 0.40771484375 0.40029296875 0.400390625 0.40859375 0.3837890625 0.42177734375 0.37109375 0.4291015625
1 0.4296875 0.32705078125 0.419921875 0.3060546875 0.4208984375 0.29140625 0.412109375 0.266015625 0.35 0.13934518906249999 0.35 0.3398276265625 0.37158203125 0.33828125 0.4296875 0.32705078125
0 0.7216579859375 0 0.72021484375 0.00185546875 0.71875 0.00087890625 0.7138671875 0.0052734375 0.71240234375 0.01455078125 0.71240234375 0.055078125 0.71484375 0.0716796875 0.7177734375 0.0794921875 0.74462890625 0.1224609375 0.7578125 0.13173828125 0.779296875 0.0736328125 0.783203125 0.0521484375 0.7841796875 0.031640625 0.763671875 0.00576171875 0.74951171875 0.000390625 0.7460611984375001 0 0.7216579859375 0
4 0.75927734375 0.3041015625 0.7646484375 0.30068359375 0.77001953125 0.29384765625 0.7724609375 0.28017578125 0.76318359375 0.27333984375 0.76318359375 0.26943359375 0.7744140625 0.230859375 0.77490234375 0.2171875 0.76171875 0.22841796875 0.74267578125 0.23916015625 0.7080078125 0.246484375 0.70654296875 0.34462890625 0.71923828125 0.3451171875 0.728515625 0.35146484375 0.7353515625 0.34951171875 0.7373046875 0.34560546875 0.73583984375 0.30703125 0.740234375 0.30458984375 0.75927734375 0.3041015625
4 0.564453125 0.3197265625 0.54833984375 0.3177734375 0.52490234375 0.30361328125 0.51416015625 0.30068359375 0.50439453125 0.29384765625 0.49951171875 0.293359375 0.4970703125 0.29580078125 0.4921875 0.2962890625 0.486328125 0.3041015625 0.48291015625 0.3333984375 0.48388671875 0.3548828125 0.5322265625 0.34853515625 0.5810546875 0.3451171875 0.62841796875 0.34658203125 0.611328125 0.33583984375 0.59423828125 0.3314453125 0.564453125 0.3197265625
0 0.287450396875 0.6305307546875001 0.265376984375 0.6275545640625 0.2537202375 0.629538690625 0.24330357187499999 0.635987103125 0.23710317500000003 0.6461557546875001 0.2358630953125 0.6560763890625 0.23363095312499998 0.660540675 0.2140376984375 0.6850942453125 0.2021329359375 0.6972470234375 0.1994047625 0.701959325 0.1889880953125 0.71336805625 0.18501984062500001 0.7255208328125 0.1852678578125 0.7480902781250001 0.18774801562500001 0.7629712296875 0.19196428593749998 0.7726438484375 0.20262896874999997 0.7838045640625 0.21205357187499999 0.7900049609375001 0.22048611093749998 0.7934771828125 0.29241071406249997 0.8088541671874999 0.3417658734375 0.8217509921874999 0.3492063484375 0.8224950390625001 0.35 0.822448353125 0.35 0.640432990625 0.30927579375 0.6349950390625 0.287450396875 0.6305307546875001
4 0.184523809375 0.6213541671875 0.184771825 0.6275545640625 0.1835317453125 0.6560763890625 0.18030753906250002 0.679637896875 0.18154761875 0.6845982140625 0.19345238125 0.692038690625 0.20114087343749998 0.695262896875 0.20585317500000003 0.6940228171875 0.2266865078125 0.6719494046875 0.234623015625 0.660788690625 0.23710317500000003 0.6560763890625 0.2385912703125 0.6476438484375 0.2445436515625 0.6374751984375 0.25446428593750003 0.630034721875 0.2614087296875 0.6280505953125 0.2698412703125 0.627306546875 0.2738095234375 0.6253224203125 0.2790017078125 0.609375 0.1750248015625 0.609375 0.1827876984375 0.617137896875 0.184523809375 0.6213541671875
0 0 0.7311550046875 0.009424603125 0.7309771828125 0.030505953125000002 0.7346974203125 0.0327380953125 0.738665675 0.0349702375 0.7498263890625 0.037450396875 0.7525545640625 0.0922619046875 0.7555307546875001 0.1202876984375 0.7555307546875001 0.150545634375 0.757762896875 0.15699404687500002 0.7590029765625 0.162450396875 0.75751488125 0.1676587296875 0.74833829375 0.17113095312499998 0.733457340625 0.1731150796875 0.7143601187499999 0.1827876984375 0.6563244046875 0.1835317453125 0.62978670625 0.18303571406250002 0.62333829375 0.18030753906250002 0.6178819437499999 0.177579365625 0.6163938484375 0.1669146828125 0.6151537703125001 0.1550099203125 0.6121775796875 0.1483268453125 0.609375 0.0043612640625 0.609375 0 0.6377232171875 0 0.7311550046875
6 0.3077876984375 0.8118303578124999 0.2514880953125 0.799181546875 0.23115079375 0.795957340625 0.2165178578125 0.7909970234375 0.2021329359375 0.783556546875 0.1927083328125 0.772891865625 0.18799603125 0.757762896875 0.18700396875 0.733209325 0.18824404687500002 0.7240327375 0.19097222187500001 0.714112103125 0.19072420625 0.7118799609375001 0.18849206406250002 0.71063988125 0.180803571875 0.7148561515625 0.17286706406250002 0.7252728171875 0.1733630953125 0.7324652781250001 0.17237103125 0.738665675 0.16344246093749998 0.7622271828125 0.16468253906250002 0.767931546875 0.16865079375 0.7721478171875 0.1810515875 0.776612103125 0.18774801562500001 0.785540675 0.196924603125 0.792237103125 0.20510912656250002 0.8004216265625 0.20882936562499999 0.8053819437499999 0.2123015875 0.8125744046875001 0.2175099203125 0.8180307546875 0.2202380953125 0.82919146875 0.22371031718749998 0.8381200390625001 0.2266865078125 0.842832340625 0.23710317500000003 0.8554811515624999 0.2547123015625 0.874082340625 0.2671130953125 0.892931546875 0.275545634375 0.9031001984374999 0.2832341265625 0.9088045640625 0.30282738125 0.920709325 0.31572420625 0.9308779765624999 0.35 0.9535932953125 0.35 0.8221558171875 0.34325396874999997 0.8215029765624999 0.3077876984375 0.8118303578124999
12 0.35 1 0.35 0.982077471875 0.3373015875 0.9680803578124999 0.325148809375 0.9559275796875 0.30357142812500004 0.9375744046875001 0.2914186515625 0.9246775796875 0.2703373015625 0.8966517859375 0.265376984375 0.8874751984374999 0.2552083328125 0.87333829375 0.231398809375 0.8465525796875 0.22718253906250002 0.8403521828124999 0.22147817500000003 0.8289434531250001 0.2140376984375 0.8190228171875 0.20833333281250002 0.8061259921874999 0.203125 0.7994295640625 0.19469246093749998 0.7912450390625 0.1703869046875 0.773387896875 0.15947420625 0.7617311515625 0.15649801562500001 0.7599950390625 0.1331845234375 0.7565228171875 0.10689484062500001 0.7562748015625 0.09697420625 0.757266865625 0.07762896875 0.7632192453125 0.0580357140625 0.776116071875 0.0483630953125 0.785292659375 0.0384424609375 0.79794146875 0.03447420625 0.8063740078125001 0.0302579359375 0.8120783734374999 0.0228174609375 0.8279513890624999 0.0171130953125 0.8472966265625 0.0171130953125 0.889459325 0.0210813484375 0.9055803578124999 0.0270337296875 0.92021329375 0.0332341265625 0.93955853125 0.0389384921875 0.9688244046875001 0.04092261875 0.98916170625 0.042923534375 1 0.35 1
9 1 0.609375 0.44717078125 0.609375 0.447222221875 0.6190972218749999 0.4422619046875 0.7455853171875 0.44250992031249997 0.7602182546875 0.44325396875 0.7726190468749999 0.44970238125 0.8204861109375001 0.4501984125 0.8351190468749999 0.453670634375 0.8611607140625 0.46023859062500005 1 1 1 1 0.609375