17 0.31916145 0.51875 0.30160618906250003 0.40839613437500005 0.29806881875 0.323066128125 0.28961468125 0.294922140625 0.271417171875 0.2877565109375 0.182558078125 0.2914128109375 0.0717540546875 0.28330903749999997 0.0187503828125 0.2854899859375 0.010236203125 0.29217184375 0.012274684375 0.3427401484375 0.023832184375000003 0.51875 0.31916145 0.51875
17 0.246875 0.28888441875000004 0.27974730000000003 0.290670371875 0.283494721875 0.2952648171875 0.30145205937499997 0.4417338296875 0.31934975 0.458409078125 0.3221977171875 0.49153238750000006 0.3448487015625 0.4984375 0.34510079843749997 0.4984375 0.3832060953125 0.4082951515625 0.43125 0.2319733 0.43125 0.2304784359375 0.4020936 0.2207380578125 0.30355117656249997 0.210546871875 0.267785715625 0.20093835312500002 0.2523462125 0.237979903125 0.246875 0.2863496203125 0.246875 0.28888441875000004
17 0.1030763375 0.140881384375 0.0434172375 0.1401704265625 0.011369078125 0.19372418125 0.020392728125000002 0.261416753125 0.0385902359375 0.2685823828125 0.0435967703125 0.28262230312500003 0.0502522015625 0.2855142125 0.07999334218750001 0.2859375 0.1932589125 0.2859375 0.19652206562500002 0.230426321875 0.1885476765625 0.170604978125 0.1590179421875 0.16073987812499999 0.10652394218750001 0.15498545156250002 0.10121759062499999 0.1504551515625 0.1030763375 0.140881384375
17 0.2195498375 0.273599378125 0.2273524125 0.278125 0.248509740625 0.278125 0.2530669640625 0.23106534375 0.26445923437499996 0.198938971875 0.3073897921875 0.2035040234375 0.3353605953125 0.21343326875000002 0.366539225 0.21215035625 0.3778116046875 0.16736587187500002 0.37496363593750004 0.13424255937500001 0.3796875 0.12503324531249999 0.3796875 0.124146509375 0.3720257046875 0.11220311875 0.3542479015625 0.1081859828125 0.2325313546875 0.10053122656249999 0.21875 0.2528814875 0.21875 0.257795096875 0.2195498375 0.273599378125
17 0.433634003125 0.23484011875 0.42077276875 0.2559467734375 0.4171751578125 0.28775241875 0.38560654687499996 0.3919386265625 0.3861461390625 0.40774522968750004 0.4676598453125 0.4171875 0.47770894375 0.4171875 0.49557116093750003 0.393745415625 0.5125 0.3566725046875 0.5125 0.344358859375 0.48555045625000004 0.14219190937499998 0.4192740796875 0.13887526875 0.4134580578125 0.142280340625 0.3968192828125 0.217360375 0.43123566249999995 0.2286072828125 0.433634003125 0.23484011875
17 0.17307346875000001 0.16280276093749999 0.1870138875 0.17330931562500002 0.18698376562500002 0.23187714375000001 0.192956621875 0.2328125 0.19501563125000002 0.2328125 0.2015625 0.1566670671875 0.2015625 0.1363034046875 0.1967574578125 0.07002115 0.1787698 0.0644297671875 0.058522225000000004 0.06779473593749999 0.0484491125 0.0745407359375 0.0476994703125 0.1394696921875 0.17307346875000001 0.16280276093749999
17 0 0.25849617812500003 0.02310234375 0.2625 0.0266596453125 0.2625 0.028506162499999998 0.17123078593750002 0.0510208046875 0.1402296375 0.0609375 0.1383549546875 0.0609375 0.13327971562500002 0.052190153125000006 0.07844917500000001 0.0074908078125 0.072374021875 0 0.072586134375 0 0.25849617812500003
17 0.0865337765625 0 0.00873604375 0.007463657812500001 0.015759589062500003 0.071875 0.019425621875 0.071875 0.13872679375000002 0.0654301359375 0.14375 0.059329696875000004 0.14375 0.056570350000000005 0.1352193453125 0.0038421109374999996 0.129668540625 0 0.0865337765625 0
17 0.1930791953125 0.0664263171875 0.197666025 0.07731774999999999 0.186393246875 0.2867218453125 0.2113173734375 0.290625 0.2184975140625 0.290625 0.2328318484375 0.105945509375 0.2840667359375 0.10225445625 0.2859375 0.075899003125 0.2859375 0.0457357953125 0.2818784453125 0.015286059375 0.260772928125 0.00982296875 0.162350390625 0.012289896875000001 0.1520674265625 0.0174616546875 0.1614808625 0.06456073906250001 0.1930791953125 0.0664263171875
17 0.3206895171875 0 0.32671266718749997 0.056223451562500006 0.38401648437499997 0.0640625 0.3989707125 0.0640625 0.446875 0.060806817187499994 0.446875 0.0248332953125 0.4460901453125 0 0.3206895171875 0
17 0.31961829375 0.10352094062499999 0.35454434375 0.106832475 0.379607134375 0.1184642578125 0.37370115 0.1329531984375 0.3767589703125 0.167650753125 0.36902415624999996 0.215455440625 0.3887848984375 0.21875 0.39985171406250003 0.21875 0.41663170781250003 0.13751825 0.47359265156249997 0.141505990625 0.4796875 0.1189263515625 0.4796875 0.111507159375 0.4697853875 0.0894275859375 0.47038502031249996 0.0704083453125 0.448859796875 0.061796764062499995 0.3927382640625 0.0641060046875 0.3271432546875 0.05414200625 0.31961829375 0.10352094062499999
10 1 0.1298589375 0.9250549078125001 0.0835713828125 0.856350646875 0.048444190625 0.7834551718749999 0.037940278125 0.6937790234375 0.0311546953125 0.616402371875 0.053565590625000006 0.5796875 0.1097769296875 0.5796875 0.38127290625 0.6404899453125 0.3646494171875 0.669417225 0.3468859421875 0.719701240625 0.337389259375 0.7241402296875 0.4009075375 0.714829925 0.47668699531250003 0.758065321875 0.478295821875 0.7920115078125 0.5074675625 0.8083805312500001 0.51875 0.8542661984375 0.51875 0.8874235562500001 0.4930721375 0.9115639 0.4217402234375 0.9249863328125001 0.3712123375 0.9329628234375 0.3335739265625 0.9784177140625001 0.3669418921875 1 0.37128789218749997 1 0.1298589375
3 0.863113034375 0.1008860484375 0.801610275 0.097894975 0.7733209046875 0.09741707968749999 0.7953155484375 0.0874425 0.771507353125 0.0540497953125 0.7508254265625001 0.07409986874999999 0.7378089375 0.113019609375 0.7491805609375 0.1687489921875 0.7799213921874999 0.1943528015625 0.80917553125 0.2148560328125 0.8229828125 0.200936546875 0.828059709375 0.24621345625000002 0.780306240625 0.2309612015625 0.7054021453125 0.23028146875000002 0.7154610484375 0.275935353125 0.73635385 0.2974685984375 0.741604721875 0.3377705875 0.763955203125 0.3609375 0.764676584375 0.3609375 0.8481195296875 0.3391795328125 0.8768359390625001 0.2798327390625 0.8872269921875 0.220762003125 0.8813593031250001 0.1504848421875 0.8766303546875001 0.0952580953125 0.863113034375 0.1008860484375
4 0.5796875 0.51875 0.7115948015625 0.51875 0.712179140625 0.5163037953125 0.7134549609375 0.47982105468749997 0.7182840890625 0.43695640625000004 0.7141719578125001 0.41170483124999996 0.7235402546875 0.33426706875 0.6865415921875 0.3447690234375 0.6427262781249999 0.35974325937499996 0.6039509640625 0.3734361671875 0.5796875 0.37797182500000004 0.5796875 0.51875
16 1 0.449283021875 0.9832688390625 0.449327271875 0.9033827328124999 0.4482705625 0.8862586296874999 0.48901724062499996 0.870765825 0.5035217703125 0.8784852937500001 0.515625 0.8806286156249999 0.515625 0.896950175 0.5097785781249999 0.9213970343749999 0.5045025796875 0.9205203843750001 0.4887594125 0.9277369546875001 0.48645514062500006 0.9246167015625 0.4940574546875 0.9364424734375 0.5027907 0.96369553125 0.47848729062500006 0.9887885890625 0.454733021875 1 0.45510440937499996 1 0.449283021875
15 0.5796875 1 0.5796875 0.91898908125 0.576871284375 0.9140546765625001 0.566989965625 0.89127618125 0.5456372140625 0.8712867124999999 0.536756059375 0.860257959375 0.534905803125 0.8529501546875 0.536225915625 0.8367155281249999 0.5239043078125001 0.8198977921875 0.5179435625 0.8210534828125 0.50110149375 0.835778340625 0.4850695140625 0.8465532187499999 0.4517554296875 0.8774644953124999 0.43152293437499994 0.8917975953124999 0.42127164375000004 0.8916062406249999 0.3935581125 0.8776920484375001 0.3868172609375 0.8764165765625 0.3718554328125 0.8920680937500001 0.349662690625 0.9064584515625 0.3439820484375 0.9282191390625 0.336411146875 0.9431639781250001 0.3363411625 0.9500370828125 0.3456023890625 0.96841658125 0.3510431703125 0.997705053125 0.35174366562500003 1 0.5796875 1
15 0 0.51875 0 0.7818031640625 0.029912381249999998 0.7831739078125001 0.043944192187499995 0.7969969484374999 0.049228851562499995 0.7984375 0.131874971875 0.7984375 0.135265678125 0.7982558 0.146437046875 0.787132109375 0.1515376796875 0.7845291734375 0.1813514265625 0.784639903125 0.19421303750000002 0.78279185 0.206204515625 0.773607365625 0.22097634843749997 0.7663048265625 0.23173765937500002 0.7542115359375 0.2399386765625 0.7495548765625 0.2421875 0.7459546343750001 0.2421875 0.7381433 0.241038728125 0.7240016703125 0.2315073375 0.6668576578125001 0.22406630624999999 0.6381184046875 0.2193855875 0.5994827234375 0.2051336375 0.552292396875 0.1941722265625 0.542796778125 0.1736096015625 0.5311276578124999 0.15215688125 0.5243924343749999 0.140238734375 0.51875 0 0.51875
15 0.3515625 1 0.3515625 0.9870246218750001 0.350236825 0.978266846875 0.346946365625 0.9646208421875 0.34125562187499997 0.956443640625 0.3394853703125 0.9481519203125 0.3468362140625 0.9238884984375 0.34799631249999996 0.9096217031249999 0.3420755703125 0.9102854359375 0.33102421406250004 0.9199332515624998 0.323513275 0.9221158046875001 0.30954151093750004 0.919579175 0.2772174078125 0.9082536031250001 0.2604753078125 0.9097242125000001 0.236802359375 0.91826833125 0.2335819671875 0.9217979265625 0.23257186093749999 0.9282077015624999 0.2201303265625 0.936914540625 0.1944971328125 0.9455159171874999 0.191386728125 0.9416804515624999 0.1902865140625 0.9191362515625 0.1869960546875 0.9054902468750001 0.1833155828125 0.9026530125000001 0.155122090625 0.9186910234375001 0.1432606453125 0.93228881875 0.126518628125 0.95780813125 0.1091764765625 0.9666581187500001 0.1038358234375 0.9722128062500002 0.090023221875 1 0.3515625 1
13 0.0772042765625 0.8353864171875 0.079864625 0.8387442390625001 0.07297377968749999 0.8453257875 0.0499310265625 0.8882067906250001 0.072663934375 0.9032480484375001 0.0945467546875 0.92273124375 0.11719928125000001 0.9390625 0.11927269375 0.9390625 0.1836278875 0.9034423593750001 0.184375 0.901164334375 0.184375 0.8919181671875 0.17705690937500002 0.8579908312500001 0.13009084375 0.8102837046874999 0.12313995312499999 0.8055788390625 0.11970952187499999 0.8056790390625 0.078134375 0.8299605609375 0.0772042765625 0.8353864171875
12 0.5796875 0.632912765625 0.5785624734375 0.6323110515625 0.5732417828124999 0.6255954078125 0.5603701484375 0.621554275 0.5439380546875 0.61320003125 0.5357270171875 0.611967503125 0.53058638125 0.6150624 0.5084536859375001 0.6407391734375001 0.4693088875 0.677219453125 0.458227546875 0.6932484125 0.4340045734375 0.71456913125 0.369686740625 0.7900663203125 0.3574252609375 0.8085837 0.33765284375000004 0.8292836296875 0.3353825921875 0.8391657437500001 0.35588525312499997 0.863597153125 0.36534649531249996 0.8795168609375 0.3646164140625 0.8824829265625 0.356825453125 0.8881091859375001 0.343823871875 0.9037034437500001 0.3452777 0.9046875 0.3528752484375 0.9046875 0.3621161625 0.9012059734375001 0.39041964375 0.877802903125 0.42430395625 0.8939907984375001 0.429694634375 0.8938333390625001 0.43479526562500004 0.891230403125 0.459798346875 0.8723408453125 0.48112095468750005 0.8506140515624999 0.5107746093750001 0.8286439140624999 0.5272466265625 0.8124574953125 0.55508000625 0.776798409375 0.565981290625 0.7509589109375 0.5796875 0.7408575390625 0.5796875 0.632912765625
4 0.340290984375 0.829882190625 0.359163284375 0.808226971875 0.36086346874999997 0.7993430937499999 0.345441559375 0.8086277796875001 0.3282994265625 0.8150179734374999 0.3151077671875 0.8149125078124999 0.2868341890625 0.8078857312500001 0.2780631046875 0.8135406203125001 0.2545901734375 0.8196249437500001 0.252789940625 0.8177143703125 0.2540300453125 0.8024636609375 0.24751911093749998 0.768298546875 0.24533880625 0.7590372249999999 0.2401381265625 0.7508457078124999 0.23001686718749997 0.7550676640624999 0.22023567812499997 0.767132328125 0.20701403593749998 0.7734080062500001 0.19555262499999998 0.78208621875 0.18857175312500002 0.783762496875 0.1493668265625 0.7849076593750001 0.1370553234375 0.7980278109375 0.1335448859375 0.79911193125 0.1321747484375 0.8099493296875 0.1472367078125 0.8291409703125 0.1766905078125 0.8577280312500001 0.1860318203125 0.8991723171875 0.18950241875 0.9466775625 0.192692828125 0.9495291109374999 0.2245667921875 0.9363283359375 0.234968075 0.92866266875 0.2358581703125 0.9237287703125 0.23850849375 0.9211974078124999 0.27394291875 0.912309740625 0.2817038984375 0.913064625 0.30659706875000003 0.92558883125 0.32317915625000004 0.9260860531249999 0.32721965937499997 0.9244956640625 0.3640625 0.8800544359375 0.3640625 0.8763148375 0.3585233921875 0.8641957124999999 0.35455287343749997 0.8589130015625 0.34940221875 0.8561187109375 0.34158119375 0.8440774125000001 0.33895083125 0.8343384468749999 0.340290984375 0.829882190625
12 0.19862450625 0.51875 0.2042359625 0.5558208296875 0.20887659687500001 0.570899765625 0.2245389296875 0.6789068453125 0.2295696578125 0.7072257140625 0.238730915625 0.7388594609375 0.2490623734375 0.7861643015625 0.252492884375 0.8101128031249999 0.2516928203125 0.819951971875 0.25284115625000003 0.8203125 0.2569284625 0.8203125 0.271985359375 0.8169052828125001 0.2887574421875 0.809053528125 0.3209115078125 0.81645775 0.343894378125 0.8103877374999999 0.3671472515625 0.7949848328125 0.4056619375 0.74821636875 0.421713878125 0.7251711625 0.42816460625 0.699952453125 0.4290646390625 0.6768590375000001 0.43271505 0.662028715625 0.43567529687500006 0.62562379375 0.4420060140625 0.6018809609375 0.44477626875 0.573825015625 0.44878670937500004 0.5545670671875 0.450536834375 0.5270317109375 0.4488390640625 0.51875 0.19862450625 0.51875
4 0.44870423906249995 0.51875 0.45065979531249994 0.527816134375 0.44940974999999994 0.5612263609375 0.44465920781249996 0.577561190625 0.444269196875 0.5883699609375 0.4365283390625 0.6234421515624999 0.434688184375 0.6460722375 0.43922877031249996 0.6503567171875 0.43845868593750004 0.653814740625 0.43425816875 0.657372965625 0.4296776609375 0.6776291484375 0.43189796874999997 0.6863985109375 0.4453496921875 0.6953305999999999 0.4510704171875 0.6971266593750001 0.45609104218749996 0.6955076359375 0.46192175625000004 0.6899386359374999 0.47458326875 0.666501671875 0.4831543359375 0.663306575 0.49359562031250004 0.6551489484374999 0.5076173296875 0.639034103125 0.5270297171875 0.622761796875 0.5325303828125 0.6152392765625 0.5418815546875 0.6144753406250001 0.5644044265625 0.6260872046875 0.5725754609375 0.627811690625 0.574465721875 0.6346275359375 0.5796875 0.6329053453125 0.5796875 0.5514344078125 0.5764856890625001 0.5496618796874999 0.559923565625 0.536894325 0.55191254375 0.5332020046875 0.52351895625 0.527651103125 0.49854608437500003 0.51875 0.44870423906249995 0.51875
2 0.827030315625 0.6862979703125001 0.8259061265625001 0.72393655625 0.8318429828125 0.74709725 0.8651731640625 0.7892550796875 0.8901917421875 0.79898794375 0.9196639921875001 0.8015625 0.9242435625000001 0.8015625 0.9495280296875 0.7936049796875 0.9693452484374999 0.769675096875 0.9734375 0.7498072140625001 0.9734375 0.74466260625 0.9674326750000001 0.7106386265625 0.9439901609374999 0.678401365625 0.9165968375 0.6594042265625 0.8673267671874999 0.6505718125 0.853383225 0.65539165625 0.827030315625 0.6862979703125001
2 1 0.5498248203125 0.9752523437499999 0.5499785296875 0.9273063078125 0.565413321875 0.9028027859375 0.613085378125 0.9055243328125 0.6389841390625 0.919079184375 0.6613008296875 0.9510853296875 0.679191453125 0.9800008328125 0.684375 1 0.684375 1 0.5498248203125
2 0.8067513578125001 0.51875 0.800187596875 0.5381098718749999 0.8005344015624999 0.5547443578125 0.8096865687499999 0.575166978125 0.85566785 0.6093731203125 0.8935468109375 0.615625 0.8947645109375 0.615625 0.9103913125 0.6050966718749999 0.928125 0.5395660484375 0.928125 0.5361615921875 0.9182924343749999 0.51875 0.8067513578125001 0.51875
2 0.9085458062499999 0.51875 0.9114078140625 0.524836965625 0.9399885062500001 0.5484662421875 0.9632998125000001 0.553125 0.9712423874999999 0.553125 1 0.5485388609374999 1 0.5199738218750001 0.9991278843749999 0.51875 0.9085458062499999 0.51875