11 0 0 0 0.018076171874999998 0.00009765625 0.01826171875 0.0064453125 0.02509765625 0.019140625 0.02802734375 0.02646484375 0.02705078125 0.0376953125 0.020703125 0.11142578125 0.008984375 0.1216796875 0.02412109375 0.1373046875 0.0587890625 0.15244140625 0.08173828125 0.16025390625 0.0900390625 0.18369140625 0.098828125 0.20517578125 0.10322265625 0.21640625 0.1037109375 0.22470703125 0.09931640625 0.23740234375 0.09931640625 0.26083984375 0.1037109375 0.2412103328125 0.11726215312499999 0.24556727031249997 0.1285494078125 0.2486427734375 0.1336799671875 0.2524871375 0.1406062046875 0.2553063328125 0.14471064843749998 0.256844075 0.1449671828125 0.25505004531250003 0.14778900625 0.253768590625 0.155741359375 0.2504426421875 0.16208485156250002 0.24648679687500002 0.1760948671875 0.2466796875 0.1837890625 0.25205078125 0.1916015625 0.2642578125 0.2033203125 0.3111328125 0.235546875 0.32919921875 0.25166015625 0.3495812796875 0.2655917890625 0.36728515625 0.26630859375 0.3765625 0.28193359375 0.38583984375 0.2912109375 0.41611328125 0.30146484375 0.4390625 0.29951171875 0.4576171875 0.3009765625 0.4712890625 0.30732421875 0.48544921875 0.32001953125 0.50888671875 0.32880859375 0.51767578125 0.3302734375 0.53916015625 0.32978515625 0.5748046875 0.31806640625 0.581640625 0.30439453125 0.5843793921875 0.234289540625 0.5928182859375 0.20646530468750002 0.5863650453125 0.1677101390625 0.575940575 0.13938905 0.565516178125 0.11255856875 0.54404296875 0.0626953125 0.53671875 0.05 0.5298828125 0.01337890625 0.52305103125 0 0 0
11 0.1883416125 0.341015625 0.1912713 0.3478515625 0.20152520625 0.3576171875 0.20250176875 0.3654296875 0.208849425 0.378125 0.22203301875 0.39814453125 0.247911925 0.42353515625 0.27086114375000003 0.4416015625 0.29136895625000003 0.45087890625 0.33677911250000003 0.450390625 0.35972833125000003 0.4455078125 0.37925958125000003 0.4484375 0.40172051875000003 0.43720703125 0.42808770625000003 0.42939453125 0.43443536250000003 0.42548828125 0.44322442500000003 0.4123046875 0.44761895625000003 0.4015625 0.44908380000000003 0.38544921875 0.45494317500000003 0.36201171875 0.45347833125000003 0.34248046875 0.43736505000000003 0.3107421875 0.42759942500000003 0.3029296875 0.41295098750000003 0.3029296875 0.40220880000000003 0.2951171875 0.38609551875000003 0.2921875 0.38170098750000003 0.28828125 0.37095880000000003 0.27021484375 0.35533380000000003 0.2697265625 0.32994317500000003 0.25751953125 0.32017755000000003 0.24091796875 0.27720880000000003 0.20966796875 0.25132989375000003 0.18037109375 0.2381463 0.1681640625 0.21129083125 0.15107421875 0.19078301875 0.141796875 0.18394708125 0.14130859375 0.169786925 0.1447265625 0.158068175 0.15888671875 0.154161925 0.169140625 0.15611505 0.1955078125 0.17027520625 0.23212890625 0.1844353625 0.2580078125 0.19468926875 0.28193359375 0.19371270625 0.28974609375 0.18394708125 0.309765625 0.18492364375 0.32783203125 0.1883416125 0.341015625
11 0 0.5464535359375 0.01083984375 0.559765625 0.0259765625 0.56708984375 0.04109375 0.5796875 0.548076596875 0.5796875 0.54013671875 0.5763671875 0.53134765625 0.565625 0.52255859375 0.559765625 0.50986328125 0.54658203125 0.5015625 0.544140625 0.49375 0.5451171875 0.48837890625 0.548046875 0.4810546875 0.55634765625 0.4693359375 0.5578125 0.40634765625 0.54658203125 0.3677734375 0.53095703125 0.3482421875 0.52900390625 0.33994140625 0.5255859375 0.31162109375 0.501171875 0.2798828125 0.46357421875 0.210546875 0.40546875 0.198828125 0.39033203125 0.18564453125 0.37763671875 0.16318359375 0.3615234375 0.14560546875 0.3458984375 0.1265625 0.33564453125 0.09140625 0.32685546875 0.06357421875 0.3166015625 0.04501953125 0.3029296875 0.0337890625 0.2970703125 0.01474609375 0.29365234375 0.0064453125 0.29560546875 0.0015625 0.3 0 0.3034007359375 0 0.5464535359375
13 0.6890625 0 0.6890625 0.10585798906249999 0.7008463546875 0.1108723953125 0.7708333328125 0.1369140625 0.7838541671875 0.1776041671875 0.8229166671874999 0.1873697921875 0.8522135421874999 0.1662109375 0.8896484375 0.01484375 0.8356019625 0 0.6890625 0
13 0.7643229171875 0.2541015625 0.7985026046875 0.2150390625 0.7822265625 0.1580729171875 0.7659505203125 0.13528645781249998 0.7057291671875 0.1108723953125 0.6890625 0.1056640625 0.6890625 0.317265625 0.689453125 0.317578125 0.7643229171875 0.2541015625
13 0.7757161453125 0.5047526046875 0.7805989578125 0.4673177078125 0.7838541671875 0.38430989531250004 0.7643229171875 0.3322265625 0.6890625 0.3279259671875 0.6890625 0.523859603125 0.7513020828125 0.5259114578124999 0.7757161453125 0.5047526046875
13 0.7887369796875 0.37942708281250004 0.8229166671874999 0.3338541671875 0.81640625 0.30618489531250004 0.8131510421874999 0.2899088546875 0.8310546875 0.2361979171875 0.8343098953125001 0.1727213546875 0.7919921875 0.200390625 0.8017578125 0.219921875 0.7057291671875 0.30618489531250004 0.6890625 0.3152758046875 0.6890625 0.3277589421875 0.7643229171875 0.33059895781250004 0.7887369796875 0.37942708281250004
18 0.263751784375 0.6781383796875 0.40932742656250004 0.661963309375 0.415036275 0.6572059343750001 0.41983503437499997 0.5796875 0.2472148078125 0.5796875 0.25899440937499996 0.6657692078124999 0.263751784375 0.6781383796875
18 0 0.871497384375 0.011610965625 0.8703362875 0.0458640578125 0.8579671140625 0.1362541625 0.8494038421875001 0.20761477187500002 0.8294228703125001 0.21142067031249998 0.8180051734375 0.1990514984375 0.7466445640625 0.181924953125 0.711439996875 0.16479840625 0.6857501781249999 0.16004103281249998 0.683847228125 0.0020962171875 0.712391471875 0 0.7126602171875 0 0.871497384375
18 0.1731759734375 1 0.1952456 0.9435998453125001 0.1876338015625 0.850355315625 0.18477937656250001 0.8446464671875 0.177167578125 0.8446464671875 0.0905833734375 0.8598700640624999 0.0353978359375 0.8741421859375 0 0.8786473656249999 0 1 0.1731759734375 1
16 1 0.727787990625 0.9381433828124999 0.727787990625 0.9316074343749999 0.7147160953125 0.9169015515625001 0.7130821078125 0.8874897875000001 0.71798406875 0.8825878265625 0.7343239374999999 0.8253982843750001 0.744127859375 0.8041564546875 0.762101715625 0.79925449375 0.798049428125 0.8221303109375 0.89445465625 0.8450061281249999 0.89608864375 0.8825878265625 0.8830167484375 0.8940257359375 0.8846507359375 0.8989276953124999 0.9712520421875 0.94141135625 0.976154003125 0.97735906875 0.9892258984375 1 0.9864815437500001 1 0.727787990625
16 0.8977681843750001 1 0.9032849953125 0.9298577078125 0.9011063453125001 0.890642021875 0.8923917484375 0.879748775 0.8716945796875001 0.8764808000000001 0.8509974140625 0.8830167484375 0.8117817265625 0.89499931875 0.7954418578125 0.904803240625 0.7873970609375001 1 0.8977681843750001 1