17 0.31224779375 0.31684321249999997 0.3209613046875 0.368249359375 0.344791165625 0.3799359375 0.4159302859375 0.3953125 0.42905298125 0.3953125 0.44140361562499997 0.386234315625 0.4734375 0.1760934234375 0.4734375 0.1473404546875 0.355546040625 0.1033683625 0.342024559375 0.10024031250000001 0.3348219234375 0.10721737656250001 0.29148010625 0.300925996875 0.295642359375 0.308062684375 0.31224779375 0.31684321249999997
17 0 0.5390625 0.2398438375 0.5390625 0.1751811046875 0.44920578281249995 0.066101653125 0.3621232640625 0.0021545749999999997 0.3019262 0 0.301422990625 0 0.5390625
17 0.0912230453125 0.306149934375 0.0901704671875 0.314557725 0.16723981875 0.4338298265625 0.27401976562499997 0.4953125 0.2859379390625 0.4953125 0.3129516265625 0.4578118640625 0.321875 0.4357258984375 0.321875 0.368296153125 0.3163217078125 0.32015585468749996 0.16265895156250001 0.22881413125 0.1565356953125 0.2273907859375 0.149510228125 0.23317411875 0.1095277015625 0.28073925312500003 0.0912230453125 0.306149934375
17 0.10046352656249999 0.21287719374999997 0.1298780703125 0.266646846875 0.1581687734375 0.23646105781250001 0.24436510937499997 0.2828125 0.26566485625 0.2828125 0.3140625 0.15059839531250002 0.3140625 0.0571694890625 0.21083106406250002 0.0318829734375 0.1895134234375 0.0269182359375 0.18498164374999998 0.032203246875 0.1266637296875 0.15811089843749998 0.1054349921875 0.19374563125 0.10046352656249999 0.21287719374999997
13 0 0 0 0.3223416421875 0.0028584546875 0.323747040625 0.015276000000000001 0.3394237234375 0.025441653125 0.3417814171875 0.0577642265625 0.2405058046875 0.07976675 0.21105765468749998 0.08638728749999999 0.1895590453125 0.0989158109375 0.18350704843750001 0.118174228125 0.061286101562499994 0.1396175109375 0 0 0
18 0.44278897031250003 1 0.44941303593750004 0.9508107812500001 0.4562627234375 0.930263675 0.4598375328125 0.8998457249999999 0.471875 0.8445102500000001 0.471875 0.806221796875 0.46573070781250003 0.779618446875 0.4619517109375 0.7765625 0.4474351625 0.7765625 0.425021696875 0.78638008125 0.406547809375 0.824972840625 0.3992684890625 0.9084761875 0.3925322875 0.9334486015625 0.39019771875 0.9533133843750001 0.3919411015625 1 0.44278897031250003 1
18 0.36534605781249996 1 0.38561979062499996 0.9672325078124999 0.40625 0.9217776109375 0.40625 0.840625 0.4043011515625 0.840625 0.3973346078125 0.8460179625 0.3740033734375 0.8754645671875 0.3052376296875 1 0.36534605781249996 1
18 0 1 0.0317808796875 1 0.050353878124999994 0.9926408859375 0.087894940625 0.9666687453125 0.16859698437499998 0.9418612765625 0.20501406093750002 0.9201461671875 0.22201833437500001 0.9034735796875001 0.23353916875 0.8961554812500001 0.3080352125 0.8868978750000001 0.3583816625 0.8694947281250001 0.3800424359375 0.8559381390624999 0.390625 0.8402704984374999 0.390625 0.8110314078125 0.383310025 0.80102016875 0.3684654125 0.7884150234374999 0.35657526875 0.7881392109375 0.290091621875 0.8147804890625 0.2299263703125 0.8302884015625001 0.193212240625 0.8437900609375 0.1138509515625 0.8624818812499999 0.0421327515625 0.8909634671875001 0.016401546875 0.9071393578125001 0.0053222765625000005 0.9214318359375 0 0.9372815781250001 0 1
18 0.30619412343749997 1 0.31875 0.9788845046875 0.31875 0.88456311875 0.269537015625 0.8900375140625 0.263150403125 0.8931320453125 0.2582001390625 0.9009472859375001 0.2515625 0.9007645109375 0.2515625 0.901034196875 0.2545494203125 0.9368211093750001 0.2591235 0.9432313484375001 0.2630478015625 0.9605891406249999 0.2656738765625 1 0.30619412343749997 1
1 1 0.715745784375 0.9955228359374999 0.7164959015625 0.9906305296875001 0.7125 0.980500103125 0.7125 0.97959735625 0.71329405625 0.9753505609375 0.7223659484375 0.96844951875 0.72556779375 0.961017628125 0.7351733265625 0.9334134609374999 0.785335553125 0.9286358171875 0.7901383187500001 0.915364584375 0.786936475 0.9058092953125 0.7874701156249999 0.899439103125 0.78160006875 0.8909455125000001 0.7783982234375 0.836798878125 0.7677254093749999 0.8293669874999999 0.76932633125 0.81875 0.7864956421875 0.81875 0.8021630234374999 0.8261818921875002 0.806147540625 0.8304286859375001 0.8130848703125 0.8426382218749999 0.8210894812499999 0.965795271875 0.8717853468750001 1 0.8830634921874999 1 0.715745784375
8 0.8925426140624999 0.6253645828125001 0.8958935953125 0.634375 0.92338154375 0.634375 0.925 0.6336451859375 0.925 0.6258267921875 0.9230350375 0.62421875 0.921401515625 0.60703125 0.9192234859375 0.60359375 0.9116003796874999 0.6013020828125 0.8898200765625 0.6013020828125 0.8925426140624999 0.6253645828125001