1 0.36054936249999997 0.1522478453125 0.3711713984375 0.1686633109375 0.363757728125 0.1696324125 0.37024684375 0.1800043859375 0.384763784375 0.1933475546875 0.40189576406249994 0.21267329531249998 0.4199938140625 0.23771333437500003 0.4491591921875 0.277303190625 0.458879084375 0.284375 0.45958137499999996 0.284375 0.46973628749999996 0.2786568671875 0.49742137656249996 0.258380178125 0.5375 0.2259583390625 0.5375 0.2186724671875 0.47415475156250003 0.12937378593749999 0.46923189218749994 0.1234878234375 0.460854578125 0.1164613859375 0.45365469062499997 0.1103178109375 0.451021396875 0.104544984375 0.44513901562499997 0.10728381718749999 0.440161515625 0.0972209796875 0.43625954531250005 0.09161398125 0.43205427656250006 0.0875 0.43198363906250004 0.0875 0.4184770578125 0.098984190625 0.3994094578125 0.1187219265625 0.38998898125000003 0.1284895921875 0.376272696875 0.1395790921875 0.35891469531250003 0.1492784109375 0.36054936249999997 0.1522478453125
4 0.36073251093750003 0.16967347187499998 0.367360834375 0.16609180625 0.3566195734375 0.1491855875 0.3940021640625 0.12125444375000001 0.3286498859375 0.127012359375 0.348634553125 0.1925589015625 0.35394670625 0.242822403125 0.3565641375 0.2611386640625 0.3598433296875 0.27184936406250004 0.3627181109375 0.2872079015625 0.3668156296875 0.30303320624999996 0.36912761875 0.31875 0.371216284375 0.31875 0.402295990625 0.31148400781249996 0.4340038078125 0.310054421875 0.45625 0.2879233609375 0.45625 0.285897375 0.4498550984375 0.27791075468750004 0.4298099984375 0.25177757500000003 0.41053101718749996 0.22651894218750002 0.39223874375 0.199599628125 0.373447178125 0.18325840625 0.36073251093750003 0.16967347187499998
11 0.8043327796874999 0.2209662296875 0.8186126921874999 0.23568607031250002 0.8291204562499999 0.27124216562500003 0.8521486953125 0.287971015625 0.8646272453125 0.2916415140625 0.884934559375 0.28693410468749997 0.88733914375 0.2801850640625 0.8952777359375 0.2068685671875 0.888730959375 0.1990987140625 0.8843001453125 0.183507459375 0.868202934375 0.160292925 0.81124855625 0.09070086875 0.7997474312499999 0.072364896875 0.7918909484375 0.053629860937499996 0.782394221875 0.045355034375 0.7595950078125 0.007694893749999999 0.7516428984375001 0.004287753125 0.7358779656250001 0.006703873437500001 0.7294167687499999 0.00099456875 0.722228996875 0.0012985953124999999 0.7187395765625 0.0083734125 0.720962953125 0.0148917140625 0.72004928125 0.019338590625 0.7106280875000001 0.030512762500000002 0.7099174515625 0.0339714453125 0.7125309671875 0.04106800625 0.7202481625 0.050572640625 0.7298841765625 0.06807786875 0.74815105625 0.090640853125 0.8043327796874999 0.2209662296875
11 0.8062620078125 0.511303071875 0.8087899406249999 0.5163390828125001 0.8283110859375 0.4956413546875 0.8505413718749999 0.46671229375 0.8633705609375 0.41418051250000004 0.8512980859375 0.4085336234375 0.8494489109375 0.405148228125 0.8566148515625001 0.3925650546875 0.854065090625 0.37524989531249997 0.8505697796874999 0.3674909125 0.8501737500000001 0.35207885625 0.8543738031250001 0.3415453609375 0.8500226812499999 0.3131808609375 0.8440372046875 0.310110365625 0.8374426125 0.310004459375 0.8307305609375 0.312947296875 0.82040574375 0.3111798984375 0.80386053125 0.3124395 0.796555303125 0.315792275 0.7950484531249999 0.3206490875 0.7970268671875 0.35065332968749996 0.79984341875 0.3567616953125 0.8006614640624999 0.3676427125 0.7973650343750001 0.39111778125 0.795304509375 0.45316506875 0.8023169625 0.48096218281249997 0.8062620078125 0.511303071875
14 1 0.0486767109375 0.8933954296875001 0.4014391703125 0.9097616593750001 0.380349803125 1 0.09306897812500001 1 0.0486767109375
14 0.8527391859375001 0.4630347921875 0.870378721875 0.4446681203125 0.9585941453124999 0.089057378125 0.9444146281249999 0.08433286250000001 0.8527391859375001 0.4630347921875
14 0.91726215625 0 0.879106146875 0.351607040625 0.904332290625 0.25194221250000004 0.9333887796875 0 0.91726215625 0
14 1 0 0.9938391546875 0 0.8954023281250001 0.345447575 0.9072096421874999 0.33181190625 1 0.039907874999999995 1 0
14 1 0.209991471875 0.9406899203125001 0.2872280015625 0.9295472499999999 0.3247933578125 1 0.2355840953125 1 0.209991471875
14 1 0.24731641249999997 0.9555005781249999 0.31057575625 0.8737769 0.42846208125 0.8707437109375 0.4413210484375 0.880956675 0.4296911125 0.9068921734375 0.396750503125 0.9476911765625001 0.3466804125 0.966794978125 0.3179090875 1 0.2706107328125 1 0.24731641249999997
14 1 0.282483590625 0.769491090625 0.571280496875 0.7729112703125 0.5766930578125 0.780033209375 0.57576681875 1 0.30184638750000004 1 0.282483590625
14 0.7929290953125 0.609375 0.8490160453125 0.5186509218750001 0.8986312250000001 0.43649037812499997 0.9151344546875 0.40657442499999996 0.879102296875 0.4502090703125 0.7758896281250001 0.609375 0.7929290953125 0.609375
14 0.91708061875 0.404303171875 0.82829688125 0.56278535 0.8327334499999999 0.5681955046875 0.837281728125 0.5690126 0.8980140984375 0.4601963546875 0.9313287796875 0.403364709375 0.953638403125 0.3604905671875 0.91708061875 0.404303171875
14 0.8203303078124999 0.609375 0.838062071875 0.568779190625 0.8317880171875001 0.56887466875 0.8281670140624999 0.5636406203125001 0.8087549828125 0.609375 0.8203303078124999 0.609375
14 0.8503980875 0.609375 0.938628515625 0.3919835859375 0.8963849453125 0.46377310625 0.8374415765624998 0.6076479531250001 0.837861096875 0.609375 0.8503980875 0.609375
14 0.9023483875 0.609375 0.9417943093750001 0.384747284375 0.92030180625 0.43827896875 0.88874994375 0.609375 0.9023483875 0.609375
5 0.49856402031249997 1 0.514147015625 0.9880434875 0.4984460046875 0.9700276140625 0.4933453109375 0.964975809375 0.48237594375 0.9543931406249999 0.46255641406250003 0.9462393062500001 0.44142364062499995 0.9435787687499999 0.4259422328125 0.9425728187499999 0.3968015546875 0.9449705749999999 0.3814052328125 0.9512652921875 0.3671319296875 0.96106598125 0.3468476109375 0.973709375 0.34665681406250004 0.9892875828125 0.3507481265625 0.9913500687500001 0.357245328125 0.9922213953125001 0.366082040625 0.9950413781249999 0.378932346875 0.997673003125 0.3854355328125 1 0.49856402031249997 1
5 0.33094182499999997 1 0.340415715625 0.9799700828125001 0.36059187812500004 0.939296859375 0.370899515625 0.9023688203125 0.38812117343749997 0.8608770109374999 0.39834417499999997 0.8320896453125 0.40217153593750005 0.81228616875 0.40609149687499996 0.7881023046875 0.42458269375 0.7692516546875 0.43086199531249997 0.7533672828125 0.42912950937499994 0.7526280828124999 0.41183654062499997 0.7602772546875001 0.4022458203125 0.7508812375 0.3737539421875 0.7590559734375 0.34721144531250003 0.7742503109375 0.309850740625 0.8257128937499999 0.2774547765625 0.8655920859374999 0.24917432499999997 0.925790878125 0.23572703593750002 0.9706611 0.2315055390625 0.9967052687500001 0.2320659734375 1 0.33094182499999997 1
5 0 1 0.041823165625 1 0.04465965625 0.9959252078125 0.06451755625 0.9868484546874999 0.10787420625 0.9777435453125 0.1196454578125 0.9681413390625 0.12121865312499999 0.955284715625 0.12529926875 0.9332606375000001 0.1365388890625 0.9111834078125 0.1436540671875 0.9303064656250001 0.15567967656249998 0.7615861625 0.15154666249999998 0.758725840625 0.1415148546875 0.7544455140624999 0.1228143890625 0.753230396875 0.10184280937500001 0.7534227640625 0.08392340781249999 0.7631438328125 0.06727735 0.777612821875 0.0470233265625 0.798585978125 0.0330837390625 0.818414365625 0.021467746875 0.8617196515625001 0 0.922952453125 0 1
5 0.43024291875 0.7747379140625 0.41697088281249994 0.7851252484375 0.40421680000000004 0.8047505890625001 0.38543193593749997 0.8802327546875001 0.397158521875 0.8855968984375 0.43357506093750003 0.8971674984375 0.49639108125 0.8981810484375 0.5138094468750001 0.8839723046875001 0.49008437968749996 0.8624879671875 0.46767161249999994 0.8329072796875 0.44283499531250003 0.796521528125 0.42393375312500003 0.8167701468749999 0.44173640000000003 0.7877571578125 0.43024291875 0.7747379140625
5 0.26231598749999996 0.8509939281250001 0.223681925 0.8631425796875 0.196154425 0.8855976859375 0.17506430625 0.9197472250000001 0.163005709375 0.9358779359374999 0.16351492031249998 0.9601548109374999 0.18037594375 0.962378003125 0.2043621875 0.9549156515625 0.2333103296875 0.9545414000000001 0.2476155625 0.917695790625 0.2600978671875 0.8852421109374999 0.271968471875 0.8668439609374999 0.2876162859375 0.8485625484374999 0.26231598749999996 0.8509939281250001
5 0.20976470156250002 0.866748753125 0.22806761562500003 0.8559625578125001 0.21208037968750001 0.8353259312500001 0.18952681875 0.8270947421875 0.1704739515625 0.82811196875 0.1580250921875 0.8329411515625 0.15147100156249999 0.8528123796875 0.14867463125 0.8734915984375 0.15007391406249998 0.8854225124999999 0.15642085 0.8976749359374999 0.1646741 0.9015940125 0.17392920625 0.9027592140625 0.1785984390625 0.9013711875 0.1891054 0.8879586968750001 0.1979702484375 0.8778223453124999 0.20976470156250002 0.866748753125
5 0 0.9132525671874999 0.0076439328124999996 0.8970286046875 0.013655368749999999 0.8805049609375001 0.017294173437499998 0.8683376328125 0.017395803125 0.8486125578125 0.0032579999999999996 0.8589684625 0 0.8608542015625 0 0.9132525671874999
5 0 0.8406180890625 0.0162225890625 0.8416721984375 0.022175153125 0.8312443765624999 0.0358368640625 0.8100702562500001 0.052440089062499994 0.7838963031249999 0.0854746140625 0.7516215828125 0.0770884703125 0.7396439828125 0.06589191718750001 0.72983215625 0.060525503125000005 0.7182362546875 0.0611920296875 0.7009761890624999 0.055575476562500004 0.704071909375 0.0416307859375 0.7243624859375 0.0282576203125 0.749015978125 0.0098229921875 0.7733406015625001 0 0.7853220000000001 0 0.8406180890625
5 0.20889047343749997 0.609375 0.21869127812500003 0.640402875 0.2313947046875 0.6658098578125 0.23720299687500002 0.672708903125 0.25160875781250003 0.6570900421875 0.25632341406250003 0.649369765625 0.267080971875 0.6440488 0.280300109375 0.6449077515624999 0.2878185953125 0.6504129296875 0.2888918484375 0.6560009703125 0.290769771875 0.656624659375 0.2989649015625 0.636588934375 0.3037379375 0.609375 0.20889047343749997 0.609375
5 0.35429473125 0.609375 0.3546510015625 0.619639071875 0.3643567578125 0.654382890625 0.3657722625 0.66701646875 0.3632573953125 0.6733746921875 0.368737025 0.6792490531250001 0.369729809375 0.6853335296874999 0.3893137140625 0.6866060515625 0.41451100468749996 0.6807183578125 0.42716686875 0.6850523578125001 0.43273376093750004 0.6934407078125 0.4416008734375 0.7180967515625 0.43535054375 0.7322388765625 0.430548625 0.7374451625 0.42990488750000005 0.7414166468750001 0.4491805109375 0.7506957625 0.45783233437500004 0.7522612671875 0.45995845468749996 0.754406075 0.46525676562499996 0.752242028125 0.4774162390625 0.7535337890625 0.482788225 0.7478628796875 0.4968857046875 0.740250615625 0.50235174375 0.740104125 0.5061812640625 0.7378446375000001 0.5073145984375 0.7339049656250001 0.49219715624999993 0.7233910484375 0.48605340625000004 0.7124568953125 0.480084178125 0.706550721875 0.4768848078125 0.698817871875 0.450546321875 0.6690132625 0.4280305578125 0.633938740625 0.42491165468750003 0.62570945625 0.41485112187500006 0.6145207984375001 0.41127970156250004 0.609375 0.35429473125 0.609375
17 1 1 1 0.9461373906249999 0.9860439796874999 0.8157332593750001 0.992604021875 0.7652376890625 0.9814685390625 0.7551550171875 0.9413970515625 0.7511209046875 0.7306627546875 0.753803375 0.719240078125 0.762809940625 0.6837182953125 0.8419049234375 0.7102775125 0.9417377515625001 0.7102260375 0.9868394546874999 0.7126081640625 1 1 1
17 0.61875 0.7467775359375001 0.67838423125 0.7483909875 0.698276378125 0.7599526609375 0.7172534374999999 0.7593986859374999 0.7270816531250001 0.7521732906249999 0.78573801875 0.7504610046875 0.7869917765625 0.6983857140625 0.7822341328125 0.681178365625 0.7692427343749999 0.669415246875 0.61875 0.6670760046875001 0.61875 0.7467775359375001
17 0.6204082171875 0.609375 0.61875 0.6109064609375 0.61875 0.669338665625 0.6379977765625 0.6715119015625 0.7692427343749999 0.669415246875 0.78646886875 0.6914624859375 0.791226509375 0.70866983125 0.8038257296874999 0.7152405296875 0.8104650234375 0.711577471875 0.814594771875 0.6975799328125001 0.8087120625 0.6196936203125001 0.8040246359375001 0.609375 0.6204082171875 0.609375
17 1 0.609375 0.8174502640625001 0.609375 0.8166843625 0.610787778125 0.8230107296875 0.6487648078125 0.8268532828125 0.6538565078125 1 0.64592085 1 0.609375
17 1 0.6458294140625 0.9511974921874999 0.6519612953125 0.8372044078125 0.6535543390624999 0.8092627453125001 0.7185510609375 0.8118772828124999 0.7531672 0.817314296875 0.7564777296875 0.9639552109375 0.752197015625 0.9924732953125 0.7635068828125 0.9903044515625 0.8034665265625 1 0.9110527578125 1 0.6458294140625