1 0 0 0 0.1625586078125 0.00312055625 0.1628753453125 0.012198271875 0.169473653125 0.03062928125 0.1888066046875 0.038594065625 0.20274006406249998 0.0484131 0.23906983125 0.05049805 0.255267653125 0.049003848437500004 0.27961756718749997 0.0330125375 0.33916890624999996 0.030833867187500003 0.359375 0.4 0.359375 0.4 0.2725630453125 0.36511564218750003 0.1904213421875 0.354624790625 0.16085839375 0.3457628078125 0.1439499921875 0.339677853125 0.1246439546875 0.330048975 0.1057729765625 0.3126411203125 0.0544352328125 0.304480878125 0.038983228125000005 0.29755856875000003 0.033148678125 0.283553721875 0.0122440046875 0.27344849375 0.001658390625 0.27054870468750003 0 0.09080240625 0 0.064136978125 0.0016448828124999999 0.0571794453125 0.0035273640625 0.049860906249999996 0.010595971875 0.036843034375 0.017335876562499998 0.030767742187500002 0.018081690625 0.022782692187500002 0.01597686875 0.010261439062499999 0.0026027718750000002 0.0087651796875 0 0 0
14 0.5870503265625 0.359375 0.523481109375 0.2709210984375 0.5142814234374999 0.25032614999999997 0.44825892968750003 0.16488337656250002 0.4 0.0917691578125 0.4 0.1228380921875 0.49480970468749996 0.262307246875 0.569023378125 0.359375 0.5870503265625 0.359375
14 0.6381638609375 0.359375 0.6133571609375 0.180980021875 0.5838532640625 0.06754410937500001 0.5710067578125 0.04105968125 0.6193511953125 0.359375 0.6381638609375 0.359375
14 0.7383019234375 0.359375 0.786447628125 0.1574236515625 0.79865515 0.147566959375 0.8398770437499999 0.1421259 0.9120417249999999 0.1218253734375 0.9234375 0.11349043125 0.9234375 0.1003360328125 0.9219833203124999 0.1 0.9099714515624999 0.1 0.8524870515625 0.1142261859375 0.785461915625 0.1392359234375 0.7743671 0.15199090937499998 0.7628697953125 0.1827889203125 0.7197260875 0.359375 0.7383019234375 0.359375
14 0.8213991249999999 0.359375 0.9296875 0.2121926 0.9296875 0.184375 0.9233205140624999 0.184375 0.8302609999999999 0.31237119999999996 0.7995091359375 0.359375 0.8213991249999999 0.359375
14 1 0.00625 0.9962039703125001 0.00625 0.9406676046874999 0.0858659671875 0.7692351359374999 0.359375 0.79604090625 0.359375 1 0.035557896875 1 0.00625
14 0.8717673890625001 0 0.856789278125 0.030813129687500003 0.8265625 0.12214201093749999 0.8265625 0.1234375 0.8307079140625 0.1234375 0.8449169015625 0.1178292859375 0.8878848265624999 0 0.8717673890625001 0
14 0.7451188046875 0.359375 0.8082371515624999 0.22129111875000002 0.8333011796874998 0.1475662921875 0.8284345578125001 0.14160120468749998 0.81507226875 0.152469678125 0.7944623375 0.2225716796875 0.7495611359375 0.317393171875 0.7390019921875 0.359375 0.7451188046875 0.359375
14 0.669021478125 0 0.6566115531250001 0.27763542812500003 0.666788690625 0.3400622109375 0.6736865546875 0.3530581625 0.6892737109375 0 0.669021478125 0
14 0.6361496375 0 0.6416495265625001 0.139712959375 0.6385983968750001 0.21165877656249998 0.65417824375 0.27465288593750004 0.6534343359375001 0 0.6361496375 0
14 0.58289100625 0 0.6013972609375 0.132759125 0.640547909375 0.2882202390625 0.6554202171875 0.359375 0.673112453125 0.359375 0.6600039328125 0.29844435625 0.6232970515625 0.15960201875 0.601735325 0 0.58289100625 0
14 0.74431965625 0 0.7247926640625 0.072086903125 0.6968429031250001 0.2573168015625 0.6736865546875 0.3530581625 0.6741989640625 0.359375 0.7096614406249999 0.359375 0.7629319546875 0.141540475 0.7980894562499999 0.0211525765625 0.798078996875 0.0075163453125000005 0.7915936578125 0.0041083046875 0.771065459375 0.004679709375 0.7617551984375 0.015973678124999998 0.7626981531249999 0 0.74431965625 0
17 0.4 0.359375 0.2970603921875 0.359375 0.3115198859375 0.4540026359375 0.32920246875000003 0.5625254906249999 0.3336333671875 0.5751416984375 0.34097718593750004 0.654226734375 0.344537446875 0.66875 0.4 0.66875 0.4 0.359375
17 0 0.359375 0 0.45073436093749997 0.1589467546875 0.8359375 0.21866714531250003 0.8359375 0.33740972812500003 0.8210036546874999 0.34231838593749997 0.816441021875 0.346271484375 0.7906975171874999 0.3484375 0.7549056671875001 0.3484375 0.673141025 0.345537465625 0.666832584375 0.33674889375 0.5817189390624999 0.31999593125 0.4822456921875 0.3141234765625 0.4649199109375 0.3107463125 0.4184036015625 0.30205713749999996 0.40267426562499997 0.29832424375 0.359375 0 0.359375
15 0.6221963125000001 0.76875 0.6237221843749999 0.767460771875 0.623910090625 0.7324510453124999 0.6364470625 0.761768378125 0.640625 0.7610478078125 0.640625 0.749736515625 0.6279977000000001 0.7177551265625001 0.6256327828125 0.660450428125 0.5993959999999999 0.6317470375 0.53497149375 0.4578125 0.505093965625 0.4578125 0.47113687656250003 0.5034654484375001 0.44275847968750004 0.562574721875 0.4440114046875 0.578098425 0.534001934375 0.740962065625 0.5771566265625 0.76875 0.6221963125000001 0.76875
15 0.5552285890624999 0.4924665328125 0.5632485328125 0.542583721875 0.591001428125 0.6236601484375 0.60875175625 0.6532411859374999 0.62036786875 0.659375 0.6347644125 0.659375 0.6468841890625 0.6553220046874999 0.724766209375 0.60600760625 0.734375 0.578538090625 0.734375 0.53627616875 0.7040729359375 0.446501475 0.6836480187499999 0.42080861875000003 0.6614232109375 0.4211646796875 0.5733054109375 0.4619269765625 0.5589644578125 0.4763844609375 0.5552285890624999 0.4924665328125
15 0.6726069453125 0.359375 0.5387144046875 0.44946514843749996 0.5317372078125 0.45960013593750004 0.5361142078125 0.482115896875 0.549127765625 0.50625 0.5562929671875001 0.50625 0.5746064750000001 0.4684026 0.6193538859375 0.450045278125 0.6938355640625 0.43735958593749996 0.7096641046875 0.454346271875 0.72775215 0.5013666750000001 0.78125 0.46641784218750004 0.78125 0.4001802546875 0.76172940625 0.3631694953125 0.7585860765625 0.359375 0.6726069453125 0.359375
15 0.8184760421874999 0.8476941640625 0.805486925 0.8344211671874999 0.8183857187499999 0.803021003125 0.8077714546875001 0.78419013125 0.78039579375 0.7681931171875 0.6391368156249999 0.754262534375 0.594858465625 0.7669050515625 0.543412325 0.7429461359375 0.4791615875 0.7331836015625 0.5001114015625 0.7605797546875 0.5053243359375 0.7871989734375 0.5010849562499999 0.8274478015625 0.5274831921875001 0.8384537140624999 0.544244590625 0.8356198593750002 0.5480601 0.8727880546875 0.5625840640625 0.91158334375 0.5837222671875 0.9045719281250001 0.7572961375 0.9265625 0.8052636312499999 0.9265625 0.8130237515625 0.9259613468750001 0.8203125 0.9214873062500001 0.8203125 0.9118460125000001 0.816796034375 0.9098544937499999 0.796356546875 0.9115914171874999 0.7840190453125 0.9016458249999999 0.789840375 0.87831739375 0.8106527671875 0.869642278125 0.8184760421874999 0.8476941640625
10 0.48738364687499997 0.359375 0.4933409 0.3766598546875 0.532467415625 0.3767956875 0.5462250984375 0.3863799765625 0.5481442453125001 0.39628168124999996 0.539184428125 0.41145165625 0.5101584484374999 0.42834455 0.519892890625 0.45225551406250003 0.5482329203124999 0.44059457343749997 0.6155645515625 0.3932890953125 0.635129709375 0.36266804375 0.6358112281249999 0.359375 0.48738364687499997 0.359375
12 0.4 0.8690262234375 0.43969411875000003 0.871727690625 0.47397653125000005 0.8556417796875 0.505380225 0.8247033125 0.5114613203125 0.7946807796875001 0.5076692656249999 0.7663448453124999 0.4943239140625 0.7413457984375 0.4668085484375 0.7221772203125 0.43069946249999996 0.71129638125 0.4 0.7152781906250001 0.4 0.8690262234375