15 0.0378255203125 0.3072916671875 0.0345703125 0.4488932296875 0.034521484375 0.45 0.049267578125 0.45 0.052473957812500006 0.3089192703125 0.0378255203125 0.3072916671875
15 0.2982421875 0.3626302078125 0.3112630203125 0.3382161453125 0.225 0.3756510421875 0.1550130203125 0.3984375 0.0378255203125 0.4375 0.046158853124999996 0.45 0.051871745312499995 0.45 0.1533854171875 0.4130859375 0.2982421875 0.3626302078125
15 0 0.2945421703125 0.1798206234375 0.45 0.2083262125 0.45 0 0.2768457453125 0 0.2945421703125
13 0.2559244796875 0.4440104171875 0.2852213546875 0.388671875 0.3259114578125 0.3203125 0.3145182296875 0.291015625 0.2884765625 0.2731119796875 0.24778645781250003 0.2698567703125 0.21197916718749998 0.2926432296875 0.1973307296875 0.330078125 0.2103515625 0.3610026046875 0.1989583328125 0.4309895828125 0.20678615156250002 0.45 0.249609375 0.45 0.254296875 0.4423828125 0.2559244796875 0.4440104171875
1 1 0.14084370468750002 0.967832340625 0.13499503906250002 0.90830853125 0.12631448437499998 0.842584325 0.11267361093749999 0.832663690625 0.12631448437499998 0.8401904328124999 0.1747006796875 1 0.2174948734375 1 0.14084370468750002
12 0.614409721875 0.2565228171875 0.6466517859375001 0.2689236109375 0.680133928125 0.2689236109375 0.7160962296875 0.26148313437500004 0.770659721875 0.249082340625 0.807862103125 0.236681546875 0.8401041671874999 0.22056051562499998 0.8424225765625 0.1915804 0.8401041671874999 0.167237103125 0.8314236109375001 0.12631448437499998 0.8413442453125001 0.11143353125 0.842584325 0.092832340625 0.82274305625 0.0742311515625 0.7942212296875 0.050669642187499996 0.738417659375 0.0432291671875 0.6652529765625 0.05438988125000001 0.6181299609375001 0.0878720234375 0.5809275796875 0.11267361093749999 0.5759672625000001 0.1498759921875 0.59580853125 0.1734375 0.602008928125 0.2193204359375 0.614409721875 0.2565228171875
0 0.724767246875 0 0.72353670625 0.0010664687500000001 0.72353670625 0.023387896875 0.6999751984375 0.020907737500000002 0.7012152781250001 0.0370287703125 0.71981646875 0.035788690625 0.7222966265624999 0.0444692453125 0.721056546875 0.048189484375 0.74461805625 0.0444692453125 0.7743799609375001 0.045709325 0.8029017859375 0.0556299609375 0.8289434531250001 0.0705109125 0.8463045640625 0.10151289687500001 0.873586309375 0.1027529765625 0.939310515625 0.10151289687500001 0.998834325 0.10399305625 1 0.1027108140625 1 0.0038814500000000003 0.9963228375 0 0.724767246875 0
6 0.51875 0 0.51875 0.0607271140625 0.5437251984375 0.0779513890625 0.582167659375 0.11143353125 0.5871279765625 0.1151537703125 0.6094494046875 0.085391865625 0.6379712296875 0.0680307546875 0.6751736109375 0.05438988125000001 0.717336309375 0.045709325 0.6491319437499999 0.010987103125 0.6216641859375 0 0.51875 0
8 0.15546875 0.89609375 0.3109375 0.0078125
18 0.62719745625 0.7335478390625 0.5905646953125 0.74943418125 0.6226917125 0.8489075859374999 0.688086534375 0.8794444468749999 0.702718578125 0.8665350609375 0.664287809375 0.7344653937500001 0.62719745625 0.7335478390625
1 0.74276988125 1 0.7499258953125 0.9815587921875 0.7714294015625 0.9924269671875001 0.771100540625 0.923630859375 0.763521846875 0.917514009375 0.761713575 0.8329070796875 0.6959507125 0.8454325015625 0.69702873125 0.8861215390625 0.5661892859375001 0.8155354406249999 0.5590363328125 0.8221761828125 0.5522248796875 0.813465696875 0.51875 0.7635147328125 0.51875 0.8176309234374999 0.5308751546875 0.8344397578124999 0.51875 0.8575535406249999 0.51875 1 0.74276988125 1