2 0.259375 0.09114685312500001 0.23382801875 0.0912268546875 0.2210317140625 0.1019525875 0.2082625265625 0.13436199843750002 0.18484336875000001 0.161493178125 0.15726748125 0.178701584375 0.13125 0.1864827140625 0.13125 0.20267301093749998 0.13433731875 0.2202662453125 0.1564780859375 0.278125 0.259375 0.278125 0.259375 0.09114685312500001
2 0.202016690625 0 0.2090417546875 0.0198283609375 0.2448026921875 0.06032751562500001 0.259375 0.06803260156249999 0.259375 0.013904957812499999 0.244010465625 0.012544931249999999 0.22389766249999998 0 0.202016690625 0
2 0 0.2874034640625 0.051054331249999994 0.2855858625 0.1671875 0.28011873593750003 0.1671875 0.2733321578125 0.1630248328125 0.270166940625 0.12333505625 0.2198469078125 0.079170390625 0.1984375 0.0517895265625 0.1984375 0.0247681984375 0.20129219531250003 0.012844689062500001 0.240994871875 0 0.25587126875 0 0.2874034640625
2 0 0 0 0.12299425312500001 0.0018357171875 0.125 0.036723623437500005 0.125 0.052339085937499995 0.11936600625 0.0768353296875 0.10975112499999999 0.1010933203125 0.0857749390625 0.1156768015625 0.032666409375 0.15135678749999998 0.0259035296875 0.15895437031249998 0 0 0
2 0.149903003125 0.0749567515625 0.14739134375000001 0.09891025625 0.134037728125 0.1028241875 0.136112490625 0.11834339062499999 0.0943511875 0.1540006484375 0.0645707359375 0.16936993125 0.08081031718750001 0.1809371546875 0.0932766046875 0.1828125 0.1307681890625 0.1828125 0.15473875312500002 0.1782920359375 0.200244034375 0.1523222484375 0.213519696875 0.129507784375 0.2140625 0.119203515625 0.2140625 0.04137598125 0.20116474375 0.0248812890625 0.17912199374999999 0.00043547812500000004 0.1658463328125 0.023249940625 0.168295503125 0.0354639 0.160869828125 0.0654013046875 0.149903003125 0.0749567515625
2 0 0.128509696875 0.013407654687500001 0.1431319953125 0.038917571875 0.15906185625 0.05826586406249999 0.165625 0.068658178125 0.165625 0.0976906765625 0.15221412031249998 0.1380442734375 0.1160498359375 0.13428333125 0.09991117968749999 0.1507915921875 0.09668610625 0.14712315625 0.0691220125 0.160903171875 0.06357809375 0.16875 0.040461346875 0.16875 0.0289434 0.16560450468750001 0.0201196640625 0.16875 0.0104425140625 0.16875 0.0061729 0.1534584078125 0.0076391968749999995 0.1392159421875 0.0278891515625 0.101713971875 0.036997978125 0.08949064531249999 0.090600265625 0.0707010984375 0.106985471875 0.047518618750000005 0.1146039234375 0.01248285625 0.13012289999999999 0 0.1253202171875 0 0.128509696875
2 0.425 0.3148667578125 0.425 0.3633732328125 0.42615784375 0.3633732328125 0.42720211875 0.3633732328125 0.45748616406250003 0.4005211046875 0.48200582812500004 0.4078125 0.5089975046874999 0.4078125 0.5240588453124999 0.397959184375 0.547555084375 0.37490188281250003 0.55 0.36194598125 0.55 0.32479436875 0.5436390453125 0.3006061390625 0.5201428046875 0.276267878125 0.48489844375 0.26217730625 0.45618081718750003 0.269863071875 0.432684575 0.29035845 0.425 0.3148667578125
2 0.7358589624999999 0.2683611984375 0.7460576484375 0.278125 0.7915514203125 0.278125 0.8128744171874999 0.25504858124999996 0.81875 0.227626515625 0.81875 0.1963791921875 0.81800878125 0.1871542375 0.8013220999999999 0.16585405 0.7797296265625 0.1640625 0.76601315625 0.1640625 0.7397097359375 0.171179096875 0.7265625 0.2034084734375 0.7265625 0.22595935625000002 0.7268738265625 0.23241713437499997 0.7332917812499999 0.271023721875 0.7358589624999999 0.2683611984375
0 0.6565530265625 0 0.6548549109375 0.0025066999999999997 0.6488653281250001 0.0092379390625 0.64131324375 0.014415814062499999 0.6275111609375 0.0281371828125 0.625 0.032867346874999995 0.625 0.0773627078125 0.6303757437499999 0.0876827484375 0.6394903281250001 0.0998507546875 0.6439174109375 0.1037341625 0.6582403265625001 0.11253655 0.6632965546875 0.1140625 0.7201032640625 0.1140625 0.726209078125 0.1104654 0.7340215765625 0.1001096484375 0.7475632437499999 0.075255846875 0.7660528281250001 0.0392696140625 0.77803199375 0.017263643749999998 0.7876674109375 0.00224780625 0.7884210875 0 0.6565530265625 0
9 0.525137003125 0 0.528571428125 0.02847275 0.5172335609375001 0.0384989234375 0.4958175859375 0.0735905328125 0.48825900781250003 0.11244195312500001 0.49707735 0.1550531921875 0.5084152171875 0.19641115781250001 0.49959687656249996 0.19641115781250001 0.49203829687499995 0.228996221875 0.4932980609375 0.24654202500000003 0.5249603328125 0.259375 0.5302476921875 0.259375 0.5424288234375 0.231502765625 0.5562862171875 0.210197146875 0.5562862171875 0.1989177015625 0.5915595875 0.18763825625 0.6129755609374999 0.167585909375 0.6369110609374999 0.1287344875 0.6444696406249999 0.09113633593750001 0.6318720078125001 0.074843803125 0.62809271875 0.02847275 0.6495086921875 0.012180218750000001 0.6597114484375 0 0.525137003125 0
0 0.540100784375 0.215202628125 0.5336185515625 0.22137878125000002 0.5333592625 0.2285842953125 0.524024846875 0.2375911875 0.5224691109374999 0.240421925 0.5183204828125 0.25689167031250004 0.515625 0.26100738749999997 0.515625 0.2888681515625 0.5183204828125 0.291632540625 0.522209821875 0.2988380546875 0.5286920546875 0.3065582484375 0.5398414953125 0.32380001406250003 0.5434715453125 0.3348656234375 0.5452865703125 0.3521073890625 0.555917434375 0.3755253078125 0.5618810890624999 0.38221614375 0.5678447421875 0.3860762390625 0.57094034375 0.3875 0.6052326031249999 0.3875 0.6069974296874999 0.3868482578125 0.62333265625 0.384017521875 0.63551925625 0.379900084375 0.6692268671875 0.3595702421875 0.688673565625 0.3436151765625 0.7101945796875 0.3196825765625 0.727826253125 0.2921472203125 0.73125 0.2851084953125 0.73125 0.2500636953125 0.7275669640625 0.24170862343750002 0.70863884375 0.2154599671875 0.69956371875 0.2049090359375 0.6741533640624999 0.1796897375 0.667930421875 0.17480028281249999 0.660377596875 0.171875 0.62755648125 0.171875 0.6259255515625 0.172226884375 0.597663015625 0.1838071734375 0.586254284375 0.18946865 0.571993371875 0.1982182015625 0.5579917484375001 0.208254453125 0.540100784375 0.215202628125
0 1 0 0.9235634749999999 0 0.9247576671874999 0.0020148234375 0.9290617765625001 0.0162676046875 0.9353913484374999 0.0272697515625 0.9437463828125001 0.056275410937500006 0.9437463828125001 0.08028009375 0.9414677375 0.09478292499999999 0.94248046875 0.10353463125 0.94248046875 0.1282894625 0.943999565625 0.1345406828125 0.9480504921874999 0.14229219531249998 0.9500759546875 0.15254419531250002 0.95157685625 0.15625 0.9733995609375 0.15625 0.976153790625 0.1555447796875 0.9784324359374998 0.1540444875 0.9796983515625 0.148293365625 0.9809642640625 0.1465430234375 0.9875470203125001 0.141292 0.990838396875 0.1332904375 1 0.1294449546875 1 0
12 0.7321583578124999 0.28269427812500003 0.6859375 0.3511315234375 0.6859375 0.353125 0.6920444515625 0.353125 0.69131324375 0.3509399796875 0.6984923734375 0.353125 0.80695434375 0.353125 0.8138485859374999 0.3509399796875 0.801990328125 0.31419229375 0.8059430796874999 0.2695701046875 0.81875 0.25681340937499997 0.81875 0.19001661718750001 0.8125310015625 0.176388475 0.7861793140625 0.1632643015625 0.7097594234375 0.155389796875 0.697901165625 0.2105113265625 0.7255704359374999 0.240696925 0.7321583578124999 0.28269427812500003
12 0.8046875 0.276056415625 0.8063417140624999 0.3077411015625 0.8298257187499999 0.339306759375 0.8319920749999999 0.3453125 0.9492395390624999 0.3453125 0.9576830671875001 0.32220869375 0.96159706875 0.2893278015625 0.9625 0.2862936484375 0.9625 0.2417335703125 0.9276757296875001 0.236718375 0.8676610562499999 0.238033609375 0.8167790499999998 0.24066408125 0.8050370484375 0.2603926171875 0.8046875 0.25968785781250003 0.8046875 0.276056415625
1 0.8036192875000001 0 0.801074228125 0.0306006265625 0.7944694578125 0.107366309375 0.7897752546875 0.146875 0.9421875 0.146875 0.9421875 0.10911110312500001 0.935811546875 0.080895384375 0.9174157859375001 0 0.8036192875000001 0
1 0.821474040625 0.2191254796875 0.8149004671875 0.24375 0.8938716859374999 0.24375 0.9365880749999999 0.2376250234375 0.9515625 0.2333754796875 0.9515625 0.1840339 0.935294659375 0.14248450937499998 0.9299163359375001 0.1421875 0.8294347656250001 0.1421875 0.8033662156249999 0.146448696875 0.8033662156249999 0.14777009218749998 0.8007793843750001 0.1490914890625 0.8007793843750001 0.171555221875 0.8175937921875001 0.190054765625 0.821474040625 0.2191254796875
0 0.24375 1 0.24375 0.9656686921875 0.24335096093750003 0.9643393812500001 0.2329361515625 0.9446176171874999 0.2234207 0.9364655265625 0.21338151875000003 0.9350181703124999 0.16471830781250002 0.9407774812499999 0.154718228125 0.9398331531250002 0.1293545625 0.9428781562499999 0.11677433749999999 0.9423472046875 0.055882820312500005 0.9521028265624999 0.031895439062499996 0.9661318031250001 0.0221222765625 0.9748277140624999 0.0169542796875 0.98227651875 0.015625 0.9859295515625 0.015625 1 0.24375 1
9 0.0740833890625 0.8895050734375001 0.0546875 0.9038800671875 0.0546875 0.9177786078124999 0.06446481875 0.9284769078124999 0.066289603125 0.9296875 0.1211885328125 0.9296875 0.143892009375 0.9206007859374999 0.180294728125 0.9108926703125 0.19341249062500002 0.9045104953124999 0.1996973671875 0.8976793390625 0.203125 0.8906819500000001 0.203125 0.8857008796875 0.1909701734375 0.8859610875000001 0.1749949265625 0.85438258125 0.1703842984375 0.820923834375 0.1674193671875 0.8203125 0.16528674999999998 0.8203125 0.1554036640625 0.8234023328125 0.1295910109375 0.8487323796874999 0.123462709375 0.85764356875 0.1068463609375 0.8661840328124999 0.08962744375000001 0.8806155312499999 0.0740833890625 0.8895050734375001
9 0.183724765625 0.8709228890624999 0.1941573359375 0.8765625 0.2263214421875 0.8765625 0.23354509375000002 0.875014625 0.2481732375 0.8659093703125 0.2578125 0.8541764140625 0.2578125 0.8404750125 0.250960859375 0.8351142750000001 0.25031140937499996 0.8264815890625 0.23831055625 0.8094454531249999 0.2356369453125 0.8078315328125001 0.22757039687499997 0.8091668875 0.2237281359375 0.8123735875 0.21229280312499998 0.80963945625 0.2066092828125 0.795156440625 0.20393567343750002 0.7935425171875 0.20084183125 0.7863427406250001 0.19959774218749998 0.7859375 0.195357246875 0.7859375 0.1840824421875 0.7942584187499999 0.1734375 0.8077660718749999 0.1734375 0.80930183125 0.17537515625 0.8481410265625 0.1795461984375 0.8628744203124998 0.183724765625 0.8709228890624999
17 0.259375 1 0.259375 0.8786200031250001 0.23703982343750002 0.8807157171875 0.2307537703125 0.88573740625 0.23023900937500003 0.8923404734375 0.2400987203125 0.9002875265625001 0.2408749421875 0.9036739171875 0.23349006718749998 0.9143892890625 0.2323912484375 0.9200829718750001 0.24051451250000003 0.9453622124999999 0.246163540625 0.9850826500000001 0.2539410921875 1 0.259375 1
17 1 0.4296875 0.706990403125 0.4296875 0.7063968093749999 0.44726426406249997 0.701803965625 0.4491793609375 0.6957955640625 0.44071792500000007 0.690135928125 0.4398070515625 0.6890625 0.4438847375 0.6890625 0.496982025 0.6993062703125 0.5369930578125001 0.708776621875 0.5595953171875 0.719598425 0.611456 0.73128955 0.6415978375 0.7710814 0.6517492375 0.78272893125 0.6809472578125 0.7951274078125 0.6921875 0.8812896343750001 0.6921875 0.888846503125 0.687877334375 0.9073255812500001 0.6622788875 0.9964206421874999 0.665532521875 1 0.6658443671875001 1 0.4296875
17 0.31947855937499997 0.4296875 0.32758168125 0.6030797875 0.418574840625 0.6146340140625 0.462347728125 0.625 0.6147874296875 0.625 0.6153172109374999 0.624042609375 0.62893815625 0.5654626484375 0.652603509375 0.4953160578125 0.6625 0.45163354531250005 0.6625 0.4296875 0.31947855937499997 0.4296875
17 1 0.6638473890625 0.9825935484375 0.663669890625 0.9064718015625001 0.657545321875 0.8887107531249999 0.67829248125 0.8695341484375 0.6887260937499999 0.850095975 0.6935311609375 0.8181845421875 0.6918405390625 0.7942612203125 0.6807198859375 0.7761924234375 0.6545515734375 0.7384033734375001 0.64726515 0.730697340625 0.6426183578125 0.732938625 0.6304067984375 0.7245350687500001 0.6107505468750001 0.7196139687499999 0.58544391875 0.713561971875 0.5760957531249999 0.7117540609375 0.5573393890625 0.707356290625 0.5546875 0.703856540625 0.5546875 0.7027863453125 0.565836784375 0.7081203109375 0.5798808640625 0.6981524875 0.6071509953125 0.6953125 0.6104684609375 0.6953125 0.660051840625 0.7207808546875001 0.79187308125 0.7237632578125 0.7956090703124999 0.7425269953125 0.796438009375 0.752148640625 0.8020119781249999 0.762772971875 0.82916204375 0.777276753125 0.8421875 0.8390246921875001 0.8421875 0.8519552234375001 0.8342721140624999 0.8666902765625 0.8088508734375001 1 0.821567771875 1 0.6638473890625
17 0.6601637234375 0.4296875 0.6600543937500001 0.430828284375 0.6531468453125 0.45932321875 0.653828090625 0.47400548281250005 0.63012751875 0.53472464375 0.6067049625000001 0.6211431015625 0.5949911671875 0.624883071875 0.524918746875 0.6124418281249999 0.477254575 0.6099665187500001 0.4308652171875 0.5955511890625 0.3397845984375 0.583610590625 0.350114878125 0.80625 0.3677603453125 0.80625 0.37906861406250003 0.7996252890625 0.39507521093750003 0.7701593265625 0.5493357125 0.783944690625 0.6185791265624999 0.798226553125 0.6294213390625 0.795409565625 0.6447041109375 0.750343696875 0.661922909375 0.7272958875000001 0.67244453125 0.6978619578125 0.6785230734375001 0.6712076437500001 0.6787334421875 0.636326590625 0.6828125 0.61059326875 0.6828125 0.4296875 0.6601637234375 0.4296875