17 0.0579361515625 0 0.025819884375 0.180982515625 0.029177909374999998 0.188525878125 0.1679363828125 0.2015625 0.1868087015625 0.2015625 0.20333344062499997 0.19944423125 0.25645900781250003 0 0.0579361515625 0
17 0.27906857343749997 0 0.22486489375000002 0.20916850937499998 0.209375 0.334167725 0.209375 0.3371067390625 0.22261234062500002 0.3516383234375 0.35140063125 0.3765625 0.35644979375 0.3765625 0.3676594484375 0.356180365625 0.4671875 0.026687435937499997 0.4671875 0.02315668125 0.44922605937500004 0 0.27906857343749997 0
0 0.7614318203125 0 0.7701659828125 0.02489148125 0.7964307796875 0.0866692578125 0.8014690343750001 0.0944668234375 0.8134666921875 0.105814740625 0.8275455953125 0.11040101718749999 0.8338523656250001 0.1109375 0.845782834375 0.1109375 0.8597717171875001 0.109054415625 0.8798118234375 0.1023681546875 0.9027807390625 0.0878090109375 0.9123016875 0.07705443906250001 0.9166336828125001 0.0684940921875 0.91875 0.05609665625 0.91875 0.0471778953125 0.9161911671875 0.0281690640625 0.9100322656250001 0.0120465734375 0.907219178125 0 0.7614318203125 0
1 0.51875 0.7639421437499999 0.31432389843749997 0.6938007703125 0.3127376796875 0.6926492078125 0.2942548796875 0.72046485625 0.3174024703125 0.7251553765625001 0.30950828124999996 0.7459142265625001 0.32404080625 0.7524718359375 0.340072809375 0.857424353125 0.3221154390625 0.8902544359375 0.46079916406250004 0.9525078921875 0.4670466078125 0.952069690625 0.4875638609375 0.9556818828125 0.51800975625 0.9699630671874999 0.51875 0.96762536875 0.51875 0.7639421437499999
8 0.092450996875 1 0.102958271875 0.9798636937499999 0.15990933125 0.9708178171874999 0.167143546875 0.9677847625 0.1539982328125 0.9144054546875001 0.211878340625 0.8421533359375001 0.21306692031250002 0.8054481421874999 0.225 0.7911338828125001 0.225 0.7902207437500001 0.1846009375 0.737989578125 0.10595358749999999 0.708146953125 0.08898935625 0.6903945125 0.08471545781249999 0.685643 0.07281326875000001 0.6801637203124999 0.0391411546875 0.6951537234374999 0.0357194921875 0.7105475796875 0.02960340625 0.7122393890625001 0 0.72278855 0 0.9842715875 0.0106458828125 1 0.092450996875 1
12 0.51875 0.7117775906249999 0.503547209375 0.7079681640625 0.45182281562500004 0.688663490625 0.44278623125000005 0.6878017140624999 0.434034115625 0.6943980265625 0.4302929390625 0.7061267671875 0.42198086718749994 0.721665865625 0.42301801406250006 0.7315638421875 0.44838682343749997 0.7412507859374999 0.4817017203125 0.7508789234375 0.51875 0.7655975296875 0.51875 0.7117775906249999
13 0 0.3796875 0 0.5086403515625 0.045640690625 0.48757246875 0.09448775000000001 0.47467411562499995 0.09140000625 0.4594360703125 0.083923609375 0.4450043859375 0.0791719578125 0.44234645468749995 0.0791986328125 0.43785775625 0.0880026015625 0.43175634531250007 0.0930417046875 0.42292778125 0.1078125 0.41253385312499996 0.1078125 0.40539553437500003 0.0907179234375 0.3796875 0 0.3796875
3 0 0.5949392031249999 0.0215703515625 0.6033878109374999 0.0221630515625 0.5970321296875 0.043337092187499995 0.6069123609375 0.0618808 0.6157142671875 0.0736548125 0.5959461046875 0.0805590453125 0.6017759453125 0.1146925 0.5791766546874999 0.10245714531250001 0.6065541046874999 0.10909866093750001 0.6098767281249999 0.1165283265625 0.620721 0.1366483234375 0.6445662015625 0.1482877984375 0.6475382640625 0.1491463953125 0.61969596875 0.14362300781249998 0.6150320953125 0.1392850234375 0.5976568640625001 0.1437575484375 0.5922918703125 0.153423475 0.600453646875 0.1546875 0.5938092953125 0.1546875 0.5825656671875 0.128141471875 0.4671875 0.127945403125 0.4671875 0.10530201406249999 0.47754676093750004 0.0630821078125 0.4830337390625 0.03164625625 0.49534124375 0 0.5077311265625 0 0.5949392031249999
3 0.21414755312499997 0.5404507640625 0.2594591390625 0.5284328265625 0.31417393437499996 0.522069446875 0.3475160625 0.515942340625 0.36488709375 0.441480271875 0.346474746875 0.43393197499999997 0.3099768515625 0.433966321875 0.27394029999999997 0.42639137812500005 0.23310442031249998 0.409050490625 0.1959497390625 0.40281679375 0.1832403171875 0.5337788671875 0.1791586828125 0.5668985171875 0.1663947171875 0.61325536875 0.173036234375 0.61657799375 0.22183357187500002 0.60178991875 0.19454980625 0.545613828125 0.21414755312499997 0.5404507640625
3 0.0546165921875 0.48344801249999997 0.07881822499999999 0.47417356250000003 0.1163028921875 0.47154436093749996 0.1245911515625 0.45454633437499997 0.14017771875 0.4471389765625 0.1391268578125 0.4371101109375 0.13866869531249998 0.420725565625 0.15701695625 0.41565014062500005 0.188779609375 0.418473571875 0.192726703125 0.408094146875 0.21922868750000002 0.408760921875 0.24500661093749998 0.41452977031250005 0.29281399218750004 0.4263303859375 0.29748514375 0.4108488890625 0.26572567187499996 0.384031621875 0.22883370468750003 0.3803051421875 0.19121768125 0.3816807375 0.17273806249999998 0.385502553125 0.14505067968750002 0.3975471390625 0.10920957656250001 0.40384952343749997 0.083623915625 0.4359518390625 0.04917761875 0.466150003125 0.0546165921875 0.48344801249999997
8 0.1400463609375 0.44588536718749994 0.1223548890625 0.45722883124999997 0.118539153125 0.4688618640625 0.1372814875 0.46754726562500004 0.1478700984375 0.46049046406249994 0.1501704484375 0.4704316890625 0.147210128125 0.47821625624999997 0.152272171875 0.4904894171875 0.1558220109375 0.500343 0.1414176640625 0.519032834375 0.155613840625 0.5824410078125 0.15206081875 0.5965812578125 0.166263359375 0.612001759375 0.16613200156250002 0.6107481531250001 0.16788456093749998 0.601785475 0.182051734375 0.5704840625 0.1911472296875 0.41704468281249996 0.157279671875 0.41815735624999995 0.139325484375 0.42699360625000005 0.1400463609375 0.44588536718749994
1 0.42749333125 1 0.42833922968750004 0.9989853078125 0.428736484375 0.978752296875 0.4318281625 0.9722213375 0.4246268953125 0.9373674328125 0.3266851921875 0.8937242703125001 0.339372346875 0.9307190328124999 0.3296359671875 0.957921203125 0.3240421328125 0.988621278125 0.3140038 1 0.42749333125 1
8 0.3130811546875 0.6946668640625 0.4234773484375 0.7306077890625 0.42366506406250004 0.7154388812500001 0.43067663281249996 0.70603194375 0.42984202031249996 0.69806685625 0.43624969374999994 0.6913768203125 0.4388032625 0.690306196875 0.44804270781250005 0.6852005640625001 0.448553871875 0.68159865625 0.44470201718749997 0.67027914375 0.44201046718750003 0.6615527890624999 0.439597121875 0.6554814625000001 0.4372312671875 0.6413831796875 0.41207826562500005 0.628883203125 0.35686728125 0.6461284515625 0.3569600171875 0.6470134625 0.3301215375 0.6792074140625 0.3223680921875 0.6815342734375001 0.3130811546875 0.6946668640625