7 0.45729166718750003 0 0.45520833281249995 0.028125 0.459375 0.0458333328125 0.47083333281249995 0.0666666671875 0.49583333281249997 0.0927083328125 0.5260416671875 0.10729166718750001 0.5770833328125 0.1166666671875 0.6208333328125 0.1177083328125 0.6796875 0.10756106406249999 0.6796875 0 0.45729166718750003 0
7 0.3552083328125 0.3927083328125 0.4125 0.3333333328125 0.42395833281249995 0.309375 0.4291666671875 0.2770833328125 0.428125 0.25 0.41875 0.225 0.40520833281249996 0.21354166718749998 0.36666666718749996 0.20625 0.3447916671875 0.21354166718749998 0.2802083328125 0.2479166671875 0.2270833328125 0.2854166671875 0.153125 0.3239583328125 0.1125 0.35 0.0802083328125 0.3802083328125 0.0625 0.390625 0.06505681875 0.409375 0.31979166718749996 0.409375 0.325 0.40416666718750005 0.3552083328125 0.3927083328125
7 0.5822916671875 0.3447916671875 0.55625 0.33125 0.534375 0.3302083328125 0.5083333328124999 0.33541666718749996 0.4947916671875 0.3447916671875 0.4614583328125 0.3885416671875 0.453125 0.40833333281249995 0.45300925937500003 0.409375 0.6796875 0.409375 0.6796875 0.3772569453125 0.5822916671875 0.3447916671875
7 0.5916666671875 0.24583333281250003 0.5177083328125 0.24375 0.4916666671875 0.25 0.43333333281249997 0.25 0.4291666671875 0.2541666671875 0.45208333281249996 0.271875 0.48020833281249997 0.28125 0.496875 0.3 0.5177083328125 0.3135416671875 0.54375 0.3270833328125 0.5697916671875001 0.334375 0.6041666671875 0.35625 0.6489583328124999 0.375 0.6796875 0.3801790734375 0.6796875 0.273569775 0.6208333328125 0.2520833328125 0.5916666671875 0.24583333281250003
7 0.1854166671875 0.1614583328125 0.1875 0.15 0.1666666671875 0.11875 0.15625 0.1135416671875 0.13333333281249998 0.1135416671875 0.11041666718750001 0.1197916671875 0.0625 0.1447916671875 0.0645833328125 0.296875 0.1135416671875 0.3 0.15 0.28854166718749996 0.17916666718750002 0.2416666671875 0.17916666718750002 0.2322916671875 0.1864583328125 0.21979166718749998 0.1864583328125 0.19479166718750002 0.190625 0.1875 0.1854166671875 0.1614583328125
7 0.5979166671875 0.1739583328125 0.6260416671875 0.14791666718750002 0.646875 0.115625 0.5791666671875 0.115625 0.5302083328125 0.10729166718750001 0.4322916671875 0.1 0.39375 0.11041666718750001 0.3302083328125 0.146875 0.315625 0.1604166671875 0.3229166671875 0.18020833281249998 0.3333333328125 0.1895833328125 0.359375 0.2010416671875 0.4125 0.215625 0.4791666671875 0.2166666671875 0.515625 0.2125 0.5541666671875001 0.2 0.5979166671875 0.1739583328125
7 0.28300000000000003 0 0.28125 0.021875 0.2666666671875 0.0489583328125 0.2479166671875 0.065625 0.2166666671875 0.08333333281250001 0.184375 0.12291666718750001 0.18020833281249998 0.1385416671875 0.1864583328125 0.1604166671875 0.1885416671875 0.1895833328125 0.1822916671875 0.234375 0.184375 0.2416666671875 0.1979166671875 0.23854166718749997 0.234375 0.21354166718749998 0.2791666671875 0.175 0.303125 0.1510416671875 0.3385416671875 0.103125 0.3604166671875 0.05 0.3664166671875 0 0.28300000000000003 0
7 0.6489583328124999 0.1135416671875 0.61875 0.153125 0.5729166671875 0.190625 0.5864583328124999 0.1989583328125 0.603125 0.22395833281250002 0.6208333328125 0.23854166718749997 0.6489583328124999 0.25729166718749996 0.6708333328125 0.2645833328125 0.6796875 0.27196180625 0.6796875 0.10885416562500001 0.6760416671875 0.10833333281249999 0.6489583328124999 0.1135416671875
7 0.0625 0.028125 0.0625 0.1458333328125 0.09895833281250001 0.128125 0.121875 0.11145833281249999 0.165625 0.0666666671875 0.1822916671875 0.0385416671875 0.184375 0.0229166671875 0.178125 0.015625 0.16458333281249998 0.014583332812499999 0.14375 0.0197916671875 0.08125 0.017708332812499998 0.0625 0.028125
7 0.0642857140625 0 0.0625 0.0375 0.084375 0.0208333328125 0.1677083328125 0.0135416671875 0.17916666718750002 0.01875 0.1822916671875 0.0385416671875 0.1625 0.0739583328125 0.16458333281249998 0.084375 0.1854166671875 0.084375 0.22395833281250002 0.0739583328125 0.24895833281250002 0.060416667187499995 0.27395833281250004 0.0375 0.2802083328125 0.0229166671875 0.27935956875 0 0.0642857140625 0
13 0.6796875 0 0.6796875 0.27474489687500003 0.6811755953125 0.2770833328125 0.6876240078125 0.2827876984375 0.69208829375 0.2892361109375 0.69853670625 0.2949404765625 0.7034970234375 0.3016369046875 0.7096974203124999 0.30734127031249997 0.716641865625 0.315773809375 0.730034721875 0.32842261875 0.7496279765625 0.3361111109375 0.763516865625 0.33809523750000003 0.7811259921875 0.3353670640625 0.7935267859375 0.328670634375 0.801711309375 0.319494046875 0.807415675 0.31006944375 0.8123759921874999 0.3051091265625 0.81708829375 0.296924603125 0.8220486109375 0.2922123015625 0.8270089281249999 0.284027778125 0.832465278125 0.2790674609375 0.8371775796875 0.271626984375 0.8426339281249999 0.2666666671875 0.8463541671874999 0.259722221875 0.85205853125 0.253521825 0.8555307546875 0.24657738125 0.861483134375 0.23913690468749998 0.870163690625 0.22177579375 0.8736359125 0.2076388890625 0.8748759921874999 0.19672619062500002 0.8790922625 0.1915178578125 0.885292659375 0.1763888890625 0.89521329375 0.1602678578125 0.9224950390625001 0.121825396875 0.9242311515624999 0.108928571875 0.9185267859374999 0.10446428593749998 0.8900049609374999 0.087847221875 0.882068453125 0.0796626984375 0.8738839281249999 0.06899801562499999 0.8532986109375 0.0484126984375 0.845362103125 0.03700396875 0.8428819437499999 0.03154761875 0.8406498015625001 0.0198908734375 0.8406498015625001 0.0047619046875000005 0.8386089859375 0 0.6796875 0
5 0.6146484375 0.74228515625 0.60830078125 0.73203125 0.598046875 0.72275390625 0.594140625 0.710546875 0.58291015625 0.70224609375 0.5677734375 0.696875 0.5521484375 0.69541015625 0.54677734375 0.7017578125 0.5462890625 0.7125 0.53896484375 0.71787109375 0.53359375 0.726171875 0.5296875 0.728125 0.512109375 0.7251953125 0.49013671875 0.7173828125 0.47451171875 0.70859375 0.46376953125 0.694921875 0.445703125 0.67734375 0.42861328125 0.65439453125 0.41494140625 0.624609375 0.40078125 0.62314453125 0.387109375 0.62705078125 0.365625 0.62705078125 0.35146484375 0.624609375 0.33974609375 0.61728515625 0.3421875 0.60947265625 0.35927734375 0.59384765625 0.37392578125 0.5865234375 0.40322265625 0.562109375 0.41201171875 0.5591796875 0.4193359375 0.55380859375 0.45107421875 0.54794921875 0.47744140625 0.5474609375 0.50234375 0.5484375 0.52578125 0.5552734375 0.5306640625 0.554296875 0.53359375 0.54892578125 0.5345703125 0.53232421875 0.5384765625 0.51328125 0.54873046875 0.4830078125 0.55703125 0.46640625 0.54580078125 0.446875 0.54189453125 0.4234375 0.5365234375 0.4205078125 0.52626953125 0.42001953125 0.5052734375 0.42490234375 0.45400390625 0.42734375 0.426171875 0.43271484375 0.3939453125 0.43564453125 0.3470703125 0.43369140625 0.33828125 0.43564453125 0.33583984375 0.43857421875 0.33486328125 0.44736328125 0.34609375 0.47373046875 0.3666015625 0.503515625 0.37001953125 0.52353515625 0.36220703125 0.53134765625 0.334375 0.54208984375 0.320703125 0.55234375 0.3080078125 0.5787109375 0.30361328125 0.60556640625 0.293359375 0.6265625 0.28896484375 0.6431640625 0.293359375 0.66416015625 0.3138671875 0.714453125 0.31875 0.73984375 0.34267578125 0.7583984375 0.36318359375 0.7935546875 0.37587890625 0.81064453125 0.3822265625 0.81650390625 0.42763671875 0.84287109375 0.45400390625 0.8541015625 0.48623046875 0.88193359375 0.504296875 0.90048828125 0.5130859375 0.90390625 0.5365234375 0.9 0.54384765625 0.89365234375 0.54970703125 0.8638671875 0.57216796875 0.82041015625 0.5794921875 0.7955078125 0.59072265625 0.77939453125 0.5951171875 0.7818359375 0.601953125 0.792578125 0.60830078125 0.823828125 0.60634765625 0.8521484375 0.6 0.87607421875 0.5921875 0.88583984375 0.59267578125 0.8931640625 0.6048828125 0.8912109375 0.609765625 0.886328125 0.617578125 0.882421875 0.63271484375 0.86826171875 0.6400390625 0.8658203125 0.65712890625 0.866796875 0.6796875 0.8534458703125001 0.6796875 0.75936258125 0.6234375 0.7486328125 0.6146484375 0.74228515625
5 0.53798828125 0.64951171875 0.54287109375 0.6529296875 0.53505859375 0.655859375 0.53603515625 0.66171875 0.53310546875 0.663671875 0.53310546875 0.67001953125 0.52626953125 0.67685546875 0.531640625 0.69345703125 0.53603515625 0.696875 0.5404296875 0.69736328125 0.547265625 0.6919921875 0.55556640625 0.691015625 0.61025390625 0.70712890625 0.6234375 0.70029296875 0.6244140625 0.69638671875 0.6322265625 0.6919921875 0.65224609375 0.68466796875 0.6625 0.665625 0.6625 0.6626953125 0.6576171875 0.65048828125 0.64150390625 0.62314453125 0.61904296875 0.60166015625 0.60927734375 0.597265625 0.60634765625 0.589453125 0.5892578125 0.57431640625 0.5599609375 0.56064453125 0.5521484375 0.55478515625 0.531640625 0.55185546875 0.5228515625 0.55625 0.5091796875 0.55869140625 0.50380859375 0.56357421875 0.50673828125 0.58310546875 0.49892578125 0.59482421875 0.4974609375 0.60703125 0.50185546875 0.6099609375 0.51455078125 0.61240234375 0.52333984375 0.6177734375 0.53701171875 0.63828125 0.53798828125 0.64951171875
5 0.38173828125 0.93662109375 0.3939453125 0.9361328125 0.40419921875 0.933203125 0.410546875 0.929296875 0.4173828125 0.9146484375 0.41787109375 0.90634765625 0.410546875 0.8970703125 0.40859375 0.8912109375 0.39931640625 0.88095703125 0.3978515625 0.87607421875 0.39443359375 0.87412109375 0.3939453125 0.87021484375 0.4193359375 0.8404296875 0.4203125 0.83701171875 0.4115234375 0.82919921875 0.39150390625 0.81796875 0.37197265625 0.816015625 0.36513671875 0.8130859375 0.36171875 0.808203125 0.36416015625 0.7955078125 0.3607421875 0.78818359375 0.332421875 0.78525390625 0.3275390625 0.78671875 0.31484375 0.80234375 0.30703125 0.80673828125 0.27138671875 0.8423828125 0.26943359375 0.84921875 0.27041015625 0.8873046875 0.2884765625 0.90732421875 0.303125 0.9166015625 0.31533203125 0.92978515625 0.32509765625 0.93466796875 0.38173828125 0.93662109375
7 0.695887896875 1 0.7036458328124999 0.98819444375 0.7119791671875 0.9833333328125 0.7244791671875 0.96875 0.7348958328124999 0.9486111109375001 0.742534721875 0.9513888890625 0.7473958328125 0.9645833328125001 0.7619791671875 0.98055555625 0.7897569437499999 0.98055555625 0.8133680562500001 0.98680555625 0.8189236109375001 0.9791666671874999 0.8196180562500001 0.9645833328125001 0.8098958328125001 0.9381944437499999 0.7897569437499999 0.9263888890624999 0.7619791671875 0.9201388890625 0.7578125 0.9138888890624999 0.7578125 0.90069444375 0.7682291671875 0.88125 0.7897569437499999 0.85555555625 0.80086805625 0.8576388890625 0.8092013890624999 0.8625 0.8196180562500001 0.8611111109375 0.8453125 0.8388888890624999 0.8501736109375001 0.825 0.8501736109375001 0.7979166671875 0.8286458328125 0.7597222218749999 0.80225694375 0.7458333328125 0.7897569437499999 0.73194444375 0.7793402781250001 0.7298611109375 0.7717013890625 0.734722221875 0.761284721875 0.75 0.74461805625 0.7548611109375 0.7272569437499999 0.765277778125 0.6796875 0.7707316 0.6796875 1 0.695887896875 1