9 0.28125 0.2960785734375 0.28125 0.2820688171875 0.27769274374999997 0.2806424390625 0.27410592500000003 0.2804958859375 0.2669007734375 0.266742990625 0.256471865625 0.253374340625 0.22278946249999998 0.23841123125000002 0.17241300625 0.21875 0.164543621875 0.21875 0.1546875 0.2335113078125 0.1546875 0.2515930859375 0.1578181453125 0.2614923078125 0.2382641390625 0.296875 0.2809640109375 0.296875 0.28125 0.2960785734375
9 0.1391463359375 0.1909883921875 0.1390833546875 0.19861707343749999 0.143815215625 0.2044753671875 0.15019868281249998 0.20931427500000002 0.150290709375 0.209375 0.1759987890625 0.209375 0.17817622500000002 0.207608940625 0.196475565625 0.1701320890625 0.201469190625 0.1663071875 0.21390648125 0.15166324375 0.215625 0.1486982453125 0.215625 0.1083235328125 0.215112940625 0.10791120937500001 0.214470809375 0.1078125 0.20901220625 0.1078125 0.20334142812499997 0.113443240625 0.19176084531249998 0.11637627343750001 0.18282012812499998 0.1217208703125 0.1541722734375 0.1673912515625 0.142526203125 0.18312244375 0.1391463359375 0.1909883921875
9 0.2094845921875 0.29644278125 0.20602864531249998 0.2928982203125 0.154683159375 0.29492368281250003 0.13098524375 0.2974555125 0.1255544703125 0.299480975 0.12456705781249999 0.302012803125 0.12456705781249999 0.313659215625 0.1299978296875 0.32429289687499996 0.1383908421875 0.32378653125 0.16356987812499998 0.3298629203125 0.17268175 0.3359375 0.1878440796875 0.3359375 0.18924262187500002 0.327331090625 0.198129340625 0.323280165625 0.2001041671875 0.3202419703125 0.22182725625000002 0.3227737984375 0.23762586875 0.3329011140625 0.2410818140625 0.3323947484375 0.25539930625 0.32226743281250003 0.265625 0.31097277968750003 0.265625 0.3027339578125 0.2652734375 0.302012803125 0.24700629375 0.3035319015625 0.24305664062500001 0.299480975 0.23071397500000002 0.29391095156249997 0.225283203125 0.2974555125 0.2094845921875 0.29644278125
0 0.0643933109375 0.2328125 0.078665778125 0.2328125 0.08236762187499999 0.23032836875 0.1174153640625 0.2298095703125 0.1203125 0.222227459375 0.1203125 0.189552965625 0.11947699687499999 0.187786865625 0.11535373281250001 0.183636475 0.1081380203125 0.1825988765625 0.10453016562499999 0.1867492671875 0.0921603734375 0.1893432625 0.07549945 0.1796875 0.075026846875 0.1796875 0.067420790625 0.19193725625 0.061235893750000006 0.215283203125 0.0609375 0.2197885578125 0.0609375 0.2237205109375 0.06381293437499999 0.2324035640625 0.0643933109375 0.2328125
9 0.0716604515625 0.1719287109375 0.0776410390625 0.1828125 0.11954907031249999 0.1828125 0.133539003125 0.17500488281249998 0.1481282546875 0.1709033203125 0.1612082734375 0.1606494140625 0.170263671875 0.1462939453125 0.1765625 0.14086227499999998 0.1765625 0.1239250015625 0.173785215625 0.12065917968749999 0.1461159453125 0.1186083984375 0.08272816093749999 0.148857421875 0.07719430625 0.1524462890625 0.071157375 0.1606494140625 0.0716604515625 0.1719287109375
9 0.1900848390625 0.167459071875 0.1905960078125 0.1629164109375 0.18395080625 0.15383108750000002 0.1762832640625 0.153326346875 0.16708221406249998 0.15938322968750002 0.1665710453125 0.1694780328125 0.17526092499999998 0.1805823171875 0.181906128125 0.21591412812500002 0.1951965328125 0.2355989953125 0.201330565625 0.2487222390625 0.21871032656249997 0.2694165859375 0.2253555296875 0.28506353125 0.23251190156249998 0.2885967125 0.2391571046875 0.296167815625 0.2403030125 0.296875 0.257514871875 0.296875 0.2698272703125 0.291625153125 0.2703125 0.290998603125 0.2703125 0.26534451406250004 0.2580703734375 0.24922697968750002 0.2483581546875 0.22954211249999998 0.22331085156250002 0.191181859375 0.2110427859375 0.181591796875 0.1967300421875 0.174525434375 0.1900848390625 0.167459071875
0 0.2765625 0.224855815625 0.2810234375 0.237607046875 0.3239613796875 0.2796875 0.3420156984375 0.2796875 0.35567187499999997 0.268462665625 0.3578125 0.263567621875 0.3578125 0.24583060156249997 0.313015625 0.2047607421875 0.29778125 0.198291015625 0.29371875 0.198291015625 0.28254687500000003 0.2052584140625 0.2765625 0.2121007546875 0.2765625 0.224855815625
9 0.20659950624999998 0.2832743328125 0.2025904609375 0.298568725 0.19357010624999998 0.3059692375 0.1885588 0.3143564859375 0.18404862187499998 0.3395182296875 0.17753392343750002 0.39921569843750004 0.17502826875 0.4066162109375 0.1760305296875 0.424377440625 0.17953844531250002 0.42931111718750004 0.19256784531249999 0.42733764687500003 0.21060330781249997 0.43125 0.2242133828125 0.43125 0.22664473749999997 0.42832438125000005 0.22965152187500001 0.4115498859375 0.23165604375 0.3656667078125 0.23566509062500002 0.349878946875 0.2359375 0.346660675 0.2359375 0.3163919421875 0.23566509062500002 0.314849853125 0.22514134531250002 0.3005421953125 0.22614360625000002 0.2882080078125 0.223136821875 0.28376769999999996 0.21511872968749998 0.2813008625 0.20659950624999998 0.2832743328125
0 0.0484375 0.25922852500000004 0.0493713375 0.272353515625 0.054403979687500006 0.275 0.11930032343750001 0.275 0.1546875 0.27047851562499997 0.1546875 0.225 0.1435385046875 0.225 0.1012512203125 0.227041015625 0.05819091875 0.23381184843749997 0.055078125 0.2369368484375 0.0484375 0.2388416109375 0.0484375 0.25922852500000004
9 0.122121778125 0.37398680781250004 0.138297365625 0.37789863437500004 0.157982815625 0.384375 0.18125 0.384375 0.18125 0.33715343125 0.1555543125 0.32468305000000003 0.1441811609375 0.321875 0.125276165625 0.321875 0.12082884062499999 0.3234303421875 0.11264185625 0.33488805 0.1109375 0.3452170390625 0.1109375 0.3562337890625 0.11228736875 0.363654296875 0.122121778125 0.37398680781250004
9 0.24481021875 0.404047140625 0.25793732343750003 0.39361578750000004 0.258200865625 0.387537659375 0.2618795953125 0.38905049375 0.3120988671875 0.34404873125 0.321875 0.33175682812499996 0.321875 0.3147005484375 0.29271010625 0.2875 0.2822569890625 0.2875 0.2345803359375 0.337369709375 0.228619065625 0.3739960390625 0.228125 0.3904458046875 0.228125 0.4046875 0.2406169609375 0.4046875 0.24481021875 0.404047140625
9 0.22147924843750003 0.1544498390625 0.1992627328125 0.170525275 0.19329543124999998 0.1734442703125 0.2089105671875 0.1835451828125 0.220069078125 0.19209582187500002 0.2336824953125 0.21262837499999998 0.2464825953125 0.2325750171875 0.25467215 0.2513463546875 0.2668849578125 0.2620974734375 0.2835107765625 0.2805798515625 0.2830169609375 0.2837260234375 0.28692485 0.2875 0.2960694921875 0.2875 0.3078125 0.2781898359375 0.3078125 0.27110086875 0.3032954609375 0.26449551875 0.3008290328125 0.2663952671875 0.28616311875 0.2448236671875 0.2747507078125 0.21659293124999998 0.2543200859375 0.192120615625 0.22147924843750003 0.1544498390625
9 0.3024250328125 0.1981913453125 0.3062354453125 0.1931338625 0.30522078124999996 0.186384875 0.29563311406250004 0.1720412328125 0.26777490937500004 0.1384930453125 0.2593008765625 0.1277637671875 0.246176303125 0.12074844375 0.23704168593750002 0.11858687187500001 0.234451478125 0.1170344203125 0.23515825 0.1152056078125 0.2298806 0.109922628125 0.2238439625 0.11098959374999999 0.2187659359375 0.11481870937500001 0.2164306875 0.1194981453125 0.2196689296875 0.1252415453125 0.2213025359375 0.123759928125 0.2236811859375 0.12693002656250002 0.2213988515625 0.1359792046875 0.2215775046875 0.147201990625 0.22384520624999998 0.152318321875 0.24050654843750002 0.174738909375 0.266567609375 0.20592729062499998 0.2743331015625 0.215625 0.27573135 0.215625 0.27683314062500003 0.2135635515625 0.282698428125 0.20738563906250002 0.2883431328125 0.20314078750000003 0.294482453125 0.199530475 0.30048013125 0.1995318140625 0.3024250328125 0.1981913453125
9 0.3717280890625 0.25378009375 0.36860118750000004 0.2494476078125 0.3649378734375 0.2473413796875 0.35940069375 0.24559035625 0.3603828390625 0.2543078546875 0.3590150046875 0.258938184375 0.3575266359375 0.265411284375 0.3504487015625 0.2727623875 0.339732090625 0.28060047187500003 0.33554831875 0.28134266874999997 0.32707891718750004 0.282163253125 0.30260416874999996 0.3551549015625 0.30076080625 0.3627660515625 0.3011500828125 0.3662503078125 0.3023734453125 0.36950035625 0.3098284 0.3760779359375 0.3191668828125 0.38125 0.3436280734375 0.38125 0.351807409375 0.35567910468749997 0.3648595859375 0.315244053125 0.371875 0.298859628125 0.371875 0.275065959375 0.366890309375 0.26864704375000004 0.367099265625 0.267251559375 0.3689180953125 0.2665696546875 0.3689180953125 0.26459879218750004 0.37176219062500004 0.2572342296875 0.3717280890625 0.25378009375
17 0.316416309375 0.19375 0.31745783906249997 0.18988576875000002 0.3190266609375 0.191987825 0.3375 0.17714164062499999 0.3375 0.172946490625 0.3320275921875 0.1616456609375 0.28313399375000003 0.1109375 0.2813349734375 0.1109375 0.2625 0.12573997812499998 0.2625 0.12834199375 0.2653887453125 0.13552647812500002 0.314173571875 0.186315996875 0.31252096093750004 0.19375 0.316416309375 0.19375
9 0.257445978125 0.3936194984375 0.246259321875 0.4040698515625 0.228125 0.40635920625 0.228125 0.4265625 0.23530423749999999 0.4265625 0.2397435515625 0.425108321875 0.2609701578125 0.418189625 0.2766675515625 0.4167299296875 0.299478053125 0.41157433125000004 0.30625 0.40846659687500003 0.30625 0.390256890625 0.30085145468749996 0.37251208281250003 0.29497079375 0.3638186421875 0.279764125 0.3742804015625 0.2620431140625 0.38947893125 0.2589604046875 0.389282790625 0.257445978125 0.3936194984375
16 0.56875 0.21438905937500002 0.574154225 0.2207747125 0.5806698953125 0.23159722343750003 0.5913555953125 0.2431927703125 0.6007381625 0.25015009843749997 0.6041263109375 0.25504599687499996 0.6082963421875001 0.25684974843749997 0.6148120125000001 0.263034040625 0.620070390625 0.2703125 0.6314014984374999 0.2703125 0.6325346390625001 0.2684452953125 0.6395715640625 0.260972609375 0.644262846875 0.24396580625 0.646875 0.2397939046875 0.646875 0.22722848125 0.6387896828125 0.21871328124999997 0.617678909375 0.201191121875 0.6119451171875 0.1950068296875 0.597610640625 0.18366896093750001 0.588749328125 0.17490788125 0.5770211203125 0.165889121875 0.5710267015625 0.1573857203125 0.56875 0.15523708593750002 0.56875 0.21438905937500002
16 0.576467875 0 0.5763638 0.0017370656250000002 0.5773960046875 0.016983971875 0.575331596875 0.027579279687500003 0.5712027765625 0.038949853125 0.56965446875 0.054972025 0.56875 0.05787048593750001 0.56875 0.15376895156249998 0.5761057484375 0.1562735015625 0.581524825 0.161700365625 0.584879490625 0.1632508984375 0.591846871875 0.1632508984375 0.5952015375 0.162217209375 0.6001045109375001 0.1629924765625 0.603975278125 0.16144194375 0.610684609375 0.1609250984375 0.6270287546875 0.1671875 0.6735593765625 0.1671875 0.6775198703124999 0.1609250984375 0.6842292015625 0.1433523953125 0.6919707359375 0.1288807546875 0.6979059140625 0.11130804999999999 0.6989381203125 0.0978701 0.6948093 0.07745475 0.6945512484374999 0.0717694640625 0.6963576078125 0.0560057140625 0.7004864265624999 0.038433007812499996 0.7014580171875 0 0.576467875 0
16 0.56875 0.39588611406249996 0.5720679265624999 0.4015625 0.5775932546875 0.4015625 0.5835899343750001 0.38349631562500003 0.5889985875 0.3771187640625 0.5931194671875 0.379669784375 0.6013612265625 0.3799248859375 0.6116634234375 0.3845167234375 0.61990518125 0.385026928125 0.6250562796875 0.381965703125 0.6271167203125 0.37686366250000003 0.635358478125 0.37737386562499997 0.6417973531250001 0.37303713125 0.6421875 0.372926721875 0.6421875 0.36349108750000003 0.6345858125 0.356965703125 0.6193900718750001 0.3314554984375 0.6142389734375 0.3176799890625 0.61269364375 0.3064554984375 0.6101180937499999 0.30033305 0.6044518859375 0.294465703125 0.595695015625 0.288343253125 0.5859079281249999 0.2773738671875 0.568909303125 0.2623228453125 0.56875 0.262144021875 0.56875 0.39588611406249996
16 0.5864684078125 0.169364646875 0.588237071875 0.1724055375 0.60263904375 0.1873565828125 0.655446271875 0.23347675156249997 0.6791968921875 0.2522289078125 0.6885455406250001 0.2687003984375 0.692335534375 0.27224810312500003 0.6933461984375 0.2790901046875 0.696630859375 0.2841582546875 0.705221509375 0.304684265625 0.7097694984375 0.312033084375 0.719876146875 0.3338261296875 0.7272034656249999 0.344722653125 0.7408474390625 0.3741179265625 0.751712084375 0.3938837125 0.7539860796875 0.40300638437499997 0.7572707390625 0.408074534375 0.7577760734375 0.4123824625 0.7608080671875 0.41998468750000006 0.76535605625 0.4240392078125 0.7741993734375 0.43493573281250003 0.7800106953125 0.4470992921875 0.7805669640625 0.4515625 0.8108212859374999 0.4515625 0.8252379390625 0.437723215625 0.8328125 0.43404735 0.8328125 0.3958905734375 0.8318072593749999 0.3921098609375 0.8265012703125001 0.3789326703125 0.8204372828125 0.36752933125 0.815636625 0.3535919171875 0.8095726375 0.345989690625 0.80224531875 0.3399079109375 0.79794999375 0.3328125 0.79618133125 0.3264773125 0.7906226734375 0.31431375 0.78506401875 0.3054444890625 0.7714200453125001 0.2889729984375 0.7625767296875 0.2750355859375 0.7383207765625001 0.2170052625 0.733267453125 0.2106700734375 0.71962348125 0.197746290625 0.6994101875000001 0.1838088765625 0.6882928749999999 0.1774736875 0.6703535781250001 0.170378278125 0.63624364375 0.1622692375 0.6251263328125 0.15846812500000002 0.6202235296875 0.1578125 0.615900378125 0.1578125 0.5965750546875 0.1620158296875 0.5910164 0.1615090140625 0.5854577437499999 0.158974940625 0.5788884234375 0.158974940625 0.5801517546875 0.164296496875 0.5864684078125 0.169364646875
16 0.6919767453125 0.0875 0.701349546875 0.0875 0.7037202375 0.0845769546875 0.70625 0.078608925 0.70625 0.0470150328125 0.706101190625 0.0468165390625 0.6944940484375 0.0424496875 0.6912202375 0.048357781249999995 0.6885416656250001 0.0773844953125 0.6918154750000001 0.087402565625 0.6919767453125 0.0875
16 0.7160597296875 0.0546942640625 0.70898425625 0.050382171875000006 0.7079734765625 0.0524113921875 0.708226171875 0.057991748437500004 0.7094896484375 0.0615428859375 0.710753125 0.0765083875 0.7137854703125 0.09045928125 0.7127746890625 0.1044101734375 0.7132800796875001 0.114556278125 0.7120166015625 0.1259706453125 0.7084788671875 0.13789231562499998 0.7039303484375 0.1617356609375 0.7011506984375 0.189130140625 0.7029534359375 0.190625 0.7563109359375 0.190625 0.7658407265625 0.1886228359375 0.7784754968750001 0.1789840375 0.784375 0.1756678015625 0.784375 0.1383682625 0.7830240156249999 0.13079004375 0.7772120203125 0.12089759375 0.7645772484375 0.1107514875 0.7557329109375 0.0957859859375 0.7436035296875 0.08158143906250001 0.7160597296875 0.0546942640625
16 0.984375 0.4890625 0.984375 0.47196257656249996 0.9837326375 0.4697420640625 0.982477059375 0.46006944531249994 0.9794636656249999 0.4533730171875 0.9759480406249998 0.4379960328125 0.9731857640625 0.433035715625 0.964145584375 0.42584325468750006 0.9586210328125 0.41964285781250005 0.9498319687500001 0.3970734125 0.9525942468749999 0.38392857187499996 0.950836434375 0.37723214375 0.950836434375 0.3725198421875 0.9538498265625 0.36483135 0.953598709375 0.3442460328125 0.950083084375 0.3377976203125 0.9468185765625 0.334325396875 0.9433029515625 0.33308531874999997 0.937778396875 0.33358135 0.9362717 0.33159722343750003 0.9345138875 0.312251984375 0.9327560765625 0.3038194453125 0.9262270578124999 0.287450396875 0.92296255 0.27430555624999997 0.9159313000000001 0.2636408734375 0.9159313000000001 0.24007936562499999 0.9141734875 0.22371031874999997 0.9101556296875 0.2078373015625 0.9048821921875 0.1944444453125 0.9011154515625 0.18675595312499998 0.8948375484375 0.17782738125 0.885797371875 0.1696428578125 0.8800217015625 0.1659226203125 0.8762549609375 0.16121031875 0.8732415671875 0.1602182546875 0.8694748265625 0.1564980171875 0.8659592015625 0.1693948421875 0.8644525046875 0.17113095312499998 0.8604346484375001 0.1698908734375 0.8599324156249999 0.1723710328125 0.8578125 0.17539533125 0.8578125 0.1767024265625 0.8579234875000001 0.177579365625 0.8604346484375001 0.1795634921875 0.8621924609375 0.17782738125 0.8629458078125 0.17435515937499999 0.8634480390625001 0.1758432546875 0.8609368796875 0.22147817500000003 0.8591790671874999 0.2854662703125 0.8604346484375001 0.346478175 0.8596813000000001 0.3911210328125 0.8604346484375001 0.41071428593750003 0.8619413453125 0.41294642968749995 0.8684703625000001 0.4159226203125 0.8719859875000001 0.41964285781250005 0.8807750484374999 0.42584325468750006 0.8910708078124999 0.44171627031250005 0.8970975937500001 0.4471726203125 0.904379959375 0.46031746093750003 0.9114112109375 0.46800595312500004 0.9227114328124999 0.4764384921875 0.9317516125 0.4858630953125 0.9332813265625 0.4890625 0.984375 0.4890625
16 0.56875 0.4890625 0.646353809375 0.4890625 0.64453165 0.4799723828125 0.6447936671875001 0.46559416562499994 0.6458417328125 0.4611499890625 0.64950996875 0.4556601234375 0.664444925 0.4389291078125 0.6728294609375001 0.4316092875 0.675449628125 0.42690368906250004 0.6762356781250001 0.41226405 0.6814760140625 0.3926573890625 0.683834165625 0.37697206250000004 0.6859375 0.3733317015625 0.6859375 0.3578125 0.66716164375 0.3578125 0.6665410578125 0.359979621875 0.6613007234375 0.3631166875 0.6500340015624999 0.36625375312499997 0.6429595499999999 0.36677659687499997 0.6358850953124999 0.3699136625 0.6285486265625 0.368606553125 0.627500559375 0.3672994421875 0.6269765265625 0.37278930625 0.6206881234375 0.3754035296875 0.612565603125 0.3746192625 0.6018229171875 0.36939081875 0.5957965296875 0.3680837078125 0.5905561953125 0.3654694875 0.5892461109375 0.36599233125 0.5832197265625 0.3764492171875 0.5756212390625 0.397624409375 0.56875 0.41019309374999996 0.56875 0.4890625
16 0.8262764359375 0.023387896875 0.8195039125000001 0.0281001984375 0.8044538578125 0.0347966265625 0.7896546375 0.0447172625 0.768835396875 0.0558779765625 0.749270325 0.06356646875000001 0.7327152671875 0.06753472187500001 0.7314610953125 0.069766865625 0.738484453125 0.08043154687500001 0.7535345078125 0.09506448437500001 0.7650728828125001 0.11118551562500001 0.7743537484375 0.1173859125 0.7823804437499999 0.125818453125 0.7866446265625 0.12755456406250001 0.7906579734375001 0.126810515625 0.795674659375 0.1223462296875 0.7986846703125 0.1109375 0.8031996859374999 0.1062251984375 0.8047046906249999 0.092832340625 0.823015590625 0.063318453125 0.833048959375 0.057862103124999995 0.83957065 0.0526537703125 0.8493531859375001 0.0412450390625 0.859135721875 0.026612103124999998 0.862396565625 0.0236359125 0.8703125 0.0197224171875 0.8703125 0.0161954359375 0.8691690906249999 0.0161954359375 0.8586340515625001 0.019915675 0.846343175 0.017931546875000003 0.83906898125 0.0186755953125 0.8322964578125 0.020659721875000002 0.8262764359375 0.023387896875
16 0.8123234578125 0.12411177031250001 0.8110382843749999 0.121812996875 0.8084679375 0.12155757656249999 0.8056405578125 0.1144058359375 0.8053835234375001 0.11006370624999999 0.793559928125 0.108786609375 0.78996144375 0.110319125 0.7876481328125 0.11287331874999999 0.7871340625000001 0.11466125468749999 0.782764475 0.119514221875 0.7807081968749999 0.12513344843750002 0.783535578125 0.13867067187499998 0.7866199937499999 0.166000540625 0.7989576578124999 0.1705980890625 0.8141227000000001 0.1815811203125 0.8195204265625 0.18949911875 0.8220907734375 0.1984387953125 0.8285166390625001 0.20278092499999997 0.8295447765624999 0.20482427812499998 0.8398261625 0.20737847187499997 0.845480925 0.212486859375 0.848051271875 0.212742278125 0.8531706 0.215625 0.867106734375 0.215625 0.8683570062499999 0.213253115625 0.86875 0.21079839374999998 0.86875 0.12777887968749999 0.8627022453125001 0.1266659640625 0.8580756218750001 0.127943059375 0.845737959375 0.1345839609375 0.83031588125 0.1340731234375 0.8164360109375 0.1274322203125 0.8123234578125 0.12411177031250001
16 0.75290038125 0.1882549609375 0.7344536171875 0.18902876875000002 0.726872753125 0.1913501984375 0.7147433734375 0.1931557546875 0.7162595453125 0.2114692453125 0.7185338046874999 0.2197232140625 0.7215661499999999 0.22256051562499998 0.7230823234375 0.2269454359375 0.7258619718749999 0.2300406734375 0.73571709375 0.235457340625 0.739002134375 0.23932638750000002 0.7443087375 0.24293749843749998 0.748849328125 0.25 0.78298445 0.25 0.7870142640625 0.24758035625 0.79358434375 0.2380367046875 0.7984375 0.22709703281250002 0.7984375 0.219564909375 0.7953532125 0.20734226093750002 0.7956059078125 0.2006359109375 0.7984375 0.19070043125 0.7984375 0.16875 0.796519409375 0.16875 0.7923208671874999 0.17123115 0.787266959375 0.17123115 0.7809495734375 0.17277876875 0.7673040203125 0.1833541671875 0.75290038125 0.1882549609375
16 1 0.20308447031250002 0.9998759921874999 0.2031994046875 0.974082340625 0.22180059531250002 0.9599454359375 0.2250248015625 0.9311755953125 0.22552083281250002 0.9182787703124999 0.227008928125 0.9140625 0.22874503906250002 0.914806546875 0.248090278125 0.913318453125 0.26594742031249996 0.914310515625 0.269667659375 0.9217509921874999 0.28330853125 0.9252232140625001 0.29521329375 0.9281994046875 0.29967757968750003 0.932415675 0.298685515625 0.9343998015625001 0.29719742031249996 0.9559771828125001 0.2681795640625 0.9693700390625001 0.2461061515625 0.979042659375 0.2275049609375 0.9976438484374999 0.211383928125 1 0.209727259375 1 0.20308447031250002
16 1 0.3705117671875 0.9884672625 0.3701140875 0.9765625 0.37234622968750003 0.9592013890625001 0.3782986109375 0.9527529765625001 0.382762896875 0.948040675 0.392931546875 0.947792659375 0.3976438484375 0.951016865625 0.4078125 0.9517609125 0.4214533734375 0.958209325 0.4343501984375 0.95771329375 0.436086309375 0.9554811515624999 0.43658234062499995 0.9554811515624999 0.43881448437500004 0.9693700390625001 0.4405505953125 0.9743303578125001 0.44030257968750003 0.975818453125 0.44600694374999994 0.9815228171874999 0.43881448437500004 0.9854910718750001 0.4251736109375 0.9966517859374999 0.41450892812499995 1 0.41310115625000005 1 0.3705117671875
16 0.8905009921874999 0.0848958328125 0.883060515625 0.0965525796875 0.8627232140625001 0.12408234062500001 0.8632192453125 0.12631448437499998 0.866443453125 0.12805059531250002 0.8681795640625 0.1302827375 0.869915675 0.1379712296875 0.8718998015625001 0.13772321406250002 0.8867807546875 0.120362103125 0.8932291671874999 0.11614583281249999 0.89893353125 0.1096974203125 0.91083829375 0.1027529765625 0.92373511875 0.0930803578125 0.932415675 0.078943453125 0.935887896875 0.0715029765625 0.9406001984374999 0.0536458328125 0.9453125 0.045957340624999996 0.9527529765625001 0.0372767859375 0.9542410718750001 0.0340525796875 0.9532490078125001 0.0338045640625 0.9507688484375001 0.0345486109375 0.9502728171874999 0.035788690625 0.9465525796875 0.036284721874999995 0.942584325 0.0400049609375 0.9351438484375001 0.0442212296875 0.9217509921874999 0.0467013890625 0.916542659375 0.048685515624999995 0.910590278125 0.05240575468749999 0.9026537703124999 0.061086309375 0.89794146875 0.0680307546875 0.8905009921874999 0.0848958328125
16 0.56875 0.26765014531250003 0.571056546875 0.270163690625 0.5804811515625 0.2773561515625 0.5911458328125 0.28926091249999997 0.6003224203124999 0.2967013890625 0.6062748015625 0.3031498015625 0.6124751984375 0.3232390875 0.6184275796875001 0.3351438484375 0.632068453125 0.354241071875 0.644965278125 0.367137896875 0.6496775796875001 0.370362103125 0.6553819437499999 0.370362103125 0.6598462296875 0.36738591249999997 0.6628224203124999 0.360193453125 0.66455853125 0.3587053578125 0.6779513890625 0.3569692453125 0.682167659375 0.35721726249999997 0.6843998015625 0.358457340625 0.685887896875 0.36292162656250004 0.6781994046875 0.379538690625 0.676711309375 0.3847470234375 0.676711309375 0.391443453125 0.6834077375 0.3971478171875 0.6972966265625 0.4060763890625 0.7037450390625001 0.413516865625 0.713665675 0.42740575468750003 0.7216021828125 0.4435267859375 0.7312748015625 0.4593998015625 0.7369791671875 0.4626240078125 0.7508680562500001 0.4628720234375 0.7650049609374999 0.46510416718750003 0.769965278125 0.4596478171875 0.7721974203124999 0.45567956406250004 0.779637896875 0.44923115156250004 0.7781498015625 0.442534721875 0.7724454359375 0.43087797656250004 0.7689732140625 0.42591765937500004 0.7476438484375001 0.408556546875 0.748387896875 0.40384424531249996 0.7511160718750001 0.39813988125 0.7491319437499999 0.3902033734375 0.72705853125 0.3453125 0.7131696421875 0.3232390875 0.7044890875 0.30711805625 0.6940724203124999 0.2838045640625 0.6930803578125 0.28256448437500004 0.6903521828125 0.28256448437500004 0.6784474203124999 0.28504464218750003 0.6504216265625 0.29794146875 0.6437251984375 0.294965278125 0.6253720234375 0.2753720234375 0.616443453125 0.2622271828125 0.6052827375 0.25205853125 0.6000744046875 0.24561011875 0.588913690625 0.23618551562499998 0.56875 0.21288157812500003 0.56875 0.26765014531250003
3 0.46076580937499995 1 0.4765625 0.9641908171875 0.4765625 0.9285663718750001 0.4493624890625 0.9140625 0.43802090156249995 0.9140625 0.4326923921875 0.9150758031249999 0.41120855624999997 0.9378971765624999 0.37452588750000004 0.9967935812500001 0.37423800625000003 1 0.46076580937499995 1
8 0.1229817765625 1 0.1359375 0.9428202171875 0.1359375 0.92810036875 0.132113884375 0.922938740625 0.109560884375 0.91959935625 0.06513193125 0.9213989203124999 0.050257029687499996 0.928109275 0.0382860453125 0.9504014640625 0.0359375 0.989274109375 0.0359375 1 0.1229817765625 1
3 0.37475667343749997 0.8644730203125001 0.4015246125 0.8866187953125 0.4088052859375 0.8632395781250001 0.43001720312499997 0.86204506875 0.44964937968749996 0.869254165625 0.4546875 0.8903965812500001 0.4546875 0.8626566703125 0.44383321562500005 0.845992228125 0.418247025 0.8267436734375 0.3876767609375 0.7484375 0.37626744218749997 0.7484375 0.35719080000000003 0.753579890625 0.33301946718750003 0.76736609375 0.325 0.802054609375 0.325 0.8082201093750001 0.364246240625 0.8369660781249999 0.37475667343749997 0.8644730203125001
3 0.12872110781249999 0.8528566484375 0.13263090625 0.8572478015625 0.1598920296875 0.856449953125 0.168265175 0.8752785187499998 0.180494384375 0.8827302781249999 0.178566353125 0.8884186796875 0.161427721875 0.8880191578125001 0.1628022046875 0.8722844953125 0.1521799046875 0.8792035609375001 0.1505555140625 0.8977990703125001 0.1596071609375 0.9252434718749999 0.183495696875 0.9625 0.221875 0.9625 0.221875 0.926129325 0.20855896093749998 0.8891178437499999 0.1822437265625 0.8627043437499999 0.1796546734375 0.826810575 0.15432158437500001 0.8219200203125 0.1484014390625 0.8140625 0.144987359375 0.8140625 0.13189866875 0.8328640109375 0.1580352140625 0.844939975 0.13896855 0.85022885625 0.141021534375 0.8431100296875 0.136861828125 0.8415797265625 0.12872110781249999 0.8528566484375
4 1 0.7035328859375 0.975450921875 0.7159484859375 0.9505033984375 0.73963775625 0.897044421875 0.7813514703125 0.8812612953125001 0.798345946875 0.8685329671875 0.793711090625 0.859877703125 0.7952560421875 0.8522407062500001 0.8009208671875001 0.8471493765625 0.8014358515625 0.822201853125 0.8009208671875001 0.78401686875 0.7968009953124999 0.7885990671875 0.7901062015625 0.8216927203125 0.766931915625 0.8252566515625 0.760237121875 0.818637921875 0.753542328125 0.807946125 0.747877503125 0.803363928125 0.7416976921874999 0.7911447328125 0.7375778203125 0.7616150125 0.7046188359375 0.753978015625 0.701013946875 0.7555054140624999 0.7411827093750001 0.7493958171874999 0.7674469 0.7402314203125 0.785986328125 0.7390625 0.7909522140625 0.7390625 0.7988767078125 0.7646698109375001 0.837484740625 0.7778077078125 0.8640625 0.8090260218750001 0.8640625 0.8293297171875 0.8549942015625 0.8318753828125001 0.8498443609375 0.8374758468750001 0.8457244875000001 0.8787156296875 0.8369697578124999 0.8975535546875001 0.830789946875 0.9204645453125 0.830789946875 0.9454120671874999 0.826670075 0.9825787859374999 0.805555725 1 0.7888379671875001 1 0.7035328859375
4 0.606659434375 0.4890625 0.606659434375 0.5127292125 0.6101224953125 0.5167101046875 0.6140802796875 0.5162124921875 0.6185327859374999 0.5057626515625 0.620511678125 0.5057626515625 0.6215011234375 0.5152172703125 0.620511678125 0.52168621875 0.602206928125 0.529150390625 0.570544659375 0.5286527796875 0.56875 0.53793634375 0.56875 0.66857691875 0.5740077203125 0.6744529390625 0.582418009375 0.6789314421875 0.5997333140625 0.6819171109375001 0.6106172187500001 0.676443384375 0.6180380624999999 0.66549593125 0.6299114140625 0.6018016640624999 0.6373322578125 0.5958303265625 0.6492056093749999 0.5988159953125 0.6966990125 0.63613685625 0.709561809375 0.6500699765625 0.7234140515625 0.6575341484375 0.7402346328125 0.68390755625 0.772391625 0.7222236390625 0.792675265625 0.7431233203125001 0.8114747375 0.75008988125 0.8193903062500001 0.7550659953125 0.8292847640625001 0.76800389375 0.8421475609375 0.775468065625 0.8797465062500001 0.8063199765625001 0.8975565328125 0.8242339890625001 0.8992800734374999 0.825 0.9379420749999999 0.825 0.9420815984375001 0.817267428125 0.9979852921875001 0.7495922703125 1 0.7478660171875 1 0.523956240625 0.9569232875000001 0.523179053125 0.944060490625 0.52168621875 0.9361449234375 0.5187005499999999 0.928724078125 0.5107387671875 0.9193243421874999 0.4943175875 0.9154992015625 0.4890625 0.606659434375 0.4890625