14 0.23501652812499998 0 0.215625 0.077032959375 0.215625 0.165625 0.217387015625 0.165625 0.22321674374999997 0.1453053328125 0.237682315625 0.09240427812499999 0.25005730625 0.030653178125000003 0.25578056718750003 0 0.23501652812499998 0
14 0.2548171890625 0 0.2542349265625 0.00311706875 0.22488802031250002 0.1608394203125 0.215625 0.21553158906249997 0.215625 0.22001472031249997 0.219658896875 0.2703125 0.229376040625 0.2703125 0.23796954375 0.22664438125 0.25468711875 0.14321496875 0.27404305625 0.0420809984375 0.28159590625 0 0.2548171890625 0
14 0.1821120453125 0 0.185774584375 0.0808143953125 0.189563884375 0.19307167812499998 0.190920096875 0.2984375 0.21875 0.2984375 0.21875 0.2180192375 0.21734165 0.1856443 0.21772089375 0.1649500140625 0.2162337078125 0.13917051875 0.216145009375 0.09848546875 0.21242891406250003 0 0.1821120453125 0
14 0.29243285625 0 0.2945897625 0.2538063109375 0.2955279546875 0.2625 0.321875 0.2625 0.321875 0.2443219625 0.319922475 0.2165511421875 0.3206059171875 0.16977291249999998 0.31827822499999997 0.081945503125 0.31791744375 0 0.29243285625 0
14 0.3368492328125 0.221177525 0.330315878125 0.2097318546875 0.320895790625 0.1887008890625 0.31930388593750003 0.19376072187499999 0.318789996875 0.2017656640625 0.320456628125 0.2543433125 0.32159604062499997 0.2622259265625 0.3288811046875 0.2796875 0.35625 0.2796875 0.35625 0.2655045828125 0.35563874375000004 0.2637544515625 0.35070073281249997 0.25555644375000003 0.3404812578125 0.228747896875 0.3378259296875 0.225152625 0.3368492328125 0.221177525
14 0.21150674062500002 0 0.21197404375 0.0133185515625 0.23358980156250003 0.0576568421875 0.2427601109375 0.082013559375 0.2525503859375 0.1025408453125 0.265856509375 0.13554181406250002 0.2921089265625 0.1921875 0.29375 0.1921875 0.29375 0.1292324125 0.280231703125 0.0961463875 0.26682218281250003 0.06701978593749999 0.25909818281249997 0.0466722328125 0.2546558625 0.0385191046875 0.23771905312500002 0 0.21150674062500002 0
3 0.5390625 0.4890625 0.5390625 0.11875 0.510808703125 0.11875 0.49137132499999997 0.1313327546875 0.45407420781249996 0.150119996875 0.42536895937499997 0.157466509375 0.420174178125 0.157530896875 0.40410610625 0.1545687984375 0.39768979375 0.15660161718750001 0.396875 0.1564944828125 0.396875 0.1983789828125 0.400533140625 0.20951088593749997 0.404471784375 0.2256795390625 0.4092028 0.252812790625 0.4222813875 0.3016886171875 0.4271842265625 0.3158663234375 0.4515888859375 0.37403411875 0.45937700000000004 0.404547740625 0.4678788921875 0.4301949859375 0.4800071234375 0.4753559140625 0.485537475 0.4890625 0.5390625 0.4890625
3 0.43530398437500006 0.0552297703125 0.43586733593749993 0.0630149421875 0.43502353125 0.07480301875 0.432762434375 0.08517795 0.42654977812499995 0.10191215468749999 0.41909410156250004 0.1126068640625 0.41282348593749996 0.12443656875 0.4090255328125 0.1346772375 0.40821253124999995 0.1433736234375 0.4099131234375 0.1528053375 0.409451909375 0.16050099843750001 0.41130286250000003 0.1655621421875 0.4117066703125 0.165625 0.4503712109375 0.165625 0.4574461375 0.1636624875 0.47003479375 0.1588313796875 0.5044778 0.1412112359375 0.515625 0.1342692078125 0.515625 0.1260019734375 0.507189978125 0.117724590625 0.49949557968749997 0.11163721093750001 0.461604359375 0.0722257796875 0.44229155625 0.0550666359375 0.43717560468750005 0.0517831703125 0.43530398437500006 0.0552297703125
3 0.3162504015625 0 0.3171505734375 0.05112380625 0.31659885781249997 0.0711904703125 0.3197672078125 0.1566429828125 0.322903609375 0.1584925140625 0.35070117343749996 0.163082096875 0.36620844531249996 0.168656528125 0.3793289140625 0.1753225890625 0.3914323796875 0.1859375 0.401086575 0.1859375 0.3992703140625 0.1768544875 0.3993544859375 0.17033079843750001 0.40148916874999996 0.169216496875 0.40620892968750005 0.170424653125 0.4082327078125 0.16773288125000002 0.40849839374999997 0.1620092640625 0.40711011093750005 0.157704421875 0.40694893906249996 0.1482849171875 0.408004903125 0.12826359375000002 0.41063386093750004 0.12170748281249999 0.4202485078125 0.108203271875 0.4246255828125 0.0991918484375 0.43121831874999994 0.0741821390625 0.43125 0.07399446093749999 0.43125 0.044588246875 0.42955156875 0.042159721875 0.4247679765625 0.0388558234375 0.4056942453125 0.019375671875 0.38706413125 0.0062054234375000005 0.378602790625 0.0070120734374999995 0.3639930671875 0 0.3162504015625 0
7 0.5390625 0.4734375 0.59107454375 0.4734375 0.6015625 0.46869930625 0.6015625 0.43784700625 0.5947027390625 0.3935827953125 0.5655264171875001 0.289912221875 0.5538378859375 0.267548703125 0.5390625 0.28759333593749997 0.5390625 0.4734375
15 0.7782864359375 0.4890625 0.76317209375 0.41357075 0.75026318125 0.39964935 0.7010516171875001 0.369819275 0.69286279375 0.3671875 0.6657336609375 0.3671875 0.6747091609375 0.425405609375 0.6889859296875 0.4890625 0.7782864359375 0.4890625
15 0.6027121125 0.399104965625 0.611381078125 0.403125 0.625 0.403125 0.625 0.35322341874999996 0.622659334375 0.3389434421875 0.6186036890625 0.2788465578125 0.6107732109375 0.20516402500000003 0.599670228125 0.18198265 0.5757184390625 0.1609375 0.5673258921875 0.1609375 0.5520482234374999 0.18832740312500001 0.5539637203125001 0.19977135 0.562992128125 0.24250229218750002 0.5758546703125 0.327754546875 0.587126140625 0.3788426625 0.6027121125 0.399104965625
15 0.66221930625 0.4 0.665004475 0.39811905937500003 0.666910990625 0.3700113046875 0.7000542640624999 0.381803603125 0.7125 0.37293655625 0.7125 0.3507827359375 0.6709950390625 0.30127993124999997 0.63112073125 0.246875 0.6288372390625 0.246875 0.6125 0.2690258984375 0.6125 0.283458853125 0.614375159375 0.2947925859375 0.6275496890625 0.397633746875 0.629891321875 0.4 0.66221930625 0.4
15 0.5390625 0.1377462109375 0.5666771109375001 0.16026023125 0.631443953125 0.2109375 0.6314976578125 0.2109375 0.616442103125 0.1989680390625 0.6057775359375001 0.186635990625 0.599866671875 0.15763823906250002 0.6027892609375 0.1299900390625 0.62197115 0.1277921953125 0.62667116875 0.10219933437499999 0.6474217296875 0.1040317046875 0.657981921875 0.1173511890625 0.66833635625 0.15148729218749998 0.6906585890625 0.1761916234375 0.6985556374999999 0.2052698453125 0.7153338265625 0.206941275 0.746875 0.19961529218750002 0.746875 0.1891155484375 0.7311129296875001 0.17088897187500002 0.704764640625 0.13709654375 0.6714110171875001 0.0940953125 0.651024278125 0.0793860453125 0.6331486156249999 0.07866181562499999 0.5900818203125 0.0898086140625 0.5481124921875 0.1000082125 0.5390625 0.10293795624999999 0.5390625 0.1377462109375
7 0.626796265625 0.098311690625 0.6240056968750001 0.1247550078125 0.6014877703125 0.1340552390625 0.6 0.1481532859375 0.6 0.161067778125 0.6032695 0.1851978640625 0.6216536968749999 0.205350659375 0.634230896875 0.2125 0.6674669546875001 0.2125 0.6724976828125 0.209456840625 0.6860949187500001 0.20694443125 0.6937276546875 0.21236121875 0.6984375 0.2120349609375 0.6984375 0.1884983921875 0.6983459109375 0.1880348859375 0.682917903125 0.16902346562499998 0.6680265453125 0.14492679375 0.6580785140625001 0.11285948125 0.6466830765625 0.104225778125 0.626796265625 0.098311690625
5 0.8289883390625 0.23618739687499998 0.7746776421874999 0.22318697968749998 0.7052180296875 0.224267184375 0.6718973984375001 0.23466487812499998 0.649841378125 0.26806306874999997 0.6629488609375 0.29211890625 0.6896223406249999 0.32652935625 0.7134804015625 0.359844703125 0.6952094093750001 0.375757678125 0.712870028125 0.3843196984375 0.755662034375 0.3860692078125 0.7822770625000001 0.3744173625 0.8149814453124999 0.35125449999999997 0.84609409375 0.29666662499999996 0.8660998687499999 0.24554464843749998 0.8289883390625 0.23618739687499998
7 0.6868195187499999 0.4890625 0.676897584375 0.45732884687500003 0.6665996484375001 0.3971279484375 0.6541609921875 0.394659409375 0.640650509375 0.4117470109375 0.6388631499999999 0.43813388125 0.6480278734375 0.4532085421875 0.6379461187500001 0.46553633281250006 0.6365676359375 0.4880199296875 0.637308028125 0.4890625 0.6868195187499999 0.4890625
7 0.7820929 0.180370234375 0.7731822578124999 0.15354598749999998 0.7577208093750001 0.1333139 0.7354603531249999 0.168663728125 0.7480567406249999 0.1975986609375 0.7082349484374999 0.20479056718750002 0.715352359375 0.220761525 0.7820929 0.180370234375
15 0 1 0.091112125 1 0.08880799375000001 0.9729516968749999 0.0883144328125 0.932397940625 0.0885970296875 0.88535058125 0.092973003125 0.8799213109374999 0.0799134484375 0.7885906406250001 0.0767030671875 0.7730170046875 0.07083390625 0.760400009375 0.0636901359375 0.754267865625 0.0475183421875 0.751981615625 0.029852275 0.7406591062500001 0.01584080625 0.735407459375 0 0.7309591515625 0 1
15 0.319386271875 1 0.34319553593749996 0.9861529765625001 0.3532716296875 0.975046875 0.3585395234375 0.9623186859375 0.3607734890625 0.9500504781250001 0.3559714671875 0.897661728125 0.3609375 0.8894085624999999 0.3609375 0.770510003125 0.35959349375 0.7685002750000001 0.3475160859375 0.761623690625 0.339793371875 0.7199528078125 0.3324681125 0.7049542171875001 0.32255967343749997 0.696875 0.20321647187499997 0.696875 0.17493539687499998 0.7078526609375 0.162342240625 0.7055822609375 0.1564453640625 0.712658746875 0.1018912828125 0.7260673578125 0.0854036859375 0.739625825 0.084375 0.74366068125 0.084375 0.841754825 0.08647550312499999 0.8693817828124999 0.084375 0.8731077718750001 0.084375 1 0.319386271875 1
11 0.5390625 1 0.5390625 0.9177338625000001 0.5091563156250001 0.8623858484374999 0.47128197812500006 0.801084584375 0.4565392140625 0.7875780953125 0.439187334375 0.7781026828125001 0.414347775 0.7734375 0.38640030468750003 0.7734375 0.3706261890625 0.7753767671875 0.35848975625 0.7807702203125 0.355029821875 0.786315175 0.35746064375 0.8495454390624999 0.36329865156249996 0.8746167578125 0.36080227656249997 0.8842551750000001 0.3505368734375 0.8927387718750002 0.34679314375 0.9003170890625001 0.34973713125 0.9406252500000001 0.3491673203125 0.9630367843750001 0.339296221875 0.993439171875 0.3406732546875 1 0.5390625 1
11 0 0.669686921875 0.001007 0.6787870796875 0.015505946875000001 0.7171103078125001 0.0286359734375 0.7430627421875 0.0370753515625 0.75 0.0781563890625 0.75 0.107720940625 0.7393028109374999 0.134273471875 0.7335942640625 0.149063215625 0.7281942359375 0.164252225 0.7264023500000001 0.17213304375 0.7188235578125 0.18612256875 0.7200973796875 0.22558145624999998 0.7012390625 0.245397296875 0.685638003125 0.2578125 0.6813588562499999 0.2578125 0.62017143125 0.25488471874999996 0.6137809359374999 0.25077079687500003 0.6109375 0.2410426421875 0.6109375 0.22513523906250002 0.61377455 0.208113803125 0.6109375 0.20649684375000002 0.6109375 0.14959113125 0.612451959375 0.11755675624999999 0.6196078843749999 0.0959716046875 0.6284901015625 0.0701611328125 0.636269446875 0.06051100625 0.637129396875 0.0577127640625 0.639652665625 0.0140296765625 0.6481480015625001 0.0012373953125 0.6623286765625 0 0.6665930515625 0 0.669686921875
2 0 0.8457627828125001 0.006581240625 0.84971336875 0.0100230234375 0.843596678125 0.013578818749999999 0.8431439671875001 0.0173059171875 0.8488709625 0.0294066328125 0.8511409109375 0.03125 0.8488914171874999 0.03125 0.8352723421875 0.03032718125 0.826964821875 0.03125 0.8249822453125001 0.03125 0.78602601875 0.029013496875 0.7826754359375 0.0198956984375 0.7747955203125001 0 0.7682140765625001 0 0.8457627828125001
5 0 1 0.0754634609375 1 0.078125 0.9983772203125 0.078125 0.9856518109374999 0.071473440625 0.96891189375 0.078125 0.9538585125000001 0.078125 0.9395219734375001 0.0733037296875 0.930514746875 0.078125 0.9210579156249998 0.078125 0.9021586734374999 0.0703990984375 0.891024771875 0.0641238671875 0.8899054109375001 0.062069553124999996 0.8944207921875 0.0580190328125 0.8948566687499999 0.0441003328125 0.8850097765625 0.031835359375 0.880753409375 0.028070890625 0.8746208890625 0.0195134 0.8759904203125 0.004053825 0.8706677515625 0.0008586609375 0.874152203125 0.0008581015625 0.87870295625 0 0.879242184375 0 1
5 0.14023565625 0.972685128125 0.1483564375 0.97647029375 0.16133882500000002 0.9777402343750001 0.1645138875 0.98125 0.182118165625 0.98125 0.1827281984375 0.9807194718750001 0.1873635328125 0.957390984375 0.190625 0.956068834375 0.190625 0.9521387546875001 0.18376158125 0.9479631484375 0.18141759375 0.9406384765624999 0.17375496875000002 0.9316590937499999 0.1628320453125 0.925743475 0.15958859375 0.925 0.14811058125 0.925 0.14127072031250001 0.9258825875 0.1318902875 0.93404048125 0.128125 0.9437566234375 0.128125 0.9584374921875 0.13102885625 0.9636784546874999 0.14023565625 0.972685128125
7 0.1831832671875 0.92887635 0.18125 0.9321092375 0.18125 0.94375 0.20045258124999998 0.94375 0.2029109234375 0.9430588390625001 0.20674511562500003 0.94375 0.21049140781250003 0.94375 0.2160442703125 0.941158334375 0.2294150578125 0.9413910578125 0.2359375 0.9365779406249999 0.2359375 0.927742871875 0.23417093281249998 0.9265701625 0.22882436562500003 0.912105709375 0.22169347187500002 0.9103847734375 0.2137436484375 0.903125 0.21291829375 0.903125 0.2035091984375 0.9100682687500001 0.1940585625 0.9258719953125001 0.19251342968750002 0.9263773750000001 0.19114696250000002 0.9236922234375001 0.1831838484375 0.9240858953124998 0.1831832671875 0.92887635
7 0.2598362984375 0.7500356874999999 0.25159178125000004 0.749385603125 0.2411856234375 0.7568129156250001 0.2260045953125 0.753506703125 0.22111390156250002 0.7600152609374999 0.21292618281250003 0.759873340625 0.20923046093750003 0.758794921875 0.20889079375000003 0.7466167374999999 0.20508147656250003 0.744521990625 0.1966086546875 0.7509684578125 0.1906956125 0.74833006875 0.1868283796875 0.754856365625 0.1781306015625 0.7410117671875 0.1642007875 0.735191346875 0.159375 0.722189784375 0.159375 0.734620903125 0.16186875625 0.7417442546874999 0.1674399 0.7504628671875 0.1860304296875 0.7705650875 0.19052131249999998 0.7787577953125 0.193988171875 0.7914973671875 0.21343010156250003 0.8237866468749999 0.2192289921875 0.8299733109374999 0.2218444515625 0.8305258234374999 0.23799270312499998 0.8287770109375 0.24407558125 0.8375044921875 0.24521208125 0.8431031609375002 0.2429919703125 0.8643662031249999 0.2327534125 0.8961410203125 0.2330368390625 0.9032464421874999 0.2370727875 0.9119384421875001 0.245032203125 0.9191769140625 0.24395082656249997 0.9277802171874999 0.2515683421875 0.9410989093750001 0.256853825 0.9609705109375 0.2671458109375 0.971875 0.2931563046875 0.971875 0.2932993140625 0.9717458156250001 0.2995559296875 0.9546101734375 0.29745499375 0.9312435171875 0.29012202187499997 0.9159010390625 0.29421867343749997 0.8931489859374999 0.29314064218749997 0.874364671875 0.295814571875 0.861731540625 0.2959304015625 0.8444894578125 0.3 0.8267660921875001 0.3 0.7949452703125 0.29451549374999997 0.7907039453125 0.28365774843749997 0.7712429359375 0.2756983328125 0.764004465625 0.272913040625 0.7573628578125 0.26899013125 0.7542517859375 0.2598362984375 0.7500356874999999
7 0.1575209625 0.8030786546875 0.1699633078125 0.8008406499999999 0.18327348593749998 0.810901140625 0.19033642343749999 0.8129905749999999 0.1882713875 0.8163935953125 0.1848484671875 0.8163334453125 0.18490220468750002 0.8212476875 0.18060931875 0.8265768781249999 0.17289350781249999 0.83184591875 0.1735990546875 0.8382456046875 0.1774561609375 0.8422440218749999 0.17642284218749998 0.8505784703125 0.18576790625 0.8512340187499999 0.190657259375 0.855741903125 0.185712565625 0.8595856515625 0.1695211265625 0.8632317640625 0.1679450828125 0.8666433765624999 0.17022614062500002 0.8740534078125 0.18418919375 0.876755425 0.198424675 0.8730749421875 0.20527052031249998 0.8731952421875 0.22401331406249997 0.88826449375 0.2353691375 0.885024740625 0.24161958125 0.8664640453124999 0.238687246875 0.8531466109375 0.2348301421875 0.84914819375 0.22233405624999997 0.8464719546874999 0.22200895312500002 0.8390962953125 0.21711906406249998 0.8390103671875 0.217446834375 0.82427623125 0.1944143515625 0.7880044156249999 0.191373471875 0.773702415625 0.1883309921875 0.772666290625 0.1802895484375 0.77498163125 0.174366340625 0.7832301515625 0.16170690468749999 0.783499021875 0.1400301765625 0.7683782078125001 0.12693815625 0.751442934375 0.12052756093749999 0.7464169859374999 0.11672419687499999 0.747332809375 0.11058389843750001 0.7536121953125 0.10840978593749999 0.7604526078125 0.111180365625 0.763449271875 0.1204163484375 0.7675422125 0.128619546875 0.775547640625 0.1296512640625 0.7804790687500001 0.1256302734375 0.7838477156250001 0.12378233125 0.7892198718750001 0.128453528125 0.8006025421875 0.14964233437500002 0.8068708421874999 0.1575209625 0.8030786546875
7 0.11850240000000001 0.869705175 0.1278474609375 0.8703607203124999 0.1386046828125 0.8749717234375 0.13827744687500002 0.8852838984375 0.1364843078125 0.8867263765625001 0.12904093125 0.88561291875 0.124041428125 0.8933863390625 0.12436706718749999 0.896340040625 0.13403723125 0.9043712484374999 0.1321892890625 0.909743403125 0.13403509687499998 0.9220590812499999 0.1365337828125 0.9270162890625 0.13887018125 0.9260746874999999 0.13870789687500001 0.920175878125 0.145119025 0.9207798687500001 0.15799661874999998 0.9136362140625 0.1637022 0.9078405203125002 0.1691896234375 0.9089196078124999 0.17554754374999998 0.900187396875 0.17799355625 0.8913864437499999 0.1758215765625 0.880539021875 0.168162171875 0.8686125109375 0.17044483125 0.862756665625 0.16941311406249998 0.8578252375 0.1656102828125 0.854319103125 0.156591390625 0.852195296875 0.16327548281249998 0.8419948296875 0.1614834140625 0.8345933921875 0.159147546875 0.8311130359375 0.149694475 0.8250509625 0.1483924609375 0.8088141999999999 0.137798590625 0.8012580906250001 0.1316588265625 0.8031155156249999 0.130299871875 0.8084962640625001 0.1322004875 0.81688226875 0.13057016875 0.8198015984375001 0.12019339062500001 0.8142146234375 0.1131288546875 0.825391065625 0.11372585625000001 0.830806184375 0.118125690625 0.8397274375 0.1193739640625 0.8510499578124999 0.11225515625 0.8617341171875001 0.11312405625 0.8651886937500001 0.11850240000000001 0.869705175
7 1 0.9499855187499999 0.9452892406250001 0.9477759421874999 0.89325276875 0.961836603125 0.8668301765624999 0.9639097718750002 0.813570559375 0.9822389265624999 0.789339225 0.9845029953125 0.7294506109375 1 0.9805928250000001 1 0.9911260671874998 0.9955196749999999 1 0.9871457124999999 1 0.9499855187499999
7 1 0.918620090625 0.950286715625 0.9151072546875 0.814312740625 0.93379595 0.7194709703125 0.9276814718749999 0.704060784375 0.9317950015625 0.684375 0.9461328999999999 0.684375 0.9469654828125 0.6934319640625001 0.959267421875 0.7190705453125 0.9789894390625001 0.74148536875 0.9890625 0.7941286671875 0.9890625 0.8447009890625001 0.9779664890624999 0.932297296875 0.9703380859374999 0.9874015953124999 0.9533119921874998 1 0.9514035249999999 1 0.918620090625
7 0.558622040625 0.782725690625 0.5421875 0.7962554125000001 0.5421875 0.81501366875 0.5462394421875 0.8263959218749999 0.5459175468749999 0.8372794390625 0.54942776875 0.840625 0.568136078125 0.840625 0.56911729375 0.8403673765624999 0.575067171875 0.8266948968750001 0.5885678890625 0.8202190593750001 0.617029696875 0.795390728125 0.646199671875 0.746618665625 0.6630192390625 0.740428478125 0.6640625 0.6918916906250001 0.6640625 0.609375 0.6496473765624999 0.609375 0.6434247203125001 0.6154451609375 0.619033959375 0.6526262328125 0.601485871875 0.7209476765625 0.5885442140625 0.7460207125 0.558622040625 0.782725690625
7 0.8768889515625 0.7887906265625 0.8751414640625 0.8120702515625 0.8583226359375 0.8393605703125001 0.8454866046875 0.876584184375 0.8391554687500001 0.9265625 0.8815925140624999 0.9265625 0.8867716390625 0.9259848265624999 0.89140546875 0.9136079374999999 0.902370009375 0.9039135093749999 0.907085440625 0.8521352531249999 0.920924921875 0.8171293671875001 0.9225173999999999 0.7991616875 0.9421875 0.7762468124999999 0.9421875 0.750399284375 0.942118165625 0.7497470796875 0.9336875499999999 0.7458163328125 0.92622938125 0.745165703125 0.9067102171875 0.7551789453125 0.902076390625 0.767555834375 0.8768889515625 0.7887906265625
7 1 0.731576465625 0.9740523375000001 0.7763763640625 0.9507917156249999 0.7875974890624999 0.911148009375 0.8748528984374999 0.9038182578124999 0.9018768984375001 0.8875 0.915618103125 0.8875 0.91875 0.9149772781250001 0.91875 0.9246461953124999 0.8992957234375 0.9536715046875 0.8775161562499999 0.9841984765625 0.8414793187499999 1 0.8272800406249999 1 0.731576465625
7 0.73366261875 1 0.743537078125 0.9943054046875 0.74260968125 0.9900371281249999 0.73424381875 0.988262034375 0.698242490625 0.9600029937500001 0.676446246875 0.9497306390624999 0.58633761875 0.936652684375 0.542867284375 0.9119310546874999 0.5390625 0.913470221875 0.5390625 0.9423691828125002 0.596252884375 0.9574066218749999 0.62092293125 0.9773511156249999 0.66630545625 1 0.73366261875 1
7 0.6072338515625 0.8337828500000001 0.5935591609374999 0.8336394234375 0.5885364125 0.8614681781249999 0.58888356875 0.8855768109375 0.5987377578124999 0.9084192062499999 0.6013672484375 0.9264451781249999 0.5936233921875 0.93938065 0.609244490625 0.944927940625 0.6734502890625 0.9442354171874999 0.6782287281249999 0.9247604953125 0.67238950625 0.9085489062499998 0.6420329359375 0.867171678125 0.6072338515625 0.8337828500000001
7 0.6051958296875 0.831511675 0.6124510640625 0.8352838703125001 0.6491049390625 0.8772092484374999 0.6732863640625 0.9138614109375001 0.68770521875 0.9245384890625001 0.6992197328125 0.9265876593750001 0.71721478125 0.9229196015625 0.771851575 0.9100129703125 0.8408698906250001 0.912293146875 0.8540613953125 0.8489866562499999 0.8730031453125001 0.81294749375 0.8746634703125 0.7921542671875 0.9028068640625 0.7652911625 0.9052724296875001 0.7529431265625 0.918294578125 0.7394202171875 0.9147987671875001 0.7150375109375 0.8910866546874999 0.6983170624999999 0.8841368078125 0.684102575 0.9035784109375001 0.666950896875 0.9454077265624999 0.675826371875 0.9497891609375 0.669926428125 0.94848406875 0.6425937515625 0.9289090796874999 0.6283271953125 0.9046778078125 0.6293586437500001 0.8693097171874999 0.651405325 0.8546770921875 0.64803785 0.83668204375 0.6517059062499999 0.811523378125 0.64846908125 0.8025049671875 0.633027646875 0.7969100578124999 0.6084622265624999 0.788757965625 0.5993775250000001 0.7803615640625 0.5986466593750001 0.7728314796875 0.604272528125 0.7547560453125 0.6466684234375 0.6725857375000001 0.6499847765625 0.6752152296875 0.6680107484375 0.669539934375 0.682173165625 0.6680740734375 0.7322961687499999 0.6286717078125 0.7843514234375 0.6049097484375 0.8053145859375 0.6004061609375 0.8153914453125001 0.5991733765625 0.8215654625 0.6051958296875 0.831511675