12 0.559375 0.1369795546875 0.5388526171875 0.12280227968749999 0.527387690625 0.11739308906249998 0.5114882546875 0.10543112187499999 0.50075045625 0.09375 0.4766322109375 0.09375 0.48743716875 0.12778572187499998 0.48757465 0.147675284375 0.47910355937500004 0.1677160421875 0.4647377953125 0.182249775 0.45625 0.21001503437500002 0.45625 0.24276935000000002 0.46359159375000003 0.25877750625 0.49858076875 0.32906001875 0.5029267953125001 0.33408419375 0.5102521531249999 0.33803594062500003 0.559375 0.34440037343749996 0.559375 0.1369795546875
12 0.21804014375 0.1542371453125 0.20685106874999998 0.1674441796875 0.20444040000000002 0.215368671875 0.20156622500000002 0.2195825796875 0.1950262734375 0.2233400828125 0.1859375 0.247357065625 0.1859375 0.2580680359375 0.1864186390625 0.26304549375 0.1958778953125 0.2826577 0.211998096875 0.300592128125 0.2256778625 0.31232367656250004 0.2543232328125 0.331080159375 0.2816273890625 0.34465547343749997 0.30132774375000004 0.35263859218750004 0.33227395 0.3609375 0.4152367578125 0.3609375 0.418728509375 0.35995539062500004 0.4351716953125 0.3476974671875 0.4476266046875 0.311568053125 0.46241632031249996 0.2530180375 0.47177506718749995 0.2351588421875 0.47648981093750004 0.217901259375 0.48615105156249994 0.205241384375 0.489827075 0.1880019515625 0.49375 0.18131440000000001 0.49375 0.0783404703125 0.49099288750000003 0.0740007328125 0.474413821875 0.057115240624999994 0.45083026875 0.04375 0.265527775 0.04375 0.2529593125 0.0484939375 0.24672185624999998 0.057450762499999995 0.24435679999999999 0.07935143125 0.23282473750000002 0.10453505 0.224035609375 0.1411208671875 0.21804014375 0.1542371453125
12 0 0.32757688281249997 0.008225990625 0.3298499265625 0.0475236 0.33424536875 0.139611146875 0.35 0.2118933 0.35 0.21517408593749998 0.34859424375 0.2253391265625 0.3402834078125 0.2359375 0.3165656421875 0.2359375 0.314077628125 0.22863928281249998 0.3010857796875 0.2192267765625 0.2961673875 0.21470252968749998 0.2881135921875 0.20282138593750001 0.2756137453125 0.198636646875 0.24722160781250002 0.19989570625 0.2339835125 0.20777411875000001 0.212496625 0.2122053375 0.1753124453125 0.21948371875 0.16095240156249999 0.2231329015625 0.136489659375 0.2344635015625 0.12205870625 0.2359375 0.11915054843749999 0.2359375 0.0706657546875 0.235477028125 0.069685028125 0.23127730156249998 0.0672169703125 0.138240690625 0.053125 0.0219086953125 0.053125 0.01723283125 0.0572381 0 0.0889901 0 0.32757688281249997
12 0.8941620625000001 0 0.88125 0.0713582515625 0.88125 0.0782024828125 0.8963798953125 0.06310531875 0.932222509375 0.0784332078125 0.970625309375 0.1065343375 0.9821461499999999 0.1333581453125 0.9603845625 0.1563499765625 0.93734288125 0.18445110781250001 0.905340546875 0.22277083125 0.8938197062500001 0.22788012656249998 0.92027428125 0.23125 1 0.23125 1 0.0276308828125 0.9966771062500002 0 0.8941620625000001 0
11 0.788832565625 0 0.7657178046875 0.0726867578125 0.753125 0.12263342968749999 0.753125 0.14233081875 0.76446365625 0.1882600390625 0.7761405296875 0.190625 0.8093143828125001 0.190625 0.828425171875 0.159049209375 0.8560164140625 0.11840805624999999 0.8823535093749999 0.087927190625 0.89475739375 0 0.788832565625 0
0 0.8430354203124999 0.21875 0.905872815625 0.21875 0.9218998687500001 0.1987488546875 0.9661919015624999 0.1422762046875 0.975 0.1405405984375 0.975 0.1036384765625 0.970100021875 0.0947878421875 0.9427431796875 0.063984578125 0.9206865921875 0.059375 0.896679815625 0.059375 0.8411320468750001 0.138425796875 0.8015625 0.19250205625 0.8015625 0.1976266671875 0.80465625625 0.21286701562500002 0.8033535484375001 0.214150484375 0.8430354203124999 0.21875
6 0.559375 0.4 0.6972156515625001 0.4 0.70625 0.35956518437499996 0.70625 0.2221031296875 0.665583234375 0.197622084375 0.6609261375 0.196875 0.5623242203125 0.196875 0.559375 0.198551159375 0.559375 0.4
12 0.611597553125 0.0578788671875 0.5749809296875 0.0920543828125 0.5688781578125 0.145758765625 0.5749809296875 0.2019042546875 0.626244203125 0.1933603765625 0.6701841515625 0.2092275796875 0.7031391124999999 0.2324181078125 0.7202268703125 0.22387422968749998 0.740976290625 0.20678647187500002 0.7653873734375 0.2092275796875 0.77149014375 0.16772873906250002 0.722667978125 0.0725255171875 0.6823896921875 0.044452771875000005 0.611597553125 0.0578788671875
6 0.577890834375 0 0.5835248078124999 0.027365014062499998 0.6177003234375 0.048114434375 0.6140386609374999 0.050555542187500004 0.6225825406250001 0.050555542187500004 0.6213619859375 0.051776096875 0.6567580562499999 0.044452771875000005 0.6848308015625 0.048114434375 0.7129035453125 0.028585568750000002 0.7129035453125 0.012718365625 0.707700578125 0 0.577890834375 0
17 0 0.4 0 0.60296805 0.053444824999999994 0.8617657453125 0.0742733046875 0.90625 0.1145142109375 0.90625 0.221796821875 0.8880049281249999 0.2265625 0.8855171328125 0.2265625 0.8256215296875 0.2222672890625 0.751430371875 0.1915658375 0.4 0 0.4
17 0.2115319859375 0.4 0.20838923125000003 0.4196892359375 0.2151496765625 0.5793024156250001 0.2114330734375 0.6374057000000001 0.22586693906250002 0.8754568515625 0.2300735296875 0.8859375 0.333917009375 0.8859375 0.38114314375 0.882276215625 0.389758784375 0.867546828125 0.4054307421875 0.7738778125 0.4265625 0.5493334187500001 0.4265625 0.4 0.2115319859375 0.4
17 0.559375 0.4 0.418663209375 0.4 0.4184432046875 0.4013883765625 0.4253655828125 0.416853665625 0.4247457359375 0.443009734375 0.397201365625 0.72502141875 0.3831699046875 0.8292412625000001 0.375 0.8508746875 0.375 0.8581665468749999 0.397757409375 0.934375 0.5489567140625 0.934375 0.556631203125 0.9337652484374999 0.559375 0.9287909078125001 0.559375 0.4
0 1 0.5398030140625 0.999804465625 0.5397699609375 0.95505435625 0.543731053125 0.9179512609374999 0.544222646875 0.8594683109375 0.5551686765625 0.8453102890625 0.5505297687499999 0.832987759375 0.5644174484375 0.83125 0.57335835625 0.83125 0.8040779312499999 0.8379163734375 0.817372878125 0.850104140625 0.8314539906250001 0.873498084375 0.846875 1 0.846875 1 0.5398030140625
0 0.6744915734375 0.5749204031249999 0.6694088734375 0.5850825234375 0.6690087234375 0.594351090625 0.67140641875 0.6011240015625 0.67643145 0.6487044328125 0.6881405171875 0.7165886421875 0.6913542828125 0.7254478296875 0.7007312015625 0.7391282796875001 0.7138191203125 0.74621531875 0.722381590625 0.7484375 0.7580749499999999 0.7484375 0.7683893718749999 0.746787696875 0.795004046875 0.7357115671875001 0.8071630484375 0.7262729546875001 0.8135708749999999 0.71821206875 0.8202778296875 0.7019107953124999 0.8203125 0.701557934375 0.8203125 0.61812683125 0.8167595390625 0.561055815625 0.8096248421875 0.5505346921875 0.7996772875 0.5453125 0.7891879828125 0.5453125 0.7875293515624999 0.5467919828125 0.7509670875000001 0.596759403125 0.7345217515625 0.5926671484374999 0.6798852234374999 0.5719854515625 0.6773399328125 0.5719106609375 0.6744915734375 0.5749204031249999
17 0.7591335921875 0.4 0.7517141828125 0.416744009375 0.7357877328125 0.43379273281249997 0.7126129375 0.46549042656250006 0.703051515625 0.48219471093750005 0.6960600921875 0.488889878125 0.682615534375 0.5182186171875001 0.680627878125 0.5330215796875 0.6845957984375 0.5623292578125 0.68455581875 0.578781496875 0.7416037109375 0.6 0.7597359140625001 0.6 0.8141890625 0.5268467953125 0.8651607312499999 0.45403310937499997 0.9062681749999999 0.4 0.7591335921875 0.4
4 0.559375 0.4 0.559375 0.7163329093749999 0.6141005749999999 0.6979448125 0.6509474140625 0.6765035296875 0.663292759375 0.66167555625 0.6688141437499999 0.6476946390625 0.672077484375 0.5880747656249999 0.6753255499999999 0.57612231875 0.6791139203125 0.5269943328125001 0.6826184984375 0.5124303109375 0.729197525 0.4394166453125 0.743713584375 0.42360483281250005 0.754089421875 0.4024330921875 0.75578776875 0.4 0.559375 0.4