10 0.309375 0.45 0.309375 0.1725280171875 0.2993687515625 0.1638604984375 0.2879665796875 0.1625942578125 0.2664291453125 0.13473694687499999 0.24615861562500002 0.11700956874999999 0.2297266328125 0.1078125 0.160696075 0.1078125 0.14733979218749998 0.1258732578125 0.1296030796875 0.13726943125 0.12200163125 0.13347070625 0.109375 0.148194025 0.109375 0.2044247703125 0.1346707109375 0.2309712921875 0.133403803125 0.26389356875000003 0.151140515625 0.26895853281250004 0.16887722656249998 0.298082084375 0.186613940625 0.281620946875 0.2296888125 0.28415343125 0.214485915625 0.2993483265625 0.19928301875 0.3094782578125 0.1802794 0.30061456875000003 0.1574750546875 0.30567953281250004 0.14353906875 0.3196081890625 0.1752117671875 0.38165401718749997 0.15367433125000002 0.41584253281250005 0.161987278125 0.45 0.309375 0.45
3 0.713832625 0 0.7095710421875 0.0046186796875 0.6734375 0.0610283671875 0.6734375 0.093313515625 0.6880277218749999 0.2421875 0.7169563171875 0.2421875 0.718612928125 0.23490814375000002 0.725739446875 0.2421875 0.7473778328125 0.2421875 0.793501940625 0.23447980781250002 0.8517231828125 0.2326808328125 0.8697040250000001 0.214070065625 0.882151071875 0.1647054953125 0.8828125 0.1531938640625 0.8828125 0.081264171875 0.8676096265624998 0 0.713832625 0
3 0.34936648125 0.1751523703125 0.3165105953125 0.24335546875 0.3151464625 0.25800171562499996 0.44449513281249997 0.3283120203125 0.460961353125 0.34249926249999996 0.45826133437500005 0.37339824843749997 0.47138768750000004 0.3875 0.5703837609375 0.3875 0.60527905625 0.341852475 0.6765625 0.26938535468749997 0.6765625 0.2580330171875 0.5684400875 0.18353950937500002 0.46697099687500004 0.13092153281250002 0.40981945625 0.10857662812499999 0.39403120625 0.132945309375 0.3700098484375 0.15022036875 0.34936648125 0.1751523703125
16 1 0.45 1 0.41999377187500003 0.9538638374999999 0.4078125 0.9490083312500002 0.4078125 0.898471525 0.4445845515625 0.8985673562500001 0.45 1 0.45
16 0.662833734375 0.35666440312500003 0.6192134953125 0.3553158515625 0.5759870328125001 0.3763326078125 0.5633208703125 0.3906065734375 0.5651572843749999 0.40320002656250004 0.5815525296875 0.41730801093750003 0.6221468625 0.43021266406249997 0.66565459375 0.42517112968750004 0.702519846875 0.40969383437499995 0.7055176265625 0.39654021093749997 0.6855901875 0.3652329296875 0.662833734375 0.35666440312500003
16 0.309375 0.124025053125 0.309990284375 0.1254179390625 0.3955631109375 0.125106725 0.406561625 0.107824440625 0.4047252109375 0.0952309859375 0.368149384375 0.035438021874999996 0.3241072390625 0.0101266390625 0.309375 0.010973753125000001 0.309375 0.124025053125
9 0.3338979078125 0 0.34197324687499997 0.0160602875 0.36978890781249996 0.0368488203125 0.3765438953125 0.05367466875 0.3946067921875 0.0707909734375 0.40978441718749997 0.10745099218750001 0.4357917953125 0.1172435921875 0.4551566921875 0.11660043125 0.5034142328125 0.10620615781250001 0.5209145890625 0.0913720234375 0.57694785 0.0640689109375 0.6375621578125 0.021827931249999998 0.657857178125 0 0.3338979078125 0
10 0 0.7549867453125 0.003637453125 0.7618372125 0.00672174375 0.7651127890625 0.030735153124999998 0.7668597640625 0.033378831250000005 0.7635841875 0.03403975 0.759435121875 0.0320569921875 0.755286059375 0.027430554687499997 0.75048188125 0.0236853453125 0.743057240625 0.0294133140625 0.7417470093749999 0.0404286390625 0.74283886875 0.051443965625 0.74196538125 0.060696840625000005 0.7349774859375 0.0635608234375 0.7308284203125 0.060256225 0.7255874984374999 0.0536470296875 0.7212200624999999 0.051664271875 0.7181628578125 0.051664271875 0.7166342562500001 0.061357759375 0.6873724375 0.0703125 0.6544040640625 0.0703125 0.60591218125 0.0648826625 0.5910704859375 0.058493773437499993 0.5773130640625 0.0529861109375 0.5690149359375 0.03888649375 0.55329216875 0.0313960734375 0.546304271875 0.0225838125 0.5393163750000001 0.0082638890625 0.529708015625 0.008170750000000001 0.5296875 0.0059258171875 0.5296875 0.003857759375 0.53211010625 0.0012140796875 0.5447756703125 0 0.5487376921875 0 0.7549867453125
8 0 0.862135384375 0.0105111859375 0.866273409375 0.0164575734375 0.8709553343749998 0.021302778124999998 0.8727389265625 0.0351776828125 0.874745465625 0.06053198125 0.88125 0.0703125 0.88125 0.0703125 0.839130428125 0.06799293749999999 0.8319392828125001 0.0629274953125 0.8254737656250001 0.049493062500000004 0.8181164531249999 0.0239456171875 0.8080837546874999 0.014915915625000001 0.8027329812499999 0.0056659796875 0.800949390625 0 0.7991307359375 0 0.862135384375
4 0 0.8011054140624999 0.0148168109375 0.8046875 0.0296875 0.8124461203125 0.04132543125 0.816756465625 0.0439116375 0.818480603125 0.048868534375 0.8195581890625 0.058566810937500005 0.8258081890625 0.0637392234375 0.830980603125 0.06804956875 0.8454202593750001 0.0710668109375 0.880980603125 0.0656788796875 0.8811961203124999 0.033782328125 0.8736530171875 0.026670259374999998 0.8734375 0.024730603125 0.8740840515624999 0.02429956875 0.8751616375000001 0.026454740625 0.88960129375 0.028178879687500002 0.8926185343749999 0.035290948437500004 0.9003771546875001 0.040032328125 0.9079202593750001 0.04477370625 0.917618534375 0.049730603125 0.9331357765625 0.0553340515625 0.9415409484375001 0.0609375 0.9393857765625 0.06804956875 0.9350754312500001 0.09348060312499999 0.92602370625 0.1133081890625 0.920420259375 0.154256465625 0.911368534375 0.1643857765625 0.9053340515624999 0.1706357765625 0.9001616375000001 0.170420259375 0.895420259375 0.16589439687500002 0.8839978453124999 0.1602909484375 0.8725754312500001 0.1467133625 0.8495150859375 0.1277478453125 0.8242995687500001 0.1098599140625 0.8074892234375 0.085506465625 0.7900323281249999 0.0674030171875 0.7796875 0.04929956875 0.7710668109375 0.032704740625 0.7665409484375 0.01632543125 0.76460129375 0 0.764085753125 0 0.8011054140624999
17 0.89375 1 0.89375 0.9762198390624999 0.8150741359375001 0.893572828125 0.721372225 0.9257673078125 0.6916853421875 0.9483244765624999 0.6368454796874999 0.962000959375 0.63125 0.9679952296875001 0.63125 1 0.89375 1
14 1 1 1 0.45 0.820248621875 0.45 0.8115137890625 0.46979356093749997 0.8051049531250001 0.5075992328125001 0.8022873125000001 0.5849516421875001 0.8048004484375 0.5936600125 0.8101207328125 0.587896675 0.8105442546875 0.600011746875 0.8032638734375 0.6444769390625 0.796875 0.7694154265625001 0.796875 0.7985085406250001 0.797478096875 0.8896480171875 0.8021193453125001 0.8960510515625 0.8188887406250001 0.9018898156249999 0.8888784812499999 0.976957984375 0.8937122421874999 0.9888678687500001 0.8928012031249999 1 1 1
14 0.409012375 0.45 0.41424347812499995 0.49400249531250007 0.43174667031249997 0.5725367453125 0.4464436015625 0.668204728125 0.4674258453125 0.7488442609374999 0.496369978125 0.89485924375 0.506781946875 0.9329155953124999 0.5174565531249999 0.9460216875 0.5716318765625 0.969573571875 0.603640621875 0.978125 0.6240964984375 0.978125 0.651819121875 0.9579092078125001 0.6980865281249999 0.9500895578125 0.7380938 0.9255578578125 0.7896319484375 0.9061575906249999 0.8049836578124999 0.8907074609375 0.8057967421875001 0.7841161718749999 0.8190653343750001 0.7415577875 0.82368846875 0.6789976484375 0.8152768546875 0.568301215625 0.8265625 0.4949607484375 0.8265625 0.45 0.409012375 0.45
14 0.309375 0.45 0.309375 0.7680068640625001 0.35247469531250003 0.8752248390624999 0.3734063765625 0.9134129625 0.3901662125 0.9256870734374999 0.4080268125 0.9694573171875 0.41346159531249993 0.9692043953125001 0.43241949531249996 0.9509166953125 0.46752991250000003 0.9275259281250001 0.49725731250000005 0.937020878125 0.50374109375 0.935631296875 0.49535944374999996 0.8827172015624999 0.439258653125 0.648178896875 0.4292206875 0.579024284375 0.413534 0.5351528703125 0.40444043281250003 0.45 0.309375 0.45