7 0.40352742812500003 0.45 0.4065873015625 0.3953296796875 0.42446632500000003 0.3953207984375 0.44483854375 0.37687387499999997 0.43873664999999995 0.3338577046875 0.4433309171875 0.310130546875 0.41543931093750003 0.2939943375 0.41373035937499997 0.2861345359375 0.4275078984375 0.26726212656250004 0.408653834375 0.24783424375 0.3961480578125 0.2501271921875 0.366542234375 0.278440246875 0.3248174921875 0.34820639531249997 0.30678747500000003 0.392377921875 0.30790824375 0.4199611046875 0.3247115671875 0.42995722187499996 0.326928859375 0.45 0.40352742812500003 0.45
7 0.5954006734374999 0.45 0.590012309375 0.4461144390625 0.5430255078124999 0.37953662499999996 0.5255889375 0.351675703125 0.5208038734375 0.32966825625 0.513183821875 0.32452688749999997 0.5056644343750001 0.28994375625 0.5132897484375001 0.2427760578125 0.532636596875 0.21961325625 0.53674334375 0.186167715625 0.5512044656249999 0.170439228125 0.5380654390624999 0.1548673734375 0.49927634374999996 0.1783256765625 0.489504890625 0.19319430937499998 0.472012721875 0.2323633375 0.46203994374999996 0.3061154953125 0.470584703125 0.34541450937499996 0.48128086718749996 0.364703521875 0.5208940078125 0.40484462499999996 0.5517677921875 0.45 0.5954006734374999 0.45
7 0.5521416484375 0.45 0.535741665625 0.42680679218749995 0.518596553125 0.41523871406249996 0.48269277656250004 0.4071100578125 0.44982004218749994 0.3755408609375 0.4240745765625 0.3917037171875 0.41933457812499997 0.4072844546875 0.4333029171875 0.4341466515625 0.45414066093749994 0.45 0.5521416484375 0.45
7 0.609375 0.45 0.609375 0.3104299921875 0.5810438859375 0.3142911796875 0.564677753125 0.3287343265625 0.5370776046875 0.3288909578125 0.5290151015625 0.35161939375 0.5324330046875 0.3673389984375 0.5816666078125 0.43677411718750003 0.598148675 0.45 0.609375 0.45
7 0.609375 0.136276684375 0.5808679015625 0.144268384375 0.5356298578125 0.17544762187500001 0.5285423953125 0.21761281875 0.5116384093749999 0.23705846406250003 0.5042091578125001 0.277651703125 0.5120200046875001 0.3285276765625 0.5160547765625 0.33125 0.53948391875 0.33125 0.567562090625 0.329786371875 0.593649346875 0.3151954765625 0.609375 0.3123121609375 0.609375 0.136276684375
7 0.43763827187500004 0.328724709375 0.4468666109375 0.37116764375 0.4807647140625 0.4074527203125 0.5278248734375001 0.4203125 0.5296875 0.4203125 0.5296875 0.41974078437499995 0.48282072343750004 0.36457541875 0.4710991875 0.3405705234375 0.46734475781249996 0.2709698921875 0.4464346859375 0.2944193140625 0.43763827187500004 0.328724709375
1 0.609375 0 0.609375 0.0240027296875 0.61716675 0.0372841796875 0.609375 0.1146576390625 0.609375 0.1950581296875 0.80711970625 0.132844240625 0.837602440625 0.1199239765625 0.8491063015625 0.11369166875 0.8640625 0.119956353125 0.8640625 0.07334804218749999 0.8637874453125001 0.0705967265625 0.852408109375 0.050804918750000004 0.8485685296875 0.0293243890625 0.8395298 0.012257868750000001 0.8377551890625 0 0.609375 0
12 0.7052413328125 0.1649374703125 0.7047301625 0.1746733140625 0.7137171312499999 0.19030035781250002 0.7180061484375 0.20200821875 0.725638290625 0.2078125 0.7371790140625001 0.2078125 0.785764846875 0.1910063640625 0.8190021218750001 0.18372491875000002 0.8325785906250001 0.17731766875 0.8328125 0.1753706125 0.8328125 0.167593965625 0.8305981375 0.15899937343749998 0.8224566734375 0.136608403125 0.8165512484375 0.1276678046875 0.76203883125 0.14789092343750002 0.7297258109375 0.1562482828125 0.7052413328125 0.1649374703125
8 0.609375 0.21066631249999998 0.614937859375 0.21250556406249999 0.643028653125 0.24521308125000002 0.642982946875 0.24608359375000002 0.6954761828125 0.2640625 0.700239271875 0.2640625 0.722372025 0.25353711562500003 0.723975215625 0.2397003828125 0.726038965625 0.2337897359375 0.72823983125 0.22526755468749998 0.73125 0.2149123484375 0.73125 0.213189590625 0.7307606328125 0.210651778125 0.7213982031249999 0.205293015625 0.7188281937500001 0.204148084375 0.712172890625 0.19732270937500002 0.7125842390624999 0.1894880921875 0.705194146875 0.179959709375 0.7042273296875 0.16497804375 0.609375 0.1930946265625 0.609375 0.21066631249999998
4 0.2579228046875 0.5384610109375 0.2452696125 0.5315767375 0.2287322203125 0.513500421875 0.2066676296875 0.5020666453125 0.20152234375 0.496355175 0.1869800796875 0.49004188125 0.16530670625 0.48550154375 0.162064909375 0.4831667765625 0.156209303125 0.4834068375 0.153455475 0.481052065625 0.130455821875 0.47764767499999994 0.138042428125 0.5369597734375 0.1554301609375 0.5540141625 0.1717647390625 0.5666699203125 0.1965008234375 0.591319596875 0.202448071875 0.599465859375 0.2294983953125 0.623033590625 0.2495966921875 0.6305997046874999 0.3114363875 0.6375 0.31516905156249997 0.6375 0.325072053125 0.6339214046875 0.34117496875 0.6332612375 0.355012025 0.6302262921875 0.36664133906249996 0.6375 0.3671875 0.6375 0.3671875 0.6358700015625 0.358790165625 0.62908433125 0.3530796890625 0.618954228125 0.32930511875 0.5903168578125 0.28491033125 0.561537784375 0.2579228046875 0.5384610109375
8 0.609375 0.45 0.1714979109375 0.45 0.173861746875 0.4700123953125 0.1771468078125 0.484190209375 0.182668890625 0.49284743750000004 0.202970003125 0.5058341125 0.22552255625 0.5172478859374999 0.25612866875 0.5456051828125 0.30253812343750003 0.5747951953125 0.34672498749999997 0.6134534796875 0.352797834375 0.622581659375 0.353913784375 0.6274712515624999 0.35142557343749997 0.6310279984375 0.345821159375 0.6332318984375 0.311489484375 0.63710705625 0.2862747421875 0.631724834375 0.25632034843749996 0.631472265625 0.2397150421875 0.6282047562499999 0.22946773125000003 0.6286248624999999 0.225515615625 0.632241625 0.2230418265625 0.6397460546875 0.234254846875 0.6698854734374999 0.23854979843750002 0.6766188734374999 0.248337984375 0.6841141359374999 0.2736299453125 0.693934996875 0.282476153125 0.6940658671875 0.3091115328125 0.6875450265625 0.3259052328125 0.692285415625 0.35738121562499997 0.708268696875 0.37006325156250003 0.7230483328125 0.38995873125 0.7251938875 0.4543220234375 0.726009940625 0.47001419218749996 0.7298084203125 0.47301921562500004 0.73412703125 0.47495155312500004 0.7453990984375001 0.4726270875 0.777080578125 0.473158321875 0.78890361875 0.4760665890625 0.8001356749999999 0.47310483281250004 0.807660109375 0.4750999671875 0.8194231359374999 0.48731356718749996 0.8228706906250001 0.491845290625 0.8276202453125 0.49795209218750003 0.8293440234375 0.5111448234375 0.840625 0.5233675843750001 0.840625 0.5342789015625 0.8372318906249999 0.5421347562500001 0.8334550875 0.5564793124999999 0.8190480499999999 0.5821634 0.7859153671875 0.586705346875 0.7600653875 0.6000451265625 0.737802996875 0.609375 0.7151911171875 0.609375 0.45
14 0.3607125859375 0.940625 0.365625 0.9367562859374999 0.365625 0.9319344453125 0.326198275 0.824516375 0.3159471734375 0.81856334375 0.309326371875 0.8210864046874999 0.3481485609375 0.9402977578125 0.34935119062500003 0.940625 0.3607125859375 0.940625
17 0.609375 0.5450381703125 0.6350716890625 0.5550450859375 0.656143425 0.5667422578125001 0.6997800328125 0.5934786546875 0.7334088109375 0.6202150468750001 0.7810806828125 0.6335832453125001 0.8049638703124999 0.6553065640625 0.8435015484375 0.6734375 0.8441161453125 0.6734375 0.8539469640625 0.6436093921875 0.8461315921875 0.6335832453125001 0.8484988828125001 0.6202150468750001 0.8796875 0.590525321875 0.8796875 0.5869681328125 0.8383894484375001 0.5583871359375 0.8115270671874999 0.561729184375 0.783783446875 0.5500320140625 0.7759680734375001 0.5400058640625 0.7333072109375001 0.5583871359375 0.6834357875 0.5232956171875001 0.6669308953125 0.5199535703125 0.6443660203125 0.5049143484374999 0.628271865625 0.5 0.6278842499999999 0.5 0.609375 0.5284226000000001 0.609375 0.5450381703125
17 0.609375 0.6551204734375 0.7401234046875 0.7349194984375 0.757344559375 0.7359375 0.7686658234375 0.7359375 0.79506488125 0.6730915875 0.8 0.669906759375 0.8 0.669547953125 0.7618731765625 0.6380000703125 0.727807328125 0.6196188 0.676617590625 0.577843184375 0.6259594328125 0.5577908890625001 0.609375 0.550307828125 0.609375 0.6551204734375
8 0.609375 0.45 0.609375 0.49944260468749996 0.6154311375 0.50263993125 0.6307925453125 0.49595583281250005 0.6447517703125001 0.5001333921875 0.6620067781250001 0.5210212015625 0.6827253078125001 0.5235277375 0.7084512984375 0.5419090078125001 0.7285099468749999 0.5546875 0.7313500734375 0.5546875 0.7565602421875 0.5469220828125 0.791321865625 0.536060421875 0.8069018109374999 0.5251987625 0.824499384375 0.5076530046875 0.8244521312499999 0.4926137828125 0.7741908859375 0.480916609375 0.7275715390624999 0.46337085 0.7167734265625001 0.4625353375 0.7189012265625 0.45 0.609375 0.45
8 0.924141253125 0.45 0.921687575 0.45288379531249995 0.9326239015625 0.48296223749999995 0.9370194578125 0.510534140625 0.911347815625 0.5389415609375 0.9392190109375 0.5322574640625 0.9401002500000001 0.5472966859375 0.9477074968749999 0.5609375 0.94886760625 0.5609375 0.9598465781249998 0.5205602921875 0.9636125046874999 0.4804556984375 0.9698839328125001 0.45622584374999997 0.98686960625 0.45037725625 0.9988112000000001 0.46123891562499997 1 0.4590829453125 1 0.45076241250000004 0.9987715171874999 0.45 0.924141253125 0.45
8 1 0.56588935625 0.9960916000000001 0.5656086234375 0.9975882890625 0.58482540625 0.9888550625000001 0.5923450156250001 0.9897693703125 0.558924525 0.96804911875 0.59150950625 0.9662134109375 0.626601021875 0.973551546875 0.6616925390625 0.985314765625 0.660021515625 0.988024621875 0.6082197515625001 0.99452168125 0.6115618015625 0.9935672109375 0.661692540625 1 0.6622723875000001 1 0.56588935625
3 1 0.6637388 0.970958890625 0.6637388 0.9690626281250001 0.6203125 0.96905021875 0.6203125 0.9534416359375001 0.6478640671875 0.942781740625 0.6762714875 0.9394965953125001 0.707185440625 0.9249290140624999 0.7305797859375 0.9131728875 0.764000278125 0.9371279874999999 0.771875 0.9573159421874999 0.771875 0.9711585421875 0.7715198890625 1 0.764240046875 1 0.6637388
1 0.8687348359375001 0.7418725578125 0.8814230015625 0.7544052421874999 0.9271852796875001 0.790625 0.9283234765625 0.790625 0.9438880859375001 0.7719509999999999 0.911624875 0.7669379265625 0.9287345765625 0.7268333375 0.9376390859375 0.7000969421875001 0.9375481234375 0.685893234375 0.9473775812499999 0.67336055 0.9625 0.6276031843750001 0.9625 0.6152591218750001 0.9610470953125001 0.609237178125 0.959881928125 0.6096945109374999 0.9598294781250001 0.6106971265625 0.9119934187500001 0.6482951796875 0.8509045390625 0.7000969421875001 0.8687348359375001 0.7418725578125
1 0.7838131234375 0.7044186984375 0.7940902921874999 0.73115509375 0.798351184375 0.745358803125 0.815411290625 0.771875 0.8240491125 0.771875 0.828687725 0.7712596859375 0.8687119609374999 0.73951021875 0.8533836203125 0.6977346015625 0.8921875 0.666953190625 0.8921875 0.66617373125 0.8908621921875 0.6668206484375 0.8901156218749999 0.6651496234375001 0.8670699625000001 0.6593010375 0.8336703625 0.6760112828125 0.7916686562499999 0.6977346015625 0.7838131234375 0.7044186984375