9 0.0760197265625 0.33250096406249996 0.066108425 0.34042423125 0.058104218750000006 0.35053515625 0.0206310140625 0.40855189062499997 0.0161281890625 0.4272187609375 0.034152198437499996 0.43541089375 0.0411398140625 0.43888704531249995 0.0464549375 0.4370400640625 0.06027376875 0.4460826875 0.06740371875 0.4484375 0.0944056296875 0.4484375 0.1015435625 0.4480293890625 0.1544753453125 0.446330796875 0.16817052187499998 0.41551135156249996 0.1790832640625 0.380365265625 0.1796875 0.37786035 0.1796875 0.34921617656250004 0.1781624609375 0.3373190515625 0.172113240625 0.321300984375 0.1725824375 0.3150300265625 0.1724108875 0.3034846015625 0.1768506625 0.2994986328125 0.1780253453125 0.285919015625 0.16212061093750002 0.2796875 0.1587370578125 0.2796875 0.14977554843750002 0.28773301562500003 0.145022975 0.2958996203125 0.135987021875 0.30596187656249996 0.1282956109375 0.3118921625 0.10600337343749999 0.31923141875 0.0760197265625 0.33250096406249996
9 0.14508653124999998 0.291076465625 0.1484375 0.2865414890625 0.1484375 0.28046439843750004 0.1258647265625 0.27945326875 0.11268333593749999 0.3140625 0.12569232187499998 0.3140625 0.1265053109375 0.3139209140625 0.1364378296875 0.3014512265625 0.14508653124999998 0.291076465625
9 0.1647457328125 0.2687749015625 0.17520219374999998 0.28598640625 0.18433166406249998 0.29267733906250004 0.19140537500000002 0.29822884375 0.19713423125 0.303125 0.21437727343750002 0.303125 0.2236993875 0.296557896875 0.22803815156249999 0.2821106078125 0.228125 0.28182922499999996 0.228125 0.253245328125 0.214410490625 0.2229138796875 0.1857107734375 0.20591959843750002 0.16558939374999998 0.21651179062499998 0.156734225 0.2338919859375 0.15906429375 0.2591025328125 0.1647457328125 0.2687749015625
9 0 0.4171875 0.0184431390625 0.4171875 0.037245765624999996 0.39233269531250003 0.05241761406249999 0.36295053906249997 0.068923840625 0.34437540625 0.07022666875 0.3272437171875 0.0717737765625 0.3068998375 0.0702765421875 0.298234275 0.068411821875 0.28203009218749997 0.0780095421875 0.267432378125 0.084375 0.25599135 0.084375 0.222127140625 0.074381975 0.20171895 0.06925463281250001 0.198257465625 0.0530583359375 0.1985803234375 0.044968075 0.20572642812500003 0.041582246875 0.20771831562499998 0.0292603375 0.199624903125 0.0249617265625 0.19375 0.018125260937500002 0.19375 0.005869475 0.19531582812499998 0 0.20121773125 0 0.4171875
9 0.19342122343749998 0.3730843828125 0.20544086718750001 0.3884875359375 0.21297445312500002 0.400900275 0.21862815000000002 0.41322685156250005 0.22775673125 0.42942575468750005 0.2299024609375 0.440625 0.254218425 0.440625 0.2954328203125 0.43252769999999996 0.3234375 0.42938087812500003 0.3234375 0.420055425 0.3012441 0.39380695625 0.2758375203125 0.3685075671875 0.2522536296875 0.35628742343750003 0.2477535546875 0.34122893125 0.23341265 0.319221534375 0.21308996875 0.31364871875 0.208336278125 0.2984375 0.177998728125 0.2984375 0.1734375 0.30474580156250003 0.1734375 0.3203285796875 0.173768721875 0.3220573328125 0.177542528125 0.33429774375 0.179521690625 0.357595065625 0.19342122343749998 0.3730843828125
9 0.43561253750000006 0.3694058859375 0.4414756984375 0.38082298593749997 0.441593821875 0.408693234375 0.4485296609375 0.41875 0.45541753125 0.41875 0.48125 0.080211284375 0.48125 0.0328125 0.42544508125 0.0328125 0.41604569218750004 0.037467190625 0.4017087828125 0.0635542765625 0.3953125 0.24416541875000003 0.3953125 0.31383282968750004 0.43561253750000006 0.3694058859375
9 0.316217890625 0.2015625 0.33846485625 0.2015625 0.3506150296875 0.1889512890625 0.34966403125 0.1721835109375 0.353125 0.16265565312500002 0.353125 0.1525530046875 0.329337553125 0.10433624999999999 0.321128834375 0.096875 0.287358034375 0.096875 0.276398575 0.117457646875 0.275 0.12496637031249999 0.275 0.13023953593749998 0.2828229015625 0.179077478125 0.30418514375 0.1889999703125 0.316217890625 0.2015625
9 0.2173477859375 0.297890784375 0.21598561093750002 0.31593132968750004 0.23038911718750002 0.32192934375000004 0.24625946562499998 0.3421875 0.2500148859375 0.3421875 0.29977944375 0.33049754375 0.3015580328125 0.3209960921875 0.3165066578125 0.3057205078125 0.313478821875 0.289604675 0.3203125 0.28352662031250003 0.3203125 0.2733141125 0.32012818906249996 0.2718112625 0.30556443125 0.267935665625 0.301975696875 0.259248290625 0.287171553125 0.2585563171875 0.2235965171875 0.285403415625 0.2173477859375 0.297890784375
9 0.2207963515625 0.17543045156249998 0.20995284375 0.19120130156249998 0.21235145156250002 0.20216859843749999 0.234086340625 0.212961065625 0.2401964703125 0.23170118125 0.2871186390625 0.250192396875 0.314516271875 0.2546875 0.324754928125 0.2546875 0.3284170328125 0.243453796875 0.3453125 0.23552357812500002 0.3453125 0.217745271875 0.33906650156249996 0.201623396875 0.31882260156250003 0.19958461562500002 0.3058077078125 0.1870319328125 0.253212628125 0.172615296875 0.24202892343750002 0.178601225 0.2207963515625 0.17543045156249998
9 0 0.12106384375000001 0.012165765625 0.143136684375 0.0447210859375 0.1708534203125 0.064244315625 0.1786073984375 0.1184806078125 0.230111065625 0.1380881546875 0.23673115 0.1409042109375 0.2453125 0.1542948515625 0.2453125 0.165030021875 0.21980352343749998 0.1770004953125 0.2089927015625 0.2042119171875 0.2034568234375 0.2148001078125 0.1812014375 0.223095125 0.17476775625000002 0.2386733390625 0.1755071234375 0.2390625 0.1737053625 0.2390625 0.16578685312500002 0.2302608078125 0.15348782968750002 0.22183167187500002 0.11667510156250001 0.2123230109375 0.10939642812499999 0.1933222859375 0.10963252187500001 0.185971365625 0.1183867984375 0.142591503125 0.1311205703125 0.137500559375 0.0944662734375 0.13047030937499998 0.08389154531250001 0.1296450484375 0.034922853125 0.12414911718749999 0.0187314640625 0.10621023437499999 0.0015625 0.0443004609375 0.0015625 0.0231436578125 0.0105238921875 0.0030468046875000003 0.025500606250000002 0 0.028913660937500002 0 0.12106384375000001
9 0.2506781734375 0.1765625 0.251055653125 0.1764228859375 0.252013878125 0.1765625 0.2859375 0.1765625 0.2859375 0.1583338890625 0.2774001625 0.1284061890625 0.278712734375 0.11054861406250001 0.2664435125 0.0853186625 0.24982269375000002 0.08125 0.249029503125 0.08125 0.23155369218750002 0.08700349843750001 0.220743684375 0.1010449328125 0.2194311125 0.1189025109375 0.2288129328125 0.16863464687500002 0.23431247812499997 0.1765625 0.2506781734375 0.1765625
9 0.1332845046875 0 0.134529590625 0.007150268749999999 0.14948614375 0.0227485859375 0.17549781874999998 0.0345963359375 0.191289640625 0.0578125 0.19342444375 0.0578125 0.2237010375 0.0378817421875 0.240625 0.037732065625 0.240625 0.03181489375 0.2376338921875 0.02467915 0.1977732125 0 0.1332845046875 0
9 0.2646227046875 0 0.2609375 0.0126208765625 0.2609375 0.029707631249999998 0.2621907234375 0.038887801562500005 0.2821928828125 0.053957501562499996 0.2990158125 0.0525450953125 0.3161965515625 0.0578125 0.32612044375 0.0578125 0.3411910609375 0.040306193750000004 0.359375 0.029531034374999997 0.359375 0.0157668921875 0.3514031328125 0.0091855625 0.3254964359375 0 0.2646227046875 0
9 0.363497553125 0 0.38847635 0.0210155609375 0.412795025 0.034208059375 0.4195438484375 0.032327696875 0.4283873546875 0.0173836015625 0.4389262515625 0.009098628125 0.46449192031250003 0.0058978296875 0.4780059328125 0.016395534375 0.4813469859375 0.034375 0.484375 0.034375 0.484375 0.0050207296875 0.4797321125 0 0.363497553125 0
9 0.1943110546875 0.1166060140625 0.1953125 0.1132795625 0.1953125 0.076786453125 0.19117115468749998 0.0704943203125 0.1823219796875 0.06875 0.161889184375 0.06875 0.15093406874999998 0.069686346875 0.135674296875 0.0846488453125 0.1437295140625 0.13125 0.15696355625 0.13125 0.17712745937500002 0.128113271875 0.1943110546875 0.1166060140625
9 0.1504732484375 0.0734375 0.1859375 0.0676940125 0.1859375 0.052178215625 0.169517934375 0.0313479328125 0.1403904140625 0.0235967359375 0.1305529515625 0.02739673125 0.135807346875 0.0702404875 0.145578075 0.0734375 0.1504732484375 0.0734375
9 0.351337940625 0.2456350375 0.364335478125 0.259375 0.3984375 0.259375 0.3984375 0.1726751609375 0.3983882078125 0.1723710796875 0.3754391328125 0.150235303125 0.34907358125 0.1434725109375 0.3403119375 0.21406528749999998 0.351337940625 0.2456350375
9 0.2741552453125 0.35705945156249996 0.2853971453125 0.36875 0.302388003125 0.36875 0.3172831265625 0.366719178125 0.3654780421875 0.324114953125 0.3645183484375 0.2934457515625 0.3703125 0.2759121234375 0.3703125 0.259261296875 0.36070553125 0.25 0.346660878125 0.25 0.3423673109375 0.2530421796875 0.3369201765625 0.2670077 0.3143375546875 0.29002079062499997 0.3021850046875 0.32008084375 0.275645625 0.3374414328125 0.2741552453125 0.35705945156249996
9 0.08816094218750001 0 0.08994819375 0.0026694453125 0.12315860625 0.0234375 0.1390625 0.0234375 0.1390625 0.016842771875000002 0.13545806093749999 0.008149046875 0.1280676609375 0.0022046734375 0.1295336625 0 0.08816094218750001 0
9 0.3249063375 0.09472455468749999 0.3524866921875 0.1444978796875 0.3683266328125 0.14954347031249998 0.3816026765625 0.15985824375 0.386944309375 0.1609375 0.3973966765625 0.1609375 0.40240706406250004 0.1565131609375 0.4025716734375 0.083241834375 0.4046875 0.0722731328125 0.4046875 0.051815453125 0.38999849062499997 0.035242562500000005 0.36022915625 0.02847293125 0.33785698124999997 0.038211053125 0.32693198125 0.05386854375 0.32257137343750003 0.08276224843749999 0.3249063375 0.09472455468749999
9 0.2823594859375 0.10625 0.29285568125 0.099787153125 0.3180635125 0.0976864734375 0.325315240625 0.0881886203125 0.3265625 0.07640547187499999 0.3265625 0.051832457812499996 0.2968852734375 0.04641953125 0.27552508593749997 0.0552579296875 0.2684378328125 0.0625775109375 0.26613521093750003 0.0930732921875 0.2760006359375 0.10625 0.2823594859375 0.10625
9 0.41817646875000003 0.04375 0.4221556546875 0.04375 0.44205200624999996 0.0384544421875 0.4823127578125 0.039298654687500004 0.4828125 0.0326801078125 0.4828125 0.01721434375 0.4658450046875 0.0044230921875 0.451201115625 0.0016087046875 0.43493889531249996 0.0061733453125 0.4235632265625 0.016291165625 0.41739462656250004 0.027717328125000003 0.41817646875000003 0.04375
5 0.51875 0.2625 0.55811588125 0.2625 0.5591748734374999 0.2621688328125 0.577181528125 0.243339159375 0.606382725 0.22005748593750002 0.611873634375 0.213372715625 0.6140625 0.2084138859375 0.6140625 0.1182260140625 0.6102582828124999 0.10960991093750001 0.5934099765624999 0.0804486109375 0.5786855703125 0.065658215625 0.5689219265625 0.059291440625000004 0.542575984375 0.046875 0.51875 0.046875 0.51875 0.2625
15 1 0 0.7153483140625 0 0.7103833625 0.221819034375 0.7143515515625001 0.33644159375 0.7182070125 0.355171396875 0.7235643921875 0.3625 0.7271094124999999 0.3625 0.7331953625000001 0.357389571875 0.74569545 0.33065645625 0.7610045624999999 0.3096829125 0.7754466718749999 0.2989883875 0.7953385109375001 0.290403365625 0.8067381687499999 0.2946798984375 0.8179456875 0.304370815625 0.8183410765625 0.307381646875 0.8125594703125 0.31462426250000003 0.8124197328125 0.31856199531249996 0.8148683015625 0.32032630625 0.8238717906249999 0.3213618796875 0.82882768125 0.3090820328125 0.840471878125 0.30646753125 0.8514412109375 0.308717665625 0.8707391671875 0.3168680109375 0.8751535765625 0.31984688125 0.8871693437499999 0.3350672421875 0.8999060234374999 0.3582781390625 0.9079265953125001 0.35870643125 0.91301586875 0.35682066875 0.9197978656250001 0.34969311406250003 0.9454538453125 0.3343576921875 0.9836035593750001 0.30662096875 1 0.2974369125 1 0
5 0.545769178125 0.323655946875 0.5479856875 0.3329905296875 0.54616354375 0.3413531640625 0.5559503109375 0.35257292812499996 0.57766953125 0.3863561546875 0.6086459390625001 0.4030553390625 0.6181811421875001 0.40625 0.6811033890625 0.40625 0.68601775625 0.40344021249999995 0.7106569140625 0.39771944062500003 0.721875 0.389145353125 0.721875 0.3568320921875 0.7199801062500001 0.3498788984375 0.718798625 0.25341503906249996 0.715574465625 0.2293382125 0.7092484796875 0.2210408078125 0.6987776046875 0.2147851375 0.6590863578125 0.2015625 0.6365173390625001 0.2015625 0.6099208218750001 0.2080271765625 0.5744325124999999 0.232664984375 0.559963221875 0.25318018593749997 0.5526987953125 0.271503621875 0.54577561875 0.3090311171875 0.545769178125 0.323655946875
10 0.51875 0.509375 1 0.509375 1 0.294659359375 0.9761237859375 0.30867946874999996 0.93555031875 0.3364671828125 0.91283393125 0.355330990625 0.9031739609375 0.35920729375 0.89832099375 0.35463856250000003 0.8913379234375001 0.3393145453125 0.8813070859375 0.325135946875 0.871101909375 0.31594024374999996 0.848914884375 0.30534673749999997 0.8409444171875 0.3039165828125 0.8313716171875001 0.3053014375 0.826100234375 0.31269165 0.8226055265625 0.31228395781249996 0.8167192078125 0.30859532343749996 0.8153260796874999 0.3054308609375 0.818136109375 0.2967528625 0.81481574375 0.291362275 0.7969301359375001 0.28677412812499997 0.7878391468749999 0.288715515625 0.7699471984375 0.298636003125 0.7527922281249999 0.31614731093750004 0.7384060781249999 0.34048583125 0.72139533125 0.38252980000000003 0.7076827671875 0.40194366875 0.6994333578124999 0.4084861421875 0.68679535625 0.4115147046875 0.6481443796875 0.4130095671875 0.63667920625 0.411171721875 0.5902210078125 0.392243190625 0.57516286875 0.37847875625 0.5475142749999999 0.33772903906249996 0.54704515 0.308155240625 0.5516381953125 0.27717070625 0.5566892765625 0.261749621875 0.5553310171875 0.2575885828125 0.5240989593750001 0.261950228125 0.51875 0.2618712703125 0.51875 0.509375
3 0 0.509375 0 0.610938759375 0.0610641609375 0.643978146875 0.12196681718749999 0.6667174609375 0.138130125 0.6671875 0.2272554546875 0.6671875 0.335242246875 0.655985621875 0.342388409375 0.6470862671875001 0.34375 0.6347380656249999 0.34375 0.59984806875 0.3175690515625 0.5376582390625 0.3390075421875 0.5109601734375 0.33950531562499997 0.509375 0 0.509375
3 0.337602240625 0.509375 0.336327165625 0.5145511140625 0.31395464375 0.5430182359375 0.3438662015625 0.6156711625 0.3460421484375 0.621875 0.433064 0.621875 0.48125 0.6160384406249999 0.48125 0.5750929265625 0.47241673281249996 0.509375 0.337602240625 0.509375
3 0.51875 0.5916651453124999 0.49725717031250005 0.58125 0.48725616406250005 0.58125 0.489826346875 0.6033657671875 0.349203746875 0.6175556265625 0.3418411171875 0.654157409375 0.299557621875 0.657678578125 0.2591133921875 0.66256315625 0.2022108265625 0.6685294359375 0.1515625 0.670300959375 0.1515625 0.7046875 0.294203790625 0.7046875 0.4900555953125 0.699829984375 0.497569146875 0.620173678125 0.51875 0.6217684734375 0.51875 0.5916651453124999
3 0.51875 0.8233440250000001 0.4420778421875 0.8054853718749999 0.3584644828125 0.7812332 0.24985683593750002 0.7546875 0.22916884375 0.7546875 0.2203125 0.7930366687499999 0.2203125 0.8409661609375 0.51875 0.8964608140625 0.51875 0.8233440250000001
3 0.48125 0.6984336015625 0.3071116390625 0.7040391609375 0.2833213453125 0.7601957015625 0.40185703593750005 0.7984375 0.4105350234375 0.7984375 0.48125 0.7023613546874999 0.48125 0.6984336015625
3 0.4828125 0.7021080484375 0.4109375 0.804234615625 0.4109375 0.8061081250000001 0.4376945296875 0.8125 0.4736518375 0.8125 0.4828125 0.7321473000000001 0.4828125 0.7021080484375
3 0 0.8017972421875001 0.1352176234375 0.8265625 0.1421875 0.8265625 0.1421875 0.8255389125000001 0.0484264953125 0.7768694578125 0 0.7507916531250001 0 0.8017972421875001
10 0.51875 0.509375 0.51875 0.6445996562499999 0.5230534109375 0.641725809375 0.5464175296875 0.6215546625 0.5737881093749999 0.608029421875 0.5951848 0.6052193265625 0.6066132171875 0.6059628078125 0.6148314625 0.6104882375 0.6244736265624999 0.6208577296875 0.6292884515624999 0.63741581875 0.6291797499999999 0.642056840625 0.6233024828125 0.6486466328125 0.6007350875 0.6570146234375 0.5959560609375 0.6611405390625 0.5963421265625 0.666870134375 0.598852203125 0.6707659890625 0.6152766187500001 0.68033251875 0.620345084375 0.68606155 0.6160004375 0.6938543859374999 0.606997546875 0.70061644375 0.607427540625 0.7015625 0.653796446875 0.7015625 0.6652982749999999 0.6992916234375001 0.6808901703125001 0.699977309375 0.7033851 0.6947033375 0.706571115625 0.6919527265625 0.7190261734375 0.6488643234375 0.7203125 0.6463705359375 0.7203125 0.543554603125 0.71118451875 0.517198096875 0.706911975 0.509375 0.51875 0.509375
8 0.6916447578125 0.509375 0.6996098953125001 0.524146275 0.7199508234375 0.538322246875 0.75499503125 0.549131165625 0.764843765625 0.5591707234375 0.7703296421875001 0.5617630046875 0.7727157296875 0.567500284375 0.8005314312499999 0.5640764953125 0.82307896875 0.584375 0.827299375 0.584375 0.8328125 0.5761192546875 0.8328125 0.53592036875 0.8180660828124999 0.526173390625 0.8147091671875 0.5188363296875 0.805984896875 0.509375 0.6916447578125 0.509375
9 0.51875 0.763347696875 0.520131596875 0.7662820578125 0.5403011625 0.7765625 0.5613247328125001 0.7765625 0.592429225 0.7571561984375 0.597610234375 0.7527081515624999 0.5948433828125 0.74086720625 0.613200409375 0.7373626640625 0.6203125 0.7298217203125 0.6203125 0.703685215625 0.6104457640625001 0.70345135625 0.6039107890625 0.7007280875 0.6019562296875 0.6975039390625 0.6030631390625001 0.6936123046875 0.6076671265625 0.6921107484375 0.61236539375 0.6866064953125 0.6150973140625 0.678378428125 0.6111528453125 0.6734311359375 0.5970584750000001 0.6683738734375 0.593114003125 0.6634265781249999 0.5917482546875 0.6567556 0.5943741140625 0.6530305671875001 0.617900365625 0.6455783140625 0.6203125 0.6437616625 0.6203125 0.6305033828125 0.616358271875 0.6248423671875 0.6096351625 0.6085544671875 0.6011102765625 0.6041080578125 0.5798214140625 0.602776371875 0.5583557796874999 0.6089497421875001 0.548076246875 0.614343475 0.51875 0.6361481984374999 0.51875 0.763347696875
10 0.6361550874999999 1 0.628212834375 0.980274278125 0.6161895625 0.9490317874999998 0.6015384703125 0.9339502703125 0.5956229328125 0.89814890625 0.5853393046875001 0.8887852500000001 0.5879322921875 0.87411603125 0.6015223093750001 0.8703850109375001 0.63190423125 0.8543035671875 0.6368638109375 0.834661553125 0.64535555 0.824384009375 0.6547000078125 0.8097139765625 0.6609375 0.795890478125 0.6609375 0.7837752421874999 0.6416152734375 0.76875 0.614566425 0.76875 0.6113382265625 0.77126511875 0.596756171875 0.7853556546875 0.570237296875 0.7966298734375 0.5714202796875 0.8102212609375 0.572429109375 0.8312714328125 0.550573753125 0.8355835765625 0.5275702453125 0.8248125749999999 0.5318164296875 0.8035960187500001 0.52844100625 0.787518640625 0.525 0.7930088843750001 0.525 0.845701153125 0.539314875 0.8679891265624999 0.568391284375 0.875693015625 0.573332821875 0.8889524468750001 0.5700264374999999 0.9020471265625 0.5592029375 0.9158057078125001 0.5542433578125 0.9354477203125 0.5394871515624999 0.95699704375 0.533605190625 0.9840150609375 0.53184750625 0.9950376703125 0.532876065625 1 0.6361550874999999 1