17 0 0.5890625 0.307457615625 0.5890625 0.29255885625 0.5680367875 0.10910726562499999 0.33033226718750003 0.08382476093749999 0.2989747125 0.065647840625 0.29664526874999997 0 0.3153783859375 0 0.5890625
17 1 0 0.6500800796874999 0 0.6472511859375001 0.0129687234375 0.6673844531249999 0.06307385625 0.7484310109375001 0.128517121875 0.7788003421874999 0.14421524218749998 0.9352324687500001 0.1813409125 0.950976703125 0.1828125 0.9511521875 0.1828125 0.9714252890624999 0.1734716921875 1 0.1774054078125 1 0
0 0.8984375 0.5890625 0.8984375 0.507034425 0.894546315625 0.5022429671875 0.8535431734374999 0.4953125 0.8499868390625 0.4953125 0.729821596875 0.5109580671875 0.7162276765625 0.5177246859375 0.7132294828125 0.544770990625 0.7205453671875001 0.5890625 0.8984375 0.5890625
9 0.35 0.40556392656250007 0.3709938328125 0.459449959375 0.37470441718749997 0.48390843749999995 0.376023934375 0.484375 0.3822256125 0.484375 0.399596053125 0.46212336406250004 0.44125963749999997 0.43386871875 0.47445079687499997 0.4241114921875 0.5265625 0.419587128125 0.5265625 0.41643078593749994 0.50728403125 0.374134721875 0.511693140625 0.334360740625 0.49438690156250004 0.30220172500000003 0.4723153640625 0.284064296875 0.449004071875 0.2336621203125 0.407859184375 0.1703409578125 0.39214369375 0.1527976171875 0.3702502515625 0.14753638593750001 0.35 0.15653869843749998 0.35 0.40556392656250007
0 0.4356764953125 0 0.43489624375 0.001037215625 0.431016228125 0.03603831875 0.4469098171875 0.066457853125 0.464390684375 0.0825587546875 0.47957881562499993 0.11934212656250001 0.5436805312499999 0.2217802296875 0.5611596671875001 0.2234139765625 0.6453703859375001 0.1734170453125 0.5487831812499999 0 0.4356764953125 0
0 0.5857192015624999 0 0.5729674140625 0.0444839359375 0.643074184375 0.1651652046875 0.6506665171874999 0.169089734375 0.68950306875 0.12288897031249998 0.7011517828125 0.09022144062500001 0.6617757390625 0.054392151562500005 0.6467639703125 0.016017821874999998 0.6114202203125 0 0.5857192015624999 0
0 0.6736250765625 0.22267383281250003 0.6861608125 0.22545297031249997 0.7248244671874999 0.2097774765625 0.751837675 0.2123023578125 0.76048819375 0.2066811328125 0.771964009375 0.204538871875 0.78255626875 0.19588425 0.7878506671875 0.1770897859375 0.7809637921875 0.1668014171875 0.76313019375 0.1538824359375 0.7415894796875 0.145439284375 0.73205540625 0.14454815000000001 0.712988990625 0.1572330359375 0.705398390625 0.16777566093750002 0.69321711875 0.1762817578125 0.6715052375 0.21283103125 0.6707997812500001 0.2191948703125 0.6736250765625 0.22267383281250003
6 0.8410056593749999 0.27689727343750004 0.837471440625 0.2508478375 0.8297010109375 0.23404711093750002 0.8109838578125 0.21461576875000002 0.8018025140624999 0.21054271562500002 0.7763783171874999 0.20816635625000002 0.7566047124999999 0.212747925 0.7248244671874999 0.2097774765625 0.6964003421875 0.21998026875 0.6875734609374999 0.22719245312499997 0.6948130625 0.234298903125 0.760671490625 0.2629587953125 0.8251190046874999 0.304346359375 0.8346530765625001 0.30523749375000003 0.8410056593749999 0.27689727343750004
17 1 0.4149905546875 0.7756797921875 0.2723988140625 0.6752140890625 0.22282235312499998 0.6637365421875 0.21049746093750002 0.6651474562499999 0.1977697890625 0.6870374359375 0.174096709375 0.6903900890625 0.1583356390625 0.6859757828124999 0.15470815468750002 0.5770480578124999 0.210432046875 0.51755434375 0.2547020203125 0.5164961578125 0.2642477734375 0.8348502359375001 0.477252396875 0.8668085796875001 0.49309904062500004 0.9914587296875 0.51278710625 1 0.48965030781249996 1 0.4149905546875
17 1 0.5890625 1 0.502333340625 0.9958713046875001 0.5019474374999999 0.9863389640625 0.515523459375 0.9411394281250001 0.5032615140625001 0.9012377578125002 0.5011394109375 0.9005818171875 0.5890625 1 0.5890625
12 0.7135648734375 0.5430733453125 0.7188575390625 0.5098117249999999 0.7580520187500001 0.5038305078125 0.7610519484375 0.49125135625 0.7324462578125 0.45964364375000005 0.7077205890625 0.393034828125 0.6183762390625 0.3300308703125 0.5638172640625 0.300819675 0.5535794656249999 0.3207595328125 0.5535811984375 0.3352266875 0.58148489375 0.40213254843749996 0.5926131781249999 0.44657367187499997 0.627045821875 0.48354834999999996 0.64947355625 0.527438171875 0.6847862890625 0.5419908999999999 0.7135648734375 0.5430733453125
12 0.6458532 0.5890625 0.650006115625 0.5515996046875 0.643999328125 0.5188892859374999 0.6284584703125 0.4852878328125 0.598440134375 0.4519406375 0.56983618125 0.43480007968749995 0.54052676875 0.4240233578125 0.49603442500000006 0.41986472812500003 0.43318285625 0.4364943046875 0.38181056875 0.47991593125 0.3604531515625 0.5277504421875 0.3565731359375 0.5627515437499999 0.3611666953125 0.5888999953125 0.3629053015625 0.5890625 0.6458532 0.5890625
12 1 0.178663021875 0.972879815625 0.1734873953125 0.9236221671875 0.1833503546875 0.8459421296875 0.21788326093750002 0.8314663875000001 0.232604675 0.8395930125 0.2751577921875 0.8343003484375 0.3084194125 0.9215248578124999 0.361580571875 0.9541869265624999 0.3565962234375 1 0.29485103281249997 1 0.178663021875
1 0.35 0.5890625 0.17497660312500002 0.5890625 0.2035142515625 0.9149826531249999 0.2269478484375 0.9943097359374999 0.2325478484375 1 0.30595550625 1 0.35 0.990688525 0.35 0.5890625
8 0.7562302953125 0.7207196671875 0.751445634375 0.6968935921874999 0.7441273374999999 0.6863979265625 0.7353649890625 0.68025135 0.7243435796875 0.68328335 0.7170521453124999 0.688618725 0.7122768984375 0.6958757015625 0.709043046875 0.692315640625 0.704365140625 0.6931046703125 0.691200153125 0.7223043437500001 0.6877541703125 0.7469321890625 0.6745710453125 0.7526748203125 0.662831971875 0.7540683625 0.659093275 0.7593909921875 0.6588630078125 0.764121853125 0.6544066468749999 0.767806025 0.6473897875000001 0.76898956875 0.60104440625 0.7515870953125 0.5671738984375001 0.7578865796875001 0.55938634375 0.7644786390625 0.557667715625 0.7729795609375 0.5789405234375 0.81103313125 0.5920357218750001 0.842841496875 0.6236122749999999 0.8762246093750001 0.6448400859375 0.874990096875 0.6669540734374999 0.8853361640624999 0.6764690953125 0.8859375 0.6772977046875 0.8859375 0.695198740625 0.882918109375 0.7130154640624999 0.87580741875 0.7357316359375 0.8708028484374999 0.7450518625 0.8610197578125 0.7564364640625 0.854993984375 0.7646489703125 0.8307351687500001 0.7828125 0.805425840625 0.7828125 0.7901105578125 0.7731535 0.7870725125 0.7747566499999999 0.7615824953125 0.766623346875 0.75591631875 0.7631679499999999 0.7494611140625 0.755796621875 0.7460124265625 0.7562302953125 0.7207196671875
1 0.8209459265625 0.6351267921875 0.8007009421875001 0.6027648828125 0.791619709375 0.6001911093750001 0.7732269734375 0.5997744203125001 0.7685933765625 0.6011424796875 0.7659711234375 0.6133148281249999 0.7722354234375 0.6409968484374999 0.8209835859375 0.7594589890625001 0.831695521875 0.7910828406249999 0.86143865625 0.8546868296875001 0.8726467140625 0.8850539921875 0.8915980171874999 0.9082500703124999 0.8911374828125 0.9177117875 0.8956119812499999 0.9374846609375 0.8983940234375 0.9428804359375 0.9047457156250001 0.946875 0.9102987312499999 0.946875 0.9314052140625 0.9408314093750001 0.9359375 0.9351482703125 0.9359375 0.9177855000000001 0.9230758484375 0.8706830218749999 0.8865635718749999 0.7882797015625 0.879200965625 0.777205009375 0.8696766437499999 0.7688409453125 0.8513536953124999 0.707416215625 0.8209459265625 0.6351267921875
8 1 0.7421190531249999 0.9931443812499999 0.6525296140625 0.98428378125 0.645099103125 0.9443617984374999 0.63423771875 0.9258005484375001 0.623878909375 0.9139728593750001 0.6241143953125 0.8935070218749999 0.62756639375 0.8810858703125 0.6355265109375 0.8740159796875 0.6437570312500001 0.869595203125 0.6556462375 0.8725014453124998 0.6704051046874999 0.8608422671875001 0.6805827109375 0.8543040812499999 0.6957615765625 0.8518147562500001 0.7096710140625 0.8632000484375 0.74235429375 0.86861375625 0.7666607671875 0.881416240625 0.7791639203124999 0.8875207515625 0.7892778140625 0.9204003984375 0.8629098093750001 0.9329464421874999 0.9030218390625 0.9411240546874999 0.9092670437500001 0.9425184578125 0.909375 0.9517907812499999 0.909375 0.9642920374999999 0.9024267578125 0.9770320765625 0.8908938359375 0.9918096281250002 0.8672871921875001 1 0.8633838578125002 1 0.7421190531249999
8 0.790913196875 0.9116709125 0.8095986500000001 0.9313928140625001 0.821249103125 0.9288412125000001 0.8244299234374999 0.9394482484375001 0.8213115515624999 0.9528772859375 0.8301537937500001 0.9678079265624999 0.8319435937499999 0.975717071875 0.8501503718750001 0.9814436499999999 0.8640954703125001 0.9779185078125 0.867258153125 0.9650684999999999 0.865973196875 0.948276659375 0.8636073828124999 0.9328401359375 0.85544721875 0.91134291875 0.8192457937500001 0.871701859375 0.77250163125 0.8490881250000001 0.7661138203125 0.8507520671875 0.7556684265625 0.8613114453125 0.7445584015625 0.8631853875000001 0.742210725 0.8712059078125 0.7328904984375 0.880988996875 0.723215803125 0.8861398578124999 0.7217717484375 0.8904889453125 0.7318808109375 0.8987543812500001 0.7391547984375 0.9086710171875 0.7438770124999999 0.9084610171874999 0.7567325281249999 0.91391719375 0.769782728125 0.9064374765625001 0.7840822984375 0.9075445656250001 0.790913196875 0.9116709125