8 0 0.5103818546875 0.0064992265625 0.51875 0.0306132546875 0.51875 0.041738696874999995 0.5156436734375001 0.07300878281249999 0.513431915625 0.10390821406249999 0.513024290625 0.1273818953125 0.5127626078125 0.1369968046875 0.51875 0.14735480625 0.51875 0.1514538015625 0.51258899375 0.1703125 0.5174481921874999 0.1703125 0.47924080468749997 0.08835506875 0.45373438750000006 0.07303522500000001 0.4713052109375 0.0538530953125 0.4746769546875 0.0335136046875 0.4716826375 0.018246059375000002 0.4620001859375 0 0.44707074375 0 0.5103818546875
14 0 0.51830155625 0.010833765625 0.5230273875 0.013147471875 0.532508303125 0.012412690625 0.5360580765625 0.0279893828125 0.5578125 0.03125 0.5578125 0.03125 0.5482021078125 0 0.5047964453125 0 0.51830155625
14 0.2921875 0.5486919718750001 0.115625 0.5576075625 0.115625 0.5640625 0.2921875 0.5640625 0.2921875 0.5486919718750001
14 0 0.35864268125 0.171875 0.32050696875 0.171875 0.3078125 0.16717079375 0.3078125 0 0.34551933125 0 0.35864268125
12 0 0.45020675 0.0013257375 0.4521835453125 0.008608575 0.45830098125 0.022949890625 0.4686206484375 0.030259184374999998 0.4734375 0.074422415625 0.4734375 0.07487256406250001 0.47333225468749995 0.084142971875 0.4634455453125 0.090342509375 0.45372183593750004 0.089361759375 0.44040457499999996 0.08988755000000001 0.43170467968750004 0.0984375 0.40949882656250003 0.0984375 0.3765571515625 0.0962735 0.372468475 0.0832143625 0.36485096875 0.075350346875 0.353125 0.06593576718750001 0.353125 0.06226330625 0.3541594640625 0.023880228125 0.3941367015625 0.009628429687499999 0.4076602484375 0 0.417928778125 0 0.45020675
12 0.1130488875 0.510511478125 0.065625 0.5118562203125 0.065625 0.513530840625 0.0884791265625 0.551993090625 0.08294445 0.5585866078125 0.08526108125000001 0.5620304218750001 0.09554961875 0.56172375 0.09959895625000001 0.5685233968750001 0.10197220468749998 0.56875 0.1317166609375 0.56875 0.13761134375 0.5649664734375001 0.1498104 0.558139178125 0.1531109 0.5536848437499999 0.15620834374999998 0.5442482937500001 0.15625 0.5438400953125 0.15625 0.52710438125 0.15448854375 0.519850003125 0.1552312125 0.5131534203125 0.1423848453125 0.5112178453125 0.1368311015625 0.520903253125 0.12611738125 0.5143373828125 0.1130488875 0.510511478125
12 0 0.34361261249999997 0.0036378515625000002 0.3416864578125 0.0636179109375 0.3355470171875 0.0715744453125 0.32898058125 0.08141427343749999 0.3191236859375 0.0828125 0.31056591875 0.0828125 0.2853945859375 0.07945558593749999 0.2796357890625 0.0704501734375 0.268230153125 0.0136301671875 0.25344479999999997 0.009238046875 0.248649028125 0.0006939640625 0.23790438125 0 0.237731209375 0 0.34361261249999997
12 0.168542 0.4828125 0.176996396875 0.4828125 0.18291060625 0.47263548125000004 0.184375 0.46923731718750006 0.184375 0.43825605 0.18277369999999998 0.43701201875000006 0.18154495312500002 0.421839765625 0.1732498875 0.4199904796875 0.15676431562499998 0.41880581875 0.14784823125 0.4199879390625 0.1042203 0.40625 0.0984241578125 0.40625 0.0948421875 0.4065406625 0.0860959453125 0.41899098749999997 0.084375 0.4273915203125 0.084375 0.45508436874999997 0.1679218328125 0.48229031562499997 0.168542 0.4828125
8 0.2740077453125 0.2248102484375 0.2421782828125 0.23497140625 0.2105306265625 0.25285745625 0.17212187031249998 0.2804164515625 0.16031184999999998 0.302973034375 0.1403611375 0.3160514703125 0.173206590625 0.309591621875 0.1730120359375 0.3219990625 0.134616034375 0.329425725 0.1307399609375 0.33951955 0.1215705265625 0.3464724296875 0.115625 0.3515598296875 0.115625 0.3520293734375 0.155613775 0.35143878125 0.164921225 0.3409529421875 0.177057159375 0.3397624640625 0.175959690625 0.330719628125 0.1820373609375 0.3014049703125 0.1887230703125 0.3035646703125 0.2071811140625 0.2890841125 0.219016071875 0.28074354218750003 0.24189559374999997 0.27934383125 0.2654524421875 0.2804116578125 0.28616805625 0.292316459375 0.2973944171875 0.306982209375 0.296127334375 0.32456282812500004 0.29459696874999997 0.32907703125 0.303114015625 0.333872621875 0.300849784375 0.3447937671875 0.298027396875 0.3526725765625 0.3022482296875 0.360986696875 0.30500432499999997 0.3796875 0.3108210515625 0.3796875 0.3203125 0.374224446875 0.3203125 0.32524961406249997 0.3069718078125 0.2722562796875 0.3081823515625 0.263550146875 0.3081197203125 0.25525046093750003 0.30037423125 0.2381316015625 0.285924184375 0.22181120468749999 0.2740077453125 0.2248102484375
10 0.6834949578125 0 0.6808179171875001 0.0028195859375 0.6655776765625 0.026416526562499997 0.6519140125 0.0395259359375 0.6484375 0.04415115 0.6484375 0.1409854203125 0.6555926921874999 0.1648519 0.664526625 0.1876622734375 0.667679778125 0.1918572859375 0.6755626625 0.19893636718750002 0.6984230203124999 0.2109970234375 0.7045038874999999 0.2125 0.74815884375 0.2125 0.7541287265625 0.2078507671875 0.7888134125 0.21230796562499998 0.7926817609375 0.2125 0.8515433578125 0.2125 0.8566062046875 0.2112592125 0.886823921875 0.21204577656249998 0.8989110109375 0.2062776375 0.903903503125 0.20155825 0.9065311296874998 0.1957901078125 0.9131001984375 0.187137896875 0.93228188125 0.168260346875 0.93885095 0.15960813437500002 0.9480476453125 0.140206209375 0.9546875 0.1290636 0.9546875 0.0841717515625 0.94568278125 0.073610403125 0.9341212203125 0.063122875 0.9191437421875002 0.0452940765625 0.9194065046875 0.0355931125 0.92098308125 0.0293005953125 0.9201947921875 0.025105584375 0.8872344062499999 0 0.6834949578125 0
10 1 0.278992640625 0.9886108312499999 0.2640601640625 0.969244634375 0.25094749375 0.9596872906249999 0.246156325 0.9330273312500001 0.2363218203125 0.9146671703125001 0.2264873171875 0.8701500671875 0.20959214375 0.8621017765625 0.2078269765625 0.8568200874999998 0.2078269765625 0.803751678125 0.21740931406250003 0.74867119375 0.2209396484375 0.7313170687499999 0.21892231406249998 0.6991239109375 0.208583478125 0.690069584375 0.2078269765625 0.670954896875 0.210096478125 0.657624915625 0.2128703109375 0.64831908125 0.2166528140625 0.6372526828125 0.22320915000000002 0.6312164656249999 0.2297654859375 0.6249287390625 0.24691282499999997 0.617131959375 0.2569994953125 0.6110957406249999 0.26986 0.5897174703125 0.2968418453125 0.5829267265625 0.30037217968749996 0.579657109375 0.3008765140625 0.5446973500000001 0.3001200125 0.536397553125 0.302137346875 0.5283492625 0.310206684375 0.5122526828125 0.330884359375 0.488862340625 0.3641703703125 0.47955650624999996 0.3898913828125 0.477292925 0.40098672031250004 0.4770414140625 0.4231773953125 0.48131706874999997 0.44990707187499995 0.484335178125 0.45797640937499995 0.487101778125 0.461002409375 0.5001802484375 0.467558746875 0.510240609375 0.4771410828125 0.516276828125 0.4902537546875 0.5203009734374999 0.510427096875 0.5263371890624999 0.5232876015625 0.5356430249999999 0.535895940625 0.54520036875 0.5454782765624999 0.5550092234375 0.5525389453125 0.56984825625 0.5560692796875 0.58544181875 0.562625615625 0.6010353796875 0.5669124515624999 0.6271923203125 0.5709471203125001 0.6473130453125 0.575486121875 0.687302984375 0.580277290625 0.724777834375 0.58128595625 0.7498596484375 0.5859375 0.8807750500000001 0.5859375 0.9078764249999999 0.5772512890625 0.940069584375 0.565147284375 0.9445967468750001 0.562625615625 0.9571722000000001 0.551782446875 0.979808015625 0.537156771875 0.990622903125 0.5283309359375 1 0.5241070203125 1 0.278992640625
7 0.6224910218749999 0.298661028125 0.6191921812500001 0.3014755375 0.61513206875 0.314524625 0.6156395828125 0.32962063124999996 0.6141170421875 0.339087615625 0.6115794718750001 0.3429255828125 0.600921678125 0.34753114375 0.59787659375 0.3500897875 0.5912789125 0.3616036890625 0.58924885625 0.3764438296875 0.5722471390624999 0.3946102078125 0.568694540625 0.4086827546875 0.5671719984375 0.42198770625000004 0.5643806734375 0.432222284375 0.5643806734375 0.4363161171875 0.5666644859375001 0.44040994843750003 0.5735159234375 0.4455272375 0.5773222796875 0.4509003921875 0.581889903125 0.4549942234375 0.5862037734375 0.463693615625 0.6001604078125 0.48185999375 0.6194459375 0.4928621671875 0.6326413000000001 0.4926063015625 0.6441237515625 0.5046875 0.6570810734375 0.5046875 0.659285784375 0.5010498296875 0.6633458953125 0.4982353203125 0.7019169578125 0.49951464218749997 0.7349053640625 0.5020732875 0.7701775843750001 0.5020732875 0.8260041203124999 0.4849303671875 0.8460509218750001 0.4800689421875 0.8635601546875 0.4772544328125 0.8650826953124999 0.4739281953125 0.8635601546875 0.46881090625 0.86457518125 0.4647170734375 0.8767555171874999 0.44117754218750005 0.8808156281249999 0.42198770625000004 0.884875740625 0.41328831250000003 0.8874133109375 0.40279787031250003 0.8998474015625 0.3761879640625 0.902384971875 0.3618595546875 0.906445084375 0.351113246875 0.909375 0.3450257015625 0.909375 0.3105270203125 0.89908613125 0.3017314015625 0.895787290625 0.296102384375 0.8853832531249999 0.2902175 0.88183065625 0.2868912625 0.8744717046874999 0.278447734375 0.8693965640624999 0.2682131546875 0.864321425 0.264119325 0.8432595953125 0.25618752499999997 0.83240260625 0.25 0.7508296828125001 0.25 0.7399805031250001 0.2546523390625 0.72323254375 0.257210984375 0.700648171875 0.2551640671875 0.684407725 0.251837828125 0.6794367484375 0.25 0.6717096828125 0.25 0.6714661203125 0.250046778125 0.6656297078125 0.2551640671875 0.66055456875 0.263095865625 0.6379701984375 0.2879147203125 0.6278199171875001 0.296102384375 0.6224910218749999 0.298661028125
15 0.3890625 0 0.3890625 0.2984375 0.5840387125 0.2984375 0.5946577890625 0.2850710984375 0.602038534375 0.2784077390625 0.6162910078125 0.2699503984375 0.6216356843749999 0.26533730312500003 0.62647134375 0.25893022499999996 0.630543478125 0.2494477515625 0.6323250390625 0.2391964296875 0.6328125 0.22970646718749999 0.6328125 0.1105153734375 0.6297799546875 0.1015724203125 0.60534714375 0.07286871875 0.5786237578125 0.046984128125 0.569970471875 0.036989087500000004 0.55062783125 0.019049271875000003 0.536884375 0.0031597218750000003 0.5330809296875 0 0.3890625 0
7 0.6671875 0.061172040625 0.6671875 0.09835244374999999 0.6716765875 0.1085493125 0.67706451875 0.11216621093750001 0.678347359375 0.1168165078125 0.681169609375 0.1196583578125 0.68784038125 0.12275855625000001 0.6998990828125 0.13412595 0.7075961281250001 0.1449766453125 0.7296609890625 0.165127934375 0.7360751921875 0.1772703765625 0.7455682125 0.1888961234375 0.749002121875 0.190625 0.7843802515625 0.190625 0.8104799546875 0.18321242499999998 0.8479389031250001 0.177528728125 0.8533268328125001 0.17494522968749998 0.8620501515625001 0.1736534796875 0.8884766703124999 0.1599609375 0.890272646875 0.1558273390625 0.895147440625 0.15091869062500002 0.8992525328125 0.1436848953125 0.9015616453125 0.1385178984375 0.9015625 0.13851295 0.9015625 0.1031312265625 0.8997656671875 0.087881325 0.8997656671875 0.084264425 0.9015625 0.07865556093750001 0.9015625 0.074320109375 0.900791940625 0.07238033125 0.8941211671874999 0.0716052828125 0.8864241249999999 0.07703062968749999 0.871799740625 0.07909742812500001 0.8641026953125 0.07909742812500001 0.83613676875 0.07522218124999999 0.767889640625 0.0465453453125 0.7642976875 0.0437034953125 0.7530086890625001 0.0382781484375 0.7476968171875 0.034375 0.70465688125 0.034375 0.6950242875 0.0369864 0.6824524484375 0.0380198 0.6786039265625 0.040086598437499996 0.672702859375 0.04887049375 0.668084634375 0.058687789062499995 0.6671875 0.061172040625
6 0.17346973593749998 1 0.171552471875 0.9684052203124999 0.1653152328125 0.9486454296875 0.1564340375 0.9373547515624999 0.133741803125 0.9209279859375 0.130729096875 0.9082251421875001 0.1344224765625 0.8916258546875 0.1277464765625 0.8765625 0.082028453125 0.8765625 0.065634971875 0.8798906453124999 0.0291273109375 0.8944048703125 0.0061328734375 0.9083529 0 0.915031478125 0 0.9387166312499999 0.00122876875 0.9423416031249999 0.011653971874999999 0.9496799890625001 0.016341862500000002 0.95741426875 0.01018623125 0.9850797468750001 0.0096264359375 1 0.17346973593749998 1
6 0 0.9343164515625 0.008402515624999999 0.92501226875 0.0171659 0.9181845093749998 0.0561965109375 0.9006579703125001 0.06100354375 0.8959924765625 0.058978990625000005 0.8833063875 0.0625 0.8727302031249999 0.0625 0.8121353171875001 0.0576087578125 0.7808488046875001 0.0550251515625 0.7442123578125 0.049976837499999996 0.7265203625 0.041940781249999996 0.7116163015625 0.0231833984375 0.6903418953125 0.0248487421875 0.6775415921875 0.0202154078125 0.652624596875 0.015151796875000002 0.6390855265625001 0.0083868234375 0.630552921875 0 0.6246958499999999 0 0.9343164515625
7 0.1375 0.838480578125 0.1375 0.893796215625 0.1390900015625 0.9015315906250001 0.156499875 0.957214746875 0.1716512640625 0.9776804078125 0.18863129218750002 0.9920856515625001 0.19740911875 0.996875 0.23926023281250003 0.996875 0.2446839859375 0.9956807890625001 0.268927403125 0.9821853812500001 0.2790926046875 0.9723506375 0.2875 0.9597537421875 0.2875 0.9429570421874999 0.2676083296875 0.91941101875 0.26191241875000004 0.9067767515625 0.2606095609375 0.8925411578125001 0.2646652171875 0.8773330015624999 0.264726209375 0.8606388625000001 0.2480368671875 0.8196487453125 0.23305417031250003 0.805986496875 0.2259280109375 0.796325328125 0.224078721875 0.7903796937500001 0.22666822656250002 0.7703121203125 0.2258813 0.7561336328125 0.219003990625 0.74375 0.20633858906250002 0.74375 0.20314437187499998 0.745788265625 0.1833810515625 0.7691738453125 0.166427084375 0.7829542421875 0.1541012578125 0.8014221671874999 0.140580278125 0.82915205 0.1375 0.838480578125
5 0.56875 0.609375 0.56875 0.6245843984375 0.5693540968749999 0.6306219 0.5701264890625 0.684915675 0.5781078749999999 0.71450706875 0.57707801875 0.7250570421875 0.5775929484375 0.7389521328125 0.581712371875 0.7458996765625 0.583772084375 0.7549057546875 0.5873765828125 0.7621106140625 0.5999923234375 0.7801227671875 0.6053990703125001 0.7852690984375 0.6110632796875001 0.7883568953125 0.6129544515625 0.790625 0.6787836875 0.790625 0.680321121875 0.7806374015624999 0.686757725 0.770087425 0.68984729375 0.7595374500000001 0.6908771484375 0.7268582593749999 0.6983436078125 0.712705853125 0.70220556875 0.7000973453125 0.7042652828125 0.687231521875 0.716881021875 0.666131571875 0.7292393 0.6416865078125 0.7310415484374999 0.6355109125 0.7310415484374999 0.619299975 0.7356522156249999 0.609375 0.56875 0.609375
15 0.3921875 0.609375 0.3921875 0.691604721875 0.39219188437499997 0.6917479125 0.39477225 0.73690390625 0.39503028906250004 0.772566878125 0.396578509375 0.7897569453125 0.3989008390625 0.7964277171875 0.40457764531249996 0.80386819375 0.42031788593749997 0.8177228718749999 0.4213500328125 0.820545121875 0.4213500328125 0.8318341203124999 0.42238217968749997 0.8367089156249999 0.43502751406249995 0.84375 0.46019918125 0.84375 0.46495823906249995 0.839018028125 0.48379491718749995 0.82439364375 0.5003092671875 0.8133612156249999 0.5119209203125 0.802585353125 0.5178557640625 0.7984802609375 0.5325638578125 0.7820598999999999 0.548304096875 0.770257765625 0.5511425015625 0.7661526750000001 0.553125 0.7604580515625 0.553125 0.609375 0.3921875 0.609375
1 0.3890625 1 0.6436652765625 1 0.6462676484375001 0.99353575 0.6504204734375 0.985996665625 0.6517182296875 0.9807972984375001 0.6550924 0.9748180234374999 0.657947465625 0.9633794109375 0.6605429812500001 0.9618196000000001 0.664436253125 0.9618196000000001 0.6680699734375001 0.9657191265625 0.6841621671875 0.9753379593750001 0.6898723 0.9753379593750001 0.6932464703125 0.971178465625 0.6989566015625 0.948561209375 0.7046875 0.9094434687499999 0.7046875 0.8082195046875 0.7010330140625 0.8024589437499999 0.693765571875 0.794399921875 0.6909105062500001 0.7928401109375 0.6617699781249999 0.790625 0.51863880625 0.790625 0.513377284375 0.793879984375 0.45783326406249997 0.8383345890625 0.45497819687499996 0.8398943984375 0.4513444765625 0.8398943984375 0.44148152031250004 0.8372947156249999 0.43395452656250005 0.8372947156249999 0.42564887812499996 0.8404143375 0.4186409875 0.84457383125 0.3890625 0.8665464500000001 0.3890625 1
8 0.7278018375 0.609375 0.725343815625 0.6140678453125 0.7250941578125 0.620590378125 0.728090059375 0.6306250421875 0.7283397171875 0.634638909375 0.72134928125 0.641914040625 0.7121119218749999 0.6582203718749999 0.70487183125 0.668505903125 0.6966331046875001 0.6888261015625 0.6966331046875001 0.6933417000000001 0.6981310546875 0.698860765625 0.6978813953125 0.7043798328124999 0.6856481375 0.7199335625 0.6848991609375 0.7257034953125 0.68664676875 0.7410063593749999 0.6963834453125 0.7678490890624999 0.701626271875 0.7768802890625001 0.7096153390625 0.7841554203125 0.7121119218749999 0.787667553125 0.723594659375 0.8125 0.7494858437499999 0.8125 0.7632918875 0.8069842843749999 0.79375020625 0.799458284375 0.8214622859375 0.7881692874999999 0.8287023781249999 0.7866640874999999 0.827953403125 0.7753750890625 0.8292016953125 0.7721138234375 0.8319479375000001 0.769856021875 0.8406859796875 0.7673473546875 0.8641538656249999 0.757312690625 0.871893275 0.7550548921875 0.8751388328124999 0.752546225 0.8841265343749999 0.7342329609375 0.8946121859375001 0.7226930953124999 0.8936135531249999 0.7201844296875001 0.8896190171875 0.7161705625 0.8886203859374999 0.7121566984375 0.8938632109375 0.700365965625 0.8978577453125001 0.6830561671875 0.9163324625 0.6592238375 0.9190787046875 0.6524504390625 0.921875 0.6479547140624999 0.921875 0.6337872499999999 0.9123379296875 0.6148204453125 0.9060565640625 0.609375 0.7278018375 0.609375
9 0.9776662328124999 1 0.9716417328125001 0.9910124296875 0.9655484671875 0.9789435781249999 0.952346390625 0.9676450765624999 0.9487919859375001 0.9440209375 0.946760896875 0.9170586078125 0.9439681515625 0.895745525 0.9416831765625 0.885987728125 0.9386365421875 0.8785409906249999 0.9335588218750001 0.8690399781250001 0.9272116703125001 0.8605661031249999 0.8959836843750001 0.829752009375 0.88075051875 0.811263553125 0.8459681265625001 0.7724891515625 0.842009228125 0.765625 0.82716505 0.765625 0.825911128125 0.77120523125 0.8276883296875 0.7778816171875 0.8241339249999999 0.780449459375 0.789097646875 0.7938022328125001 0.7680251046875 0.7981675640625 0.757615775 0.8012489734375 0.7466986734375001 0.8066414390625001 0.726895559375 0.8110067687499999 0.7265625 0.8111330921875 0.7265625 0.8278210578125 0.7357815734375001 0.8433615671875 0.7469525593749999 0.86698570625 0.7553308 0.8813656140624999 0.7649784703125 0.9039626171874999 0.7753877984375 0.9234782093749999 0.778942203125 0.9340063578125001 0.7873204453125 0.9519812453125001 0.793667596875 0.962766178125 0.8028074953125 0.9740646796875 0.8147401406250001 0.9830521234375 0.8256572421874999 0.989728509375 0.838756453125 1 0.9776662328124999 1