13 0 0.6515625 0.009037159375000001 0.6515625 0.042802595312500004 0.608869265625 0.0713105078125 0.562004234375 0.081647178125 0.5609207281249999 0.0951564484375 0.5677059328125 0.10219155312499999 0.5605715109375 0.11074847968749998 0.5582803468749999 0.1609375 0.44897502031250003 0.1609375 0.383226840625 0.0767458125 0.36706443593750004 0 0.3584441625 0 0.6515625
13 0.3466314546875 0.659375 0.35416538750000004 0.6394987296875 0.394236525 0.5158118953125 0.4109375 0.48537214375 0.4109375 0.47083639374999997 0.358381478125 0.44709452968749996 0.3039091015625 0.40673094687500005 0.207959459375 0.34375 0.19592306718750002 0.34375 0.1260535921875 0.49207116093750003 0.1147452328125 0.5216259203125 0.1046875 0.5650232890625 0.1046875 0.593161425 0.14881145625 0.615918803125 0.2287821328125 0.6484613484375 0.2514878265625 0.659375 0.3466314546875 0.659375
13 0.5390625 0.659375 0.5390625 0.53319130625 0.41491239843749994 0.47550184375000004 0.3649428328125 0.584987928125 0.34601865 0.640251196875 0.33740365156249996 0.659375 0.5390625 0.659375
4 0 0 0 0.2515625 0.0012028984375 0.2515625 0.00176199375 0.24370457812500002 0.0539118390625 0.24388903593750003 0.13109975625 0.23255496718750002 0.197449446875 0.2295403125 0.2332807109375 0.22342702656250002 0.25174370625 0.21267736875 0.2667806890625 0.1977124640625 0.3125 0.18531265937500002 0.3125 0.15560094062500002 0.2806261421875 0.1340355953125 0.2609265828125 0.10979794843749999 0.24608909687499997 0.0826838046875 0.2437641203125 0.023718671875 0.2514265515625 0 0 0
17 1 0 0.8819144343750001 0 0.8766065968750001 0.020288725 0.8703125 0.22033934843749997 0.8703125 0.40355316406249997 0.87443015 0.446875 1 0.446875 1 0
17 0.837921134375 0 0.7129811593750001 0.008426807812500001 0.6948154140625 0.016991307812500002 0.6421875 0.3339219328125 0.6421875 0.4403157421875 0.6529457781250001 0.44804368125 0.6574053703125 0.4578125 0.8788919843749999 0.4578125 0.8722528765625001 0.3479964734375 0.88125 0.10148821718750001 0.88125 0.0172695203125 0.8781715171875 0 0.837921134375 0
17 0.5390625 0.659375 0.89375 0.659375 0.89375 0.44731675312499997 0.6746707 0.4551577375 0.669159725 0.4606802984375 0.565423746875 0.4652180078125 0.55994410625 0.46938361406249995 0.5390625 0.5870482875 0.5390625 0.659375
17 0.5390625 0.471875 0.67309059375 0.471875 0.67581966875 0.46968185937499995 0.6722343343749999 0.447891365625 0.6509105875 0.42641092656249996 0.646119553125 0.3978123953125 0.6921875 0.1171702796875 0.6921875 0.01875 0.5896312890625 0.01875 0.5390625 0.024398728124999998 0.5390625 0.471875
13 0.5390625 0.7657192484374999 0.5146712953125 0.7714578640624999 0.47659305781250005 0.776469259375 0.4719818359375 0.78183265625 0.47527625156250003 0.7988082265625 0.474057490625 0.8031187921875 0.49076998749999995 0.8071580218750001 0.5156356375 0.8505614046875 0.5390625 0.8820150734375 0.5390625 0.7657192484374999
10 0.5390625 0.7265625 0.5190199875 0.7265625 0.5077129671875 0.7325504281249999 0.48896441562500004 0.7338018625 0.4678897953125 0.7319464515625 0.419965984375 0.7265625 0.41621805624999997 0.7265625 0.3894992828125 0.7461885171875 0.3565142859375 0.781011284375 0.326553284375 0.8136128093749999 0.30701345625 0.837596475 0.2740751359375 0.8637171765625 0.2484375 0.8804485234375001 0.2484375 0.9286614359375001 0.2522548234375 0.9384933953125 0.2741663046875 0.9715159796874999 0.299244409375 1 0.494672296875 1 0.5187810390625 0.977712434375 0.527993046875 0.9449424843750001 0.5390625 0.93764683125 0.5390625 0.7265625
8 0.23866690625000003 0.659375 0.2396264671875 0.6598074796875 0.26790772500000004 0.674062165625 0.2707952046875 0.688936971875 0.2644694828125 0.7001620515625 0.22573661875 0.7284523093749999 0.21446047343750002 0.7404625171875 0.2001129078125 0.771699878125 0.188790778125 0.7922355734375 0.189111609375 0.793888328125 0.186727834375 0.8078955046875 0.1869566921875 0.8265992375 0.189798184375 0.8499995328125 0.1867267625 0.8692266859375 0.18525949218749999 0.8967176171875 0.1887886328125 0.9148979359375 0.1719204046875 0.92438775625 0.1629681796875 0.940625 0.17720881875 0.940625 0.194609578125 0.93612205625 0.226329075 0.92427685625 0.23659673906249998 0.9158338671875 0.2475980359375 0.8936454156250001 0.2588741796875 0.8816352078125 0.26487906875 0.8687573734375 0.30017369375 0.8665670000000001 0.3124123296875 0.8595150609375001 0.32208431718749997 0.839241071875 0.3277683765625 0.82471048125 0.3334064484375 0.8187053765625001 0.3453242515625 0.81000068125 0.3291896578125 0.8057450359375 0.3484416625 0.782248040625 0.350091803125 0.7819863312499999 0.379244653125 0.7569190828125001 0.389925121875 0.733077875 0.3890086140625 0.719594115625 0.379933375 0.6903679234375 0.392126025 0.6918414734375 0.4046875 0.6707936765625 0.4046875 0.659375 0.23866690625000003 0.659375
10 0.14771685625 0.659375 0.1466734609375 0.6639665046875 0.09327592812499999 0.7939736374999999 0.08923371249999999 0.8135784078124999 0.1035775140625 0.8291862109375 0.10520436250000001 0.8296875 0.1416065953125 0.8296875 0.17121254531250002 0.818588115625 0.1835341265625 0.7999179328125 0.1884271875 0.78464369375 0.209375 0.7515740421875 0.209375 0.7374009890625001 0.20553765624999998 0.733976146875 0.1979708203125 0.718422384375 0.190647184375 0.6983666640624999 0.19034371875 0.673863025 0.1932614046875 0.6600142796874999 0.1932127109375 0.659375 0.14771685625 0.659375
11 0.5390625 0.659375 0.5390625 0.82589065625 0.557619228125 0.7999577765625 0.6018040359375 0.75837244375 0.6358894625 0.7243480796874999 0.6699748859375 0.691583878125 0.6952233484375 0.6726814531249999 0.7146129234374999 0.659375 0.5390625 0.659375
8 0.7108993203125 0.659375 0.70651154375 0.669484790625 0.6760732328125 0.6948103546875 0.6393787171875001 0.7265625 0.6876173109375 0.7265625 0.6976337015625 0.718869640625 0.70651154375 0.7011417468750001 0.7229989625 0.716337084375 0.7369498546875001 0.706206859375 0.747095959375 0.711271971875 0.764851640625 0.6897452421875 0.7826073234375001 0.6897452421875 0.8105091078125 0.677082459375 0.8422156828125 0.6682185125 0.863776153125 0.6669522328124999 0.8658459109375001 0.659375 0.7108993203125 0.659375
4 1 0.659375 0.8597676640625 0.659375 0.8597676640625 0.6602789078125 0.83405058125 0.6692602734374999 0.7877598328125 0.6820907984375 0.7646144593749999 0.6885060609375 0.742754940625 0.7180162671875 0.7337539609375 0.70005353125 0.719609565625 0.7180162671875 0.7106085875 0.7051857421875 0.6964641921875 0.7218654234375 0.6707471093749999 0.7269976328125 0.645030028125 0.7244315296874999 0.630885634375 0.71929931875 0.6025968421875 0.7565078375 0.5781656140625 0.7796027828125001 0.5563060953125001 0.8001316203125001 0.539589990625 0.8168113031249999 0.5390625 0.8175350218749999 0.5390625 0.8580870859375 0.5678787828125 0.8591520312500001 0.59873928125 0.8655672937500001 0.63602905 0.8591520312500001 0.678462234375 0.8617181359374999 0.7273246906249999 0.8706995031249999 0.776187146875 0.8809639218750001 0.7929032515625 0.8925113953124999 0.8167646328125 0.8953125 0.9419613921875001 0.8953125 0.9613501390625 0.8501706640625001 0.9754945328125 0.7962824640624999 0.9832096578125 0.748809525 1 0.7033350375 1 0.659375
10 0.5390625 1 0.76389933125 1 0.771626984375 0.9632936515624999 0.7728670640624999 0.934771825 0.8013888890625 0.934771825 0.8038690468749999 0.9149305562500001 0.787748015625 0.8826884921874999 0.755505953125 0.8702876984374999 0.722023809375 0.8665674609374999 0.668700396875 0.856646825 0.62529761875 0.8554067453125 0.606696428125 0.862847221875 0.5880952374999999 0.877728175 0.5632936515625 0.86904761875 0.5465755437500001 0.8738242203125001 0.5390625 0.8933581343749999 0.5390625 0.916542659375 0.5422123015625 0.9322916671874999 0.5521329359375 0.953373015625 0.5390625 0.9543066187499999 0.5390625 1
9 1 1 1 0.9047796203124999 0.98740079375 0.9025297625 0.93779761875 0.89384920625 0.878273809375 0.89384920625 0.8423115078125001 0.89012896875 0.7976686515625 0.9012896828125001 0.80634920625 0.9384920640625 0.7790674609374999 0.934771825 0.7679067453125 0.965773809375 0.7644841265625001 1 1 1