18 0.30191495 0 0.3078603921875 0.025419885937499997 0.345166359375 0.0593840328125 0.3698113796875 0.057150034375000006 0.4323786734375 0.0875 0.44269543906250003 0.0875 0.5363221609375 0.0715106234375 0.5421875 0.021724453125 0.5421875 0.0050576625 0.541272134375 0 0.30191495 0
18 0.5890625 0.2996260984375 0.552922275 0.2706792640625 0.545090225 0.23270961406250001 0.5376089328125 0.2212726109375 0.5222463171875 0.214995953125 0.4814632578125 0.22258300625 0.451464178125 0.24152998281250002 0.4350512390625 0.265136271875 0.42889711875 0.3150439609375 0.46330043125 0.3324878359375 0.5147423375 0.3346048234375 0.55457556875 0.38012159843750004 0.5743916890625 0.37965910625 0.5773189828125 0.3746143796875 0.5890625 0.3758010296875 0.5890625 0.2996260984375
18 0.076991046875 0 0.0772848203125 0.012743815624999998 0.09400119375 0.1682810421875 0.1050354359375 0.18295272812500002 0.1247530125 0.2687502328125 0.142642890625 0.286579515625 0.147047121875 0.322970365625 0.1514537734375 0.325 0.1559709890625 0.325 0.16025786875 0.3226620375 0.18102381875 0.269095715625 0.19153094843750001 0.189228 0.182948109375 0.14132306249999999 0.150971565625 0.1122109375 0.19192902812499998 0.06314976875 0.17734183750000002 0.045243403125 0.14584118125 0.0443198 0.14249203125 0 0.076991046875 0
18 0.5890625 0.15156493437500002 0.582163846875 0.14903556406250001 0.5656750500000001 0.127855975 0.5645488671875001 0.11295304531249999 0.5786601703125 0.1026708875 0.5774088578125001 0.086112071875 0.5154332328125 0.07594692187499999 0.46614319374999996 0.080414915625 0.4512564671875 0.10232678437500001 0.4474552046875 0.20526121874999997 0.461792134375 0.21985582187500002 0.471301171875 0.2203125 0.4864841078125 0.2203125 0.5042265359375 0.2122302296875 0.5890625 0.19698494375 0.5890625 0.15156493437500002
18 0.1915096828125 0.122948534375 0.20774821875 0.1408163609375 0.222360046875 0.137157728125 0.24317721875 0.1499422859375 0.30714270312499997 0.153125 0.3148198765625 0.153125 0.4078125 0.1477799375 0.4078125 0.144760159375 0.4032570296875 0.12298292343749999 0.3920976578125 0.10665535625 0.374833434375 0.0971054796875 0.2972496875 0.0890625 0.2963585109375 0.0890625 0.28235820624999997 0.09926377812500001 0.240824359375 0.09691554375 0.2033439875 0.10442551093750001 0.1939610890625 0.08971528437500001 0.1891321890625 0.09148678906249999 0.1915096828125 0.122948534375
18 0.3158231421875 0.2420492625 0.331561153125 0.253293565625 0.3447379546875 0.2578125 0.346480575 0.2578125 0.4046875 0.2516838921875 0.4046875 0.21777494531250002 0.37029088906249996 0.15286153125 0.3231773546875 0.142349509375 0.25737388125 0.147202915625 0.25672358906250003 0.1604885109375 0.2946552140625 0.20273206250000003 0.3158231421875 0.2420492625
18 0.1993493921875 0.19435397968749998 0.2163633515625 0.20059209375 0.23898745937500002 0.24375 0.252719953125 0.24375 0.2675057234375 0.24252732031250002 0.2765625 0.23422353437500001 0.2765625 0.23198903437500001 0.27163310625000003 0.187690528125 0.23702880468749998 0.12380489374999999 0.22141592656250003 0.11421647500000001 0.2049024921875 0.11460188593750001 0.19396874687500001 0.12315108125 0.1993493921875 0.19435397968749998
18 0.2103426265625 0 0.222456209375 0.0294607 0.29836873124999996 0.070817809375 0.2917387234375 0.0925369734375 0.295133703125 0.115625 0.2952313796875 0.115625 0.3172596609375 0.1018941453125 0.36209619531250004 0.1041652984375 0.36997751874999996 0.09900494843749999 0.3507111953125 0.0629609703125 0.31340522656249997 0.028996824999999997 0.287634025 0.0163278890625 0.24775152031249997 0.0139411109375 0.23341043906249997 0 0.2103426265625 0
11 1 0.1926673296875 0.9931884765625 0.191357421875 0.9443603515625 0.159619140625 0.9065185546875 0.152294921875 0.8589111328125 0.152294921875 0.8149658203125 0.1681640625 0.7649169921875 0.1828125 0.7197509765625 0.19990234375 0.6745849609375 0.21943359375 0.6452880859375 0.23896484375 0.6428466796875 0.240185546875 0.6440673828125 0.240185546875 0.6611572265625 0.2951171875 0.6758056640625 0.359814453125 0.7014404296875 0.35859375 0.7563720703125 0.376904296875 0.8003173828125 0.393994140625 0.8325602218749999 0.4078125 0.8527587890625 0.4078125 0.8613525390625 0.407421875 0.9114013671875 0.403759765625 0.9651123046875 0.398876953125 0.9858642578125 0.38544921875 1 0.3674582734375 1 0.1926673296875
9 0.9748697921874999 0.51875 0.9634765625 0.4982421875 0.929296875 0.458203125 0.89609375 0.430859375 0.866796875 0.4162109375 0.8189453125 0.4015625 0.7798828125 0.3849609375 0.745703125 0.372265625 0.7076171875 0.360546875 0.6734375 0.356640625 0.6724609375 0.35078125 0.6763671875 0.415234375 0.6861328125 0.4435546875 0.6919921875 0.4884765625 0.6957763671875 0.51875 0.9748697921874999 0.51875
0 0.3694498703125 1 0.372314453125 0.9994140625 0.409912109375 0.98330078125 0.441650390625 0.96083984375 0.452880859375 0.949609375 0.462646484375 0.93251953125 0.4640625 0.92685546875 0.4640625 0.9080300843749999 0.436279296875 0.86513671875 0.389404296875 0.781640625 0.367431640625 0.740625 0.345458984375 0.6888671875 0.300048828125 0.60634765625 0.279541015625 0.58291015625 0.251220703125 0.5716796875 0.231201171875 0.570703125 0.215576171875 0.574609375 0.209228515625 0.57412109375 0.208740234375 0.58095703125 0.217529296875 0.5912109375 0.221435546875 0.60341796875 0.222412109375 0.62294921875 0.218994140625 0.6361328125 0.219482421875 0.6478515625 0.248779296875 0.824609375 0.255615234375 0.85341796875 0.264892578125 0.87294921875 0.278076171875 0.90859375 0.282958984375 0.92763671875 0.305908203125 0.99404296875 0.313239934375 1 0.3694498703125 1
0 0.44123291093750006 0.51875 0.436083984375 0.524169921875 0.428759765625 0.537353515625 0.424365234375 0.550048828125 0.421923828125 0.580810546875 0.423388671875 0.595458984375 0.428271484375 0.614501953125 0.435107421875 0.630126953125 0.443896484375 0.643310546875 0.454638671875 0.649658203125 0.4750927734375 0.653125 0.4836643875 0.653125 0.494677734375 0.581298828125 0.497607421875 0.536865234375 0.506396484375 0.522705078125 0.50771484375 0.51875 0.44123291093750006 0.51875
0 0.4262451171875 0.51875 0.424365234375 0.51943359375 0.421923828125 0.52919921875 0.407763671875 0.5228515625 0.376513671875 0.531640625 0.372607421875 0.53505859375 0.365283203125 0.56826171875 0.350634765625 0.5990234375 0.344287109375 0.61806640625 0.340869140625 0.64736328125 0.342822265625 0.656640625 0.346728515625 0.6625 0.3630859375 0.6625 0.368212890625 0.66103515625 0.370166015625 0.65859375 0.379931640625 0.6625 0.386767578125 0.66201171875 0.392626953125 0.65615234375 0.397509765625 0.63857421875 0.414599609375 0.6390625 0.428271484375 0.64296875 0.437060546875 0.64248046875 0.45 0.64571533125 0.45 0.6452473953125 0.441943359375 0.6380859375 0.434130859375 0.62587890625 0.423876953125 0.594140625 0.423388671875 0.562890625 0.433642578125 0.51943359375 0.4334716796875 0.51875 0.4262451171875 0.51875
11 0.5890625 0.51875 0.506826171875 0.51875 0.497802734375 0.53720703125 0.471435546875 0.76279296875 0.468505859375 0.77548828125 0.469482421875 0.78671875 0.486572265625 0.81455078125 0.487060546875 0.82529296875 0.484130859375 0.8326171875 0.465087890625 0.8560546875 0.462646484375 0.8658203125 0.469970703125 0.89267578125 0.492431640625 0.9185546875 0.487548828125 0.9302734375 0.487060546875 0.952734375 0.489013671875 0.96005859375 0.493408203125 0.9625 0.511474609375 0.9634765625 0.531005859375 0.9693359375 0.5547037765625 0.9734375 0.559912109375 0.9734375 0.562255859375 0.9732421875 0.564208984375 0.9693359375 0.568603515625 0.948828125 0.569091796875 0.92978515625 0.571044921875 0.92490234375 0.5890625 0.9137022281250001 0.5890625 0.51875
11 0.5890625 0.9135871734375 0.56865234375 0.923583984375 0.56962890625 0.948974609375 0.56474609375 0.971923828125 0.5603515625 0.973876953125 0.49150390625 0.960205078125 0.4890625 0.957275390625 0.48857421875 0.951416015625 0.49052734375 0.923583984375 0.48759765625 0.920166015625 0.463671875 0.937255859375 0.444140625 0.957763671875 0.42900390625 0.969970703125 0.39091796875 0.992431640625 0.3827560125 1 0.576067359375 1 0.5890625 0.9883525031249999 0.5890625 0.9135871734375
0 0.211474609375 0.8375 0.209521484375 0.8306640625 0.208056640625 0.8306640625 0.196337890625 0.83896484375 0.195361328125 0.8453125 0.210498046875 0.90634765625 0.227099609375 0.9146484375 0.240283203125 0.91513671875 0.24791992187499998 0.921875 0.2484375 0.921875 0.2484375 0.9215625 0.241259765625 0.8775390625 0.231494140625 0.835546875 0.226611328125 0.835546875 0.215869140625 0.8404296875 0.211474609375 0.8375
0 0.18427734375 0.745654296875 0.17890625 0.757373046875 0.1779296875 0.771044921875 0.1818359375 0.789599609375 0.1896484375 0.808642578125 0.20087890625 0.818896484375 0.21285067500000002 0.8234375 0.21620117187500001 0.8234375 0.21845703125 0.821826171875 0.2234375 0.811865234375 0.2234375 0.7882873531250001 0.21650390625 0.747119140625 0.21064453125 0.731494140625 0.2072265625 0.727099609375 0.20478515625 0.727099609375 0.1916015625 0.736376953125 0.18427734375 0.745654296875
11 0.3168359375 1 0.309033203125 0.99541015625 0.302685546875 0.98564453125 0.300732421875 0.97197265625 0.289990234375 0.94072265625 0.286083984375 0.93779296875 0.277294921875 0.94853515625 0.275341796875 0.95830078125 0.2842484265625 1 0.3168359375 1
15 0.7571707906249999 0.565007790625 0.8006272734375 0.7380854546875 0.8541282406249999 0.746875 0.8550778250000001 0.746875 0.8953125 0.71019475 0.8953125 0.7059315859375 0.8773769921875001 0.62746051875 0.8528119828125 0.5562748578125001 0.8139760421875 0.54114246875 0.764493734375 0.534522128125 0.766417721875 0.5529963640625 0.7571707906249999 0.565007790625
10 1 0.8798499281249998 0.9980217249999999 0.8684966171875 0.9787666265624999 0.8369391328125 0.9335330390625 0.77459080625 0.9202875671875 0.7844111859374999 0.9060422171875 0.8073463875 0.9186627656249999 0.8057227703125001 0.9195991765624999 0.8480779546875 0.914225803125 0.863919784375 0.8827241375 0.88371819375 0.8954563921875 0.92433941875 0.90092916875 0.939976303125 0.8860711984374999 0.9818743999999999 0.8882772640625 1 0.9787500828125001 1 1 0.9721363000000001 1 0.8798499281249998
10 0.5890625 1 0.7328047953125 1 0.739355353125 0.9729811203125 0.7389557921875001 0.9563669156250001 0.7323335421875 0.933951940625 0.7295848515625 0.9153673671875 0.7371075734375 0.8931888062500001 0.7460174359375 0.863743496875 0.7593755875 0.8415176296875 0.7826548093750001 0.8421480953125 0.7997236484375 0.84774391875 0.8226904078124999 0.8524727640625 0.8254514046875 0.8818234687500001 0.8400338234374999 0.876322146875 0.8562154640624999 0.882627309375 0.875008509375 0.8983902640625001 0.8828125 0.8845315890624998 0.8828125 0.8824549671874999 0.8510551484375 0.862892040625 0.8464695687500001 0.8465458187499999 0.8361233562500001 0.8401933546875 0.8266899234375 0.8000134843750001 0.8186682328125 0.7740991265625 0.8242915765625 0.754978590625 0.8476209859375 0.7440232484375 0.8233920765625001 0.744921796875 0.8048357218750001 0.7697643328125 0.8124834312499999 0.7459464203125 0.8217303609375 0.7339349890625 0.803536659375 0.7430933359375 0.7909909078125 0.7546634109375 0.76623745 0.7405871109375 0.7356485625 0.726558109375 0.70650930625 0.704442690625 0.6762953734375 0.68549563125 0.612080078125 0.7191340328125 0.6122173656250001 0.7282608109375 0.5890625 0.7377243203124999 0.5890625 1