6 0.11332976718750001 0.38085963125 0.11849639218750001 0.38462345937500003 0.13235410625 0.38573718125 0.1735274953125 0.39901457812499996 0.2258207015625 0.4036237671875 0.26296201875 0.401711665625 0.282360228125 0.4040061953125 0.2856344859375 0.4064952875 0.2945470296875 0.42383842187500004 0.2986308640625 0.42432148124999997 0.30368676250000004 0.41808868906249996 0.31644874375 0.41959824687499997 0.31877681562500004 0.4214499703125 0.3226268546875 0.434375 0.3326587796875 0.434375 0.335759240625 0.426085990625 0.3390625 0.40741700312500007 0.3390625 0.3676819484375 0.33057533281249996 0.36504620625 0.2447529875 0.351741965625 0.1367787265625 0.3515809359375 0.12497586875 0.34703213593750004 0.1231543359375 0.346875 0.1062663234375 0.346875 0.1046185328125 0.347776846875 0.101019296875 0.354707390625 0.1 0.3634852609375 0.1 0.377073328125 0.10312018281249999 0.37965198437500003 0.11332976718750001 0.38085963125
11 0.464139334375 0.45 0.46526059374999995 0.44834870625 0.48125 0.4276877640625 0.48125 0.41307259687500003 0.47295007499999997 0.4020213 0.44706406093749995 0.38336836875 0.43368019999999996 0.3771043234375 0.42312959375 0.375 0.41752259374999995 0.375 0.4108872328125 0.375950940625 0.40376575781249996 0.38289110000000004 0.369526165625 0.43644369843749997 0.3586066390625 0.45 0.464139334375 0.45
6 0.3019945484375 0.45 0.29444108281250003 0.44620257187499995 0.17809042656250001 0.420621684375 0.16777985625 0.42357843281249996 0.14756906875 0.4373455921875 0.1330196609375 0.44084718125 0.1161521359375 0.438873796875 0.10879751875000002 0.4322892125 0.09105745937500001 0.42917299375000006 0.0829901359375 0.4381163328125 0.0796875 0.447654603125 0.0796875 0.45 0.3019945484375 0.45
9 0.315625 0.45 0.315625 0.42149463125000003 0.3150563078125 0.4181889703125 0.298019734375 0.415555871875 0.2931116625 0.42047005156250006 0.267312121875 0.40132727656249995 0.2600522625 0.4004401890625 0.25396829374999996 0.402453734375 0.2177317984375 0.40133431093749994 0.1655111265625 0.396875 0.15100248593750001 0.396875 0.1484461375 0.39893353593750003 0.13584874375 0.3984970296875 0.13205375 0.402995828125 0.13114225625 0.40950113125 0.1265625 0.4152536734375 0.1265625 0.441386690625 0.1394859953125 0.44029571875 0.1600663078125 0.42516596250000005 0.1700840390625 0.421427525 0.224506709375 0.43579693124999996 0.2882006765625 0.44799086250000003 0.29218916250000004 0.45 0.315625 0.45
0 0.083279875 0.45 0.08833936249999999 0.437624709375 0.0951765296875 0.4314244734375 0.112958240625 0.43511574687500004 0.1170283078125 0.440436128125 0.1329234921875 0.442292075 0.1343339046875 0.428998 0.1359375 0.4242500734375 0.1359375 0.395631990625 0.13506223125 0.39462861875 0.120938646875 0.38436591875000004 0.1031703625 0.3769077625 0.100213378125 0.3765625 0.0795338140625 0.3765625 0.07174118125 0.378083190625 0.0627070484375 0.38456525468749997 0.042634348437500004 0.4075239984375 0.0188527765625 0.4300496890625 0.009494770312500001 0.44241579062499997 0.009375 0.44397179218750005 0.009375 0.45 0.0318003515625 0.45 0.033634559375 0.44684944531250004 0.040316503125 0.44170778593750004 0.047670078125 0.4393363 0.0570519671875 0.44150844375 0.0638488421875 0.44660886250000004 0.071111375 0.44853354687499997 0.0722332046875 0.45 0.083279875 0.45
17 1 0 0.6421875 0 0.6421875 0.0422990234375 0.6437509390625 0.045081346875 0.6576298734375 0.056262484375 0.7089879437500001 0.0839830453125 0.807381015625 0.1271061578125 0.8946356078125 0.1488062046875 1 0.18213050625 1 0
17 1 0.18063406875000002 0.9915163546875 0.1787940703125 0.748351940625 0.1152520875 0.7202975046875 0.11167703749999999 0.7154584843749999 0.11571109375 0.7128608453125 0.15607372343749998 0.69375 0.27094636250000004 0.69375 0.3024927703125 0.739998665625 0.31881855468750003 1 0.3981283140625 1 0.18063406875000002
15 0.5553589109375 0.834375 0.559375 0.8321531249999999 0.559375 0.8231243015625 0.558380715625 0.8215303531250001 0.559375 0.8019490484375 0.559375 0.7745341765625 0.54827285625 0.759338409375 0.518355303125 0.7150774125 0.3787828890625 0.6265625 0.3778824625 0.6265625 0.3394914171875 0.64286085 0.32348729062500003 0.650065553125 0.3785211640625 0.7196139015625 0.44930646718749995 0.7698352187499999 0.54317634375 0.834375 0.5553589109375 0.834375
15 0.5796875 0.8729358093750001 0.56612886875 0.8574771546874999 0.563012809375 0.831804778125 0.55383185 0.844695265625 0.5287932609375 0.8884424578125 0.5115088421875 0.921686421875 0.503420196875 0.9605467687499999 0.4911528140625 0.984778625 0.4678987671875 0.99712474375 0.4734947546875 1 0.48741085625 1 0.4940677703125 0.9971975984375 0.498438409375 1 0.5173990796875 1 0.520236775 0.9972704531249998 0.5369157578125 0.9811002546874998 0.5734300140624999 0.9354484484375 0.5796875 0.9235919625000001 0.5796875 0.8729358093750001
15 0.4469521453125 0.8876252250000001 0.41919970156249997 0.9322068437500001 0.420114196875 0.9442666140625 0.409660984375 0.9741111390625001 0.41455312031249997 0.987546 0.42237714843749996 0.9750727234374998 0.42849496406250004 0.9728669156249999 0.4805768265625 0.980236140625 0.47445901093750004 0.9824419484375 0.4798401484375 0.9820864578125 0.4955263109375 0.97499009375 0.5064833421875 0.9498620890625 0.520279125 0.90145268125 0.5339119078125 0.857640059375 0.5380144421875 0.8365681765625 0.49191915 0.8117696875 0.4791648859375 0.792957915625 0.45946086093750005 0.8376629796875001 0.4469521453125 0.8876252250000001
15 0.28977979375 0.778120175 0.32254714375 0.781360421875 0.45354669531249997 0.7962914609375 0.4752109546875 0.7909293906249999 0.44718967656249997 0.767393678125 0.4196955015625 0.747917803125 0.38633965625 0.7234242156249999 0.3760198171875 0.7116582171875001 0.35727898125 0.7102757046875 0.325821984375 0.707931609375 0.3081353625 0.7146687703125 0.2862149546875 0.7272543578125 0.26842672031250003 0.7557818046875 0.2626730078125 0.76664423125 0.28977979375 0.778120175
15 0.26504604375 0.7564965 0.2896654890625 0.7245696125000001 0.32717891250000003 0.7075143953125 0.37337581875 0.71052259375 0.3355469875 0.660773846875 0.3306082859375 0.6486523562500001 0.338787584375 0.6404120296875 0.3316942484375 0.6369517874999999 0.3077331546875 0.6881619640625 0.2563731546875 0.6604355515625 0.25002248125 0.66920819375 0.2440676671875 0.66681721875 0.222246753125 0.7144464968750001 0.25047760625 0.73207205625 0.246444928125 0.7511738906250001 0.26504604375 0.7564965
15 0.01428340625 0.6936262125 0.010180868749999999 0.7146980953125001 0.0462738515625 0.7377005671875001 0.09482685468749999 0.7688881453125 0.1185063953125 0.7823921484375 0.13888358437499998 0.775477240625 0.1665259453125 0.7718494640625 0.1736683390625 0.740749584375 0.198069740625 0.7338964015625 0.2157478921875 0.74632279375 0.2300220875 0.7601205671875 0.2472048890625 0.7486668890624999 0.24721336093750002 0.7295033359375 0.2182225421875 0.714384775 0.19532625312500002 0.6977170890625001 0.1889141921875 0.6892962265625 0.174267428125 0.686005390625 0.1599000890625 0.6748343484375 0.1362438375 0.6606736640624999 0.1217367859375 0.653442725 0.10196502656249999 0.6432838609375 0.0866980125 0.6385599203125001 0.0683763234375 0.625357109375 0.04363410625 0.6228969890625 0.029342971875000002 0.647426325 0.01428340625 0.6936262125
15 0.401179709375 1 0.40933540625 0.9833079546875 0.40864529843749997 0.9838449046874999 0.411321053125 0.9651602859375 0.4190836953125 0.9354935078125 0.42904790156250006 0.9194393359374999 0.44196729062499995 0.8768203453125001 0.4295538453125 0.8673218734375 0.363113115625 0.82961805625 0.30253405624999996 0.7969319453124999 0.2597030109375 0.7747021828125 0.23773603125 0.788601134375 0.21943550625000002 0.83157561875 0.205732865625 0.8773582937499999 0.219107378125 0.8976031640625 0.21187184218750002 0.9313297796875 0.2128625390625 0.9790899234375001 0.20559091718750003 1 0.3155139546875 1 0.3248968671875 0.9800417343750001 0.36026736718749997 1 0.401179709375 1
15 0.03429224375 0.791722646875 0.0243280375 0.8077768187500001 0.044641715625 0.8405023875 0.0638863703125 0.8466014171874999 0.084758909375 0.8635665843750001 0.07364734843750001 0.8741278203124999 0.1364195015625 0.9395900906249999 0.18834470781249998 0.9892265234375 0.2093887203125 0.9824313531249999 0.21063769062499998 0.9661340031249999 0.21025876875 0.9389705124999999 0.22053416406249998 0.8952159 0.20370911875000003 0.8776557734375 0.216255934375 0.8455437171875 0.226205325 0.8109826734375 0.2040224296875 0.7931213546875 0.17912567968749998 0.7760944656250001 0.1536234953125 0.776141346875 0.103650053125 0.7850114593749999 0.03429224375 0.791722646875
15 0 0.8535750140625 0.028024117187499996 0.8738660890624999 0.167355740625 0.975544775 0.131154796875 0.9366621640624999 0.07245342187500001 0.86994825 0.08144809374999999 0.862311228125 0.0670807578125 0.851140190625 0.04402146875 0.8390692874999999 0.025801393750000002 0.8040761859375 0.0356491703125 0.79130543125 0.07138652031250001 0.78648773125 0.1118149015625 0.7818514890625 0.0102041546875 0.7140414109375 0.0147025515625 0.681805909375 0.021402512500000002 0.6631830171875001 0.02080555 0.6610932296875001 0.0022742890625 0.6538005703125 0 0.648545765625 0 0.8535750140625
17 0.5796875 1 1 1 1 0.7362268734375 0.8432881203125 0.7483160296875 0.8084307921875 0.759658825 0.6854624593749999 0.7655333546875001 0.6612529203124999 0.7614814203125 0.6414508953125 0.7702075296875 0.6343979390625 0.79829951875 0.6255024046875001 0.804819178125 0.5796875 0.7886708859375 0.5796875 1
8 0.783983321875 0.6754348359375 0.7807311374999999 0.6908123765624999 0.7685262265625 0.68959504375 0.763045628125 0.69483331875 0.7747398796875 0.716660134375 0.7735426109375 0.7281105484375 0.7825808546874999 0.7438875328125001 0.7831249109374999 0.75625 0.8790456953125 0.75625 0.8923395234375 0.7556614015625 0.9081411515625 0.7539318093749999 0.9125 0.751608375 0.9125 0.74289141875 0.9009843312499999 0.7201613140625 0.8734786218749999 0.6372554484374999 0.849239840625 0.6331850125 0.8125445062499999 0.661755228125 0.796185775 0.66095000625 0.783983321875 0.6754348359375
13 1 0.45 0.5796875 0.45 0.5796875 0.793451190625 0.5810005734375 0.7934815421875 0.6215562578125 0.78000374375 0.641032196875 0.776936490625 0.673432684375 0.7618150453125001 0.71190688125 0.7522986062499999 0.7302121375 0.7524495578125 0.752853625 0.7430277562500001 0.767515653125 0.7461513234374999 0.7687704703125 0.7262690562499999 0.7593975453125 0.704497553125 0.760741478125 0.699629315625 0.772235471875 0.69326838125 0.7879345125 0.6706526984375 0.8065862687500001 0.6675035828125 0.842585428125 0.64190250625 0.8631033562500001 0.6447740984375 0.8705655515625 0.653017878125 0.879938475 0.6747893796875 0.8905662171875001 0.676678615625 0.9150243421875001 0.6340924140624999 0.961383903125 0.5653384875 0.9982072453124999 0.5398192765625 1 0.5380743359375 1 0.45