5 0.15650198906249999 0.46595960156249994 0.1597203890625 0.49394922656249995 0.1842624109375 0.4954584515625 0.2295377921875 0.51663861875 0.2423692140625 0.533202703125 0.268520434375 0.5487067390625 0.2837972765625 0.5714542828125 0.30777362343750003 0.5884070203125 0.316067028125 0.590625 0.3829052140625 0.590625 0.4109375 0.5850368265625 0.4109375 0.5825956062500001 0.402080340625 0.5797171890625 0.3676934 0.5830916562499999 0.33925135625 0.5657653953125 0.3309242796875 0.5506651437500001 0.328503453125 0.51377385625 0.3328532046875 0.5108764531250001 0.33995756875 0.522884975 0.3477822046875 0.5238112187499999 0.347125171875 0.5052759765625 0.31362363437499996 0.439423428125 0.2716158328125 0.38481722500000004 0.22816749062500002 0.35237558125 0.17273800156250002 0.32735663593750003 0.151166196875 0.3078125 0.0836797140625 0.3078125 0.07639694531249999 0.3100582609375 0.075 0.311833228125 0.075 0.35012248437500004 0.095394621875 0.37496943437499997 0.1086125359375 0.40243660468750003 0.15650198906249999 0.46595960156249994
5 0.5 0.153896025 0.465760375 0.2029016125 0.41986296875000007 0.22656761093750002 0.3993786359375 0.245068678125 0.38339798125 0.26502040781249997 0.36677444531250003 0.298115696875 0.32982115156249997 0.3540340515625 0.26875 0.39221444375000003 0.26875 0.4037726703125 0.289906271875 0.4296875 0.320321334375 0.4296875 0.34159675312500004 0.4032192109375 0.4185139828125 0.28220576875000003 0.45299763281249994 0.2505911265625 0.47489770781249996 0.24055645937499998 0.5 0.22077750156249998 0.5 0.153896025
18 0.307782984375 0.42973482812499997 0.310457209375 0.44502949843749995 0.324245446875 0.4732056578125 0.3408794609375 0.4914853984375 0.3661568484375 0.4984375 0.4055698 0.4984375 0.41977075781249995 0.4923588203125 0.4380294828125 0.466339978125 0.4436470328125 0.4444621609375 0.4395431890625 0.4189139296875 0.42568094843750004 0.3886527890625 0.422525696875 0.35980575 0.42445988124999995 0.354250628125 0.4456888484375 0.351866375 0.4540176265625 0.3463257203125 0.48125 0.304919946875 0.48125 0.294470846875 0.4723974421875 0.2636697546875 0.46106142187500004 0.2445333296875 0.4379352671875 0.25351519375 0.4101401578125 0.281076071875 0.3597503828125 0.3626172078125 0.307782984375 0.42973482812499997
18 0.0124995953125 0.448261121875 0.0507476390625 0.47272419687499995 0.0816506875 0.478125 0.1191497609375 0.478125 0.1484375 0.4605149375 0.1484375 0.44616397812499997 0.108504059375 0.3839450078125 0.099747871875 0.3779626 0.08370554218750001 0.3773999484375 0.030207514062500003 0.4051613234375 0.010152921875 0.442293315625 0.0124995953125 0.448261121875
5 0.2433778453125 0 0.221875 0.0373128328125 0.221875 0.1138439640625 0.2336533625 0.15236318437500002 0.2375384390625 0.1578125 0.2880945828125 0.1578125 0.27341960468750004 0.11968129218750001 0.297727603125 0.11901226875 0.30477248437500004 0.09929250625 0.3355493421875 0.062606825 0.3354341375 0.059347445312500004 0.31473236875 0.0681724546875 0.3025207703125 0.0668772765625 0.3020215515625 0.0527532984375 0.310050903125 0.029595592187500002 0.31634172656250004 0.01983253125 0.33829677187499996 0.015174796874999999 0.35807249375 0 0.2433778453125 0
5 0 0.49542442343750004 0.0003635640625 0.49568362187500004 0.0391013453125 0.515923615625 0.088449165625 0.52917754375 0.0957332546875 0.5296875 0.13801781875000002 0.5296875 0.14375 0.5280180515625 0.14375 0.520420325 0.1373684640625 0.5001963140625 0.12142083906250001 0.47948161718750004 0.09863068124999999 0.47995631875000005 0.08313557031249999 0.4718603234375 0.0460055765625 0.4661693171875 0.01952333125 0.4545438046875 0 0.4416956234375 0 0.49542442343750004
5 0 0.27887997656249996 0.013316384375 0.274561503125 0.03669920625 0.2923424109375 0.065169115625 0.300644615625 0.061573604687500005 0.321765878125 0.0709472609375 0.3418424953125 0.080269596875 0.329508478125 0.09940347968749999 0.318808534375 0.131657059375 0.311361815625 0.1479720078125 0.3130107953125 0.19908579531249998 0.3489407125 0.22758494218749997 0.359375 0.2432850765625 0.359375 0.255296925 0.3137940625 0.25009350937499997 0.22711533906249998 0.2529124453125 0.2147664140625 0.2703125 0.19805810625 0.2703125 0.17967854218749998 0.2689126515625 0.17648348593750002 0.23857485 0.145794046875 0.185456334375 0.11451518593750001 0.112295878125 0.096875 0.0302332875 0.096875 0.01911160625 0.099629634375 0.0011306109375 0.1123019234375 0 0.1136619890625 0 0.27887997656249996
18 0.459375 0.6296875 0.459375 0.605149290625 0.43198349843750006 0.5850544249999999 0.40787811874999996 0.5803372515625 0.366990340625 0.593512659375 0.3545357796875 0.6106979 0.3560083609375 0.6296875 0.459375 0.6296875
18 0.36652118906250003 0.22941154218749998 0.2836047078125 0.3267826921875 0.24375 0.36674755625 0.24375 0.370907575 0.2531998421875 0.382713346875 0.25715587968750003 0.384375 0.27751729687500004 0.384375 0.332923171875 0.3474979125 0.3848213671875 0.2583332 0.40032369375 0.238821303125 0.4170869234375 0.22441913125 0.459375 0.2027933765625 0.459375 0.1664183875 0.45551728281250004 0.151248940625 0.44233570312500003 0.14487954218750002 0.4284555140625 0.1492505984375 0.41180474218749996 0.1668228046875 0.37869063125 0.20725061562499997 0.36652118906250003 0.22941154218749998
5 0.5 0 0.341111875 0 0.3394821734375 0.0012146609375000002 0.318672221875 0.0046100875 0.3102543625 0.0158257078125 0.30214248125 0.0357399625 0.302907428125 0.057486554687500004 0.30959373437500004 0.059676303124999996 0.32360263906250003 0.050829140625000005 0.334631740625 0.05121673125 0.3029595875 0.09028514843749999 0.3015625 0.10494468906250001 0.3015625 0.136586125 0.30592896875000003 0.1433855890625 0.3180915765625 0.14468180625 0.35064341875 0.13062196875 0.370472853125 0.13066723593750001 0.37012862812499997 0.1208812703125 0.38167927968750004 0.1047802140625 0.43035405000000004 0.0793411421875 0.459529703125 0.031931503124999996 0.47841686875 0.0365047953125 0.5 0.030159506250000002 0.5 0
0 0.865625 0.6296875 0.865625 0.5900907828124999 0.8477204609375001 0.5269252453125 0.8401289249999999 0.4927180875 0.8319927249999999 0.473532646875 0.8212632734374999 0.4607134140625 0.80293728125 0.44991091250000004 0.7850321390625 0.447549234375 0.7606457375 0.447519103125 0.7383685828125 0.453469190625 0.7261289515625 0.4622525796875 0.7110546859375 0.47904739531249996 0.703999059375 0.49321032656249997 0.6978729890625 0.5428818890625 0.694759540625 0.6296875 0.865625 0.6296875
0 1 0.43232965781250005 0.9947757359375 0.4309974109375 0.987896678125 0.42548360937499996 0.9800125734375001 0.42331161718750004 0.9755480671874999 0.4203125 0.9279625218749998 0.4203125 0.91377079375 0.42701607812500003 0.8984563218750001 0.4430617703125 0.8953125 0.4484517046875 0.8953125 0.5132361109375 0.9003625375000001 0.5251280875 0.916982025 0.537185215625 0.969913115625 0.587471609375 1 0.6107682062500001 1 0.43232965781250005
5 0.5 0.30899429375 0.5101810625 0.33765058125 0.5532076359375 0.426126815625 0.5778830609375001 0.462619603125 0.582165421875 0.4671875 0.6048718625 0.4671875 0.6085208468750001 0.46360121093749995 0.6109375 0.45717243593749995 0.6109375 0.38826421875 0.6007825875 0.3752123328125 0.5906939999999999 0.357590828125 0.574165109375 0.31583073281249996 0.5501262062500001 0.2919040453125 0.5155106828125 0.26260950625 0.5097967546875 0.2605361109375 0.5020458828125001 0.2620265234375 0.5 0.264057553125 0.5 0.30899429375
5 0.5314119125000001 0.2191650734375 0.534953671875 0.23655844531249998 0.5422722249999999 0.2521752609375 0.5857553656250001 0.29065668906250003 0.6187241140624999 0.31570045156250004 0.649573046875 0.3344420140625 0.6580118625 0.3375 0.6779989046875 0.3375 0.6803373109375 0.33511024218749996 0.6891459109375 0.28892802500000003 0.69375 0.253844859375 0.69375 0.22196016875 0.6897078828125001 0.21594068437499997 0.6723365625 0.21005396250000002 0.6279193171874999 0.20431823906250002 0.5972421359375 0.204149740625 0.5319069890625 0.21028113125 0.5314119125000001 0.2191650734375
5 0.6978336328125 0.33724399374999997 0.6935894359375 0.3334503296875 0.6885322265625 0.32211119374999997 0.6836481109375 0.3204969703125 0.6807099828125 0.332883965625 0.6759703171875 0.337918546875 0.6687306937499999 0.340359665625 0.6640208828125 0.3397386328125 0.6302690453124999 0.322190328125 0.59802985 0.298696825 0.5739017953125 0.277728159375 0.5701805078125 0.276914071875 0.56875 0.28022507343749997 0.56875 0.2808462421875 0.569363875 0.2955637578125 0.5738372593750001 0.3239662640625 0.5849975 0.3526036859375 0.59522893125 0.3701229359375 0.619181475 0.3988301265625 0.6726703078125 0.4443680625 0.67926880625 0.45283810312500006 0.696691159375 0.459375 0.7175617640625 0.459375 0.7203125 0.45676528593750004 0.7203125 0.45260725781250005 0.7188670453125 0.45126803437499996 0.6999107953125 0.4539429234375 0.6986608171875 0.45264619218749996 0.6968318375 0.43348595625 0.6996638203125001 0.34767251093749996 0.6978336328125 0.33724399374999997
17 0.665625 0.11224571406249999 0.665625 0.1321486640625 0.6666037031250001 0.135097821875 0.67728813125 0.1472608046875 0.695994284375 0.162620425 0.69926238125 0.17199693124999998 0.69712404375 0.3093179546875 0.6938210921875 0.33259587968750004 0.6951175890625001 0.36973348437500003 0.6932926265624999 0.4311672625 0.69468584375 0.45 0.8224322890625 0.45 0.8234375 0.439273540625 0.8234375 0.14288695 0.8223542281249999 0.13990159687499998 0.8192092203125 0.11628386093750001 0.81488075 0.11290360156249998 0.770774309375 0.11032700625 0.7036605625 0.110068328125 0.665625 0.11224571406249999
5 0.5638645765625 0.496875 0.5830928421875 0.496875 0.608239496875 0.49158263125 0.6422172203125001 0.4874711546875 0.6539688874999999 0.484636834375 0.6743969937500001 0.47595227968750003 0.6885876609375 0.460735575 0.6890625 0.4596907625 0.6890625 0.45027965468750003 0.68864725 0.44933975625 0.680552271875 0.44679603281249997 0.66096896875 0.43099351874999997 0.646579365625 0.4157194296875 0.6260095078125 0.4001114171875 0.612287140625 0.3857406984375 0.6088627953125 0.3895205609375 0.6124003015625 0.4069341578125 0.607462715625 0.443094740625 0.60026490625 0.457450246875 0.5906305046875 0.46659409687500003 0.5871775671874999 0.46727485 0.57328124375 0.451903509375 0.5523074953125 0.41929901718749996 0.5290574703125001 0.36875 0.5102908796875 0.36875 0.5015625 0.371812653125 0.5015625 0.37947129375 0.5056833453125 0.39175154375 0.5225071265625 0.42983133125000006 0.5460330328125 0.47124690156250004 0.5638645765625 0.496875
18 0.9138300859375 0.31297108906250004 0.9095210187500001 0.3205243484375 0.9084416359375 0.3377657265625 0.9050649140625 0.3389435890625 0.894702865625 0.33529784375 0.885040075 0.326870553125 0.8785483953125001 0.3307231390625 0.8621309484375 0.3334247515625 0.8455975625000001 0.332536696875 0.8363124765624999 0.32919593125 0.8386134437500001 0.3189399109375 0.8365766609375 0.31314643593749997 0.8237104500000001 0.3156680921875 0.8213808 0.32283340312500003 0.8233565921875 0.348764996875 0.8215803718749999 0.3532415625 0.8210184859374999 0.4173425671875 0.818161675 0.44783369375 0.813590840625 0.45389008750000004 0.8261642578125 0.45625 0.8865391406249999 0.45625 0.8874675421875 0.4548926046875 0.8895641031249999 0.44932114062500006 0.8892748609375 0.4359603890625 0.8913128515625001 0.4329806859375 0.8965231656249999 0.4335076796875 0.8971040640625001 0.442682825 0.8991994203125 0.4458845453125 0.9105523859375001 0.44056313593749996 0.905288334375 0.4075351796875 0.9061059468749999 0.3887969390625 0.9122187109375 0.3886310046875 0.9204244140625001 0.4092131484375 0.926332775 0.4137317734375 0.9398683531250001 0.41211103906249996 0.9484375 0.40422175156250006 0.9484375 0.3917977140625 0.9454898859374999 0.38572255 0.9430753968750001 0.37484254687499996 0.9447356812500001 0.366776315625 0.9425292171875 0.3248922109375 0.9329536812499999 0.3169638734375 0.9138300859375 0.31297108906250004
7 0.8893710625000001 0.1875486953125 0.8931718156249999 0.185278040625 0.8928437312499999 0.17760685781250002 0.8866197437500001 0.1751832796875 0.8782403953125 0.178326009375 0.8752482125000001 0.17631803125 0.8690537171875 0.1769823046875 0.8666292406250001 0.18105313437499998 0.8641125796875 0.20215560156249998 0.8719819546875 0.20787483281250002 0.879939790625 0.2228576234375 0.8769463671875 0.2296147078125 0.877783184375 0.2371889953125 0.8630876609375001 0.25493977968750003 0.8600032921875 0.2699634390625 0.8538677703124999 0.276803415625 0.856289759375 0.2902627140625 0.864309053125 0.2938910796875 0.864936975 0.29738052812500004 0.8539242578125 0.3005092484375 0.853125 0.3038727015625 0.853125 0.309113378125 0.85796215 0.31417634687499996 0.874538771875 0.3234375 0.8878781953124999 0.3234375 0.8888756718749999 0.3046792765625 0.8979444015624999 0.2936715734375 0.9063237515625 0.29052884375 0.9292154921875 0.2949335375 0.934375 0.2925833046875 0.934375 0.2720153265625 0.9329904859374999 0.2632798390625 0.9235949109374999 0.257851296875 0.906447909375 0.25905493281249997 0.9032763218750001 0.256049971875 0.9136021421875 0.243256096875 0.9286257499999999 0.2331764953125 0.934375 0.221924778125 0.934375 0.208663790625 0.9259678625 0.1950143796875 0.9208805343750001 0.19598335 0.9017268453125 0.209427490625 0.893647334375 0.208388484375 0.888891815625 0.1907334453125 0.8893710625000001 0.1875486953125
7 0.8547592375 0.30302763125 0.8595597390625 0.290768034375 0.8580431640625001 0.27597500625000004 0.861536584375 0.27151708281250003 0.8644238812499999 0.2574770046875 0.8787318203125001 0.2385018375 0.8796875 0.23508114062500002 0.8796875 0.213038959375 0.8759418734375 0.20725123124999997 0.8584324406249999 0.190625 0.8380086328124999 0.190625 0.8265576328125 0.19969245468750002 0.8211969921875 0.309611425 0.8219746906250001 0.3140625 0.8385499890624999 0.3140625 0.8461323203125 0.3117262609375 0.8547592375 0.30302763125
15 0.5 0.527388309375 0.50739603125 0.5321152265625 0.5338381703125 0.5385977703125 0.5703235875 0.5360646109375 0.6323898078125 0.5265504625 0.68852813125 0.520710271875 0.7002681203125001 0.5184331890625 0.701966028125 0.516589353125 0.7037797343750001 0.5096746890625 0.7037242218750001 0.49504518593749997 0.7079554046875 0.4846326078125 0.720704471875 0.4680243734375 0.7328769218750001 0.45960536875 0.734805234375 0.4562023328125 0.7342593625 0.4502501671875 0.7200451859375001 0.4499781203125 0.7120164734375 0.4560788953125 0.7057435640625 0.457800425 0.6940331203125 0.45451856875 0.6896306234375 0.455372475 0.682694846875 0.46479512500000003 0.672162403125 0.473905709375 0.648077453125 0.4836255828125 0.5711058390625 0.49754528125 0.5658691625000001 0.4965416375 0.5622441390625 0.49320605000000006 0.53589303125 0.4528817796875 0.50183464375 0.38325735625 0.5006270984375 0.3764238546875 0.503850403125 0.37175997031249997 0.524078728125 0.36884616718749996 0.5252012140625 0.366609103125 0.5 0.306239071875 0.5 0.527388309375
15 0.5 0.2629446953125 0.5075488515625 0.26098818125 0.514425534375 0.2626834046875 0.54972698125 0.2906700984375 0.570009625 0.310968259375 0.5694968828125 0.2737097796875 0.5430571328125 0.25006231875 0.53900084375 0.2442861953125 0.532501109375 0.221819546875 0.531696478125 0.21440305781250002 0.5331356234375 0.21109490000000003 0.5393222796875 0.20888526718749997 0.576699778125 0.20567424218750002 0.6179327062500001 0.2042396046875 0.6497273203125 0.206654965625 0.6827873796875 0.2133684125 0.6906991 0.22092092343749997 0.6922221109375 0.2352657890625 0.6824859375 0.3118700703125 0.68369348125 0.318703571875 0.6968985828125 0.3333067703125 0.6995476640625 0.3196671984375 0.701597746875 0.26828104218750004 0.7022430078124999 0.18031426875 0.7004895906249999 0.167528603125 0.697526240625 0.16507434999999998 0.6781616421875001 0.1642867671875 0.5818549765625 0.17185994531249998 0.5089124921875 0.1799497890625 0.5 0.1816784515625 0.5 0.2629446953125
15 0.8810782078124999 0.133006565625 0.83469485625 0.1339256671875 0.82401945 0.1365010984375 0.825421884375 0.1902466296875 0.8275215093749999 0.1964022671875 0.8340531765625 0.1961450625 0.8513181515625 0.190777009375 0.8612160843750001 0.1923910703125 0.868756825 0.1778027125 0.8859638984375 0.174970075 0.891142675 0.178509134375 0.8908827203125 0.18562727031249998 0.8953111828125 0.2049618046875 0.900058690625 0.2060603265625 0.9061590953125 0.203362584375 0.910188225 0.1975327296875 0.9227056874999999 0.191066153125 0.9108818328125 0.175690209375 0.9130700984375 0.1651690390625 0.922163396875 0.1593666109375 0.9497587656250002 0.149470696875 0.954766228125 0.14345108281250002 0.9541341031249999 0.13701080937500001 0.9404386406250002 0.13108494843750002 0.9113486171874999 0.1296595171875 0.8810782078124999 0.133006565625
15 0.995384328125 0.42484435 0.9921729656250001 0.3436836484375 0.9844680765625 0.2972185828125 0.95647815625 0.24762027187500002 0.9409725703125 0.2228617 0.936369215625 0.21971586875 0.932858796875 0.2198919109375 0.925865121875 0.2318499734375 0.9185559796875001 0.236296671875 0.9084548 0.24784779375000002 0.9117631656250001 0.25225447343749996 0.9233011015624999 0.2545601125 0.92931405625 0.25995672187499996 0.9340875296875 0.2812436859375 0.93307965 0.2869923796875 0.9271517546875 0.290666334375 0.9058021390625001 0.2872347421875 0.8940905000000001 0.292535346875 0.8873555843750001 0.3059577328125 0.8864611171875 0.3238005140625 0.8929915906250001 0.33212576562499996 0.9023424546874999 0.3363701203125 0.9084428593750001 0.333672378125 0.908962765625 0.31943610625 0.9139702296875001 0.3134164921875 0.9307448421875 0.3167257765625 0.9375636234375001 0.3209564140625 0.9401524140624999 0.3270171734375 0.9416422953125 0.372668353125 0.947279496875 0.3902539296875 0.9484007875 0.3965993234375 0.9470478937500001 0.4003955875 0.9382133546875 0.40766233593749995 0.925408778125 0.4096410671875 0.9176695640624999 0.403064771875 0.9121469703125001 0.388990825 0.9062486218749999 0.3871058453125 0.9038594953124999 0.3936272796875 0.9035699937499999 0.406304353125 0.9069905765625 0.4313875796875 0.9045151984375 0.437420909375 0.8966885375 0.43893896562499995 0.87901945625 0.4534724609375 0.8643444656250001 0.456318815625 0.8461307078125 0.4563176875 0.8211844218750001 0.452574028125 0.8171269390625 0.45538036562500006 0.8311933765624999 0.48344709375 0.8377214625 0.508937265625 0.8426414796875001 0.5110120031250001 0.8896297953125 0.5049271953125001 0.8940322937499999 0.5040732890624999 0.8969389359375001 0.5004804968750001 0.8970287734374999 0.475221228125 0.9015482640624999 0.460714034375 0.9097790312499999 0.4500305359375 0.912973984375 0.442343128125 0.9229310093749999 0.4328393140625 0.934614296875 0.42451518750000006 0.946268034375 0.42174999687500003 0.9603097015625 0.42104582968750004 0.9913268437500001 0.427650684375 0.995384328125 0.42484435
6 0.1983645953125 0.6296875 0.1953125 0.6583144859375001 0.1953125 0.6738961781249999 0.1986402015625 0.7019447015625 0.2130638875 0.7600008421875 0.23034759375 0.8473632359375 0.2305556734375 0.8578852625 0.22488084062499997 0.8674541234375 0.2214084234375 0.8813129453125 0.2202797734375 0.923083334375 0.22061847031249998 0.9234375 0.315883790625 0.9234375 0.31990649531250004 0.911693353125 0.3222090015625 0.8963339390625 0.320795675 0.8784059171875 0.32756974375 0.858526846875 0.3420836515625 0.8346576484374999 0.3657487609375 0.8122711609375 0.4187518359375 0.7454741328125 0.42851937968750003 0.728702153125 0.4395922625 0.699686790625 0.453073540625 0.6296875 0.1983645953125 0.6296875
6 0 0.6296875 0 0.878125 0.044461540625000004 0.878125 0.048084084375 0.85910411875 0.0604144171875 0.8427418718749999 0.061919535937500006 0.8285532796874999 0.05989639375 0.8164144421874999 0.064896546875 0.8067314515625 0.0923329109375 0.7790514984375 0.122679840625 0.7426604343750001 0.1700171453125 0.6959145921875 0.1872108046875 0.6711592265624999 0.199025078125 0.6409353296875 0.20088440156249998 0.6296875 0 0.6296875
6 0 0.9855569953125001 0.0751800875 0.9730907625 0.0949711546875 0.9655563828125 0.1101084609375 0.9540799328125 0.12078833124999999 0.9367886500000001 0.154501365625 0.89916141875 0.1604620390625 0.878552325 0.16875 0.8629422828125 0.16875 0.8363215125 0.1648446359375 0.82466115625 0.1561260828125 0.8111587218749999 0.146687690625 0.8045230999999999 0.13915081875 0.8039161703125 0.12778100625 0.8096630578124999 0.115558596875 0.811459215625 0.102320928125 0.81689830625 0.0664726359375 0.8205166109375 0.065328378125 0.837474109375 0.050454709375 0.8585195859375 0.04868783125 0.8753744843749999 0.042495296875 0.880069396875 0.0189011953125 0.8755463890625 0 0.8695305375 0 0.9855569953125001
6 0.28251463593750004 1 0.3085545609375 0.9780233265625 0.327452478125 0.9454896390625 0.340625 0.90678789375 0.340625 0.8729429718749999 0.32214875625 0.868334890625 0.3187231359375 0.8824012921875 0.3092741796875 0.898668134375 0.310341378125 0.912828578125 0.29902768750000003 0.92243474375 0.282687578125 0.9248666406249999 0.263085134375 0.9216823875 0.24444733749999997 0.9154759484374999 0.22880411406249998 0.9053055171875 0.2222794546875 0.8940732109375 0.22520565937499998 0.8786541312499999 0.22227372500000003 0.8578330078124999 0.224168828125 0.8460610953125001 0.231688496875 0.835838621875 0.2320530796875 0.8263611953125001 0.22948763906249997 0.8081427109374999 0.22444968906249999 0.79375 0.21469969843749998 0.79375 0.20738812499999998 0.7981950624999999 0.1856266484375 0.8213627125 0.1764435359375 0.8351296312500001 0.1729514546875 0.8498210109375 0.157680453125 0.8784934234375001 0.15375541875 0.89120714375 0.1427659265625 1 0.28251463593750004 1
6 0.36097347343749997 0.79474773125 0.37947405 0.8163409625 0.3831279015625 0.8248787578125001 0.384670896875 0.8350441562500001 0.38068629375 0.8548504359375 0.396907759375 0.8734198953125001 0.42070267968749997 0.8939190515625001 0.4368572265625 0.9131377468749999 0.44495971250000005 0.94375 0.4505420015625 0.94375 0.4734375 0.7216232375 0.4734375 0.677125953125 0.4693247828125 0.6735507000000001 0.468649328125 0.6734375 0.4597118203125 0.6734375 0.442919996875 0.6783718484375 0.4306889015625 0.6776429359375 0.4147447265625 0.719221234375 0.3804376578125 0.7630057046875 0.362145528125 0.7896605265625001 0.36097347343749997 0.79474773125
17 0.65376420625 0.6296875 0.583587325 0.732960984375 0.528125 0.7690968687499999 0.528125 0.78196123125 0.530900875 0.7924198078125 0.5440557078125 0.8209977078125 0.5871802749999999 0.8414431062500001 0.6374552125 0.871875 0.6931673359375 0.871875 0.6930519375 0.8623436859375 0.697259440625 0.8542253140625 0.8390625 0.6641485515625 0.8390625 0.6296875 0.65376420625 0.6296875
17 0.74137108125 0.8629405437500001 0.74001288125 0.8911773015625 0.729568303125 0.9222169953125 0.727851059375 0.9443093265625 0.7237195609375 0.953125 0.7792979046875 0.953125 0.834441278125 0.948603878125 0.8984375 0.9433569265624999 0.8984375 0.905172375 0.893322915625 0.8648879359375 0.878799303125 0.8235476078125 0.8599194375 0.7887383124999999 0.8428644328124999 0.7928805671875 0.75349228125 0.829705428125 0.74137108125 0.8629405437500001