8 0 0.47648155625 0.0203334578125 0.478234403125 0.041715804687500004 0.47932708437500005 0.03907916875 0.5250218906249999 0.029236456249999997 0.54184624375 0.06782457187499999 0.55625 0.06968899687499999 0.55625 0.149547715625 0.3517434953125 0.1640732828125 0.3026383015625 0.1953125 0.2266912890625 0.1953125 0.2227365984375 0.15186507968750002 0.133386821875 0.1342258703125 0.1804494953125 0.0963160578125 0.19696960624999998 0.0795917875 0.23428531874999997 0.077019003125 0.3145125015625 0.06044722031250001 0.3502037234375 0.027436606250000002 0.36735087499999997 0.020840487499999998 0.33198245000000004 0.0046623171875 0.3282678203125 0 0.3293350984375 0 0.47648155625
10 0.2679704578125 0.2373208375 0.22790625625 0.22397303906250002 0.2230070578125 0.223346 0.185249734375 0.23824161562500001 0.1780631953125 0.26198196406249996 0.176233325 0.281475878125 0.1653231859375 0.3096716765625 0.158594115625 0.32853854843749997 0.158441625 0.33016304375 0.16268655 0.3553664859375 0.1663215140625 0.3870679 0.1793417234375 0.4068184421875 0.19220944375 0.42819347187499995 0.21840235468750002 0.46607005937499996 0.2275907921875 0.4738221109375 0.24479206874999998 0.4842437234375 0.2587771734375 0.5015625 0.25920751875 0.5015625 0.2582697484375 0.49912078437499996 0.2777583671875 0.48517500625 0.2825493921875 0.4693481078125 0.29254459375 0.4508992640625 0.2974881109375 0.43344786874999996 0.3046875 0.4196794265625 0.3046875 0.4077935140625 0.3016496390625 0.3715081359375 0.3011283171875 0.341849240625 0.2995838875 0.3054833625 0.28527990625 0.264196390625 0.2799675578125 0.25036439375 0.2679704578125 0.2373208375
4 0.15796619843749998 0.49835109062500005 0.1616577515625 0.5012895796875 0.1560843703125 0.5025490640625 0.14886410156250002 0.52135306875 0.1522679953125 0.5326391890625 0.1730386984375 0.5491072781249999 0.1856617828125 0.5625597546875001 0.200134125 0.566878059375 0.20981078281249999 0.5641709374999999 0.21092809687499997 0.56283433125 0.20683799687499999 0.5588584265625001 0.2078769953125 0.5530729703125 0.2217422125 0.5321602265625 0.2262246421875 0.5213902609375001 0.2320725046875 0.5172066890625 0.234375 0.4926778515625 0.234375 0.4820885578125 0.2235271 0.47616354687499995 0.2181498828125 0.47005009375 0.165716040625 0.46333917031249994 0.164435128125 0.47698491093750006 0.15833217187499998 0.4944523078125 0.15796619843749998 0.49835109062500005
4 0 0.3275828765625 0.0192905015625 0.3207771640625 0.0572326125 0.31281003749999997 0.0578125 0.3116381140625 0.0578125 0.3026411171875 0.0557237265625 0.2919023984375 0.0485499671875 0.2732289375 0.048739921874999995 0.250072715625 0.0436371875 0.241035175 0.047002303125 0.23160181406250002 0.046185831249999997 0.2191672421875 0.0492113296875 0.202785575 0.0430695984375 0.19953348906249999 0.0257811 0.198800371875 0 0.2064953890625 0 0.3275828765625
4 0 0.1892540375 0.0002939859375 0.1892387640625 0.033433440625 0.195453040625 0.045789009375 0.190622775 0.0652206375 0.189657375 0.0671875 0.1873044796875 0.0671875 0.1868887390625 0.028585795312500002 0.1731316734375 0.0038033093749999997 0.15713653125 0 0.15578108906250002 0 0.1892540375
4 0.196875 0.4359375 0.196875 0.43494570625 0.15548321874999999 0.34103931875 0.1328125 0.419053190625 0.1328125 0.42049770937500003 0.1940399890625 0.4359375 0.196875 0.4359375
5 0.773692725 0 0.7569160546875 0.0057037125 0.7372652671875001 0.016154599999999998 0.7113738625 0.0383601625 0.7031144890625 0.0480845265625 0.6848107546875 0.07889580625 0.6830430859375 0.09125041874999999 0.6832768578125 0.104643278125 0.6876866828124999 0.1300332578125 0.6959695218749999 0.1500592515625 0.708534821875 0.1597724875 0.742871059375 0.1952797875 0.7534176 0.20296271406250002 0.78040245625 0.21499488906250003 0.799946178125 0.2203125 0.8218670906250001 0.2203125 0.8424497140625 0.21891820625 0.858645596875 0.20937856406250002 0.8761823843750001 0.19144101875 0.8858605890625 0.177783034375 0.8915878515625 0.165024753125 0.89375 0.1384945921875 0.89375 0.1227050953125 0.887659253125 0.1103919890625 0.8860326234375 0.1024208453125 0.8823922578125 0.0358948671875 0.8757966578125 0.027312237499999996 0.8726732765625 0.0188104265625 0.8661123046875 0.012211925 0.8511101359375001 0.004921121875 0.8338942359375 0 0.773692725 0
3 0.6697693890625 0.021841978125 0.6481691062499999 0.0342308109375 0.635993428125 0.046839004687500005 0.6168126984375 0.05581334375 0.5992585937499999 0.0727588234375 0.5983271390625 0.0762079546875 0.61942021875 0.09157380937500001 0.6264945375 0.0991759203125 0.6423675546875 0.09954536875 0.6601381140625 0.09500068125 0.6656204390625 0.0966157734375 0.673530971875 0.095312403125 0.6813202890625 0.08706458593750001 0.6875435859375 0.07431784999999999 0.7078401062499999 0.0440487828125 0.734375 0.0210978234375 0.734375 0.018410504687500003 0.7331229203125 0.015383264062499999 0.72716188125 0.0147486890625 0.7029948578124999 0.022119478125 0.6966157109375001 0.02593764375 0.6841369921875 0.0211847265625 0.6697693890625 0.021841978125
14 0.8002331125000002 0.134375 0.8033660125000001 0.134375 0.8041750671875001 0.134122678125 0.8028626484375 0.11574641249999999 0.8046875 0.0747901671875 0.8046875 0.0587825890625 0.8023023734375 0.055242084375 0.7983168015625 0.0541576609375 0.7944178140625 0.058033551562499994 0.7951339390625 0.1274664515625 0.7966999593749999 0.131965371875 0.8002331125000002 0.134375
5 0.915549503125 0.5890625 0.9146847828125001 0.5538299921875 0.9171875 0.5315864218749999 0.9171875 0.5061588 0.914655171875 0.4953213359375 0.9111223421875 0.491768296875 0.9023496203124999 0.5004890546875 0.8915408203125 0.5061874390625001 0.8855884390625001 0.506048896875 0.852640034375 0.5216444109375 0.8324239500000001 0.5281154984375 0.8309704875000001 0.530064990625 0.8320751093750001 0.53653649375 0.837286515625 0.5510368671875 0.8434207218750001 0.5615920765625 0.8385729609375 0.5679250375 0.8262068015625001 0.56962053125 0.808136971875 0.5890625 0.915549503125 0.5890625
5 0.8329678359375 0.3025384875 0.7826002234375 0.28599543125000004 0.7454757671875 0.289593821875 0.7326568671875 0.29375793125 0.7263123531250001 0.2995602234375 0.7244148078125 0.304474359375 0.8027950984375 0.4203396328125 0.800479446875 0.429706509375 0.7883903515624999 0.44727501875 0.7601288359374999 0.50413353125 0.759240671875 0.510062821875 0.790785053125 0.5276552531250001 0.8097381734375 0.534375 0.814257790625 0.534375 0.839370190625 0.5272985953125 0.8634592890625001 0.5154635187500001 0.8846328046874999 0.50703139375 0.890576528125 0.50667390625 0.9052929734374999 0.4975956609375 0.9124823593750001 0.48338391875 0.9242337828124999 0.44647017031249997 0.9265625 0.4244291875 0.9265625 0.409744321875 0.9252828171874998 0.39294492187499996 0.9190360546874998 0.3759413 0.9042355375 0.3517969640625 0.885544690625 0.33202455 0.8644602671874999 0.317154728125 0.8329678359375 0.3025384875
5 0.7742008125 0.21323786406249998 0.7486867390625 0.2002482625 0.7264976937500001 0.1789069375 0.710800353125 0.1601958609375 0.6977996296875 0.1539433 0.6882191765625001 0.144795371875 0.6851044546875 0.136789590625 0.6821109468750001 0.13572825625 0.6749302203124999 0.150436028125 0.6751207015625 0.1613487265625 0.6851365765625 0.1670359828125 0.69022676875 0.17459191093749998 0.69030469375 0.1790561984375 0.6839948124999999 0.18684261562499999 0.6651975562500001 0.1893800859375 0.6573216562499999 0.192667584375 0.6563902 0.196116715625 0.6640211578125 0.20720259375 0.6957560218750001 0.23570772343750002 0.703378321875 0.2462975671875 0.7085810703125001 0.260301909375 0.7151766734375 0.2688845390625 0.71968425 0.2714686046875 0.7306229234374999 0.273210696875 0.7449299187499999 0.269081221875 0.751412965625 0.2712154375 0.76198548125 0.2803864609375 0.7822188828125001 0.2749074375 0.802060153125 0.27536924687500003 0.8135641249999999 0.2810911359375 0.8197904984375001 0.2890625 0.8225840906249999 0.2890625 0.8255727859374999 0.287320603125 0.8259476015625001 0.280387703125 0.835807628125 0.2771463890625 0.8359375 0.276591159375 0.8359375 0.2728630390625 0.820744853125 0.2663833625 0.798625075 0.2490102921875 0.8014281000000001 0.239158928125 0.8067718906250001 0.2328375125 0.8066073843750001 0.223412909375 0.7742008125 0.21323786406249998
1 0.716493209375 0.5890625 0.7175891734375 0.5854451046875 0.7267367124999999 0.5697914484375 0.7395667828125 0.5378611078125 0.7958535265625 0.4390134921875 0.8015625 0.4254244375 0.8015625 0.42206642343749995 0.8004242218750001 0.41680751562499996 0.7785580453125001 0.3855571015625 0.760686096875 0.35588714375 0.7134295703125 0.2903293078125 0.6971063234375 0.26416620625 0.6840449921875 0.254441425 0.668581425 0.2491232046875 0.61338336875 0.239905175 0.5816113609375 0.2376781796875 0.5224277359375 0.2273757234375 0.4285218875 0.2162650953125 0.3796875 0.20793097187499998 0.3796875 0.419430221875 0.383982671875 0.4200063171875 0.4389815875 0.4178156171875 0.554009003125 0.41751793125000003 0.6690883671875 0.4201964328125 0.6869801437499999 0.4225961890625 0.6854610531249999 0.4775979875 0.68272729375 0.4914176046875 0.675137115625 0.51107415 0.6753016234375 0.5204987531249999 0.687273140625 0.5530063562499999 0.6860015015625001 0.565372515625 0.688901590625 0.5890625 0.716493209375 0.5890625
1 0.44329437968749996 0 0.4253358078125 0.0370048421875 0.3796875 0.147219753125 0.3796875 0.20645401093750002 0.42946216406250004 0.216591425 0.482953109375 0.221875 0.504153109375 0.221875 0.5054156296875 0.2218300734375 0.5108113703124999 0.2184848484375 0.5110736296875 0.20510353750000002 0.53882179375 0.1472414171875 0.5501897437500001 0.116764534375 0.5751348859375 0.068753778125 0.59654719375 0.01718998125 0.60554985625 0 0.44329437968749996 0
8 0.8063654453125 0.2222988546875 0.8060079453124999 0.2302238171875 0.7992453234375 0.24047885156249998 0.7973997296875 0.248369178125 0.821529609375 0.267276525 0.851464678125 0.2778898765625 0.874752196875 0.27694440781249996 0.8895638828125 0.27332251093750004 0.8954469984374999 0.2694928015625 0.8978059406250001 0.2626060828125 0.8960234640625 0.24570636875 0.900914515625 0.2418535671875 0.9008019578125002 0.2354051546875 0.898252534375 0.2313791734375 0.896060609375 0.21942823125 0.8752099578125 0.217951265625 0.8709101796875001 0.22727196093750002 0.867968621875 0.2291868171875 0.8464747499999999 0.21926576718750002 0.8063654453125 0.2222988546875
0 0.2919357953125 1 0.2954589171875 0.9980607593750002 0.2991529484375 0.994128840625 0.3265506796875 0.937157784375 0.328125 0.9296742218749999 0.328125 0.9271601171875 0.3262072296875 0.9246625484375001 0.32730316249999997 0.9036998203125 0.32401816562499997 0.8616785312499999 0.3238531328125 0.8267058031250001 0.3206548828125 0.8211545796875 0.284962853125 0.8175326375 0.269345384375 0.8207563515625 0.22356494218749998 0.81945573125 0.199304803125 0.84500883125 0.1628863828125 0.87434574375 0.16204926718749998 0.8808254953125001 0.1654104296875 0.9118575953124999 0.17141552499999999 0.930446728125 0.202345803125 0.9679560531250001 0.2081400296875 0.9810462375 0.21354562968750002 1 0.2919357953125 1
0 0.3796875 1 0.3796875 0.8412825671874999 0.3740502796875 0.8410173140625 0.36713402500000003 0.8493889703124999 0.3595132390625 0.8712366671874999 0.35246651562500003 0.8821038859375001 0.3459980859375 0.900974334375 0.3302543859375 0.9256773125000001 0.323916425 0.9420521953125001 0.2945231828125 1 0.3796875 1
0 0.3796875 0.7452392765625 0.3023580140625 0.7443451578125 0.2903302015625 0.7456334046875 0.28218119218750004 0.7489878 0.267613821875 0.7607225640624999 0.25807761406249996 0.771546225 0.24466471875 0.789795590625 0.24102499531250002 0.8022211312499999 0.235863365625 0.8056277999999999 0.23203887031249998 0.812055278125 0.23279982187499998 0.816564715625 0.2366525296875 0.8191299734375 0.2678895796875 0.8221743953124999 0.27695610312499996 0.8203347624999999 0.324780321875 0.82067200625 0.34199585625 0.8154779781249999 0.3472357625 0.8105739734374999 0.3558826703125 0.8072282890625001 0.3796875 0.7865235375 0.3796875 0.7452392765625
0 0.3796875 0.8048887890625 0.377344434375 0.8066046828125 0.3532105296875 0.810678515625 0.3454289484375 0.8165371875 0.323549684375 0.8251465953124999 0.32229718749999997 0.849104 0.32550390625 0.8926226281249999 0.32954350468750004 0.9106777984375001 0.3349681859375 0.91177185625 0.34199093125 0.9108955999999999 0.3551386546875 0.8786536593750001 0.363652978125 0.8683116890625 0.3718019875 0.8649572937500001 0.369623509375 0.8494325296875 0.37365675625 0.8390121515625001 0.3796875 0.8376244890625 0.3796875 0.8048887890625
1 0.6209770671875 0.5890625 0.5950641937500001 0.65378341875 0.5828187578125 0.69016845 0.5834543 0.6939445546874999 0.5851247828125 0.696322775 0.5944157140625 0.7015987125 0.6138423125 0.708751765625 0.6328163609375 0.7143770609375 0.6448415734375 0.7196436890625 0.6516822062500001 0.7237135234375 0.6669231 0.72950895625 0.6728586359375 0.730523275 0.6778385796874999 0.7302139546874999 0.6817547265625 0.7322921640625 0.6880418203125 0.7382979953125 0.7104145453124999 0.74670044375 0.7199606046875 0.7517506140625001 0.7263919718749999 0.752808225 0.7306930921875 0.7502072671875 0.7330325328124999 0.7466909109375 0.7717798484375 0.6793822875 0.785479359375 0.6527978125 0.7938093921875 0.6398828578125 0.8124284828124999 0.606534728125 0.8247141390625 0.5890625 0.6209770671875 0.5890625
11 0.8281502515625 0.5890625 0.8196658656250001 0.5996273734375 0.8029697328125 0.6266943359375 0.7877322375 0.6548808140625 0.7681359109375 0.687647540625 0.726401840625 0.7636248640625001 0.7243923171875 0.7728749703125001 0.72624579375 0.777501534375 0.7307830546874999 0.7838506703125 0.75097313125 0.8074410890625 0.7628324281250001 0.8183981750000001 0.785681996875 0.836019771875 0.7937766328125 0.8397030140625 0.8009686171875 0.840625 0.811257971875 0.840625 0.81314286875 0.8404017296875 0.8192298906249998 0.8362204140625 0.8866677875000001 0.765215765625 0.9102189828124999 0.741723815625 0.9208018906250001 0.7282614437499999 0.9469909359375001 0.6995429046874999 0.9654369015625001 0.672132640625 0.9778607671875001 0.6466769921875 0.9873673625 0.6189823062500001 0.9936799109375001 0.5900165828125 0.9937777390625001 0.5890625 0.8281502515625 0.5890625
11 0.3796875 0.8382185078125 0.3889228671875 0.8432130828125001 0.401609821875 0.8428325453125 0.40627692812499994 0.8447282812499999 0.41222688906249993 0.8452477765624999 0.419219009375 0.844121978125 0.4250220484375 0.841156071875 0.43051946250000006 0.8401478109375 0.43879709375000003 0.846079396875 0.4476354734375 0.849827575 0.4601837953125 0.8515625 0.4661893109375 0.8515625 0.4684675625 0.8513984000000001 0.4778135453125 0.846261421875 0.49429592343749995 0.835050421875 0.55423484375 0.799605015625 0.571651171875 0.7904598859374999 0.6219817625 0.7606246343749999 0.63159730625 0.7547670671875 0.6394846546874999 0.7485105703125 0.6410514968750001 0.7459189234375 0.6421875 0.7408112765625 0.6421875 0.7221626156250001 0.641334734375 0.7191552265625 0.6369516109375001 0.7160440796875001 0.630322825 0.713232946875 0.5941678421875001 0.700154584375 0.577270890625 0.6914861109375 0.563416496875 0.6892843078124999 0.553179840625 0.6908709484375001 0.5255701359375 0.7001182484374999 0.516317925 0.7020388828125 0.504201590625 0.7084222234374999 0.49166877499999995 0.7120407531249999 0.40950405625 0.742569115625 0.4041102859375 0.7485472468750001 0.4012100921875 0.7542470124999999 0.3971306859375 0.7662928859375 0.3954943625 0.7797922703125 0.38639629062499997 0.7849508953125 0.38130092968749996 0.7892187921875 0.3796875 0.79253754375 0.3796875 0.8382185078125
0 1 0.7500428953125 0.9984090734375 0.74663575625 0.9914503671875 0.7380908749999999 0.9720139046875002 0.7227516078125 0.9607829328124999 0.7158180375 0.9487721499999999 0.7100565890625 0.9384029953125002 0.7076630015625 0.9335988328125 0.7104680796875 0.9261207484374999 0.7197368 0.8876278156249999 0.761271371875 0.8645796656249999 0.7845591984375 0.83914158125 0.8130952640625001 0.8137927125000001 0.84709601875 0.7978619671875 0.8734856843750001 0.761872478125 0.9229281031250001 0.7604814156249999 0.9280155062500001 0.7638007421874999 0.9335141796875 0.770407890625 0.9370675484375 0.7835185375 0.9392044140625 0.78645745 0.9407012203124999 0.7900751875 0.9444896593750001 0.79168075 0.9490945796875 0.7955680421875 0.952162434375 0.7969833984375 0.95476641875 0.8013953734375001 0.9568879203125 0.808192728125 0.9624422218750001 0.8127588421875 0.9678017140625 0.820367515625 0.9796278765625 0.824139390625 0.9866543078125 0.825730525 0.9917540515625 0.8273452015625 0.99375 0.8341588515625 0.99375 0.8421867015625001 0.9899663203125 0.8478933125000001 0.9817831359374999 0.8566109687499999 0.9726226421874999 0.869278190625 0.9558696781249999 0.87139135625 0.9515894406250001 0.8882416281250001 0.927760471875 0.9006104374999999 0.912717734375 0.920616028125 0.8829632343749999 0.9366359921875 0.8620382609374999 0.9457530515624999 0.8477037781250001 0.9767868906250001 0.8062620718750001 1 0.77121794375 1 0.7500428953125
1 0.5706507421875 1 0.5717928750000001 0.99760290625 0.579234890625 0.989571240625 0.595033884375 0.9847496390625 0.6204655 0.9820092718750001 0.6699783015625 0.9716978578125 0.6887063437500001 0.960186846875 0.7143589265625 0.9413431078125001 0.7226916140625 0.936861784375 0.7346321671875 0.9279826828125 0.7434678984375 0.9232972359375001 0.7561738390625 0.9137408390624999 0.770090503125 0.905282315625 0.7792534984375 0.8978969921875001 0.7828125 0.8928859171875001 0.7828125 0.8841798015624999 0.7656580484375001 0.8612401000000001 0.75232303125 0.8412246921875 0.74145274375 0.8219205640624999 0.7235443984375 0.7967930796875 0.707677084375 0.76985946875 0.6954662265625 0.7539108703124999 0.6826198265625 0.7341861640625 0.6785062609375 0.7303544343749999 0.674568471875 0.7290184578125001 0.666774896875 0.7320586109375 0.6556502249999999 0.7385285375 0.6270226578125 0.757112521875 0.5673388687500001 0.7923321640625 0.493329146875 0.832998103125 0.45685751249999995 0.8563541234375001 0.3933080703125 0.8877636765625001 0.3869731328125 0.8919233468750001 0.3828694328125 0.8962778281249999 0.3819958421875 0.9006662921874999 0.38545032031250004 0.918578815625 0.3962701140625 0.939614821875 0.41758700312499997 0.9757056734375 0.43334184843749995 1 0.5706507421875 1
11 0.81549118125 1 0.8141377828125 0.9948141390625 0.812895553125 0.9862722859374999 0.81222394375 0.9837332374999999 0.8072197046875 0.9763511640625 0.8000202999999999 0.9675372265625001 0.794936715625 0.9628766765625001 0.78393923125 0.9564595765625 0.7750214984375 0.9554329218750001 0.75034805625 0.9577434015625 0.7088983843750001 0.9642940781250001 0.684145590625 0.969326078125 0.590499334375 0.9844656 0.579964265625 0.9877624718749999 0.5749194015625 0.9902984953124999 0.569554484375 0.9952869796874999 0.5675258 1 0.81549118125 1