11 0.2751069328125 0 0.27376820468749996 0.004225390625 0.2717588125 0.0391582609375 0.2691627984375 0.18476321406250001 0.267292496875 0.23693931875000002 0.2673216671875 0.2714199859375 0.2644714921875 0.34481092812499997 0.26638043125 0.3511017890625 0.2710351640625 0.35470823125 0.29694193125 0.360558909375 0.3009891125 0.36265206562499996 0.303246740625 0.3652032265625 0.30465766250000004 0.371482478125 0.304898815625 0.4304538703125 0.30568563593750003 0.4327209015625 0.307335715625 0.433758775 0.317794084375 0.43400249375 0.3461412890625 0.43241439374999996 0.35926901718750004 0.4334698859375 0.3633228953125 0.4328147890625 0.3654544421875 0.43136533125 0.3670083796875 0.425405025 0.3653295171875 0.37114737343750004 0.3661297328125 0.3679179078125 0.369194271875 0.364491353125 0.3742276375 0.36136053281249997 0.3910940390625 0.3517593859375 0.4 0.34769807343750003 0.4 0.223601753125 0.3990985078125 0.20703003125000002 0.3916171671875 0.099917759375 0.3911329296875 0.07567054375 0.389167646875 0.064631125 0.38524200625 0 0.2751069328125 0
11 0.201164478125 0.00100049375 0.1883188578125 0.004948678125 0.1827342875 0.011314765625 0.156222740625 0.030685346875000002 0.15283275624999998 0.0376022875 0.13818303125 0.103722315625 0.1257641453125 0.1833865015625 0.112196740625 0.2512807390625 0.10581118281249999 0.2983545234375 0.10890212343750001 0.3026740859375 0.12950996718750002 0.309150846875 0.16663789375 0.3140625 0.19697211718750002 0.3140625 0.19997275781249998 0.31354129531249997 0.20187854062500002 0.311836721875 0.203860759375 0.3066359609375 0.20961513437499998 0.27703731875000004 0.21548889375 0.254187540625 0.23099241093749998 0.1628520546875 0.2394728765625 0.12007462499999999 0.2484151046875 0.0643154984375 0.25 0.0488045171875 0.25 0.023113153125 0.24691866875000001 0.0188070203125 0.24043458750000002 0.0134089625 0.2300361046875 0.0071701203125 0.2189303890625 0.003163490625 0.2128214 0.0017718531249999998 0.201164478125 0.00100049375
11 0 0 0 0.1006411 0.0272909265625 0.11947723750000001 0.035159528125 0.123408428125 0.0461324640625 0.1261626890625 0.051394745312500004 0.13128241875 0.061497728125 0.1380140859375 0.0660661734375 0.13986953124999998 0.0717468828125 0.1405016234375 0.08216545625 0.1384957203125 0.0876271015625 0.1361244453125 0.09912484218749999 0.1278973171875 0.10661519687500001 0.11982665781249999 0.11277422031249999 0.10997598593749999 0.115625 0.10156083906249999 0.115625 0.08749690156249999 0.1136114609375 0.08226159375 0.0994979359375 0.0676909640625 0.09411626875 0.0558223671875 0.0892192234375 0.049461871875 0.0430033859375 0 0 0
15 0.7080692234375 0 0.7067925921875 0.001983453125 0.7179451765625 0.0750307109375 0.7372287281250001 0.1421875 0.7435584640625 0.1421875 0.902200503125 0.11967450312500001 0.915625 0.11390112187500001 0.915625 0.1010963 0.89629299375 0 0.7080692234375 0
15 0.6500160484374999 0.07387812499999999 0.5893408625000001 0.083833978125 0.5044648734375 0.126981184375 0.517467909375 0.15224169375000002 0.578534646875 0.156831784375 0.692680878125 0.18558528125 0.737480409375 0.1435351734375 0.71743794375 0.048205051562500004 0.704010415625 0.0321455625 0.6589718140625 0.048667065625 0.6500160484374999 0.07387812499999999
15 0.5640397671875 0.2176509265625 0.5967059546875 0.2159434609375 0.6503953625 0.196176221875 0.66028670625 0.18907438593749998 0.6589266359374999 0.180166184375 0.616402046875 0.1652285234375 0.51389878125 0.152827334375 0.5065214515625 0.1284700046875 0.4955420515625 0.12844528125000002 0.4864667515625 0.1408920390625 0.5107748515624999 0.22821714218750003 0.5404159374999999 0.23065859687499998 0.5640397671875 0.2176509265625
15 0.4486586 0 0.44891654374999995 0.0027778203125 0.4702983734375 0.0230109515625 0.56690391875 0.03272731875 0.68631725 0.0240910921875 0.6887983234374999 0.01637889375 0.6790976046875 0 0.4486586 0
15 0.4 0.17959971875 0.5598193109375 0.094156825 0.6520726265625 0.0753669453125 0.6609088562500001 0.037391584374999995 0.6655660421875 0.043932506249999996 0.6893094078124999 0.0436891375 0.7038908796875 0.0193812609375 0.6557076421875 0.027287379687500002 0.50281208125 0.03228615 0.4782526734375 0.027184596875 0.4588944796875 0.03218725 0.48044949531250003 0.12544291406250002 0.44061210781250004 0.15206861875 0.4 0.16753299531250002 0.4 0.17959971875
7 0.056472679687500006 0.68797961875 0.07436366718750001 0.7237759265625 0.10806944062499999 0.7578125 0.110729875 0.7578125 0.1166917921875 0.753747346875 0.105427115625 0.725818759375 0.1351853921875 0.7241068234375 0.1426550984375 0.7179814203125 0.15058658281249998 0.7296039140625 0.1695619140625 0.7543392796875 0.18156971718749998 0.7306693531249999 0.212653609375 0.62380560625 0.225 0.5523218015625 0.225 0.5493467062499999 0.20189111093749998 0.541346328125 0.12596933906250002 0.5513114484375 0.09321909375000001 0.5772548640624999 0.067516853125 0.604069440625 0.05179423749999999 0.6431742953125 0.056472679687500006 0.68797961875
15 0.4 0.459375 0.3265212921875 0.459375 0.315858259375 0.4999957796875 0.29802714531249996 0.5740834453125 0.2865211984375 0.6402457296875 0.322122740625 0.6247440390625 0.37013366875 0.5904593953124999 0.382864315625 0.575586015625 0.4 0.49693709531249997 0.4 0.459375
15 0.1704781265625 0.8208715218750001 0.16840987031250002 0.8320872687499999 0.1837318953125 0.859375 0.18659680781250002 0.859375 0.2133283875 0.832940240625 0.2243522796875 0.8094251203124999 0.23340850937500002 0.7377080828125 0.2385892953125 0.6794711859375 0.246875 0.63372631875 0.246875 0.6105057109375001 0.24674193125000002 0.6088863468750001 0.2210598125 0.623817390625 0.20585932968749998 0.6450195453124999 0.1940522359375 0.69538871875 0.1799760140625 0.7787859156250001 0.1704781265625 0.8208715218750001
15 0.284670859375 0.6155888734375 0.27107685937500003 0.6078273875 0.2564788265625 0.6121042359375 0.24916975 0.6201844249999999 0.23441076249999998 0.719529534375 0.230274246875 0.7419610265625 0.24745672500000002 0.7640625 0.248683665625 0.7640625 0.2882045984375 0.7071057375 0.32968965 0.6540472328125 0.3343080609375 0.6374801015625 0.31752138125 0.62725084375 0.285855478125 0.64213331875 0.284670859375 0.6155888734375
7 0.22082147812500003 0.459375 0.22086837187500002 0.4594601046875 0.21436245468749998 0.4773142359375 0.200929084375 0.47150753593749994 0.19717419375 0.46219800624999996 0.1820339078125 0.4962610890625 0.1860899453125 0.5213637265625 0.19460375937500002 0.5279444468750001 0.20072805312500003 0.5418313359375 0.2178762375 0.53220310625 0.23303664375 0.4862564921875 0.2409653515625 0.459375 0.22082147812500003 0.459375
15 0.2520110015625 0.8020610046875 0.18329770625 0.8633635984375001 0.14068823125000002 0.9027385859375 0.134101996875 0.919615325 0.163518890625 0.9258773421875001 0.204823028125 0.9312591062500001 0.24719139375000002 0.9374634609375001 0.264901790625 0.9346769890625 0.28542340781250003 0.9175877828125 0.319438753125 0.8706546796874999 0.34630565468749996 0.83375655625 0.36437755312500003 0.8111125953125 0.363735025 0.8032934421875 0.3315270328125 0.7994506234375001 0.3148808640625 0.8030596875 0.30638700625 0.8331069578125 0.283716815625 0.860434515625 0.2726728046875 0.8958331703125001 0.2619099828125 0.910396940625 0.2413281671875 0.91462521875 0.23727213281249998 0.8895225812499999 0.2183368765625 0.889531675 0.2160880296875 0.8621646421874999 0.22261406562500002 0.8324269796875001 0.23345720625 0.8188406 0.2520110015625 0.8020610046875
7 0.21990328125 0.8358235734375 0.2153450671875 0.865251628125 0.21703170156249998 0.8857769046874999 0.238496990625 0.892299959375 0.24058520625000002 0.9177122046874999 0.25986184375 0.9097291546874999 0.271026246875 0.900052353125 0.2813272953125 0.8677406859375001 0.2962065125 0.8426289562499999 0.3114873125 0.8224041937500001 0.316527421875 0.7988405015625 0.3075919078125 0.79925634375 0.3001222 0.8053817468750001 0.2870904109375 0.8044620171875 0.27357672499999997 0.7976779234375 0.2512680375 0.8051479921875 0.238055496875 0.81415700625 0.21990328125 0.8358235734375
5 0 0.9217788062500001 0.0360925296875 0.9033547015625001 0.0865732921875 0.8627412828125 0.11944409375000001 0.8140081968749999 0.1174361953125 0.7895733437500001 0.10091058125 0.770392734375 0.10731606093749999 0.76344474375 0.07860205625 0.7293512796874999 0.0449282578125 0.7197989 0.007539642187499999 0.7256814515625 0 0.7303773671875 0 0.9217788062500001
5 0.4 0.618217540625 0.3778316921875 0.6109896640625 0.3345396109375 0.6178010406250001 0.3164878328125 0.62856146875 0.3345796875 0.6425455 0.3096806078125 0.6791340171875 0.2819101125 0.7171643375000001 0.268095121875 0.743098659375 0.2896004875 0.7743661749999999 0.32303333749999996 0.780986371875 0.3932122765625 0.7739048625 0.4 0.771497759375 0.4 0.618217540625
7 0.2568596421875 0.459375 0.2557670296875 0.471789859375 0.26195151875 0.49853767812500005 0.2740797140625 0.5005896046875 0.2598631421875 0.5216369578125 0.2607264984375 0.544271825 0.27062580468749997 0.5555847125 0.2610075234375 0.571948465625 0.26219214375 0.598492909375 0.27544476093750003 0.6142283546875 0.28807497031249996 0.6102611140625 0.299902184375 0.5480084093750001 0.3221508375 0.4791658890625 0.3257181171875 0.459375 0.2568596421875 0.459375
5 0 0.6624407343750001 0.0189050796875 0.64568085 0.0735022375 0.59451946875 0.117015309375 0.5540122843749999 0.1587010703125 0.5276530265625 0.1426774703125 0.5024532500000001 0.1074374296875 0.49809745000000005 0.051695890625 0.4989473203125 0 0.529137421875 0 0.6624407343750001
7 0.39969791093749996 0.8164457890625 0.3331937109375 0.7833479078125001 0.32562356718749996 0.800379446875 0.3657028484375 0.8029838343750001 0.352289434375 0.8338051265624999 0.3739554328125 0.8670274296875 0.390059509375 0.8446930765625 0.39969791093749996 0.8164457890625
0 0.46620958437500004 0.459375 0.4682396609375 0.4638039015625 0.48130955625 0.527384778125 0.4948854171875 0.568353409375 0.50262444375 0.5841840203124999 0.516561090625 0.5994152015624999 0.5468617609375 0.6151237875 0.557949984375 0.6171875 0.5930592421875 0.6171875 0.633519565625 0.6043878296875 0.64154679375 0.59291839375 0.6500799828125 0.5588367046875 0.6546875 0.500144365625 0.6546875 0.459375 0.46620958437500004 0.459375
0 0.6551901265625 0.459375 0.6609437796875 0.5701828640625 0.66623620625 0.5836013734375001 0.684013534375 0.5809990421875 0.6851364890625 0.5716689031250001 0.6982383828125001 0.5689301718750001 0.7084410796875 0.5707883078125 0.71592605 0.5811498171875 0.7247517390625 0.5868689890625001 0.7621915171875 0.5887414984375 0.7716341953125 0.60774278125 0.7761955875 0.609375 0.7819894890625 0.609375 0.798726103125 0.6046319515625 0.8121354171874999 0.5917590453125 0.8200900578125001 0.5787270046875 0.8431725875 0.50605769375 0.8537360734374999 0.4821783796875 0.8546859843749999 0.459375 0.6551901265625 0.459375
13 0.4 0.9602502640624999 0.4024509515625 0.9582343171875 0.455511809375 0.9613427984375 0.50137804375 0.9603401734375 0.548621290625 0.9554765140625001 0.56324536875 0.9520019468750001 0.565625 0.9490428718749999 0.565625 0.9178100468749999 0.5560805953125 0.8480207765625 0.5519794124999999 0.759733815625 0.5574319375 0.72634249375 0.5534439328125 0.707500346875 0.5383480374999999 0.7008180046875 0.45500572968749997 0.69916681875 0.42751459531249997 0.6936833421874999 0.4 0.693725203125 0.4 0.9602502640624999
13 0.4 0.6978268140624999 0.448835196875 0.7003746890625 0.5421662046875 0.6997536328124999 0.5642175125 0.695938434375 0.5536343640625 0.7312978718750001 0.554543503125 0.7747950046875001 0.5564618828125 0.81609231875 0.5593653749999999 0.8785963625000001 0.5630990578125 0.8921875 0.5834581671875 0.8921875 0.5878869046874999 0.8705114015625 0.59375 0.8479015437499999 0.59375 0.8167082796875 0.5925147171875 0.802653921875 0.5854464484374999 0.7701234140625 0.5775486078125 0.71973460625 0.569211859375 0.6838231984375 0.566338775 0.626893196875 0.459390621875 0.64049255625 0.40188093281250004 0.6466171859375 0.4 0.6466712859375 0.4 0.6978268140624999
13 0.5087554640625 0.595763184375 0.488344440625 0.5684165671875 0.44627914999999996 0.6385257421875 0.49084840312499994 0.6409406343749999 0.537073196875 0.6311428875 0.5692446203125 0.6298521953125 0.5704889718749999 0.656639640625 0.5711907203125 0.6956722 0.5843698703125 0.7640491796875001 0.596937296875 0.8234375 0.5974008468750001 0.8234375 0.6113636781249999 0.7470026 0.6190228046875 0.7204749046875 0.6324540015625 0.698574125 0.6383020421875 0.6809106406250001 0.642103884375 0.6431241015625 0.6435520312499999 0.6264468828125 0.64375 0.622740659375 0.64375 0.61509511875 0.6315931109375 0.6082638984375001 0.6075233250000001 0.616478734375 0.5743426625 0.6199692453125 0.5464674359374999 0.6180413828125 0.5293586265625 0.6086252015625 0.5087554640625 0.595763184375
9 0.8861846734375 1 0.9079814453124999 0.9644286624999999 0.9196315937499999 0.9304379078124999 0.921875 0.818696953125 0.921875 0.811908371875 0.9144159343750001 0.7008946859374999 0.9209914156250001 0.6581732234375 0.9209359015625 0.6402260453124999 0.9175093734375 0.6167188296875 0.9131413593750001 0.6064482531250001 0.8906501531250001 0.5745824296875 0.879377865625 0.5664511531249999 0.8677255718750001 0.5668914515625 0.8550229078125 0.5782244875 0.8465964515625 0.581099621875 0.8325701437500002 0.5806904187499999 0.8244511109375001 0.5734313796875 0.81743795625 0.573226778125 0.8018723937499999 0.5899379859375 0.792903678125 0.6146440671875 0.7881215109374999 0.6457142203125 0.7838325296875001 0.7376576140625 0.779321490625 0.75781229375 0.767199525 0.781646140625 0.7600284234375 0.861801825 0.7547744375000001 0.8827150734375 0.7557372921875001 0.9201947656249999 0.7827801296875 0.9997881249999999 0.7827850609375 1 0.8861846734375 1
9 0.7115767140625 1 0.7137938453125 0.9968477437499998 0.7229288453125 0.9781655203125 0.7324267796875 0.9672963031249999 0.74464134375 0.94313076875 0.7479524265624999 0.9187054843750001 0.759952403125 0.7942168984375 0.7614005546875 0.7775396828125001 0.76031174375 0.754100665625 0.7607506546874999 0.73962326875 0.767452390625 0.7164115328125 0.76915978125 0.705315034375 0.7748004296875 0.6831869734375 0.7749801 0.663128859375 0.7806725968749999 0.642116940625 0.7806967234375 0.61871039375 0.7748209578124999 0.6118511890625 0.766667475 0.6038109015625001 0.7629657328125 0.5959004921875 0.7547604031249999 0.5867440593750001 0.7459087703125 0.5876004531250001 0.7361515953125 0.592888953125 0.7283610484375 0.592661671875 0.719353871875 0.590169634375 0.71666136875 0.580059403125 0.7095689734375 0.5709354421875 0.6994488609375 0.5684109375 0.6896398359375 0.5725832921875 0.6789771203124999 0.582303896875 0.6713421171875 0.5854250453125001 0.66482005 0.5885786656249999 0.6562276578125 0.595015775 0.6479463531249999 0.6081497484375 0.6386558109375 0.623483540625 0.63979646875 0.6480387000000001 0.63977234375 0.6714452484375 0.6293965890625 0.7112692625 0.6214782203125 0.7322162421874999 0.613559853125 0.7531632203124999 0.6053062703125001 0.7908198843750001 0.584814 0.87604863125 0.5840917250000001 0.908351859375 0.5889859718749999 0.941933571875 0.600920765625 0.9835231062500001 0.6039146796875 1 0.7115767140625 1