9 0.2267728015625 0.38988915 0.1753571171875 0.40680423125000004 0.1459607234375 0.4102175578125 0.13167858906250002 0.41491619062499996 0.12373340156249998 0.42222332500000004 0.121875 0.428579571875 0.121875 0.430339990625 0.1237894171875 0.44410684375000004 0.12905020625000002 0.4550870640625 0.1295462859375 0.4693947875 0.13963612812499998 0.471875 0.16028421718750002 0.471875 0.196700325 0.45825296875 0.2186956125 0.45531897656250003 0.2590096359375 0.4391229015625 0.28016079843749997 0.43548885000000004 0.2938308390625 0.42101838281250004 0.3109375 0.41406533437500004 0.3109375 0.40228488906250004 0.31069335468750003 0.3972844 0.3032122328125 0.38644798125 0.27963270625000003 0.388729846875 0.266958809375 0.38351284375 0.255753134375 0.383483853125 0.2267728015625 0.38988915
9 0.353602265625 0.5390625 0.3765625 0.46860182031250003 0.3765625 0.45487982968749996 0.35472333906250003 0.44135301406250005 0.320298184375 0.42471434375 0.2950424078125 0.42031221093750004 0.2840207640625 0.43234696875 0.2770917328125 0.457701790625 0.2697706421875 0.4694968796875 0.26676219843750004 0.4908241390625 0.2504476890625 0.5390625 0.353602265625 0.5390625
9 0 0.49504980937500004 0.04126105625 0.49453816249999993 0.058399615625 0.488899803125 0.0722776890625 0.4759253171875 0.08380741093750001 0.47291440468749996 0.0888961703125 0.466546996875 0.0914645515625 0.45279553124999994 0.09929372187499999 0.45002428281249995 0.1 0.44501737343750003 0.1 0.44463753749999996 0.09466902499999999 0.4382481375 0.0944849953125 0.4261843890625 0.086367778125 0.41614389531249996 0.07051340625 0.41490652343749995 0.06130803124999999 0.418521628125 0.0414530609375 0.40999606406250005 0.0175614875 0.41003395156250005 0.0083561125 0.41364905937499996 0 0.4214148796875 0 0.49504980937500004
9 0.1082110484375 0.1473343546875 0.0959052140625 0.16624484687500002 0.0849995859375 0.173743715625 0.0696973078125 0.2086975828125 0.07163760625 0.2387610859375 0.075106128125 0.24759319375 0.0972614453125 0.2672907125 0.108431121875 0.2831713453125 0.12052183125 0.2859375 0.127432996875 0.2859375 0.13401094687499998 0.284533575 0.159950821875 0.2670042578125 0.1769053515625 0.24930214999999997 0.20759793750000002 0.2337292109375 0.21989177031249998 0.2201026 0.2264167375 0.1864719265625 0.2193196640625 0.14617619843750002 0.2309894046875 0.1280616328125 0.2381824796875 0.12608631406249998 0.2453125 0.11480415937499999 0.2453125 0.111768853125 0.2398267171875 0.10031903281250001 0.2339178328125 0.09541862031250001 0.2321638671875 0.0953125 0.22738670781249998 0.0953125 0.2160391609375 0.1011049140625 0.21157449687500002 0.1119602765625 0.1941118859375 0.12063854062499998 0.1630392390625 0.11736786875 0.1366032875 0.1205894609375 0.1082110484375 0.1473343546875
9 0.2944856796875 0.1828125 0.363490996875 0.172923921875 0.3745926578125 0.17220491875 0.3765625 0.17301577343750002 0.3765625 0.16488965 0.370413834375 0.1206736984375 0.2779541953125 0.13242526875 0.26947692968750003 0.141276321875 0.27393760624999997 0.1787238796875 0.2788676375 0.1828125 0.2944856796875 0.1828125
9 0.1903335421875 0.263222090625 0.190921634375 0.283561690625 0.18275641874999998 0.2946567203125 0.1842246390625 0.29984473437500003 0.1910816671875 0.3061932 0.1974515875 0.309375 0.202117709375 0.309375 0.20270340625 0.309214159375 0.20949241718749997 0.2989629875 0.23033153125 0.2930849578125 0.2446256671875 0.2831024453125 0.27684647500000004 0.24629811250000003 0.28184321875 0.23389882968750003 0.2921875 0.22327229062499998 0.2921875 0.2061012125 0.2855237578125 0.195924003125 0.2726418265625 0.18921101406250002 0.26154016874999997 0.189930015625 0.21748959218750002 0.2222174046875 0.1970425390625 0.24165516406249998 0.1903335421875 0.263222090625
9 0.1608105796875 0.3748594828125 0.1502970140625 0.3959180828125 0.1381562765625 0.409375 0.1384294671875 0.409375 0.1493248703125 0.405037796875 0.16538727343749998 0.407771153125 0.1793453609375 0.4061124234375 0.216270878125 0.39239999062500003 0.2170229890625 0.38706817656250003 0.23271733125 0.365674040625 0.2331813953125 0.3475304859375 0.240625 0.3351366140625 0.240625 0.329447646875 0.2400984234375 0.327459546875 0.23081303281249999 0.31975889375 0.2178150875 0.3175817953125 0.207533553125 0.32956862187499997 0.185734296875 0.339282478125 0.1608105796875 0.3748594828125
9 0.32096704531250003 0.3968773984375 0.3203125 0.400381925 0.3203125 0.40605679375000003 0.3227233140625 0.41487715312500006 0.33687743124999997 0.4199982890625 0.340565984375 0.4250425015625 0.3841605125 0.4539177109375 0.4171875 0.46513560312499996 0.4171875 0.460501975 0.40727395 0.3892121953125 0.40037891718749996 0.3879606140625 0.353959978125 0.3924764140625 0.338013590625 0.3852071640625 0.33050847031249997 0.3849385078125 0.32096704531250003 0.3968773984375
9 0.092709484375 0.3163019875 0.0849723296875 0.3251051078125 0.0890649453125 0.3384251734375 0.09018511875 0.3572208515625 0.0959539875 0.377224915625 0.12625560625 0.4171875 0.1280963234375 0.4171875 0.1441051953125 0.40127663281250003 0.14097272031250002 0.384120740625 0.1515625 0.3248910671875 0.1515625 0.30658253125 0.15151427343749999 0.304191453125 0.14804575312499998 0.29535934531249997 0.1384483140625 0.2854147171875 0.1014547828125 0.2825275140625 0.0947817859375 0.288242796875 0.092709484375 0.3163019875
9 0.0369641796875 0.2739217046875 0.042997096875 0.3173052703125 0.054930882812500005 0.3225702046875 0.07170939531250001 0.3358233921875 0.091513759375 0.3578125 0.0929476125 0.3578125 0.09375 0.3290234640625 0.09375 0.30167830625000003 0.08929200625 0.2743063203125 0.0847713265625 0.2632781671875 0.0803426640625 0.25828188750000003 0.074213746875 0.25716936874999996 0.0409087671875 0.25932637812500003 0.0369641796875 0.2739217046875
9 0.243027490625 0.3866067546875 0.26269843125 0.383068571875 0.27683524375 0.3875 0.2862703796875 0.3875 0.29588739531249997 0.38544744999999997 0.29469920625 0.350052134375 0.3 0.3356051640625 0.3 0.3331481671875 0.29021452812500004 0.3231723390625 0.27732060000000003 0.32174323125000004 0.2677791765625 0.333682121875 0.24534382500000002 0.34419190624999996 0.22135625 0.38650084218749997 0.243027490625 0.3866067546875
13 1 0 0.9082292453124999 0 0.895609553125 0.0757494609375 0.8930531546875 0.10226433125 0.8864839671875 0.1306988 0.8846595171875 0.1513233828125 0.92421739375 0.1581738125 0.9767781531249999 0.1640625 0.9789292828124999 0.1640625 0.9835187328125 0.163287596875 0.9850936359375 0.16084807968749998 0.9979807953125001 0.0980774203125 1 0.082173146875 1 0
13 0.8476827312499999 0 0.8130586265625 0.10565255 0.813409996875 0.10909760312500001 0.8183258328124999 0.10915477343749999 0.8206435375 0.11262269843749999 0.8245962375 0.1121771015625 0.8269339718750001 0.11515368749999999 0.8323614218750001 0.11472524375 0.835150678125 0.11869021718749999 0.8391234093750001 0.1177532875 0.841481175 0.1202385421875 0.846417040625 0.11980438125 0.8497379437499999 0.12279240312499999 0.8527074765625 0.12233537187500002 0.856028378125 0.125323396875 0.8821823500000001 0.13125 0.8862323734374999 0.13125 0.8889244156250001 0.1266891140625 0.8943301625 0.1026652140625 0.906724065625 0.0158020515625 0.90971566875 0 0.8476827312499999 0
13 0.9390625 0.5390625 0.9390625 0.5354203578125001 0.9156616625 0.5082003203125 0.9112374109375001 0.5081488656250001 0.9061012390625001 0.5134963625 0.9038945390625 0.5193695015625 0.900884946875 0.5208092 0.8912135187500001 0.516764184375 0.8788529859375 0.5062975296875 0.869161528125 0.50274385 0.7077510140625 0.49300155625000003 0.705684528125 0.4954353546875 0.7083844859375 0.513654725 0.7071809828125 0.5190479609375 0.6996069234375 0.523875540625 0.6936478296875 0.5252809359375 0.6911899109374999 0.5252523515624999 0.6879691609374999 0.519807659375 0.6825417125 0.520236103125 0.6818097625 0.526126390625 0.6765734375 0.5339305578125 0.6755601046875 0.5390625 0.9390625 0.5390625
5 1 0.4639716390625 0.999485475 0.462912771875 0.9819378578125001 0.44697855468750003 0.967681934375 0.44681275625000005 0.9594652265625001 0.44327622812499995 0.9556928031249999 0.43929982343749996 0.950656784375 0.44219065312500005 0.9388387484375 0.442544771875 0.91756961875 0.433449209375 0.9136369500000001 0.433403471875 0.9085408390625 0.43776830312500004 0.8999527296875 0.43127805625000004 0.8917159937499999 0.4282328625 0.8838306250000001 0.42863272031250005 0.876668028125 0.4354313515625 0.87723055625 0.44576079531249996 0.8676100390624999 0.452530840625 0.8716937734375 0.46093496875 0.86933768125 0.48253650312499996 0.876833290625 0.503761046875 0.8915515890625001 0.51671295625 0.900731434375 0.5207522531250001 0.9037009656249999 0.520295221875 0.908505796875 0.5110113359375 0.9141335515625 0.505669553125 0.9304376031249999 0.5279796734375 0.9391725093750001 0.534375 0.954306940625 0.534375 0.9706673374999999 0.5304138171874999 0.980287853125 0.5236437703125 0.984309821875 0.5094351140625 0.9986951078124999 0.49436384687499996 1 0.490743628125 1 0.4639716390625
5 1 0.41411370625000005 0.9934662156249999 0.41521690156249996 0.9858921578125 0.42004448125 0.982110553125 0.42835713750000004 0.9837071609375 0.4495130734375 0.9972620171875001 0.46687555 1 0.46892165312499995 1 0.41411370625000005
5 1 0.3517902 0.9984394078125 0.3511374921875 0.9912968421875 0.357444790625 0.9666976328124999 0.357650265625 0.9506155875000001 0.3540222625 0.9332098546875001 0.3587354984375 0.92878560625 0.35868404374999996 0.922043646875 0.3551646671875 0.89705300625 0.35290775625 0.8927214015625001 0.38677548125 0.8878965390625 0.3965507015625 0.877172675 0.4062573171875 0.8802932718750001 0.41415867500000003 0.887838121875 0.42211149062500003 0.8905071937500001 0.4290244671875 0.8992154859374999 0.4325667109375 0.9015331906250001 0.436034634375 0.9087467 0.4400510609375 0.9107330656249999 0.43958259843749997 0.91341131875 0.43420651093749996 0.9168524046875 0.43424653125 0.9375698578125 0.44481037968750003 0.94938789375 0.4444562578125 0.954955559375 0.4405884765625 0.9596911171875 0.4450676546875 0.960984046875 0.4453125 0.9691141203125 0.4453125 0.9783203828125 0.4344698453125 0.9852317625000001 0.42176949218750004 0.984880390625 0.4183244390625 0.9811079671874999 0.41434803125 0.9757205765625001 0.413793809375 0.9753291484375 0.41133142187500005 0.9977108062500001 0.4052013578125 1 0.3999487046875 1 0.3517902
5 0.7776060375 0.44727266875 0.771875 0.45690702656250004 0.771875 0.46129648593750006 0.7719490703125 0.46539484687500005 0.7837779609375 0.4768384515625 0.7892362921875 0.48771639999999994 0.8099136859375001 0.49926291562499997 0.822335021875 0.5 0.8322259437499999 0.5 0.855399771875 0.49340155625 0.8645487328125 0.48613446250000003 0.8662438203124999 0.480746940625 0.8703567640625 0.4763706765625 0.8716003265625 0.469994771875 0.871875 0.4632572203125 0.871875 0.45989242187499996 0.867937234375 0.451272634375 0.827507196875 0.45375182656249996 0.810602228125 0.44618172031250003 0.8006595515624999 0.4367263171875 0.7911992812499999 0.4395656953125 0.7776060375 0.44727266875
5 0.867310909375 0.3540626984375 0.86001728125 0.35201160468750003 0.854398703125 0.3450643265625 0.843152371875 0.34345882968749997 0.8322574125 0.3452983859375 0.8230884203125001 0.35305681718750004 0.822096071875 0.36533444375 0.8135897609375 0.3809656484375 0.815486821875 0.39475157968749996 0.8193193390625 0.3972539859375 0.8205737546874999 0.4026758078125 0.8311081671875 0.40968025937499997 0.8512430656250001 0.41040599687499996 0.8625462484374999 0.4125 0.8665035546875 0.4125 0.8734244171875 0.40918927031249996 0.88924439375 0.395117825 0.89570425 0.381429084375 0.896875 0.3725504984375 0.896875 0.369595128125 0.8954421781249999 0.3637296375 0.8890716218750001 0.3631639796875 0.8852991984375 0.359187571875 0.8780255968749999 0.3566451453125 0.8742732046875 0.352177403125 0.867310909375 0.3540626984375
5 0.8390048140624999 0.42098112499999996 0.822771703125 0.40899473124999997 0.8175645890624998 0.4040185046875 0.8162500828125001 0.40007068125 0.8133406421875 0.3990537125 0.8156274640625 0.391215240625 0.812546928125 0.382331215625 0.8244542656250001 0.3677226953125 0.82409204375 0.352479915625 0.83172619375 0.346178334375 0.8308122984375 0.3324038375 0.8339020125 0.32899880625 0.8316644312499999 0.3235655484375 0.817468596875 0.32192575 0.8119409953125001 0.3248108625 0.8032034937500001 0.3340490109375 0.790704421875 0.35110847968750003 0.7763500156250001 0.3774861375 0.7750663921875 0.384844709375 0.7772347046875 0.404041028125 0.778609303125 0.4065148515625 0.7854914734375 0.406594890625 0.7893039609375 0.40958863125 0.7985146859375 0.424934321875 0.7995687953124999 0.43526948125000003 0.8066220625 0.4432165796875 0.8229753546874999 0.45225496875 0.8352474234375 0.4546875 0.846705734375 0.4546875 0.8533734140625 0.45457476874999997 0.8707591156250001 0.45035286875 0.8778015296875001 0.44650223906250003 0.8870105828125 0.43776113906249997 0.8875 0.4349554828125 0.8875 0.42910077500000005 0.8795350031249999 0.41604526406250003 0.8774977265625001 0.4056986703125 0.8644361265625001 0.4124286953125 0.8518151953124999 0.40834937812499994 0.8469302437499999 0.41959859843749997 0.8390048140624999 0.42098112499999996
13 0.7218999593750001 0 0.7291103390625 0.028018871875 0.755604125 0.1502355421875 0.791218478125 0.1452425078125 0.7965658062500001 0.146779396875 0.7946904453125001 0.1565889203125 0.7890226296874999 0.162913371875 0.7834549671875 0.1667811515625 0.7680756609375 0.17004325468749998 0.76152483125 0.173899603125 0.761816109375 0.1788186546875 0.7653049671875001 0.18125 0.7684042609375 0.18125 0.8038811406249999 0.17242594375 0.8221498562499999 0.1706721453125 0.82720590625 0.16728997968749998 0.8554064453125001 0.1631938578125 0.8618971828124999 0.1608115125 0.8640625 0.15809847187499998 0.8640625 0.14142679062500002 0.8609123437499999 0.13671329062499998 0.8603498171874999 0.1263838484375 0.8568887000000001 0.1268351609375 0.8530962453125 0.1233500859375 0.849163578125 0.1233043484375 0.8458426750000001 0.120316328125 0.8418899765625 0.12076192187499998 0.84002379375 0.1182823828125 0.83459634375 0.11871082968749999 0.8327702234375 0.1152486234375 0.8273427734375 0.1156770671875 0.8254765921875 0.11319753125000001 0.820089203125 0.112643309375 0.8182430500000001 0.1096724359375 0.8128756921875 0.10862688125 0.8298666156250001 0.053769017187500004 0.8244775546875001 0.029128006249999998 0.7988804187499999 0 0.7218999593750001 0
13 0.63021243125 0 0.63440469375 0.07556911093749999 0.6350431828125 0.1684826421875 0.63924513125 0.1703125 0.65251231875 0.1703125 0.6615486359375 0.1697740375 0.6625801515624999 0.1703125 0.666127575 0.1703125 0.6669560546875 0.1698369265625 0.6748159828125 0.1703125 0.6916040125 0.1703125 0.695487934375 0.1696771890625 0.697106825 0.1703125 0.70047396875 0.1703125 0.7024101640625 0.1687745625 0.7057228578125 0.1703125 0.707136475 0.1703125 0.7083091687499999 0.16884316875 0.7129687953125 0.1703125 0.7132459546875001 0.1703125 0.715702953125 0.1684375921875 0.720627553125 0.1703125 0.7211470375 0.1703125 0.72362838125 0.16705506718750002 0.7265625 0.0857558578125 0.7265625 0.0529496078125 0.7239697140625 0.0259793921875 0.7177285203125 0.0101766703125 0.7168449015625 0 0.7024453312500001 0 0.6977939281250001 0.004537596875 0.694272721875 0.006462909375000001 0.6878821359375 0.006388587499999999 0.6649179203125 0.00268054375 0.6607479484375001 0 0.63021243125 0
5 1 0.1978612515625 0.9695576609375 0.195599765625 0.9198075687499999 0.1974789984375 0.8743415125 0.202849021875 0.8317248046875001 0.2107100171875 0.81931503125 0.213515090625 0.7878445046875 0.22543825156250002 0.7864807578125 0.2347621578125 0.78802645 0.2451030359375 0.79928530625 0.2825930484375 0.8085561234374999 0.2964647375 0.8194018453125 0.3078969078125 0.8539545828125 0.3289445625 0.9135780828125 0.3502837921875 0.9403195265625 0.35625 0.9453156281249999 0.35625 0.9513298656250001 0.353180684375 0.9665489265625 0.35384925156249997 0.9908059453125 0.33790966093749997 1 0.3288954546875 1 0.1978612515625
7 0.6676526765624999 0.5390625 0.6717179046874999 0.5329486375 0.6798436375 0.5266527734374999 0.6825218921875 0.5212766890625 0.687949340625 0.5208482453125 0.6931764859375 0.5253331375 0.7072813453125 0.517140546875 0.707811315625 0.49207680624999994 0.7260090874999999 0.47999928125 0.7398936109375 0.47721135937500003 0.7553930984375 0.47100125468750004 0.7769209515625001 0.44962269062500004 0.7858896390625001 0.4467775984375 0.7992516953125 0.432677565625 0.7986491109375 0.423330790625 0.7899099375 0.408482153125 0.7778607109375 0.40244321875000005 0.7765754140625 0.3857150015625 0.7768558421874999 0.37883632968750003 0.7907587234375001 0.351470284375 0.8106206968749999 0.3226988484375 0.8097577140624999 0.319739409375 0.8063967515625 0.31773405625 0.8048109953125 0.308375846875 0.8073690656250001 0.3059477640625 0.8109375 0.30559457343749996 0.8109375 0.3000641796875 0.7963814593749999 0.2738681390625 0.7889259109375001 0.2516609296875 0.7864972015625 0.23885194843750002 0.7876698234375 0.22215231875 0.784860534375 0.218678678125 0.7746975234375 0.2146279484375 0.7648658515625 0.21451360468749997 0.7345587625000001 0.2220261953125 0.7316092624999999 0.22199189375 0.7283885140625 0.2165472 0.730092778125 0.198870621875 0.732851153125 0.1915292 0.7633493671875 0.19139233125 0.7786977890625 0.1768238359375 0.7842454203125 0.17344738906249998 0.7891612578125 0.1735045609375 0.78680349375 0.17101930625 0.78694370625 0.16757996875 0.7945177640625 0.1627523890625 0.7978678765625 0.15296001718750002 0.7966935828125 0.145572859375 0.7943358171874999 0.14308760468749998 0.7602162453125001 0.14760645625 0.7250041734375 0.1668596046875 0.7177614546875 0.175623571875 0.7059050296875 0.201047146875 0.6950810125 0.2132104296875 0.6966667671875 0.2225686390625 0.69157065625 0.22693347187500001 0.6546710046875 0.2151982890625 0.632027278125 0.20362890625 0.626599828125 0.2040573515625 0.614441275 0.21276414531249999 0.60920495 0.22056831406250002 0.6103191531250001 0.22942947343750003 0.6180042140625 0.2339429515625 0.6202618281250001 0.23888487500000002 0.619549909375 0.244283828125 0.6134305703125 0.24961989375 0.609689028125 0.2569498796875 0.6206148703125 0.266416715625 0.6352221640625 0.2700275671875 0.6397774515625 0.2789287484375 0.6338417328125 0.328016384375 0.6308321390625 0.3294560828125 0.6270997765625 0.32449700625 0.6221639109375 0.32493116875 0.619957209375 0.3308043046875 0.6245725875 0.338231484375 0.64644430625 0.35667382187499996 0.6456522640625 0.3640381109375 0.6391723765624999 0.378218184375 0.6360426 0.382605884375 0.6285486640625 0.385468128125 0.6277165609375001 0.3938150875 0.6256300453125 0.3967402203125 0.62268054375 0.396705915625 0.606387340625 0.38619352500000004 0.6048725296875 0.387159040625 0.60461213125 0.3935463796875 0.6072411468750001 0.4014420203125 0.6017644578125 0.41514219375000005 0.603941946875 0.422049453125 0.6154194671875001 0.43004800468750004 0.618660246875 0.4350013625 0.6172472609375 0.4575969984375 0.6228366265624999 0.47732467187500005 0.6190349937499999 0.486128659375 0.6170194171875 0.4993775171875 0.619337121875 0.502845440625 0.6278142265625 0.49999463125 0.6302120515625 0.5014972156249999 0.6309348234375001 0.507895990625 0.627253371875 0.513751975 0.6269128546875 0.52210465 0.6299333 0.5324626765625 0.636487828125 0.5390625 0.6676526765624999 0.5390625
5 0.79642378125 0 0.8004947703124999 0.0047507953125 0.80228083125 0.009195667187500001 0.81511291875 0.0201593734375 0.8197082640625 0.028077884375 0.8243131937499999 0.0296875 0.8259259406249999 0.0296875 0.8378659765625001 0.016983028125 0.8390625 0.00790899375 0.8390625 0 0.79642378125 0
6 0.22243303593750002 0.861086309375 0.161669146875 0.832564484375 0.11826637031250001 0.8127232140625 0.0847842265625 0.7966021828125001 0.051302084375 0.7817212296875 0.03642113125 0.811483134375 0.0240203375 0.8486855156249999 0.014099703124999998 0.8796875 0.0153397828125 0.8809275796874999 0.079823909375 0.9119295640624999 0.13562748125 0.935491071875 0.1753100203125 0.9540922625 0.21127232187499997 0.9627728171874999 0.24475446562499997 0.9602926593750001 0.26707589375 0.964012896875 0.2782366078125 0.9739335312499999 0.2993179578125 0.9838541671875 0.312859621875 0.9890625 0.316431053125 0.9890625 0.335280259375 0.97021329375 0.34375 0.9435941046874999 0.34375 0.9426036140625002 0.3328001 0.9255704359375001 0.31667906874999996 0.9156498015625001 0.3005580359375 0.9119295640624999 0.29187748125 0.9218501984374999 0.2559151796875 0.8784474203125001 0.22243303593750002 0.861086309375
10 0.334982640625 0.6628100203125 0.317621528125 0.657849703125 0.3275421640625 0.649169146875 0.3064608140625 0.636768353125 0.2940600203125 0.6404885921875 0.2915798625 0.695052084375 0.3188616078125 0.6962921640624999 0.3151413703125 0.764496528125 0.3151413703125 0.8215401796874999 0.31142113125000004 0.8513020843750001 0.2630580375 0.848821925 0.2593377984375 0.8525421640624999 0.264298115625 0.8748635921875 0.2655381953125 0.88974454375 0.2804191484375 0.908345734375 0.30026041718749996 0.9120659734375 0.3201016875 0.9170262906250001 0.3436631953125 0.9306671640624999 0.3374627984375 0.95546875 0.326302084375 0.9790302593749999 0.3374627984375 0.9839905765625 0.3461433546875 0.9653893859375 0.3486235125 0.9405877984375 0.367224703125 0.9257068453125001 0.3721850203125 0.8860243062500001 0.38582589375 0.8649429546875 0.40625 0.8252961640625 0.40625 0.8220486062500001 0.395746528125 0.7905381953124999 0.38954613125000004 0.7682167671875 0.3969866078125 0.727294146875 0.388306053125 0.7024925609375 0.363504465625 0.6652901796874999 0.334982640625 0.6628100203125
8 0 1 0.2195571046875 1 0.23720238125 0.9908731328125 0.2533234125 0.97227194375 0.2703125 0.9632110968750001 0.2703125 0.9623513078125001 0.247123015625 0.9623513078125001 0.1851190484375 0.95491083125 0.131795634375 0.9338294828125001 0.0673115078125 0.9065477359375 0.0115079359375 0.8829862281249999 0.0201884921875 0.8519842453124999 0 0.8519842453124999 0 1
8 0 0.8546875 0.016170634375 0.8546875 0.024330356249999997 0.8476934515625001 0.0330109125 0.81669146875 0.049131943750000004 0.7844494046875 0.1098958328125 0.805530753125 0.1446180546875 0.826612103125 0.1967013890625 0.8439732140625 0.22522321406249998 0.8501736109374999 0.27978670625 0.8464533734374999 0.31078869062500003 0.851413690625 0.31202876874999996 0.8080109125 0.31450892812500003 0.7522073406249999 0.31875 0.706615815625 0.31875 0.698895528125 0.242584325 0.7001240078125 0.1681795625 0.7038442453125 0.10617559531250001 0.707564484375 0.0317708328125 0.711284721875 0 0.7105098234375 0 0.8546875
8 0.06162526875 0.5390625 0.028906251562500002 0.554253471875 0 0.5682686234375 0 0.7078125 0.10362100625 0.7078125 0.159375 0.7055823390625 0.159375 0.6944134390625 0.142993553125 0.6534598218750001 0.11695188593750001 0.5926959328125 0.094798946875 0.5390625 0.06162526875 0.5390625
8 0.2695188484375 0.5732390875 0.22735615 0.5732390875 0.1951140875 0.56455853125 0.135590278125 0.5719990078125 0.110788690625 0.5595982140625 0.10830853124999999 0.56083829375 0.1169890875 0.5930803578125 0.141790675 0.6402033734375 0.164112103125 0.6997271828125 0.17328868749999998 0.7015625 0.191666684375 0.7015625 0.23479662656250003 0.6997271828125 0.283159721875 0.6972470234375 0.28936011875 0.6749255953125 0.2968005953125 0.6278025796875 0.29804067500000003 0.5757192468750001 0.2695188484375 0.5732390875
6 1 0.5965591578125 0.9940566734375 0.5968089171875001 0.9772006984375 0.599498525 0.9718309749999999 0.6023614203125 0.93397296875 0.639997965625 0.9206812624999999 0.6501431656250001 0.9052048750000001 0.6711688875 0.8951517609374999 0.677788203125 0.8870622015624999 0.7031519734375 0.8862501843749999 0.7158195453125 0.8892188296875 0.7298899421875 0.9009353125 0.75710858125 0.9226327765625 0.77972549375 0.93963993125 0.7895497671875 0.9536970203124999 0.794829565625 0.96774605625 0.796875 0.9727068875 0.796875 0.9904614031250001 0.7944800125 1 0.79058586875 1 0.5965591578125
6 0.7705390484375 0.608188328125 0.7506375578125 0.6223973328125 0.7359917640625 0.6402814 0.72835830625 0.639493340625 0.70661420625 0.644969 0.7010699859375 0.6493642984375001 0.6951046390625 0.658841996875 0.69507658125 0.6964604859375 0.7002065953125001 0.71369664375 0.70881016875 0.73088006875 0.72185050625 0.7478570671875 0.740465296875 0.7629415406250001 0.7449586015625 0.7640625 0.7544332515625001 0.7640625 0.7575562437500001 0.7637250812499999 0.771564515625 0.7569761843749999 0.7777648359375 0.750971634375 0.8014236734375 0.7522117359375 0.8238959984375 0.7431092406250001 0.8429668953125 0.7320418906249999 0.882511590625 0.7141970140625 0.8866110125000001 0.7100322515624999 0.8952845406249998 0.6850768203125 0.9017314875 0.6755222796875 0.9073780750000001 0.6716121671875 0.9172078765624999 0.6544965609375 0.9271283859375 0.64488928125 0.9329797078125001 0.6419495390625001 0.9375304937500001 0.6352051546874999 0.95 0.62347331875 0.95 0.6174347421874999 0.9446685140625 0.6029719359375 0.942609515625 0.6002913546875 0.93844961875 0.599450565625 0.8322442296875 0.6033576015625 0.8115471187499999 0.599638834375 0.7705390484375 0.608188328125
6 1 0.5390625 0.5796875 0.5390625 0.5796875 0.5532789984375001 0.5974416828125 0.55136838125 0.66561930625 0.5630580921874999 0.7243627609375001 0.56070603125 0.7415560734375 0.561974759375 0.756269259375 0.5656453046875 0.7848231375 0.5806484203125 0.8103431593749999 0.600147790625 0.8198308828125 0.6026460515625 0.8302779250000001 0.603125 0.8467728921875001 0.603125 0.9031963734375001 0.6013804015625 0.9789703 0.5948063296875 1 0.5942975984375 1 0.5390625