4 0.3127869109375 0 0.2900274171875 0.049720620312500005 0.26922754531250004 0.0789358203125 0.263634075 0.1078368109375 0.2485920125 0.1680051453125 0.23125 0.2500401171875 0.23125 0.265434103125 0.2350621484375 0.26863013125 0.24733310937500003 0.2695871796875 0.2844859703125 0.2531489328125 0.293078209375 0.25848635625 0.3444424109375 0.265159425 0.40834216874999996 0.275810584375 0.4648339703125 0.283050259375 0.4982327234375 0.29332281718750003 0.509375 0.2989224703125 0.509375 0.12127174062499999 0.506420140625 0.120104871875 0.5083853921875 0.10775648125 0.509375 0.1073279109375 0.509375 0.07653405156250001 0.49877245937500003 0.0791696953125 0.4893864328125 0.064769165625 0.47491049687500003 0.038636809375 0.46522218125 0.0323804546875 0.4484410125 0.037905884375 0.45001577812500004 0.0326946625 0.4553574703125 0.0241100765625 0.444522565625 0.004762565625 0.4445591015625 0 0.3127869109375 0
4 0.22552955625 0.3270021515625 0.336075365625 0.359375 0.3523230640625 0.359375 0.362390365625 0.3561502640625 0.3691298640625 0.359375 0.3781343203125 0.359375 0.392994503125 0.34517755 0.40102420624999996 0.3320785109375 0.418144271875 0.31817306562500003 0.440625 0.283699625 0.440625 0.274504875 0.293075321875 0.248754278125 0.2546560265625 0.2635169578125 0.23713179375000001 0.26094262968750004 0.2425476296875 0.2057541734375 0.2330659453125 0.21382088281249997 0.2321430625 0.203125 0.23147575156250003 0.203125 0.2160720390625 0.21739287031250001 0.207221990625 0.203125 0.20079003750000002 0.203125 0.146875 0.2444824390625 0.146875 0.2488066140625 0.16304531718749998 0.263385953125 0.17711033437499998 0.2848472296875 0.20843441875000002 0.30580967812500004 0.22552955625 0.3270021515625
0 0.1274241859375 0 0.0753917953125 0.10390264062500001 0.193471428125 0.1453125 0.21658833125000002 0.1453125 0.278568921875 0 0.1274241859375 0
16 0 0.2765625 0.11537341406249998 0.2765625 0.159375 0.2746348078125 0.159375 0.2622747765625 0.095327978125 0.26961591406249996 0.004862173437500001 0.26824998125 0 0.2664526234375 0 0.2765625
16 0 0.1813384765625 0.015353821875000001 0.165319190625 0.055912759374999996 0.14879633125 0.0625898875 0.143205484375 0.07956884374999999 0.12669434375 0.096875 0.1131246359375 0.096875 0.10953770781250001 0.085749790625 0.10408126874999998 0.036173609375 0.13442583125000002 0.0118052171875 0.1485583640625 0 0.154456559375 0 0.1631367046875 0.0076082328125 0.158955853125 0 0.1662851984375 0 0.1813384765625
16 0.0615794390625 0.181618903125 0.06782219687499999 0.184375 0.08165214531250001 0.184375 0.08910776718749999 0.18226993125 0.1734375 0.143325053125 0.1734375 0.142253496875 0.1290430984375 0.1499680953125 0.088703715625 0.1658634 0.068470959375 0.1789548203125 0.059988912500000005 0.1632619109375 0.055684823437499996 0.160559221875 0.0615794390625 0.181618903125
16 0.27496331406249996 0 0.2578125 0.039935559375 0.2578125 0.04275243125 0.273940109375 0.0484375 0.2976703328125 0.0484375 0.32135509687499997 0 0.27496331406249996 0
8 0.2397245046875 0.169853496875 0.255458221875 0.1613966859375 0.290625 0.0594822 0.290625 0.0460562921875 0.2646302359375 0.0375 0.2599934859375 0.0375 0.2101483515625 0.1500811015625 0.21028907187499998 0.163257890625 0.21566568749999998 0.171875 0.2258394984375 0.171875 0.2324774953125 0.169463128125 0.2397245046875 0.169853496875
11 1 0 0.9273476015625001 0 0.9133179734375 0.0217058859375 0.8858633656249999 0.0554215703125 0.8826553671875 0.066655640625 0.8691727671875 0.0872368328125 0.8620045062500001 0.09325484375000001 0.8521670374999999 0.12482076093750001 0.8515625 0.12975080781249998 0.8515625 0.1517089453125 0.851849009375 0.15222865937500002 0.8642090375 0.1573773265625 0.8688425546874999 0.1578125 0.9251400515625001 0.1578125 0.9304777125000001 0.148811946875 0.94473871875 0.137294834375 0.9671264546875001 0.09876069531250001 1 0.050870798437499996 1 0
6 0.6614646359374999 0.026373796875 0.65411001875 0.0197892125 0.636369959375 0.01667299375 0.6283026359375 0.025616332812499996 0.625 0.035154603125 0.625 0.0403208765625 0.631753896875 0.041111034375 0.6577599765625 0.0410313046875 0.6785668578124999 0.04450631875 0.699185128125 0.059927932812499994 0.7411703734375 0.08565499062500001 0.7821463015625 0.1076213234375 0.7872447171875001 0.111860440625 0.7953091703125 0.124252215625 0.804009459375 0.1265625 0.8353322234375 0.1265625 0.8407902859374999 0.11188038125 0.8444459890625 0.090452246875 0.853125 0.06575657968750001 0.853125 0.040424915625 0.8397535828125001 0.033702571875 0.7234029265624999 0.008121684375 0.71309235625 0.0110784328125 0.6928815687500001 0.0248455921875 0.6783321609375 0.02834718125 0.6614646359374999 0.026373796875
9 0.6809685421875 0 0.6764305562499999 0.005569040625 0.6728580890625 0.023369054687499998 0.675204909375 0.028336034375000003 0.690683753125 0.027059385937500003 0.7105780546875 0.0127701703125 0.7202618609375 0.009239424999999999 0.7728704421874999 0.0228105296875 0.8344412765625 0.0343270203125 0.8504128515625 0.0421875 0.858846190625 0.0421875 0.8609375 0.0376535375 0.8609375 0.0092235375 0.860401721875 0.006180790625 0.8439330328124999 0.0036939734375 0.8391885640625001 0.00833514375 0.8276906109375 0 0.6809685421875 0
0 0.5834468187499999 0 0.565446309375 0.017014025 0.5564436703125 0.028885482812500002 0.5552978859375 0.043739656249999995 0.555368071875 0.04375 0.5734777796875 0.04375 0.579666759375 0.033141792187500005 0.5860949578125 0.028205798437500002 0.5931692828124999 0.025929171875 0.6021948984375001 0.02801443125 0.6087336624999999 0.0329108328125 0.615720403125 0.034758528125 0.6209410796875 0.041568617187500004 0.6250188296875 0.0420437421875 0.6322941640625 0.024286045312499997 0.6388716921875 0.0183338171875 0.6559781484375 0.021877440625 0.6598936562500001 0.02698500625 0.675185225 0.028766715625 0.676542078125 0.0160044046875 0.68125 0.0020945296875 0.68125 0 0.5834468187499999 0
11 0.6198309765625 0.0378878625 0.6141196890625 0.030955 0.5941094421875001 0.0228566671875 0.5856090609375 0.02446168125 0.576290125 0.0317075546875 0.571875 0.0412415578125 0.571875 0.055208365625 0.5770543140625 0.06204965312500001 0.5932980625 0.06761725625000001 0.60201883125 0.0858584796875 0.6019315390625 0.09002086249999999 0.6094516624999999 0.098731896875 0.620181609375 0.10312737187500001 0.6676249109375 0.1144623765625 0.6840303609375 0.1153547921875 0.7003485203125 0.1204095921875 0.7146474796875 0.12157505937499999 0.7279919390625 0.12575742343750002 0.7583769281249999 0.13125 0.790625 0.13125 0.790625 0.11621282656250001 0.7834562109375 0.10674366875 0.6991178 0.057674171875 0.682974221875 0.044294609375 0.66404155 0.039452923437499995 0.6198309765625 0.0378878625
1 0.509375 0.584280228125 0.49128884375000004 0.5800955171875 0.47414675937500006 0.5714899843750001 0.43874242499999994 0.5634223015625001 0.38014003281250003 0.54375 0.36889123437500004 0.54375 0.3375 0.60545616875 0.3375 0.612050359375 0.352814746875 0.6580831390625 0.3573992875 0.661848059375 0.374713153125 0.6677643625 0.38851470625 0.6699157421875 0.3978419875 0.6833618875 0.4093273046875 0.6882024984375 0.474877896875 0.70272433125 0.5075195328125 0.7078125 0.509375 0.7078125 0.509375 0.584280228125
0 0.46984525625 1 0.47466915312499997 0.99036394375 0.4984375 0.951634996875 0.4984375 0.9397538749999998 0.4892652578125 0.9373803890625 0.46986237031250006 0.9559519421874999 0.461645953125 0.9586830531250001 0.45749298437499997 0.956498165625 0.4534910703125 0.9433888328125001 0.4461913875 0.934375 0.43611248125 0.934375 0.419697465625 0.9690612749999999 0.41150903593750005 0.9969186078125001 0.4087674109375 1 0.46984525625 1
1 0.21008605 0.738057803125 0.19271703125 0.7659439156250001 0.1935521140625 0.769771421875 0.22201866250000002 0.7878153734375 0.245961940625 0.8015625 0.266126753125 0.8015625 0.286017434375 0.7801603625 0.3034626671875 0.7681310625 0.3859375 0.6927693640625 0.3859375 0.6772424609375 0.38086118125 0.6675223453125 0.35890922812500003 0.6571334046875 0.35348480625 0.640729809375 0.3378677484375 0.623779428125 0.3277649609375 0.6303408671875 0.21008605 0.738057803125
1 0.1353555078125 0.937426121875 0.153605609375 0.95185166875 0.15266354531249998 0.9582630218750001 0.1455698578125 0.96093441875 0.14369921562500002 0.9652086546875001 0.144295109375 0.965625 0.166836775 0.965625 0.2194702328125 0.9545230640625 0.22117024062500001 0.9529202250000001 0.2250884953125 0.9165892203125001 0.2469020953125 0.908575028125 0.2484375 0.8941705750000001 0.2484375 0.868901409375 0.219215409375 0.8417900906250001 0.19987324687500002 0.8444614874999999 0.17759535937499998 0.8514071234374999 0.161448453125 0.8540785203125001 0.1450626578125 0.8604898750000001 0.1353555078125 0.937426121875
8 0.15204194375 0.7893490109375 0.146477153125 0.7838971328125 0.1427512859375 0.783351946875 0.1387500234375 0.7871682609375 0.1371937109375 0.7948008875 0.1483232890625 0.8057046437500001 0.149018990625 0.81170170625 0.137745325 0.8286025265625 0.1286756421875 0.8531359734375 0.1219884546875 0.8569522875000001 0.1210381765625 0.8634945390625 0.1298949234375 0.8678560421875 0.1306250484375 0.8733079171875 0.1363275359375 0.8765790421874999 0.13842838125 0.8796875 0.1416599515625 0.8796875 0.146389134375 0.8618589734375 0.1612373640625 0.856407096875 0.182462965625 0.8520455984375002 0.190625 0.848032371875 0.190625 0.8407302859375001 0.1887986953125 0.8367803421875 0.1811195921875 0.8307832749999999 0.1891221203125 0.82315065 0.189135725 0.8144276453125 0.163791159375 0.7904393875 0.15204194375 0.7893490109375
1 0.228169740625 0.5483022375 0.21666743125000001 0.5677481046875 0.1890625 0.6363655453125 0.1890625 0.6386864296875 0.2292382265625 0.6833429703125 0.243814078125 0.6984375 0.256833171875 0.6984375 0.30431665625000004 0.6574151500000001 0.3284427953125 0.63472830625 0.3337856546875 0.6271660265625 0.3408381359375 0.6266258640625 0.3408308859375 0.6098808109375 0.3625 0.5647800421875 0.3625 0.5551580578124999 0.3284475609375 0.5250752328125 0.3299077734375 0.5191334421875 0.33754836250000003 0.5094105078125 0.3361710078125 0.5056293671875001 0.26816515625 0.4969867609375 0.228169740625 0.5483022375
1 0.1655507296875 0.48404564843750003 0.147403821875 0.48081171874999995 0.14164583125000002 0.494825409375 0.141196103125 0.501832253125 0.187500734375 0.663528675 0.19396511249999998 0.672152484375 0.21715078281250003 0.6894001015625 0.22776088749999998 0.70071885 0.22933634218750001 0.7015625 0.24660105156249998 0.7015625 0.24665520000000002 0.70071885 0.1942136953125 0.6430471296875 0.19121683125 0.6392742124999999 0.1915627734375 0.6338843296875 0.2237993203125 0.5605819546874999 0.25625 0.5158099125 0.25625 0.4958127125 0.24914268437499998 0.493747434375 0.2404706890625 0.4942864203125 0.23312053124999998 0.4910524921875 0.20363703437499997 0.48781856250000005 0.1887637453125 0.484045646875 0.1655507296875 0.48404564843750003
1 0.11598019374999999 0.7437655 0.1121777015625 0.7362185109375 0.1194938515625 0.7222026781249999 0.12451782656249999 0.718968253125 0.13094837343750002 0.6936319359375 0.13426338437500002 0.6920147249999999 0.13676859218749998 0.6947100781250001 0.1497054890625 0.6596704875 0.16436573125 0.656436065625 0.16875 0.652287184375 0.16875 0.6344108937499999 0.166890865625 0.625169971875 0.1672538609375 0.58581781875 0.1503492203125 0.5265625 0.14982547968749999 0.5265625 0.14719781875 0.53083261875 0.12109661249999999 0.5540126546875 0.095699765625 0.616597434375 0.08740884843749999 0.746875 0.1160028765625 0.746875 0.11598019374999999 0.7437655
1 0.19644388125 1 0.2171875 0.9961993140625001 0.2171875 0.955134609375 0.147458553125 0.9667963140625 0.1432162328125 0.9640954984375 0.143393234375 0.961394684375 0.1524796828125 0.95761354375 0.152422871875 0.9500512624999999 0.1424933875 0.9414086578124999 0.135488990625 0.9387078390625 0.121875 0.989517221875 0.121875 0.9906661765625 0.147354434375 1 0.15849329375 1 0.1511064859375 0.9954249484375 0.1512834875 0.992724134375 0.16498766874999998 0.9943446234375 0.180728646875 1 0.19644388125 1
1 0.2575214671875 0.696875 0.27085503125 0.685957803125 0.3144247015625 0.644022034375 0.3241100125 0.637486590625 0.33066463125 0.6287726625 0.3340049 0.627683421875 0.339721209375 0.6320403875 0.34415161250000004 0.63095114375 0.339042909375 0.6086217078125 0.3609375 0.5633695296875001 0.3609375 0.5546817640625 0.35749720625000003 0.5503473265625 0.325379609375 0.5242055484375 0.32569397499999997 0.519303965625 0.335658721875 0.5084115578125 0.334302953125 0.5040545937500001 0.2734471984375 0.496875 0.264275575 0.496875 0.23361973906250003 0.5356425781249999 0.21179673124999998 0.5699536609375 0.1890625 0.624754625 0.1890625 0.6434836296875 0.2386167515625 0.696875 0.2575214671875 0.696875
3 0.6874444000000001 0.8130473406250001 0.7447075703125 0.8167966249999999 0.80704756875 0.8295536765625 0.8186455578124999 0.81978199375 0.8196732734375001 0.8331174875 0.827958190625 0.834375 0.8461476859375001 0.834375 0.8875 0.6711765140624999 0.8875 0.6483562515625 0.8619373187499999 0.5957116703125 0.8308915234375001 0.5547558031250001 0.7841631390625 0.537778584375 0.7411506250000001 0.53125 0.7283809890625 0.53125 0.7195902765625 0.5477467500000001 0.6736674703125 0.6808086453125 0.66875 0.7327596 0.66875 0.75788489375 0.6724531015624999 0.7942975328124999 0.6874444000000001 0.8130473406250001
3 1 0.7658453062499999 0.9742692265624999 0.77725440625 0.853125 0.8482140749999999 0.853125 0.8626520609374999 0.9123834531250001 0.9354831453125 0.9421909328125 0.984838375 0.97542501875 0.9859375 1 0.9859375 1 0.7658453062499999
16 0.509375 0.83125 0.5410665875 0.83125 0.5633431546875001 0.8153193140624999 0.56875 0.8065288374999999 0.56875 0.78997345 0.5645645984375001 0.7790765953125 0.537651778125 0.7601240515625 0.509375 0.7570532062499999 0.509375 0.83125
16 0.9482894390624999 1 0.9484375 0.9998903390624999 0.9484375 0.9812774390625 0.9416594374999999 0.9716489656250001 0.900854434375 0.9483633000000001 0.8562027984375 0.9481727546875 0.8316966546875 0.9562000125000001 0.8065699953125 0.98782529375 0.807483571875 1 0.9482894390624999 1
9 1 0.5061771328125 0.7464238468750001 0.4671875 0.7316087984375 0.4671875 0.763799434375 0.5033381109375 0.84377385 0.5407441234375 0.8623210468749999 0.5586614531249999 0.9061963109375 0.5838211015625 0.933310546875 0.61979516875 0.9887122265624999 0.6651405359375 1 0.671508265625 1 0.5061771328125