11 0.475 0.45 0.475 0.3766243234375 0.4108465 0.16646142656250001 0.4019991640625 0.1552905046875 0.383743678125 0.1453125 0.3281387734375 0.1453125 0.31750770625 0.14834635625 0.287923346875 0.164747371875 0.2820222078125 0.1702810359375 0.2729796671875 0.184743546875 0.271875 0.1876989671875 0.271875 0.24361221406250003 0.28021076875 0.28262187499999997 0.3037242578125 0.4249731921875 0.3142703296875 0.45 0.475 0.45
17 0 0.3485630046875 0.1531331625 0.3703125 0.1868703625 0.3703125 0.18953145625 0.3676035796875 0.18888063906250002 0.3551848234375 0.196875 0.308195778125 0.196875 0.285813709375 0.1955373109375 0.282426590625 0.1917738109375 0.2772054921875 0.1835657359375 0.2727937671875 0.149189053125 0.2637305734375 0.091936565625 0.255768490625 0.054054596875000006 0.2559246859375 0 0.25970467343750003 0 0.3485630046875
1 0 0.26075666875 0.1004645265625 0.2563726171875 0.138094921875 0.25323046250000003 0.1425414890625 0.250365778125 0.1484375 0.2118693359375 0.1484375 0.1497406453125 0.098534984375 0.14158883125 0 0.135447484375 0 0.26075666875
5 0 0.1100661828125 0.000287609375 0.11026695625 0.038313228125 0.1262998890625 0.0814645609375 0.135885821875 0.08184839375 0.1359375 0.1386017 0.1359375 0.15315384062499998 0.131271465625 0.1678792421875 0.1185646046875 0.1703125 0.11519607031250001 0.1703125 0.1045565046875 0.169053215625 0.10277188906250001 0.15246080312500002 0.08875504375 0.13914669375 0.07095685625 0.12983612656250001 0.0635141578125 0.109734403125 0.0391065171875 0.09935767031250001 0.030219767187500003 0.0340156796875 0.0328604984375 0.0032179984375 0.0320200953125 0 0.0331964390625 0 0.1100661828125
5 0.1889155578125 0.020847090625000002 0.1398126796875 0.02279283125 0.098319503125 0.027690393749999997 0.10222710937499999 0.035879829687499996 0.1396962375 0.0775624125 0.141962521875 0.08287982187500001 0.1940779890625 0.129012696875 0.20361448906250001 0.14029269687499998 0.2124222125 0.14714325781249998 0.229572625 0.1424572015625 0.23034897187499997 0.1484375 0.238423096875 0.1484375 0.242134346875 0.1450621796875 0.24362205937499998 0.1354991875 0.25037532812499996 0.12208256875000001 0.256373871875 0.10374049999999999 0.2609375 0.0817269328125 0.2609375 0.056321709374999994 0.25862684062499997 0.0518082625 0.2550306625 0.049570987500000004 0.2386889890625 0.050715581249999996 0.2124993875 0.034628015625 0.20158109062500001 0.025436124999999997 0.1889155578125 0.020847090625000002
0 0.1593770984375 0.15653309531249998 0.16775156093750002 0.16246516718749998 0.1609599765625 0.1674475015625 0.154935653125 0.1678664609375 0.15004693593750001 0.170712009375 0.1478262125 0.1763786953125 0.1505446921875 0.1897196921875 0.17785181562500002 0.248956415625 0.1838192484375 0.2665814828125 0.1960477953125 0.2882811421875 0.200007121875 0.30604586093749997 0.20243561250000003 0.3078125 0.21890210625 0.3078125 0.229203609375 0.305518740625 0.26212903593750003 0.2896988984375 0.2791737734375 0.27849126874999997 0.28125 0.27598151249999997 0.28125 0.26127982968749996 0.23017661406249998 0.1390625 0.2287931125 0.1390625 0.1929602796875 0.1531953375 0.1659845140625 0.1480557765625 0.1484135734375 0.1492777421875 0.1465370171875 0.1519138109375 0.149231321875 0.155234228125 0.1593770984375 0.15653309531249998
11 0.3483692703125 0 0.3443205875 0.00191590625 0.3296312125 0.0180905140625 0.319015778125 0.0259035421875 0.297309778125 0.0516563359375 0.2814389453125 0.0643815203125 0.256816425 0.091853740625 0.24816725312500001 0.11820082031250001 0.247035996875 0.125345796875 0.2487406578125 0.1388516390625 0.25535850937500004 0.15049741249999998 0.2632384203125 0.157512315625 0.27340732343749996 0.1625 0.300452521875 0.1625 0.309028878125 0.1613521875 0.319275946875 0.15608842812499998 0.343924628125 0.129119028125 0.37453715781249997 0.101224878125 0.4028390921875 0.06743751875000001 0.41167138437500006 0.044610185937500005 0.42488941875 0.029043881249999997 0.425 0.028738884375000003 0.425 0 0.3483692703125 0
1 0.5296875 0.1000543515625 0.55403795 0.11963820781250001 0.5691548046875 0.1234375 0.5924448453125 0.1234375 0.637679409375 0.1130432390625 0.6688399515625 0.10809701406250001 0.683600209375 0.06358098281249999 0.701640525 0.035552371875 0.715625 0.020087721875 0.715625 0.002924484375 0.6950804109375 0.0058750171875 0.6655598953124999 0.0091725 0.6327593234375 0.028957403124999996 0.59667869375 0.0322548875 0.5655181484375 0.019064951562499998 0.5491178640625 0.0141187265625 0.5296875 0.0141187265625 0.5296875 0.1000543515625
10 0.6038894625 0 0.591617428125 0.019754701562499997 0.5640625 0.009867278125 0.5640625 0.0100234265625 0.5899351140625 0.023175428125 0.5882528 0.023175428125 0.5865704875000001 0.023175428125 0.5961419484375 0.025 0.648591415625 0.025 0.6790977328125 0.00949251875 0.7026501234375 0.006071790625 0.7295671390624999 0.0026510640625000003 0.7548018421875 0.007782154687499999 0.75625 0.007046003125 0.75625 0 0.6038894625 0
8 0 1 0.314632946875 1 0.31317716562500003 0.9919801671874999 0.29503338125 0.9322678078125 0.2820735359375 0.8842383 0.265225734375 0.8323145109375 0.22245824375 0.8154392781249999 0.2639297515625 0.8608725953124999 0.25226588906249997 0.8816421125 0.20042650625 0.8673630687500001 0.1770987828125 0.8634687859374999 0.1485871234375 0.8569783109374999 0.12525940156249998 0.8388049843750001 0.11100357031250001 0.8128430890624999 0.08378789375 0.8050545203125001 0.041020403125 0.7972659515625 0 0.796310434375 0 1
8 0.50625 1 0.50625 0.8137088374999999 0.50365616875 0.694407921875 0.4988396984375 0.55625 0.40767552656249995 0.55625 0.39077449999999997 0.562220409375 0.3687171609375 0.6122719906249999 0.3674196703125 0.657190078125 0.3505522953125 0.7726937296875 0.3609322171875 0.8047780765624999 0.332387428125 0.8856306328125001 0.3296875 0.9069950640624999 0.3296875 0.9296541296874998 0.33368492031249997 0.9343988421875 0.3330216921875 1 0.50625 1
8 0.3377585140625 1 0.34033938125 0.9432398718750001 0.332778896875 0.9306432749999999 0.332778896875 0.9079694015625 0.359375 0.8316756578125 0.359375 0.8057522265625 0.3579805109375 0.7946000421875 0.35546035 0.7744454890625001 0.35672043124999997 0.7353960421875 0.32017809062499997 0.7643682125 0.2899361546875 0.7996386796875 0.26473454375 0.83113016875 0.26221438125 0.83113016875 0.2685147859375 0.871439275 0.2848958328125 0.9029307640625 0.3000168015625 0.9608751046874999 0.3063068328125 1 0.3377585140625 1
9 1 0.50625 0.9891238874999999 0.50625 0.9785803359374998 0.509345325 0.9597996578124999 0.5188853375 0.94884875 0.5290292375 0.9427304703124999 0.5381125828125 0.927778215625 0.5738493703125 0.9101176000000001 0.6048726640625001 0.896265009375 0.65120501875 0.8671999156249999 0.6860580765625001 0.837543390625 0.73270718125 0.8359375 0.7384447328125 0.8359375 0.8054282109375 0.8427178640624999 0.8224135531249999 0.8502449890625 0.8317644359375 0.857737846875 0.83592555 0.8670245921875 0.8544554921875 0.8705335234374999 0.857781940625 0.9154268828125 0.8671875 1 0.8671875 1 0.50625
0 0.6972433859375 0.45 0.70984061875 0.47771390937499997 0.7149426 0.49383481875 0.7397662734375 0.538667640625 0.758587246875 0.5822454203125 0.7635760421875 0.5888083453124999 0.774254103125 0.59455355625 0.7785220984375 0.5953125 0.8318596656249999 0.5953125 0.8720053015625 0.585886590625 0.919874109375 0.5652848109375 0.9370155109375 0.5513055109375 0.94375 0.5410763640625 0.94375 0.5100715046875 0.9253717968749999 0.47510552500000003 0.9157941890625001 0.45 0.6972433859375 0.45
0 0.8234868265624999 0.593672884375 0.7893083984375 0.627965996875 0.779191075 0.6314135125 0.7664870687500001 0.6403827515625 0.7646885421875 0.6430383468749999 0.764297665625 0.6525530140625 0.7495457390625 0.67220681875 0.69441165625 0.7263762546875 0.6890625 0.7405194171874999 0.6890625 0.760141353125 0.69264591875 0.77196865625 0.704352353125 0.7951153 0.727529940625 0.8186319328125 0.8330791390625001 0.840625 0.8526814375 0.840625 0.8557869124999999 0.8387908109375001 0.8654126359375001 0.8296852140625 0.8506479062500001 0.8170126078125 0.8427471609375001 0.7971842390624999 0.8391844640624999 0.769673784375 0.8417447546875 0.7373784640625 0.8453553984375001 0.7265144593749999 0.8604846140625 0.7028988 0.8883649968749999 0.669818671875 0.9004495046875001 0.6511242375 0.9159160343749999 0.6023259375000001 0.928125 0.5825344265625001 0.928125 0.565625 0.9093647812500001 0.565625 0.8911690609375 0.575451946875 0.872086275 0.581071815625 0.8632958640625 0.58681605625 0.8346616859375 0.589940665625 0.8234868265624999 0.593672884375
0 0.60371238125 0.45 0.59527355625 0.4766150265625 0.5906877296874999 0.503790190625 0.586233453125 0.5137175640625 0.5727585375 0.571116725 0.5664149671875001 0.5850912687500001 0.5689075609375001 0.5905482656250001 0.583286284375 0.6029328609375 0.58094394375 0.6276156546875 0.58352839375 0.6321047015625 0.59157054375 0.637241365625 0.6263959906250001 0.6509398671875 0.6562230171875 0.6591509859375 0.6980871921875 0.6674111609375 0.7226075328125 0.66809611875 0.729508475 0.66410971875 0.7300269171875 0.653359365625 0.7318243546875 0.650280146875 0.7431990374999999 0.6467356234375 0.7486240421874999 0.6424406078125 0.74693169375 0.639125259375 0.747942115625 0.6284777796875 0.7606557171875 0.589675465625 0.7486979578125 0.5570667375 0.71468051875 0.4872690765625 0.7009175078125 0.45 0.60371238125 0.45