18 0.31962890625 0.59912109375 0.27568359375 0.5615234375 0.2693359375 0.55712890625 0.26298828125 0.55615234375 0.2283203125 0.56787109375 0.1990234375 0.58154296875 0.151171875 0.599609375 0.14189453125 0.60498046875 0.1384765625 0.61181640625 0.137759559375 0.6390625 0.3407792421875 0.6390625 0.325 0.60595703125 0.31962890625 0.59912109375
18 0.4666015625 0.330078125 0.50615234375 0.31201171875 0.561328125 0.29052734375 0.575 0.28271484375 0.5955078125 0.275390625 0.60478515625 0.26953125 0.60380859375 0.2646484375 0.59794921875 0.26025390625 0.5544921875 0.244140625 0.533984375 0.23388671875 0.5154296875 0.2314453125 0.49833984375 0.212890625 0.4880859375 0.2060546875 0.47294921875 0.18701171875 0.471484375 0.181640625 0.46220703125 0.17919921875 0.45439453125 0.185546875 0.37138671875 0.2060546875 0.36064453125 0.2099609375 0.35771484375 0.21337890625 0.35625 0.21875 0.3572265625 0.24169921875 0.3708984375 0.29296875 0.38310546875 0.3076171875 0.4021484375 0.3212890625 0.42412109375 0.33154296875 0.4666015625 0.330078125
18 0.467578125 0.59619140625 0.467578125 0.5888671875 0.4626953125 0.5712890625 0.45341796875 0.51220703125 0.45390625 0.50146484375 0.45 0.4873046875 0.43974609375 0.48193359375 0.4109375 0.431640625 0.38310546875 0.40966796875 0.37431640625 0.40771484375 0.3552734375 0.4208984375 0.3494140625 0.4443359375 0.33671875 0.47998046875 0.32890625 0.60009765625 0.3318359375 0.603515625 0.36455078125 0.62158203125 0.37529296875 0.62646484375 0.3796875 0.62646484375 0.4041015625 0.61328125 0.46220703125 0.60107421875 0.467578125 0.59619140625
18 0.13603515625 0.5673828125 0.14140625 0.55517578125 0.14140625 0.55126953125 0.1296875 0.55029296875 0.0662109375 0.5615234375 0.059375 0.5654296875 0.059375 0.59912109375 0.0876262390625 0.6390625 0.13653395468750001 0.6390625 0.13798828125 0.591796875 0.13603515625 0.5673828125
18 0.2419921875 0.5625 0.24296875 0.54296875 0.2380859375 0.49951171875 0.23515625 0.49560546875 0.17314453125 0.50390625 0.16728515625 0.50732421875 0.15068359375 0.50732421875 0.112109375 0.521484375 0.112109375 0.55224609375 0.14091796875 0.5517578125 0.13505859375 0.56787109375 0.13798828125 0.6025390625 0.139453125 0.60400390625 0.19267578125 0.58447265625 0.2419921875 0.5625
18 0.2576171875 0.55712890625 0.26103515625 0.5537109375 0.26298828125 0.54541015625 0.2751953125 0.52685546875 0.3240234375 0.46826171875 0.33330078125 0.45458984375 0.338671875 0.44140625 0.3337890625 0.41015625 0.32548828125 0.38134765625 0.30498046875 0.380859375 0.28837890625 0.3642578125 0.27958984375 0.36083984375 0.276171875 0.3662109375 0.26884765625 0.388671875 0.2615234375 0.40087890625 0.2595703125 0.4091796875 0.2537109375 0.41650390625 0.25029296875 0.43310546875 0.237109375 0.47119140625 0.2380859375 0.50830078125 0.2439453125 0.5576171875 0.2458984375 0.56005859375 0.2576171875 0.55712890625
18 0.1453125 0.48583984375 0.153125 0.47802734375 0.18388671875 0.42431640625 0.2078125 0.38916015625 0.26884765625 0.33837890625 0.2673828125 0.333984375 0.25224609375 0.322265625 0.23271484375 0.30908203125 0.2263671875 0.30810546875 0.2029296875 0.3251953125 0.17314453125 0.3564453125 0.15361328125 0.37939453125 0.143359375 0.39697265625 0.121875 0.42578125 0.12236328125 0.478515625 0.13017578125 0.49560546875 0.13603515625 0.49951171875 0.13896484375 0.5 0.14287109375 0.49560546875 0.1453125 0.48583984375
18 0.09990234375 0.34326171875 0.11162109375 0.33203125 0.11845703125 0.3212890625 0.12578125 0.326171875 0.13017578125 0.326171875 0.135546875 0.3203125 0.1580078125 0.3046875 0.17705078125 0.29541015625 0.1853515625 0.28857421875 0.209765625 0.283203125 0.23662109375 0.28076171875 0.24345703125 0.275390625 0.24345703125 0.2685546875 0.23857421875 0.26171875 0.21708984375 0.2421875 0.1931640625 0.19189453125 0.18876953125 0.18994140625 0.158984375 0.20458984375 0.151171875 0.21435546875 0.139453125 0.21630859375 0.12822265625 0.22265625 0.10625 0.24755859375 0.0935546875 0.26513671875 0.07158203125 0.287109375 0.0681640625 0.294921875 0.075 0.31298828125 0.0818359375 0.349609375 0.09990234375 0.34326171875
18 0.21904296875 0.24462890625 0.22783203125 0.251953125 0.23076171875 0.25146484375 0.2361328125 0.24462890625 0.2361328125 0.23974609375 0.22978515625 0.2119140625 0.209765625 0.17041015625 0.2068359375 0.1669921875 0.20244140625 0.1669921875 0.1521484375 0.19580078125 0.09501953125 0.20166015625 0.06279296875 0.2080078125 0.059375 0.21240234375 0.059375 0.2412109375 0.06083984375 0.2451171875 0.0642578125 0.248046875 0.07158203125 0.25 0.08037109375 0.25732421875 0.09990234375 0.25537109375 0.11650390625 0.23388671875 0.131640625 0.2197265625 0.14140625 0.21337890625 0.1912109375 0.189453125 0.21904296875 0.24462890625
18 0.27421875 0.24462890625 0.27763671875 0.2353515625 0.27763671875 0.224609375 0.2625 0.13330078125 0.26103515625 0.13134765625 0.2517578125 0.1328125 0.24345703125 0.12841796875 0.2224609375 0.15478515625 0.2107421875 0.17333984375 0.229296875 0.21142578125 0.23515625 0.2392578125 0.24248046875 0.2578125 0.24296875 0.26611328125 0.2478515625 0.26806640625 0.24931640625 0.265625 0.25615234375 0.26416015625 0.2625 0.25537109375 0.27421875 0.24462890625
18 0.46025390625 0.4814453125 0.4763671875 0.48095703125 0.4900390625 0.47705078125 0.4958984375 0.47265625 0.498828125 0.466796875 0.510546875 0.45458984375 0.518359375 0.43115234375 0.50419921875 0.40966796875 0.498828125 0.4052734375 0.47978515625 0.396484375 0.465625 0.3828125 0.43291015625 0.37451171875 0.43046875 0.369140625 0.4373046875 0.35302734375 0.43681640625 0.34912109375 0.42705078125 0.3447265625 0.4099609375 0.3310546875 0.3982421875 0.31787109375 0.39091796875 0.3134765625 0.3806640625 0.310546875 0.32109375 0.306640625 0.28984375 0.306640625 0.28154296875 0.30908203125 0.27666015625 0.32177734375 0.27763671875 0.32958984375 0.2810546875 0.3349609375 0.30302734375 0.34619140625 0.32548828125 0.3662109375 0.40556640625 0.42724609375 0.4138671875 0.4375 0.4421875 0.48486328125 0.45048828125 0.4853515625 0.46025390625 0.4814453125
18 0.6677734375 0.42236328125 0.6443359375 0.4384765625 0.6404296875 0.44482421875 0.61796875 0.4580078125 0.61259765625 0.46337890625 0.5935546875 0.4736328125 0.58037109375 0.47216796875 0.55791015625 0.46240234375 0.5466796875 0.46044921875 0.52568359375 0.4375 0.5203125 0.4345703125 0.51689453125 0.43505859375 0.50419921875 0.4716796875 0.50419921875 0.4765625 0.52861328125 0.52734375 0.5447265625 0.5439453125 0.5544921875 0.54931640625 0.61064453125 0.55810546875 0.62041015625 0.55517578125 0.65458984375 0.52197265625 0.6775390625 0.50390625 0.6796875 0.49938322343749997 0.6796875 0.42767269687500004 0.67314453125 0.4228515625 0.6677734375 0.42236328125
18 0.64775390625 0.5302734375 0.616015625 0.55712890625 0.6091796875 0.5576171875 0.56279296875 0.55126953125 0.5515625 0.5478515625 0.54521484375 0.54833984375 0.5408203125 0.55322265625 0.5408203125 0.56787109375 0.5447265625 0.57373046875 0.54521484375 0.580078125 0.5564453125 0.5869140625 0.5623046875 0.58642578125 0.56767578125 0.59228515625 0.5740234375 0.59423828125 0.57841796875 0.59912109375 0.5818359375 0.62939453125 0.5795084640625 0.6390625 0.6796875 0.6390625 0.6796875 0.5483556796875 0.6736328125 0.54541015625 0.6755859375 0.53173828125 0.6796875 0.519638671875 0.6796875 0.502180325 0.6560546875 0.5205078125 0.64775390625 0.5302734375
18 0.51689453125 0.142578125 0.52666015625 0.14111328125 0.53203125 0.14599609375 0.56376953125 0.15283203125 0.588671875 0.1611328125 0.60283203125 0.16259765625 0.6091796875 0.1611328125 0.61357421875 0.14697265625 0.6296875 0.1240234375 0.6296875 0.10400390625 0.6267578125 0.08154296875 0.623828125 0.07958984375 0.5544921875 0.06787109375 0.5173828125 0.06494140625 0.51494140625 0.06982421875 0.4822265625 0.06689453125 0.47392578125 0.06884765625 0.4705078125 0.07861328125 0.46708984375 0.10302734375 0.47685546875 0.12939453125 0.48173828125 0.13037109375 0.4900390625 0.1279296875 0.49345703125 0.1337890625 0.50224609375 0.13916015625 0.51689453125 0.142578125
18 0.57841796875 0.47216796875 0.59501953125 0.4736328125 0.64091796875 0.44482421875 0.6453125 0.4384765625 0.66630859375 0.42529296875 0.66728515625 0.42138671875 0.65556640625 0.41796875 0.64970703125 0.4140625 0.57744140625 0.4208984375 0.56572265625 0.4150390625 0.545703125 0.41552734375 0.52470703125 0.4140625 0.51982421875 0.412109375 0.5232421875 0.4091796875 0.5857421875 0.408203125 0.60576171875 0.40625 0.6052734375 0.40283203125 0.59599609375 0.39453125 0.600390625 0.3662109375 0.584765625 0.36669921875 0.58623046875 0.36328125 0.575 0.3544921875 0.5720703125 0.34912109375 0.57158203125 0.33349609375 0.5642578125 0.33203125 0.56279296875 0.32861328125 0.56376953125 0.32177734375 0.576953125 0.3193359375 0.5916015625 0.30859375 0.59013671875 0.3056640625 0.56962890625 0.28955078125 0.56376953125 0.28857421875 0.502734375 0.3125 0.47734375 0.3251953125 0.4705078125 0.33056640625 0.47001953125 0.337890625 0.4783203125 0.35986328125 0.48759765625 0.37451171875 0.49736328125 0.3974609375 0.5212890625 0.43505859375 0.54716796875 0.4609375 0.557421875 0.46240234375 0.57841796875 0.47216796875
18 0.45244140625 0.1414388015625 0.479296875 0.1341145828125 0.47197265625 0.1349283859375 0.46708984375 0.09993489531250001 0.4174479171875 0.1097005203125 0.39303385468749996 0.1153971359375 0.3775716140625 0.1446940109375 0.37919921875 0.169921875 0.39303385468749996 0.1780598953125 0.401171875 0.1927083328125 0.41663411406249995 0.1975911453125 0.43372395781249995 0.16748046875 0.45244140625 0.1414388015625
18 0.1847005203125 0.4230143234375 0.15947265625 0.4661458328125 0.13994140625 0.49462890625 0.1423828125 0.5100911453125 0.16842447968750002 0.5068359375 0.2188802078125 0.4734700515625 0.2310872390625 0.4710286453125 0.2595703125 0.404296875 0.2677083328125 0.3888346359375 0.28154296875 0.3595377609375 0.30758463593749996 0.38232421875 0.3279296875 0.3660481765625 0.30514322968749996 0.345703125 0.28805338593749996 0.3359375 0.27340494843749996 0.3310546875 0.2237630203125 0.3741861984375 0.205859375 0.3855794265625 0.1847005203125 0.4230143234375
18 0.576953125 0.5963432609375 0.55009765625 0.5816948234375 0.5435872390625 0.5865776359375 0.5387044265625 0.580881021875 0.5297526046875001 0.585763834375 0.5232421875 0.5776258140625 0.5191731765625 0.585763834375 0.5069661453125 0.571115396875 0.49720052031249995 0.5825086265625 0.48662109375 0.571115396875 0.4744140625 0.5694877921875 0.46708984375 0.5890190421875 0.46220703125 0.6020398765625 0.420703125 0.6093640953125 0.39384765625 0.6183159171875 0.38103359062500003 0.6390625 0.579727671875 0.6390625 0.5834635421875001 0.6264539390625 0.576953125 0.5963432609375
10 0.813031740625 0.38527486875 0.764602421875 0.399672775 0.75936681875 0.4114528796875 0.8025605359375 0.4520287953125 0.857534359375 0.4625 0.8693144640625 0.4625 0.8863301703124999 0.453337696875 0.8928746734375 0.438939790625 0.8941835734374999 0.406217278125 0.8850212703125001 0.3944371734375 0.8666966625000001 0.3865837703125 0.813031740625 0.38527486875
10 0.9413809875 0.45503156875000006 0.9205925671875 0.4658107484375 0.9051937375 0.4627309828125 0.8928746734375 0.458111334375 0.8682365453124999 0.4627309828125 0.831279353125 0.47505004531250006 0.8004816953124999 0.49044887499999995 0.7897025140625 0.49737834999999997 0.7897025140625 0.5158569453124999 0.7989418109375 0.54203495625 0.8120308171874999 0.562053434375 0.8258897624999999 0.562823375 0.886715140625 0.53972513125 0.9282919812499999 0.5150870046875 0.9383012203125001 0.495838465625 0.9583196984375 0.49044887499999995 0.9544699921875001 0.46658068906250005 0.9413809875 0.45503156875000006
13 1 0.40562124062500005 0.9975867140625001 0.4057553125 0.9729485875 0.3888166 0.9429208687499999 0.3649484140625 0.9352214546875001 0.3718778875 0.9144330343749999 0.3895865421875 0.9290619234375 0.40806513750000006 0.9267520984375001 0.415764553125 0.9352214546875001 0.42500384999999996 0.9436908109375001 0.42962349843750003 0.946000634375 0.4442523875 0.9652491734374999 0.47197027968749994 0.98372776875 0.508927471875 0.9968167734375 0.5243263015624999 1 0.52782785 1 0.40562124062500005
13 1 0.27172045625 0.992197125 0.28025485156249996 0.959089640625 0.3141322765625 0.9306018046875 0.338770403125 0.9229023906249999 0.3572489984375 0.937531278125 0.36725823750000003 0.9398411031249999 0.366488296875 0.94061104375 0.3680281796875 0.9583196984375 0.37803741875 0.9744884703125001 0.3903564828125 0.99835665625 0.4057553125 1 0.4056586453125 1 0.27172045625
10 0.7096286 0.3918963671875 0.7088586578125 0.36725823750000003 0.7173280140625 0.3149022171875 0.70115924375 0.30797274375 0.6873002953125 0.3172120421875 0.6811407640625 0.332610871875 0.6796875 0.3343995046875 0.6796875 0.4503253 0.6965395937500001 0.43347320624999996 0.7096286 0.3918963671875
13 0.7257973703125 0.538185246875 0.741966140625 0.5304858328125001 0.75428520625 0.542804896875 0.8004816953124999 0.542804896875 0.788932571875 0.5173968265625 0.7904724562500001 0.49737834999999997 0.814340640625 0.483519403125 0.8020215765625001 0.45041191875 0.7773834500000001 0.4265437328125 0.7619846203125 0.4103749625 0.7504354984375 0.4096050203125 0.741966140625 0.40806513750000006 0.7504354984375 0.386506775 0.7581349140625 0.3734177703125 0.7350366687500001 0.37495765312499996 0.7227176046875 0.37803741875 0.704239009375 0.4096050203125 0.6949997109375 0.4388627953125 0.6796875 0.45594180156249997 0.6796875 0.521481571875 0.6903800625 0.5304858328125001 0.7257973703125 0.538185246875
13 0.858997246875 0.338770403125 0.8643868375 0.3118224515625 0.8759359609375 0.2979635046875 0.8605371312500001 0.29026409062499997 0.83897876875 0.2948837375 0.8212701156250001 0.287184325 0.7966319875 0.2787149671875 0.77122391875 0.27409531875000004 0.7281071953125 0.279484909375 0.7234875453125 0.287954265625 0.7111684828125 0.338770403125 0.710398540625 0.37572759375000003 0.7281071953125 0.37572759375000003 0.7396563171875 0.3734177703125 0.7565950296875 0.371107946875 0.7450459078125 0.3995957796875 0.74966555625 0.4057553125 0.7604447375000001 0.4096050203125 0.7735337421875 0.39728595625 0.8043314015625 0.386506775 0.8428284765624999 0.3841969515625 0.8551475406250001 0.3718778875 0.858997246875 0.338770403125
13 1 0.255959959375 0.97468095625 0.25503926718750003 0.9085814796875 0.251112565625 0.889602421875 0.2556937171875 0.8778223171875 0.26289267031249997 0.8680055624999999 0.25962041875 0.8686600125 0.266819371875 0.8686600125 0.29037958124999996 0.8778223171875 0.28907068125 0.8778223171875 0.3008507859375 0.8647333109374999 0.3067408375 0.859497709375 0.33095549687500003 0.8562254578124999 0.36760471250000004 0.8647333109374999 0.38396596875 0.8791312171874999 0.38920157031249997 0.8922202218749999 0.3964005234375 0.91447153125 0.391164921875 0.9170893328125 0.3872382203125 0.939340640625 0.36695026249999996 0.9236338343750001 0.359096859375 0.9249427359375 0.3473167546875 0.9419584421874999 0.328337696875 0.9681364531250001 0.3028141359375 0.9943144640625 0.27598167500000004 1 0.26915903124999996 1 0.255959959375
10 1 0.21799011093749998 0.9969322640625 0.21708115156250002 0.9720631546874999 0.2125 0.921670484375 0.21315445 0.91578043125 0.2491492140625 0.936722840625 0.250458115625 0.9511207453124999 0.2537303671875 0.9805710078125 0.2556937171875 1 0.2552713484375 1 0.21799011093749998
18 0.65386029375 1 0.6640625 0.9859375 0.6796875 0.8785786296874999 0.6796875 0.6390625 0.4703125 0.6390625 0.4703125 0.8671875 0.4604222078125 1 0.65386029375 1
18 0.3654513890625 1 0.4609375 0.965625 0.4703125 0.8609375 0.4703125 0.7015625 0.4359375 0.6984375 0.2078125 0.71875 0.1328125 0.73125 0.1328125 0.853125 0.1421875 0.890625 0.21980846718749997 1 0.3654513890625 1