3 0.13885781875 0.2775138375 0.0835072640625 0.27382380156249997 0.0853522828125 0.3199492625 0.151772946875 0.377144834375 0.1683781125 0.40482011093750003 0.1997434265625 0.43434040625000003 0.2809242390625 0.47124077499999995 0.29014933125 0.4860009234375 0.306754496875 0.49338099687500003 0.3215146453125 0.50814114375 0.316227925 0.5328125 0.334135734375 0.5328125 0.40269545625000003 0.528436346875 0.424835678125 0.5173662359375 0.43959582499999994 0.495226015625 0.45 0.42759887812499997 0.45 0.42135239999999996 0.404540475 0.2904289671875 0.3934703640625 0.2848939109375 0.3565699953125 0.2885839484375 0.2458688875 0.260908671875 0.196053390625 0.259063653125 0.13885781875 0.2775138375
3 0 0.48160233437500005 0.1128776515625 0.5139933125 0.16269315 0.5029232015625 0.1959034828125 0.5066132375 0.2088186109375 0.490008071875 0.24202894375 0.493698109375 0.2859375 0.4827209703125 0.2859375 0.4816982828125 0.28261935 0.47340290625000003 0.1977485 0.4328125 0.1534680578125 0.3848420203125 0.1110326328125 0.39222209375 0.0962724859375 0.4069822421875 0.0815123375 0.4088272609375 0 0.393543696875 0 0.48160233437500005
3 0.56875 0.23708398281249998 0.550164321875 0.2313653125 0.5243340625 0.1999999984375 0.511418934375 0.1999999984375 0.4431532515625 0.20553505468750002 0.40994291875 0.255350553125 0.4265480859375 0.32546125312499996 0.4616034359375 0.3346863453125 0.49296875 0.362361621875 0.47451856562500005 0.39926199218749997 0.44499827031250005 0.3531365296875 0.433928159375 0.364206640625 0.450533325 0.4214022125 0.4468432875 0.46568265625 0.4660999484375 0.4796875 0.48224455156249996 0.4796875 0.5040388609375 0.47859778437499995 0.5335591546875 0.4601476 0.5427842468749999 0.44538745312500005 0.546474284375 0.3955719546875 0.5390942109375 0.330996309375 0.56875 0.329348765625 0.56875 0.23708398281249998
3 0.56875 0 0.4579993078125 0 0.3697705265625 0.110285978125 0.3734605625 0.12320110625 0.36423547031250003 0.12135608906249999 0.358700415625 0.13427121718749999 0.3439402671875 0.143496309375 0.299659825 0.1527214015625 0.299659825 0.16379151249999999 0.40667089531249995 0.1970018453125 0.4571869234375 0.203125 0.47698339375 0.203125 0.550582334375 0.1933118078125 0.56875 0.18422797500000002 0.56875 0.0745078546875 0.5616524453125 0.0364852390625 0.5616524453125 0.0125 0.56875 0.00540244375 0.56875 0
3 0.56875 0.26131268125 0.559311578125 0.285582909375 0.5297912828125 0.3169482234375 0.5427064109375 0.3981290375 0.539016375 0.4442544984375 0.5094960796875 0.47377479375 0.4910458953125 0.4793098484375 0.48920087656250005 0.48853494062499997 0.49842596875 0.523590290625 0.520566190625 0.529125346875 0.5445514296875 0.5752508062499999 0.5650503515625 0.590625 0.56875 0.590625 0.56875 0.579146678125 0.5666916515625 0.57894084375 0.5519315046875 0.5678707328125 0.5261012453125 0.5162102156249999 0.56875 0.5120493625 0.56875 0.26131268125
3 0 0.4023927578125 0.021188884375 0.408446725 0.087609546875 0.41767181718749996 0.11343980468749999 0.4379670203125 0.14480511875 0.43427698281250005 0.1671375359375 0.4390625 0.171010146875 0.4390625 0.17801545000000002 0.425051890625 0.17248039531249998 0.40660170625000003 0.1503401734375 0.37154635625 0.08576452812499999 0.3143507828125 0.08576452812499999 0.2792954328125 0.14480511875 0.2792954328125 0.203845709375 0.2608452484375 0.2628863 0.2626902671875 0.29609663125 0.2460851 0.3015625 0.24061923125 0.3015625 0.22938438749999998 0.2628863 0.1759744 0.2481261515625 0.1685943265625 0.19093058125 0.18888952812499998 0.17248039531249998 0.2073397140625 0.15218519375 0.20918473125 0.12266489843749999 0.23132495312499998 0.0728493984375 0.2460851 0.0488641609375 0.24424008281249998 0.00458371875 0.19626960468750002 0 0.1936503359375 0 0.4023927578125
3 0.342600271875 0 0.33986681406249997 0.0030068031249999997 0.2789812046875 0.010386878125 0.210715521875 0.06758245 0.1664350796875 0.115552928125 0.1092395078125 0.150608278125 0.07049412031249999 0.152453296875 0.059424009374999996 0.113707909375 0.05757899062500001 0.06758245 0.029903714062499996 0.07127248750000001 0.0114535296875 0.086032634375 0.0022284375 0.12662304062500002 0 0.1279848640625 0 0.201885378125 0.040973825000000005 0.242859203125 0.0659666140625 0.25 0.06757508437500001 0.25 0.1203096171875 0.233634109375 0.1498299109375 0.20964886875 0.173815153125 0.2059588328125 0.19226533750000002 0.18750865 0.2623760390625 0.15983337343749998 0.3509369234375 0.14138318593750002 0.367542090625 0.119242965625 0.367542090625 0.1081728546875 0.42842769843750006 0.0380621546875 0.45331449218750003 0 0.342600271875 0
3 0 0.5341660328125 0.0052035296875 0.5320312515625 0.053174009375 0.524651178125 0.06875 0.5108058515625 0.06875 0.5088618546875 0.0550190265625 0.49513088125 0 0.47679120781249995 0 0.5341660328125
12 0.56875 0.61875 0.6077998890625 0.61875 0.6116734593750001 0.5830578203125001 0.6152966484375 0.5685650671875 0.62737394375 0.5552800421875 0.63582805 0.5335409125 0.6375 0.5159854296875 0.6375 0.5057157234375 0.6189198375 0.44416893125 0.5838956828125 0.37653608125 0.5814802234374999 0.32581144375000004 0.56875 0.315910159375 0.56875 0.61875
12 0.7984375 0.61875 0.7984375 0.5790534359375 0.7926970093750001 0.5426970109375 0.7806197156250001 0.5028419375000001 0.7685424203125 0.48110280781250003 0.7745810687500001 0.4303781703125 0.760088315625 0.412262228125 0.72747961875 0.4013926625 0.6924554640625 0.40984676875000003 0.6791704421875 0.424339521875 0.674339521875 0.47264870156249994 0.6513926624999999 0.49680329062500006 0.6332767203125 0.5426970109375 0.61395305 0.5692670578125 0.60187575625 0.5970448359375 0.605618025 0.61875 0.7984375 0.61875
12 1 0.39271915156250004 0.983371075 0.40047931718749996 0.9616319453125 0.43791893125000003 0.8891681765625 0.491059028125 0.83965126875 0.545406853125 0.8130812203125 0.587677384375 0.7993727140625 0.61875 0.90502614375 0.61875 0.9121150374999999 0.6154551625 0.9350618953125001 0.5804310078125 0.9543855671875001 0.567145984375 0.9797478875 0.564730525 1 0.5695524562500001 1 0.39271915156250004
12 0.7708786234375 0.33843221562500003 0.724984903125 0.3951955015625 0.724984903125 0.40364960781250003 0.7575935984375001 0.41331144374999995 0.7708786234375 0.43021965624999997 0.7648399765625 0.48456748125000004 0.778125 0.5075143421874999 0.788994565625 0.5401230375 0.7950332125 0.579978109375 0.8040448874999999 0.596875 0.8061849999999999 0.596875 0.8179800734375 0.5872244859375 0.8493810374999999 0.5364998484375 0.84575785 0.4990602359375 0.8517964984375 0.47369791718750004 0.8542119546875 0.42176555000000004 0.8505887671875 0.3577558875 0.8609375 0.32211024843749997 0.8609375 0.3145871234375 0.860250603125 0.30703125 0.8481733078125 0.2949539546875 0.8155646125 0.2864998484375 0.7938254828125 0.2901230375 0.7805404578124999 0.30220033125 0.7708786234375 0.33843221562500003
1 1 0.20237279687499998 0.9054159109375 0.16836503593750002 0.8957540765625 0.16232638906250002 0.8933386171875 0.1430027171875 0.8691840281250001 0.124886775 0.56875 0.124886775 0.56875 0.313550890625 0.5793289546875 0.3229544078125 0.58295214375 0.372471315625 0.622807215625 0.4521814609375 0.6409231578125001 0.521022040625 0.6747395828125 0.4727128625 0.6831936890625 0.42078049531249995 0.695270984375 0.4087032 0.7230487625 0.40024909375 0.7677347515624999 0.3507321859375 0.7846429640625 0.2975920890625 0.796720259375 0.28913798281249997 0.8124207421874999 0.28672252343750004 0.847444896875 0.29517662968749997 0.8595221921875 0.3060461953125 0.8607299218750001 0.321746678125 0.84986035625 0.3628094796875 0.85348354375 0.44372735468749996 0.8462371671875001 0.5173988515625 0.8595221921875 0.521022040625 0.9054159109375 0.478751509375 0.953725090625 0.44976600156249996 0.9863337859375001 0.3966259046875 1 0.3930295328125 1 0.20237279687499998
19 0.20598958281250002 0.61875 0.20598958281250002 0.6205374390625 0.1872395828125 0.6601207718750001 0.18619791562500002 0.6715791046875 0.21953125 0.6653291046875001 0.289322915625 0.6299124390624999 0.30078125 0.628870771875 0.31744791562499997 0.6340791046875001 0.34140625 0.656995771875 0.3966145828125 0.656995771875 0.4330729171875 0.6653291046875001 0.44036458281249996 0.6747041046875 0.4341145828125 0.6903291046875 0.4309895828125 0.6924124390624999 0.4289062484375 0.6830374390625 0.42161458281249997 0.6778291046875 0.3882812484375 0.6715791046875 0.3434895828125 0.6757457718750001 0.304947915625 0.656995771875 0.2841145828125 0.6580374390625 0.2466145828125 0.6767874390624999 0.20703125 0.7028291046875 0.167447915625 0.7153291046875 0.164322915625 0.7267874390625 0.167447915625 0.7684541046875 0.17890625 0.8361624390625 0.1872395828125 0.8632457718750001 0.208072915625 0.897620771875 0.24140625 0.9361624390625 0.25703125 0.94657910625 0.308072915625 0.9674124390625 0.3522124390625 0.96875 0.378594125 0.96875 0.3966145828125 0.9611624390625 0.4028645828125 0.9486624390625 0.4226562484375 0.93095410625 0.45494791718750005 0.9205374390625 0.4664062484375 0.9017874390625 0.4882812484375 0.8924124390625 0.4955729171875 0.885120771875 0.4976562484375 0.8465791062499999 0.5195312484375 0.7955374390625 0.525 0.7691051390625 0.525 0.7504853703125 0.5247395828125 0.7455374390625 0.5122395828124999 0.7017874390625 0.48723958281249996 0.6465791046875 0.468686846875 0.61875 0.20598958281250002 0.61875
19 0.56875 1 0.56875 0.7899816234375 0.5682291671875 0.78931198125 0.5411458328125 0.7851453140625 0.5265625 0.7882703140625 0.5182291671875 0.79556198125 0.4953125 0.8434786484375 0.49322916718750004 0.8809786484375 0.4848958328125 0.89243698125 0.4661458328125 0.90493698125 0.4625 0.925900525 0.4625 0.9308050343750001 0.46510416718750003 0.9403536484374999 0.4828125 0.9538953140625 0.49010416718750005 0.97368698125 0.51482245625 1 0.56875 1
16 0.86865234375 0.729736328125 0.85498046875 0.737060546875 0.8505859375 0.741943359375 0.84912109375 0.759521484375 0.86669921875 0.822998046875 0.88134765625 0.891845703125 0.888671875 0.910888671875 0.8984375 0.919677734375 0.90869140625 0.923583984375 0.9244349890624999 0.9265625 0.95951171875 0.9265625 0.96484375 0.925537109375 0.97119140625 0.921142578125 0.97119140625 0.720458984375 0.94287109375 0.719482421875 0.89306640625 0.723388671875 0.86865234375 0.729736328125
16 0.63817729375 0.61875 0.6376953125 0.621240234375 0.650390625 0.650048828125 0.669921875 0.676416015625 0.68115234375 0.687646484375 0.712890625 0.705712890625 0.73486328125 0.722314453125 0.7470703125 0.728662109375 0.77197265625 0.748681640625 0.7824751421875 0.753125 0.7943359375 0.753125 0.80615234375 0.747216796875 0.81982421875 0.736474609375 0.8349609375 0.720849609375 0.85107421875 0.695947265625 0.8544921875 0.681298828125 0.8112599093749999 0.61875 0.63817729375 0.61875
10 0.8117347828125 1 0.81923828125 0.98603515625 0.8275390625 0.96064453125 0.8296875 0.93830078125 0.8296875 0.92880859375 0.82900390625 0.91376953125 0.8216796875 0.887890625 0.8109375 0.86787109375 0.81044921875 0.84931640625 0.80654296875 0.83076171875 0.7728515625 0.7580078125 0.7591796875 0.73798828125 0.7455078125 0.72529296875 0.72451171875 0.71259765625 0.7162109375 0.7052734375 0.69912109375 0.69501953125 0.69423828125 0.69404296875 0.68740234375 0.69794921875 0.68056640625 0.7052734375 0.678125 0.71943359375 0.68642578125 0.72431640625 0.6966796875 0.76240234375 0.7015625 0.77412109375 0.7015625 0.78095703125 0.6888671875 0.78486328125 0.67958984375 0.784375 0.66640625 0.7892578125 0.65908203125 0.79755859375 0.65517578125 0.81171875 0.65517578125 0.8224609375 0.6625 0.86201171875 0.672265625 0.88251953125 0.672265625 0.88642578125 0.6693359375 0.88984375 0.66689453125 0.8986328125 0.6634765625 0.91767578125 0.66298828125 0.94794921875 0.66787109375 0.97041015625 0.67666015625 0.99091796875 0.682978090625 1 0.8117347828125 1
11 0.56875 0.61875 0.56875 0.8309833234375 0.57041015625 0.83232421875 0.5806640625 0.8318359375 0.58701171875 0.8376953125 0.59111328125 0.8390625 0.5937766328125 0.8390625 0.601171875 0.83427734375 0.6119140625 0.83623046875 0.62314453125 0.83134765625 0.6333984375 0.8298828125 0.64072265625 0.83818359375 0.644140625 0.8259765625 0.64755859375 0.82255859375 0.6490234375 0.8103515625 0.65244140625 0.8142578125 0.6548828125 0.80302734375 0.6607421875 0.7927734375 0.66953125 0.7869140625 0.68271484375 0.7830078125 0.703125 0.78252185625 0.703125 0.773838975 0.69052734375 0.7341796875 0.6890625 0.7244140625 0.67978515625 0.7166015625 0.67685546875 0.686328125 0.6509765625 0.64482421875 0.6394084234374999 0.61875 0.56875 0.61875