0 0 0.5890625 0.1390625 0.5890625 0.1390625 0.4088500171875 0.1326431140625 0.3480492984375 0.12077045625 0.3164538328125 0.09074914843750001 0.29060199999999997 0.0866182140625 0.2890625 0 0.2890625 0 0.5890625
0 0.2642177125 0.5890625 0.2657478984375 0.5852443734375 0.2812736046875 0.5663349578125 0.327456440625 0.44184522187499997 0.34375 0.38552985624999997 0.34375 0.34282363125000004 0.3266603 0.3050191265625 0.2873721421875 0.2708485625 0.27201351093750004 0.265625 0.1602864453125 0.265625 0.1375548328125 0.275167196875 0.125 0.2872792515625 0.125 0.5504879921875 0.12756918281250001 0.5744036171875 0.1376301546875 0.5890625 0.2642177125 0.5890625
0 0.4796875 0.3015625 0.36103583906250003 0.3015625 0.351050628125 0.31430156249999996 0.336025478125 0.3928033828125 0.2796875 0.5544928062500001 0.2796875 0.5890625 0.463761690625 0.5890625 0.4796875 0.5719639937500001 0.4796875 0.3015625
0 0 0.297080096875 0.0158622609375 0.29296569843750003 0.0828008953125 0.3031116390625 0.084375 0.30053043125 0.084375 0.241126409375 0.078334940625 0.17428537500000002 0.06820829843750001 0.1367642640625 0.056972579687500004 0.1214634171875 0.0383256625 0.10957186249999999 0 0.1031304 0 0.297080096875
0 0.2342491546875 0.1264193078125 0.1661609125 0.1322623828125 0.14022360312499998 0.14471772656249998 0.125450678125 0.1600789671875 0.1169226328125 0.1842850625 0.117131653125 0.2198917015625 0.13001051875 0.315625 0.130643828125 0.315625 0.15964297031250002 0.287894721875 0.2053591984375 0.26887296250000003 0.248712978125 0.269396184375 0.29461660625 0.2822976171875 0.3078125 0.2208198296875 0.3078125 0.1872769203125 0.2989883328125 0.18304471093750002 0.28273866718749996 0.15783802656249998 0.2640833109375 0.14480943125 0.266510628125 0.1363147828125 0.261519046875 0.1299755890625 0.2342491546875 0.1264193078125
0 0.4796875 0.1748269671875 0.47895023593749997 0.1739707546875 0.43159011875 0.1538724421875 0.3803555109375 0.1484375 0.3679087953125 0.1484375 0.3281896109375 0.1586671 0.3129450453125 0.1722896859375 0.30666311562500004 0.19017001875 0.29926746406250004 0.236510140625 0.3045248375 0.262641915625 0.29375 0.2719634875 0.29375 0.28931298125 0.3149950078125 0.30712930781250003 0.3283955203125 0.3265625 0.35844939375 0.3265625 0.3763150671875 0.31225619843749997 0.46953519374999997 0.3135192046875 0.4796875 0.2996628484375 0.4796875 0.1748269671875
11 0.4796875 0.2674228171875 0.50676428125 0.26090908125 0.5321672609375 0.25224369687500003 0.5974432078125 0.23750885937500002 0.633454803125 0.23273560781249997 0.7008522359375 0.2150112359375 0.7125210078124999 0.20798869375 0.733242171875 0.1995146828125 0.7704832671874999 0.17755885625 0.789308340625 0.157437240625 0.8092794171875 0.1421068140625 0.8391078484375001 0.1049722890625 0.84762241875 0.09824943124999999 0.8828125 0.09141997187499999 0.8828125 0.0190114921875 0.8751851078125 0.0190882046875 0.8550578171875 0.024464365625 0.84289415 0.034068448437499996 0.8387215375 0.0342959265625 0.8306589390625 0.030584315625000004 0.822044215625 0.0189836703125 0.817762178125 0.0171875 0.6331107828125 0.0171875 0.6269915578124999 0.0187604546875 0.591546396875 0.034040384374999996 0.571758971875 0.045720553125 0.4948571765625 0.0753308578125 0.4796875 0.080505490625 0.4796875 0.2674228171875
9 1 0.4749078203125 0.9942046437500001 0.4670453765625 0.956048634375 0.42713192031249997 0.8945959468750001 0.385554315625 0.86074211875 0.36956749843750003 0.8316883390625 0.36196418124999996 0.8102921359374999 0.3528977109375 0.7784342484375 0.34710424375 0.7580496546875001 0.3456481171875 0.714894640625 0.35010351875 0.67666016875 0.34938248125000004 0.5212273578125 0.33375664375 0.4986854140625 0.3281261015625 0.4796875 0.326769028125 0.4796875 0.528241515625 0.4949365765625 0.53138651875 0.58553626875 0.5619801625 0.6304587484375 0.5792601828125 0.64996431875 0.5890625 0.9557429531250001 0.5890625 0.9823743421875001 0.5757537609375001 0.9951684234375 0.5731499046875 1 0.5739804734375 1 0.4749078203125
0 0.56527414375 0.26400381875 0.53516130625 0.26942806406250003 0.5255697968749999 0.27581847187499997 0.5152493203125 0.29125726093750004 0.5090633984374999 0.3160932359375 0.5088344499999999 0.32770544375 0.515589840625 0.33627940624999997 0.5225069765625 0.33879786093750003 0.5722231015625 0.3443857875 0.635543421875 0.348421421875 0.6405288125 0.35332929687500003 0.651998525 0.35263510625 0.6773574359375 0.3546875 0.72379546875 0.3546875 0.737758253125 0.352718540625 0.75163239375 0.34714086875 0.7546177140625 0.3417934546875 0.7545767156250001 0.33420662968750003 0.7578125 0.327023571875 0.7578125 0.2871719265625 0.7540869953125 0.27956752812499996 0.74772341875 0.2715272578125 0.7393335640625001 0.26637521875000003 0.69769635 0.262377884375 0.6207718328125 0.25989454218749997 0.56527414375 0.26400381875
6 0.3274113828125 0.70417713125 0.3194668015625 0.70891425 0.311154153125 0.7173272046875 0.30316519375 0.7331652765625 0.29471121718750004 0.7643052609375001 0.2859375 0.822848121875 0.2859375 0.9790925453125 0.288682334375 0.9843817781249999 0.2940923609375 0.9890625 0.36602484999999996 0.9890625 0.37245696562499997 0.98437049375 0.387168834375 0.9600093062500001 0.40980066718749997 0.8991834984375 0.42116711562500003 0.8656015171875 0.44061126875 0.7939795546875 0.4465365015625 0.7134893578125 0.456195740625 0.6649837062499999 0.4625 0.620151771875 0.4625 0.6015625 0.35846578125 0.6015625 0.3553492921875 0.6207345828124999 0.350001959375 0.6498785953125 0.341036109375 0.6787718218750001 0.33772943906249997 0.6936011296875 0.3274113828125 0.70417713125
0 0.4796875 0.9455905703124999 0.51336381875 0.9597015734375001 0.536699925 0.9736957187499999 0.5431547890624999 0.975 0.57529558125 0.975 0.5886384609374999 0.97364063125 0.6113421406249999 0.975 0.6584779109375 0.975 0.6597406593749999 0.9746614359375 0.6681642734375 0.9670211625 0.678975228125 0.949059184375 0.68125 0.9411567140624999 0.68125 0.8750230343750001 0.671914128125 0.8571322265625 0.6654900046875 0.8515625 0.6162934874999999 0.8515625 0.6027076203125 0.8531896875000001 0.5925626109375 0.8522201781250001 0.56683135625 0.8553463812500001 0.554068809375 0.8548012703125 0.49229480625 0.8648170421875001 0.4796875 0.8722788828125001 0.4796875 0.9455905703124999
9 0.4921875 0.8177531734375 0.4921875 0.8316517125 0.50196481875 0.8423500140625 0.5087855515624999 0.846875 0.5456015562500001 0.846875 0.554483334375 0.845243671875 0.581392009375 0.8344738921874999 0.617794728125 0.8247657765625 0.630912490625 0.8183836015624999 0.6371973671875 0.8115524453124999 0.640625 0.8045550562500001 0.640625 0.7995739859375 0.6284701734375 0.79983419375 0.6124949265625 0.7682556859374999 0.6082567812499999 0.7375 0.592674825 0.7375 0.5670910109375 0.7626054859375 0.560962709375 0.7715166734375 0.5443463609375 0.7800571375 0.52712744375 0.7944886375 0.5115833890625 0.8033781796875001 0.4921875 0.8177531734375
9 0.62161911875 0.7896516453125 0.629357178125 0.79375 0.673504325 0.79375 0.68859498125 0.784546971875 0.6953125 0.776535871875 0.6953125 0.756120690625 0.6914919234375001 0.753191965625 0.6908170046875 0.7444023234375 0.678345528125 0.7270564390625001 0.675567071875 0.7254131734375 0.6671841875 0.7267728078125 0.66319125 0.7300378125 0.6513074718749999 0.72725396875 0.64540106875 0.712507625 0.6426226109375 0.7108643578125 0.6394074421875 0.703533678125 0.63812688125 0.703125 0.633702340625 0.703125 0.6219908234375 0.7115932765624999 0.6109375 0.72533525 0.6109375 0.7270882921874999 0.6129420734375 0.7664555671875 0.6172766875 0.7814568421875 0.62161911875 0.7896516453125
17 0.6745398234375 0.7979032171875 0.6682537703125 0.80292490625 0.667739009375 0.8095279734374999 0.6775987203125 0.8174750265625 0.6783749421875 0.8208614171875 0.6709900671875 0.8315767890625001 0.6698912484375 0.837270471875 0.6780145125 0.8625497124999999 0.683663540625 0.90227015 0.693315953125 0.9207834859374999 0.6997483265625 0.9453125 0.7145800640625 0.9453125 0.7197750562499999 0.9441223687499999 0.7233329796875 0.9370307765625 0.7308640171875 0.93481865625 0.73125 0.9337213359375 0.73125 0.9235529124999999 0.7124186515625001 0.8294402953125001 0.709674784375 0.8073100578125001 0.7109733374999999 0.7975717390625 0.7092595921875 0.7953389921875 0.7046179828125 0.7950809781249999 0.6745398234375 0.7979032171875