2 0.2686262140625 0 0.2453787171875 0.045633395312500005 0.242341525 0.0550648609375 0.24476913125 0.0834264453125 0.26302964375000004 0.120279475 0.30854017968749997 0.155191375 0.34237437656249997 0.1625 0.365031715625 0.1625 0.38517943906249996 0.1608871875 0.41442984687499995 0.1505584609375 0.44563181093750004 0.12764223125000002 0.4683439890625 0.0962773171875 0.4796875 0.0413767546875 0.4796875 0.0380313421875 0.473893496875 0.032265392187500005 0.4652421125 0 0.2686262140625 0
2 0.46656981093749994 0.011246425 0.47853622187499995 0.0480628046875 0.46958332656249996 0.0900068953125 0.45827606249999997 0.10988925624999998 0.42087765 0.14116864843750002 0.3937618953125 0.154659521875 0.3728547953125 0.1608372125 0.3361636203125 0.16272336406250001 0.34157959375 0.17745358125 0.35419220937499996 0.1796268375 0.356253625 0.176489125 0.3984340140625 0.1956330484375 0.427123659375 0.2272972796875 0.4330355484375 0.2296875 0.455012525 0.2296875 0.4700601125 0.221247871875 0.5043358875 0.1920501078125 0.5249134125 0.1575230484375 0.532073434375 0.141816159375 0.530829115625 0.12501042499999998 0.54375 0.1058583015625 0.54375 0.1032844203125 0.5354516703125001 0.0714921546875 0.5247173765625 0.05043153593750001 0.49283185312500005 0.0145490703125 0.4707170515625 0.0070709546875000005 0.4665209859375 0.0070465203125 0.46656981093749994 0.011246425
2 0.318824896875 0.1571587375 0.282889784375 0.1338515578125 0.2702649625 0.1306283234375 0.24644273593750002 0.15673724375 0.2320616609375 0.182901140625 0.2260605140625 0.20806392968749998 0.22745131093749998 0.23746938437499998 0.23927124375000003 0.26168604375000004 0.2562630203125 0.2796333859375 0.27526738906250003 0.2902431046875 0.3003386609375 0.296875 0.336255875 0.296875 0.3696300765625 0.286592971875 0.42802103437500005 0.2564857296875 0.44375 0.238751165625 0.44375 0.23491078124999998 0.4021488640625 0.1964904515625 0.3705318828125 0.1837074734375 0.34741689375 0.18042315625 0.34000053750000003 0.1740805359375 0.33564578749999996 0.1604064046875 0.318824896875 0.1571587375
2 0.0220544765625 0 0.021037846875 0.0037064921874999995 0.019391451562500002 0.0425434125 0.009279681250000001 0.0750316046875 0.011719496875 0.10444316875 0.0224782046875 0.127603740625 0.043690464062500003 0.14767547187500002 0.0774420984375 0.1636205953125 0.0975330515625 0.16875 0.10590663593750001 0.16875 0.1257456984375 0.168101496875 0.14449373125 0.1566617078125 0.1591555546875 0.154647275 0.18418547968750001 0.14219416093749998 0.22854861249999997 0.0784082515625 0.2328125 0.05673731093749999 0.2328125 0.052985920312500004 0.22191273281249999 0.048972253125 0.175768196875 0.049753453125 0.15369001875 0.045425265625 0.058802453125 0.003926403125 0.05228200937500001 0 0.0220544765625 0
2 0 0.32332316250000004 0.0212528140625 0.3163290390625 0.0461850921875 0.2954761140625 0.070848825 0.2515236984375 0.078125 0.20773397968750001 0.078125 0.2020492671875 0.0676888328125 0.1601635078125 0.063443940625 0.1559391671875 0.0402312984375 0.144255034375 0.012651701562500001 0.11784679375 0 0.1152915328125 0 0.32332316250000004
2 0.0681935703125 0.18445301875 0.07575640312500001 0.2033953578125 0.072987753125 0.2359263109375 0.0514466546875 0.2777970984375 0.03902934375 0.29242346874999997 0.038163421875 0.3081670078125 0.0434939515625 0.3155473890625 0.07096369218750001 0.33250583906250003 0.10989937812499999 0.3432316234375 0.1465661421875 0.33924551875 0.1674244140625 0.3288679234375 0.188124003125 0.30484063125 0.1983334265625 0.2807522515625 0.1984375 0.2761936984375 0.1984375 0.2177352546875 0.176193478125 0.180882296875 0.1486260875 0.1555240296875 0.1235717484375 0.16587719375 0.093150259375 0.1657000421875 0.0658025828125 0.15924136093750002 0.0681935703125 0.18445301875
2 0.1889942765625 0.227973571875 0.2006677328125 0.23959050781250002 0.19354433124999998 0.25844732812500004 0.19578884218749998 0.2710592671875 0.180505225 0.309816775 0.19217868124999998 0.3214337125 0.20652018437500003 0.3265625 0.2183467890625 0.3265625 0.2507283234375 0.3049761671875 0.2716354203125 0.2987984796875 0.2765625 0.2928258640625 0.2765625 0.2881885921875 0.228100853125 0.253399028125 0.22468526406249997 0.23028121562499998 0.23146688593750003 0.18202505 0.221976909375 0.177770165625 0.173795371875 0.1837890296875 0.1889942765625 0.227973571875
2 0.3460556796875 0.3890625 0.348373334375 0.38351250000000003 0.33755359218750003 0.35510204375 0.3362482390625 0.3330464234375 0.3278683109375 0.3340475328125 0.312889121875 0.308762571875 0.2886259953125 0.3015625 0.28481876875 0.3015625 0.2687693828125 0.303256128125 0.231187871875 0.31878586875 0.22080756250000003 0.328174571875 0.2651958421875 0.3567805046875 0.250656084375 0.36929470468750003 0.2472771125 0.3493268203125 0.22535761562499998 0.35864833125 0.2265897296875 0.374404090625 0.2160873546875 0.37329302656249996 0.206038403125 0.3890625 0.3460556796875 0.3890625
2 0.4596844953125 0.3890625 0.4625 0.3729222359375 0.4625 0.3682557015625 0.4491339390625 0.3410496828125 0.4004763546875 0.30611945625 0.35523435625 0.29430704531249996 0.31565246406249997 0.31822438124999997 0.33382753125 0.3477275734375 0.34790418125 0.3856061484375 0.34643926875000003 0.3890625 0.4596844953125 0.3890625
2 0.2039653828125 0.3890625 0.203936921875 0.3866143234375 0.2125 0.373086803125 0.2125 0.3705258609375 0.20031382031249997 0.3456469078125 0.1832488046875 0.3213997046875 0.1717828578125 0.327632371875 0.11950290625 0.342026615625 0.066003046875 0.34171507968750003 0.11117180156249999 0.34722763125 0.12083266875000001 0.366182190625 0.1409470859375 0.3820479015625 0.14619725625 0.3890625 0.1867697578125 0.3890625 0.182810109375 0.37389243125 0.19805398125 0.3890625 0.2039653828125 0.3890625
15 0.68555056875 0 0.680606525 0.017647440625 0.676530865625 0.02291195 0.65848339375 0.034025451562499996 0.6554180328125 0.038343740625 0.6385064234375 0.08554178125 0.64189309375 0.0886417015625 0.652753584375 0.0890838296875 0.6819713625 0.086323871875 0.7116023703125001 0.0870364640625 0.74250753125 0.0966870828125 0.7536089 0.10799987343749999 0.764962634375 0.1296901171875 0.772378590625 0.15072638124999999 0.7854533546875 0.2258036234375 0.797496078125 0.2391294375 0.8027080140624999 0.2487214453125 0.80398216875 0.2576594703125 0.8019607484375 0.3020079578125 0.8046350375 0.3356867484375 0.8079297859375 0.34273233125 0.81829661875 0.34315436093749996 0.8644251781250001 0.33565240625000003 0.87773098125 0.3371814328125 0.88942941875 0.34407545 0.9052150031250001 0.3452117515625 0.9345706625 0.336533303125 0.9642935890625001 0.3333002359375 0.9850157625 0.334637503125 1 0.3394897375 1 0.026364821875 0.9883396843749999 0.02227634375 0.972014478125 0.0230927765625 0.9500751890625001 0.03157946875 0.9397428281250001 0.0296778125 0.935449271875 0.0230852453125 0.9322924015625 0.010121171875 0.9279722375 0.00056546875 0.9140819484375001 0 0.68555056875 0
15 0.5890625 0.3890625 0.7931415859375 0.3890625 0.7934130078124999 0.3828797640625 0.8046875 0.36179200625 0.8046875 0.3265514734375 0.8020030109375 0.2474687484375 0.7982260921875 0.23990986093750002 0.786206346875 0.225597634375 0.7829120109375001 0.1973240296875 0.7736022625000001 0.151526903125 0.7633622328125 0.12445156718749999 0.7576681328125 0.1143462578125 0.7456483859375 0.1000340296875 0.7388405765625 0.09531380625 0.7172919484375 0.08703143906250001 0.6906688531249999 0.084466596875 0.5890625 0.0941994109375 0.5890625 0.3890625
5 1 0.09173921874999999 0.9729762000000001 0.09309069375 0.965662415625 0.1312996265625 0.9461224796875 0.14284604375 0.9370298015625 0.151362040625 0.9354683984375001 0.1547542046875 0.9356403375 0.1685841125 0.91858018125 0.17973780781249998 0.910922521875 0.1902869234375 0.91164556875 0.201670890625 0.91000373125 0.20851550625 0.9142628203125 0.2165876984375 0.9261795656249999 0.214110771875 0.9337223250000001 0.20849373125 0.9381882328125 0.2076881859375 0.93902618125 0.21414007812500002 0.951114865625 0.2254930625 0.9495189875 0.230364846875 0.9425962765625 0.23057670156249999 0.9413102203125 0.2433599046875 0.9483474187500001 0.2594439953125 0.9550747984375001 0.26761666875 0.9639146921874999 0.26995124062500003 0.9694368593749999 0.26622664375 0.9715034109375 0.2623613703125 0.981376584375 0.26276330312499996 0.9944070374999999 0.25490128749999996 0.9974609125 0.2510762078125 1 0.2531177875 1 0.09173921874999999
2 0.8105439999999999 0.0546945265625 0.8051597156250001 0.0525006296875 0.801681125 0.053346371875 0.794126875 0.0594566203125 0.7861708859375 0.0616011109375 0.7863543140625 0.0749378125 0.77075215625 0.0871382125 0.7690528703125 0.0964488625 0.77296766875 0.0980892609375 0.774678034375 0.10951342187499999 0.7779957640624999 0.11557258749999999 0.7905091671875001 0.1299049140625 0.8070752500000001 0.1399591453125 0.8133433015625 0.1421875 0.8168442578124999 0.1421875 0.8208862 0.141015059375 0.8204959500000001 0.13655609375 0.8294967078125 0.13198575937499998 0.839197940625 0.1185577828125 0.8403001578125 0.1136659015625 0.8447430859375 0.11384676875 0.8463044921874999 0.11045460781250001 0.8661082875 0.10879243593750001 0.874454525 0.1111069109375 0.8785416734375 0.10534919218750001 0.884375 0.0864808125 0.884375 0.0862644875 0.8744093890624999 0.070623696875 0.8711720890624999 0.06111207656249999 0.8609661187500001 0.0537851421875 0.8462482796874999 0.04923658125 0.8274662734374999 0.0494593203125 0.8105439999999999 0.0546945265625
2 0.7627013875 0.0217720796875 0.762804796875 0.0173332109375 0.7680171453125 0.0056971953125 0.7631380078125 0.0030301921875 0.7556871703125 0.0047015734375 0.7506127031250001 0.010419096875 0.7473864796875 0.0216422890625 0.7457327406250001 0.050208135937499995 0.7343671046875 0.05023911875 0.73603150625 0.0636361109375 0.7304978515625 0.06785391562500001 0.7268813796875 0.07461814375 0.7204063671875 0.076822925 0.7143216031249999 0.083486671875 0.7162387890625 0.086033096875 0.7348599375 0.092715259375 0.7465239015625 0.10108890156250001 0.7623550359375 0.12148039375 0.77215885625 0.1460695953125 0.78188265625 0.152883225 0.78282680625 0.153125 0.7898378218750001 0.153125 0.79182476875 0.1503259140625 0.7924677984375 0.1439343125 0.7869690265625 0.12544447187500002 0.77878365 0.11622509218749999 0.7745245640625 0.10815290156249999 0.7750645953124999 0.084972146875 0.77915174375 0.079214428125 0.7866600328125 0.0750770109375 0.7887725484375 0.0692389078125 0.803708696875 0.0644165234375 0.8109375 0.054233046875 0.8109375 0.052808496875 0.794627925 0.051211290625 0.7868442874999999 0.04595766875 0.7748015625 0.0326318546875 0.7734469781250001 0.0271462828125 0.765100740625 0.024831807812500002 0.7627013875 0.0217720796875
5 0.7821090546875 0 0.7781677234375 0.002311146875 0.7697410578125 0.0034491265625000004 0.766170546875 0.008240525 0.7619225375 0.020903148437499998 0.7642874203125001 0.0254425 0.7716463375 0.027716778125 0.7705096515625 0.034088284375 0.7745508421875 0.0303033984375 0.786524625 0.0465884578125 0.7982345515625 0.0529892671875 0.8051687515625 0.05228420625 0.8071753015625 0.053125 0.8127414796875 0.053125 0.8205066390625 0.0514275796875 0.8280608890625001 0.0453173328125 0.8367633156250001 0.0323423703125 0.8375 0.0250198484375 0.8375 0.017224490624999998 0.8353516921875 0.0080948140625 0.8280362953125 0 0.7821090546875 0
7 0.5890625 0.25591152031250003 0.604511246875 0.2786440671875 0.6143844203125 0.2790460015625 0.623890321875 0.274002553125 0.631754390625 0.2758037265625 0.632443378125 0.2674392921875 0.64239698125 0.264388771875 0.6575506156250001 0.2926514890625 0.6810394078125 0.30249386562499997 0.6908896 0.303882215625 0.6922671640625 0.3083813734375 0.701922028125 0.31815424999999997 0.7165824171875 0.3251688484375 0.7175122828125 0.3276750765625 0.714481390625 0.33051374375 0.7138728328124999 0.33542572187499997 0.722127146875 0.34168585625 0.731403253125 0.3465065640625 0.7370089859375 0.346875 0.7518795109375 0.346875 0.7541919781249999 0.34397855625 0.7549154359375 0.3341345 0.759375 0.323779840625 0.759375 0.30887728281250004 0.758727653125 0.297757721875 0.7472130546875 0.28297238281250003 0.7359393390625 0.27905770625000004 0.73063548125 0.2734113609375 0.7312440406249999 0.26849937968750004 0.7337468078125 0.26712024218749997 0.7475117953125 0.2701489875 0.7538489281249999 0.27386269375 0.7563631796875 0.27199035 0.7564436109375 0.2685378953125 0.7441714968750001 0.24384821093750003 0.745296696875 0.237969915625 0.7532297046875 0.23681183749999998 0.7521049203125 0.2214621140625 0.7473062125000001 0.21534265625 0.74216321875 0.202791403125 0.7349306890625 0.195091840625 0.713841253125 0.18830919375 0.70807820625 0.1811631265625 0.7060920828125 0.1815759484375 0.70187854375 0.192758946875 0.6921087828125 0.187918146875 0.6858176109375 0.182231609375 0.6641085328124999 0.159626125 0.6478411937499999 0.136748496875 0.644592403125 0.127730084375 0.645878459375 0.11494687968749999 0.642578115625 0.1109375 0.6378276046875 0.1109375 0.634019165625 0.11495776875 0.6283131578125001 0.1265736875 0.6265564234375 0.138350378125 0.6441442890625 0.14696518125 0.6778501312499999 0.18486930625 0.6772530625 0.18928807812499998 0.667885040625 0.1884130328125 0.6621679578124999 0.17929413593750002 0.6573118 0.17564071718750002 0.6504350515625 0.173879740625 0.6466696234375 0.165827646875 0.6408146593749999 0.1626272421875 0.6089792171874999 0.1716984140625 0.5937907 0.1661433421875 0.5890625 0.165950859375 0.5890625 0.25591152031250003
7 0.5890625 0.261372025 0.598358846875 0.2739936625 0.61014715 0.2765625 0.6180935703125 0.2765625 0.6300219375 0.272320603125 0.634375 0.2633872640625 0.634375 0.2598826265625 0.6239150203125 0.2375147203125 0.623525184375 0.211827734375 0.6265790546875001 0.20800265312500002 0.6229515078125 0.19403206875 0.628577496875 0.16464058125 0.6156504515625001 0.1680637296875 0.5959041078125 0.1672598609375 0.5890625 0.16468289687499998 0.5890625 0.261372025
7 0.759375 0.3890625 0.759375 0.37775788593750004 0.7567439 0.3686556921875 0.7565145109375 0.3572918234375 0.7531163515625 0.3546851078125 0.7411766249999999 0.35814844843750004 0.73035060625 0.3562266984375 0.728410440625 0.3546666890625 0.7280546625 0.3487281015625 0.7246679921875 0.3456281796875 0.71535741875 0.3422870984375 0.7069192609374999 0.343918284375 0.7051514484375 0.33496016093750003 0.6978959390625 0.3282470125 0.6939351796875 0.32857944843750003 0.690376159375 0.33287764062499997 0.682500603125 0.33156967656249997 0.6805949078125 0.3285300453125 0.6836372890625 0.325198171875 0.6970350125 0.32278153593750003 0.69661029375 0.3198021953125 0.6868290406249999 0.3154546015625 0.677392078125 0.317538803125 0.6738330578125 0.32183699374999997 0.6658425984375 0.32546110625 0.6585066609375 0.32220041250000003 0.6576342421875 0.31722814375 0.670148059375 0.310332446875 0.6727197640625 0.3059940625 0.6358558140625 0.318809928125 0.6126423703125 0.31835859218749996 0.6065805859375 0.3240359234375 0.60625 0.3280492859375 0.60625 0.33405043125 0.6094616937499999 0.348836978125 0.60625 0.35890431562499997 0.60625 0.380292221875 0.6072761734375 0.3890625 0.759375 0.3890625
7 0.5890625 0.3890625 0.6428444796875 0.3890625 0.6387320015625 0.385042996875 0.637928525 0.377111484375 0.644529928125 0.36948141875 0.6442201109375001 0.36157000156249997 0.6478825421875001 0.35283294062500004 0.6564700671875 0.3447900578125 0.655747021875 0.333406090625 0.65210798125 0.3199287125 0.6587093859375 0.31229864687500003 0.659375 0.305297128125 0.659375 0.29776601875 0.6475165109375001 0.28370349687499996 0.6431310328125 0.281056590625 0.6357261546874999 0.2807551390625 0.617851034375 0.2844705265625 0.60352344375 0.2843809296875 0.601032171875 0.2852668640625 0.599929953125 0.29015874531249997 0.5974501703125 0.29055146875000004 0.5921348265625 0.28539833125 0.5890625 0.28378729375 0.5890625 0.3890625
0 0.329123221875 0.8234390984375001 0.3263120515625 0.8252452218750002 0.3265263828125 0.8276850734375 0.3320934203125 0.8403469484375 0.331137928125 0.8463736984375 0.32749386875000003 0.8443330953124999 0.32555245625 0.839136528125 0.3152144 0.8285089203125 0.3081406078125 0.8268675671875 0.2844325515625 0.8330781 0.270695190625 0.8400998031250001 0.2565720375 0.8427297734374999 0.19793567031249998 0.8682880140624999 0.193378984375 0.87276213125 0.1904512078125 0.8957791140625 0.19259451249999998 0.920177625 0.20206880468750002 0.9491453125 0.209742725 0.957618246875 0.2178821734375 0.9601214703124998 0.22275504375000002 0.9640625 0.2381700796875 0.9640625 0.25590328281249997 0.9478081406250001 0.2683362234375 0.9315720375 0.27819675625 0.9254945890624999 0.28750003125 0.9130735281250001 0.29650923749999997 0.9085740609374999 0.29876315 0.900424325 0.3045569578125 0.898763959375 0.30837248281249996 0.9027564390624999 0.30813971875 0.9057412984375001 0.289275975 0.9276555999999999 0.2663639390625 0.9485622750000001 0.26246867812499997 0.9549312390625001 0.263258703125 0.9582899937499999 0.2674355921875 0.96076153125 0.3126650875 0.9628908468749999 0.35052073125 0.959963021875 0.444814128125 0.923352571875 0.4515625 0.9187686124999999 0.4515625 0.8824535484375 0.446284903125 0.84430773125 0.4415263234375 0.8295799046875001 0.4334053078125 0.8216519734375 0.41542376406250003 0.8198014921875 0.36772602499999996 0.8233820578125 0.329123221875 0.8234390984375001
0 0.1013791265625 0.3890625 0.1007969578125 0.39652791249999997 0.1061432265625 0.43484941718750003 0.123879125 0.49588371562500005 0.1307994453125 0.529585346875 0.15407195468749998 0.5860314578125 0.1667736421875 0.634834815625 0.201767915625 0.74019835625 0.22240671406249998 0.8117398578125 0.23539047656249998 0.8299468484375 0.24480990937499997 0.8357517906249999 0.24997696406249997 0.8375 0.26687848281250004 0.8375 0.2711636703125 0.837120640625 0.3044750609375 0.8219048375 0.3032135109375 0.813178409375 0.28589383437500004 0.77378590625 0.2769523671875 0.7452491546875001 0.2891461046875 0.760097390625 0.30458566875000004 0.789356590625 0.31053250625 0.7950728140625001 0.3125 0.79484378125 0.3125 0.77802805 0.3118617984375 0.7707630234374999 0.30481288281249996 0.7355974812499999 0.29432268437500003 0.63871955 0.275503584375 0.5033743578125 0.25401390468749996 0.393973971875 0.2520692 0.3890625 0.1013791265625 0.3890625
11 0.5890625 0.775768684375 0.5865185828125 0.7715038625 0.5776319765625 0.766129853125 0.5625473359375001 0.7634491875 0.543475703125 0.7548241578124999 0.5295424468750001 0.7539813015625001 0.5202760421875 0.7555529468750001 0.47944376093749996 0.769672403125 0.445323909375 0.78695415625 0.43799891718749995 0.79372236875 0.4315496828125 0.804825275 0.4315372421875 0.82158736875 0.4401482203125 0.8294582640625 0.4458867203125 0.844072021875 0.4547733296875 0.8494460296875002 0.47671743125 0.8513281984375001 0.5402225421875 0.8473864046875 0.5508302328125 0.8441797421875 0.5611807265625 0.8380452578125 0.573295171875 0.8238180734375 0.5845398578125 0.8165935781249999 0.5890625 0.8106570312500001 0.5890625 0.775768684375
0 0.5794718875 1 0.5777645859375 0.9883219999999999 0.5637953484375 0.919454828125 0.5512895546875 0.8785160281250001 0.5468679078124999 0.8563545765625001 0.539726815625 0.8483125749999999 0.524770771875 0.8470958203125001 0.47319620625000003 0.851620640625 0.4499781140625 0.8577741374999999 0.45349313281250003 0.8977876968749999 0.45088385156250005 0.9187957640625001 0.4519370703125 0.936419728125 0.458526453125 0.98889236875 0.4612954328125 1 0.5794718875 1
12 0.46002862499999997 0.5774441140625 0.44822668125 0.5783249968749999 0.4247269578125 0.5756379953125 0.3811203734375 0.580714159375 0.3630530953125 0.5778877359375001 0.348844209375 0.5795417656249999 0.3322528125 0.587881621875 0.3200097703125 0.6006448984375 0.31230497968750004 0.6143587625 0.305690275 0.634847175 0.3009003796875 0.6817430140624999 0.30447669843749997 0.716819834375 0.30906981093749997 0.74093316875 0.31357119375 0.752733175 0.327344978125 0.774298921875 0.3536065640625 0.8027913109375 0.364220253125 0.8109220328125 0.38288765625 0.8205800390625001 0.391054184375 0.821875 0.40454433281249996 0.821875 0.407728665625 0.8216320234375001 0.4168236046875 0.8181084984375001 0.42802542343749994 0.81039603125 0.44322667187500003 0.7918658359374999 0.5073323515625 0.7553187593749999 0.5228765265625 0.7406923265625001 0.5338580187499999 0.7192026234375 0.5375 0.7043873453125 0.5375 0.6696643984375 0.535334790625 0.6514951703125 0.5275262765625001 0.6302209375000001 0.5169923234375 0.61172876875 0.50386153125 0.597482575 0.48178282968749997 0.5827991109375 0.46002862499999997 0.5774441140625
12 0.2200175765625 1 0.3222380546875 0.8929961609374999 0.3336053390625 0.875898190625 0.3375 0.863956421875 0.3375 0.8513050203125001 0.336208621875 0.8435527374999999 0.32759165156250003 0.8243444546875001 0.29686555000000003 0.77320264375 0.2678849671875 0.7193928406250001 0.25922512656249996 0.6996965890625 0.24517571093749999 0.6806277296875 0.2288848234375 0.6529465109375 0.22291355624999998 0.6413176109375 0.22111917499999997 0.632160246875 0.19137899375 0.5922417531249999 0.1795281875 0.5812972796875 0.17130300781250002 0.5778181140624999 0.1491690015625 0.5794087734375 0.13815708437500002 0.5836484140625 0.12222711093750001 0.593883115625 0.09771659375 0.6134969859374999 0.064172434375 0.63169764375 0.023860543749999998 0.663010128125 0 0.68236423125 0 0.8941297390624999 0.05185254375 0.9422178125 0.116478228125 1 0.2200175765625 1