13 0.5204427078125 0.47662760468750004 0.5383463546875 0.42291666718750004 0.5171875 0.3740885421875 0.48138020781249996 0.3610677078125 0.47486979218750003 0.3415364578125 0.42278645781249996 0.3106119796875 0.34140625 0.2715494796875 0.23235677031250002 0.2731770828125 0.18515625 0.3203776046875 0.2046875 0.465234375 0.2382942703125 0.5 0.48193674375000006 0.5 0.4830078125 0.49778645781249997 0.5204427078125 0.47662760468750004
13 0.295672275 0 0.2486328125 0.06650406875 0.20143229218749997 0.13242203749999998 0.18759765625 0.155208496875 0.18759765625 0.179622559375 0.1981770828125 0.21787125624999998 0.19248046875 0.2439129234375 0.24049479218749997 0.27320979843750004 0.3039713546875 0.267513184375 0.3747721359375 0.28541682968750004 0.43499348906249996 0.313899903125 0.47242838593750003 0.33994156875 0.48138020781249996 0.35865901718750004 0.5057942703125 0.37167985 0.5253255203125 0.3912111 0.5416015625 0.43027360000000003 0.5448567703125 0.4294597984375 0.5416015625 0.42373046875 0.55 0.42308443437500004 0.55 0.140092921875 0.507421875 0.0998372390625 0.4830078125 0.0884440109375 0.40732421875 0.02011735 0.3872068671875 0 0.3625579609375 0 0.3308268234375 0.001399903125 0.30072891562500004 0 0.295672275 0
18 1 0.1439689015625 0.9920063406249999 0.1413043484375 0.949735809375 0.1473429953125 0.92195803125 0.163043478125 0.885726146875 0.1642512078125 0.6381416062499999 0.14009661874999998 0.6260643109374999 0.1521739125 0.6115715578125 0.216183575 0.5922478859375 0.27173912968749997 0.5753396734375 0.3635265703125 0.607708371875 0.5 1 0.5 1 0.1439689015625
18 0.55 0 0.55 0.1015884390625 0.5717164859375 0.10869565156250001 0.5886246984375 0.1364734296875 0.5970788046875 0.2451690828125 0.6031174515625 0.2451690828125 0.6079483703124999 0.23792270468750001 0.623648853125 0.1871980671875 0.6296875 0.1473429953125 0.635726146875 0.1413043484375 0.7347599640625 0.1521739125 0.76978411875 0.15096618281250002 0.8386246984374999 0.16183574843749998 0.8494942640625001 0.1582125609375 0.8615715578125 0.045893720312500004 0.8579483703124999 0 0.55 0
16 0.4455357140625 0.6560267859375 0.409821428125 0.673883928125 0.38660714218750003 0.6756696421874999 0.38660714218750003 0.6828125 0.3669642859375 0.6953125 0.37946428593750003 0.8095982140625001 0.3991071421875 0.8899553578124999 0.465178571875 0.9006696421875 0.5366071421874999 0.8935267859374999 0.55 0.893914984375 0.55 0.6537053578124999 0.5205357140625 0.6595982140625 0.4455357140625 0.6560267859375
16 0 0.809375 0.0044642859375000005 0.8060267859374999 0.0544642859375 0.7899553578125 0.1133928578125 0.786383928125 0.127678571875 0.7703125 0.127678571875 0.6970982140624999 0.11875 0.6274553578125001 0 0.6248738359375 0 0.809375
16 0 0.9633136531250001 0.015178571875 0.966741071875 0.01875 0.9810267859374999 0.045535714062499996 0.9685267859375 0.0955357140625 0.9256696421875 0.0919642859375 0.916741071875 0.022321428125 0.898883928125 0 0.8781568875 0 0.9633136531250001
16 0.28310606875 1 0.26081325781250003 0.9542410718750001 0.26259897187500003 0.8524553578124999 0.2090275421875 0.8310267859374999 0.1733132578125 0.8399553578125 0.1358132578125 0.8810267859375 0.12509897187500002 0.8828125 0.0858132578125 0.9310267859374999 0.023313257812499998 0.979241071875 0.023313257812499998 0.9899553578125 0.042092371875 1 0.28310606875 1
16 0.11875 0.6274553578125001 0.1241071421875 0.723883928125 0.134821428125 0.741741071875 0.18125 0.7328125 0.19375 0.7095982140625 0.25446428593750003 0.7095982140625 0.34375 0.6810267859375 0.33482142812500004 0.654241071875 0.2758928578125 0.6399553578125 0.16875 0.5935267859375 0.11875 0.6274553578125001
16 0.35267857187499996 0.5810267859375 0.32410714218750003 0.573883928125 0.2991071421875 0.5828125 0.2669642859375 0.5792410718750001 0.2116071421875 0.5899553578125001 0.2008928578125 0.5953125 0.2008928578125 0.604241071875 0.24017857187499997 0.6256696421875 0.3383928578125 0.654241071875 0.3419642859375 0.679241071875 0.35267857187499996 0.6810267859375 0.36339285781249997 0.6703125 0.35267857187499996 0.5810267859375
16 0.377678571875 0.841741071875 0.37946428593750003 0.8113839281249999 0.3616071421875 0.7881696421875 0.26875 0.7631696421874999 0.1508928578125 0.7524553578125001 0.147321428125 0.7595982140624999 0.1580357140625 0.786383928125 0.1580357140625 0.8274553578124999 0.1633928578125 0.8328125 0.2705357140625 0.8470982140625001 0.29375 0.8328125 0.3205357140625 0.8328125 0.347321428125 0.8435267859375 0.359821428125 0.8578125 0.3669642859375 0.8578125 0.377678571875 0.841741071875
16 0.4262803234375 1 0.4294642859375 0.9578125 0.43482142812499996 0.9470982140625 0.46339285781250006 0.9399553578125 0.465178571875 0.9060267859375 0.4080357140625 0.8845982140625 0.3883928578125 0.8560267859374999 0.372321428125 0.8578125 0.3491071421875 0.8470982140625001 0.29017857187499996 0.8470982140625001 0.2669642859375 0.8560267859374999 0.25982142812500003 0.866741071875 0.252678571875 0.9381696421875001 0.2580357140625 0.9631696421875 0.2770858984375 1 0.4262803234375 1
16 0 0.8703125 0.009821428125 0.8703125 0.022321428125 0.9006696421875 0.06339285781250001 0.9006696421875 0.06875 0.911383928125 0.10089285781249999 0.9149553578124999 0.18303571406250002 0.8381696421875 0.159821428125 0.8274553578124999 0.159821428125 0.7881696421875 0.147321428125 0.7685267859375 0.1330357140625 0.7667410718750001 0.10089285781249999 0.7845982140625 0.052678571875 0.7828125 0.0169642859375 0.791741071875 0 0.8034405796874999 0 0.8703125
16 0.3669642859375 0.6863839281249999 0.409821428125 0.666741071875 0.4794642859375 0.6524553578125001 0.4794642859375 0.6417410718750001 0.4669642859375 0.6417410718750001 0.284821428125 0.7042410718750001 0.19196428593749998 0.7078125 0.177678571875 0.7435267859375 0.1741071421875 0.736383928125 0.1508928578125 0.7328125 0.1330357140625 0.754241071875 0.18125 0.754241071875 0.33125 0.773883928125 0.3544642859375 0.7828125 0.3741071421875 0.7810267859375 0.3669642859375 0.6863839281249999