3 0.050162760937499995 0 0.04970703125 0.0150390625 0.0443359375 0.0326171875 0.043373032812500004 0.1703125 0.06240234375 0.1703125 0.1107421875 0.1556640625 0.16103515625 0.146875 0.2044921875 0.13466796875 0.2142578125 0.129296875 0.2513671875 0.10048828125 0.26748046875 0.06484375 0.2734375 0.059344951562500005 0.2734375 0.057855903125 0.26943359375 0.0462890625 0.26943359375 0.0384765625 0.2734375 0.0277994796875 0.2734375 0.0255859375 0.27138671875 0.01943359375 0.2708984375 0.00771484375 0.2682279140625 0 0.1367897734375 0 0.12734375 0.00185546875 0.0784830734375 0 0.050162760937499995 0
3 0.3335656734375 0 0.328369140625 0.006298828125 0.274169921875 0.058056640625 0.248291015625 0.101025390625 0.218017578125 0.125439453125 0.187255859375 0.159130859375 0.191650390625 0.175244140625 0.217529296875 0.202587890625 0.239990234375 0.232861328125 0.2466048171875 0.2390625 0.27226969375 0.2390625 0.281982421875 0.235302734375 0.299560546875 0.224072265625 0.322998046875 0.204052734375 0.358642578125 0.159130859375 0.417236328125 0.095166015625 0.436279296875 0.077099609375 0.449951171875 0.058544921875 0.4625 0.0451306578125 0.4625 0.0365744203125 0.430419921875 0.008740234375 0.4176457328125 0 0.3335656734375 0
3 0.6296875 0.046545409375 0.610205078125 0.0375 0.577001953125 0.0287109375 0.539892578125 0.02578125 0.452978515625 0.023828125 0.450537109375 0.02626953125 0.456884765625 0.03017578125 0.461279296875 0.0365234375 0.458349609375 0.04970703125 0.439306640625 0.07265625 0.422705078125 0.08779296875 0.38125 0.134125115625 0.38125 0.1341766359375 0.396826171875 0.133203125 0.421240234375 0.12734375 0.510107421875 0.09755859375 0.543798828125 0.0892578125 0.561865234375 0.0873046875 0.563818359375 0.08876953125 0.583349609375 0.1849609375 0.589697265625 0.20009765625 0.596533203125 0.20498046875 0.6296875 0.210058153125 0.6296875 0.046545409375
3 0.384375 0.135400390625 0.37802734375 0.138818359375 0.34873046875 0.168115234375 0.3208984375 0.204248046875 0.2955078125 0.227197265625 0.2955078125 0.268212890625 0.300390625 0.290185546875 0.3095424109375 0.2921875 0.359521484375 0.2921875 0.4302734375 0.283837890625 0.45517578125 0.278955078125 0.47470703125 0.260400390625 0.542578125 0.204736328125 0.5826171875 0.190087890625 0.584375 0.187451171875 0.584375 0.1862060546875 0.5650390625 0.091943359375 0.5630859375 0.088037109375 0.55576171875 0.087060546875 0.5083984375 0.097802734375 0.42197265625 0.126611328125 0.384375 0.135400390625
3 0.6296875 0.41875 0.6296875 0.2357177734375 0.621630859375 0.231689453125 0.605517578125 0.227783203125 0.598681640625 0.211669921875 0.587939453125 0.197021484375 0.585498046875 0.190673828125 0.579638671875 0.189697265625 0.543505859375 0.202880859375 0.477099609375 0.258056640625 0.460498046875 0.274658203125 0.447314453125 0.292236328125 0.441455078125 0.303955078125 0.435107421875 0.328857421875 0.435595703125 0.333740234375 0.443896484375 0.343994140625 0.448291015625 0.354736328125 0.458056640625 0.368896484375 0.475146484375 0.385498046875 0.475146484375 0.390380859375 0.468310546875 0.391845703125 0.465380859375 0.395751953125 0.465869140625 0.402099609375 0.469287109375 0.406982421875 0.496630859375 0.415771484375 0.49946045000000006 0.41875 0.6296875 0.41875
3 0.5005361125000001 0.41875 0.49580078125 0.4134765625 0.47529296875 0.40859375 0.4669921875 0.4037109375 0.4669921875 0.3939453125 0.469921875 0.3900390625 0.47578125 0.387109375 0.47578125 0.38466796875 0.45380859375 0.36220703125 0.4435546875 0.34169921875 0.43818359375 0.336328125 0.43623046875 0.3314453125 0.4416015625 0.30556640625 0.45478515625 0.28212890625 0.45625 0.2767578125 0.45478515625 0.27626953125 0.41572265625 0.28359375 0.3634765625 0.2884765625 0.35419921875 0.29287109375 0.356640625 0.297265625 0.3703125 0.3041015625 0.37373046875 0.3099609375 0.36298828125 0.37392578125 0.3583190921875 0.41875 0.5005361125000001 0.41875
3 0.3582078125 0.41875 0.36240234375 0.37841796875 0.371875 0.3219938859375 0.371875 0.3069475453125 0.35166015625 0.29443359375 0.31357421875 0.2919921875 0.30234375 0.2900390625 0.29990234375 0.28759765625 0.300390625 0.2314453125 0.2994140625 0.2265625 0.2961181640625 0.2265625 0.2662109375 0.24365234375 0.25888671875 0.2431640625 0.24521484375 0.23681640625 0.23837890625 0.23095703125 0.233984375 0.23095703125 0.18466796875 0.27294921875 0.175390625 0.2783203125 0.16708984375 0.27880859375 0.1646484375 0.28271484375 0.183203125 0.32666015625 0.21591796875 0.380859375 0.22275390625 0.38720703125 0.23203125 0.40185546875 0.2466069234375 0.41875 0.3582078125 0.41875
4 0.731208484375 0 0.7169518859374999 0.0252232140625 0.755394346875 0.048784721875 0.7739955359375 0.0636656734375 0.7975570453125 0.073586309375 0.816158234375 0.08970734062499999 0.90048363125 0.15047122968749999 0.9015966015625001 0.159375 0.9021088859375 0.159375 0.9327256953124999 0.0785466265625 0.9476066484375 0.0351438484375 0.9614792187500001 0 0.731208484375 0
4 1 0 0.9600369656249998 0 0.9549727171875 0.0132936515625 0.9388516859375 0.0641369046875 0.9227306546874999 0.1137400796875 0.90536954375 0.1633432546875 0.9227306546874999 0.1608630953125 0.93389136875 0.1707837296875 0.9512524796875 0.1732638890625 0.9797743046875 0.1819444453125 1 0.186826509375 1 0
4 1 0.22783916093749998 0.95166170625 0.23871527656249997 0.8908978171874999 0.24739583281250002 0.84873511875 0.26475694375000003 0.7867311499999999 0.2821180546875 0.739608134375 0.2783978171875 0.7284474203125 0.2821180546875 0.7346478171874999 0.3230406734375 0.7445684515625001 0.36768353125000003 0.7567271343749999 0.41875 0.9169394843750001 0.41875 0.9169394843750001 0.40860614999999995 0.9218998015625001 0.34288194375000003 0.929340278125 0.3069196421875 0.9653025796874999 0.3056795625 1 0.3050708359375 1 0.22783916093749998
4 0.7894841265625 0.2764880953125 0.7871031734375 0.28125 0.7876984109375 0.28125 0.84776785625 0.2640873015625 0.89365079375 0.246726190625 0.9358134921874999 0.238045634375 0.97177579375 0.23060515937499998 0.9859375 0.2070023140625 0.9859375 0.20508432656250003 0.966815475 0.1859623015625 0.9370535703125 0.172321428125 0.9234126984375 0.1636408734375 0.8834821375 0.1625 0.8797123015625001 0.1625 0.850248015625 0.172321428125 0.8353670624999999 0.16984127031250001 0.821726190625 0.1884424609375 0.8056051578125001 0.18968253906250002 0.7994047609375 0.2244047625 0.7894841265625 0.2764880953125
9 0.853521825 0.11277281718750001 0.8001984125 0.0743303578125 0.78779761875 0.0656498015625 0.8014384921875 0.14625496093749998 0.8101190468749999 0.1908978171875 0.8225198406249999 0.1908978171875 0.834920634375 0.16981646875 0.8498015875 0.17353670625 0.8708829359375001 0.163616071875 0.8956845234374999 0.1648561515625 0.9006448406249999 0.1648561515625 0.9056051593750001 0.14873511875 0.853521825 0.11277281718750001
9 0.7741567453125 0.13757440468749998 0.775396825 0.15493551562500002 0.7828373015625 0.20329861093749999 0.7890376984375 0.23678075468749998 0.7927579359375 0.23926091249999998 0.7989583328125 0.2194196421875 0.802678571875 0.19461805625 0.7964781750000001 0.130133928125 0.7741567453125 0.13757440468749998
9 0.7803571421875001 0.19833829375 0.7791170640625 0.195858134375 0.7791170640625 0.19461805625 0.7704365078125 0.142534721875 0.7952380953125 0.1288938484375 0.781597221875 0.0681299609375 0.7319940468749999 0.0334077375 0.7171130953125 0.0904513890625 0.712152778125 0.12393353124999999 0.7183531750000001 0.1623759921875 0.7419146828125001 0.1784970234375 0.777876984375 0.1970982140625 0.7803571421875001 0.19833829375
12 0.433810846875 0.41875 0.433642578125 0.4296875 0.436083984375 0.45361328125 0.43125 0.46859863281249997 0.43125 0.468816584375 0.436572265625 0.47607421875 0.446826171875 0.484375 0.479052734375 0.49072265625 0.501025390625 0.5 0.524462890625 0.50390625 0.538916015625 0.509375 0.54423828125 0.509375 0.549853515625 0.5048828125 0.553271484375 0.49609375 0.5651705234375 0.41875 0.433810846875 0.41875
12 0.1572043671875 0.41875 0.16083984375 0.423193359375 0.16865234375 0.441259765625 0.17646484375 0.446630859375 0.1818359375 0.447607421875 0.25947265625 0.447607421875 0.30732421875 0.452490234375 0.3416015625 0.453125 0.4192138671875 0.453125 0.425 0.452978515625 0.4359375 0.450791015625 0.4359375 0.4447335375 0.4337890625 0.434912109375 0.43301943749999994 0.41875 0.1572043671875 0.41875
12 0.6296875 0.5284352953125 0.48369140625 0.485107421875 0.40947265625 0.464111328125 0.39580078125 0.462646484375 0.38212890625 0.468505859375 0.3669921875 0.482177734375 0.3552734375 0.496337890625 0.342578125 0.517333984375 0.33671875 0.536865234375 0.33330078125 0.557861328125 0.3337890625 0.572021484375 0.3396484375 0.577880859375 0.45634765625 0.650146484375 0.52470703125 0.682861328125 0.5623046875 0.703857421875 0.57890625 0.710205078125 0.59501953125 0.712158203125 0.6072265625 0.709716796875 0.62578125 0.699462890625 0.6296875 0.6960574421875 0.6296875 0.5284352953125
12 0.3370110671875 1 0.339990234375 0.995703125 0.347314453125 0.97958984375 0.3484375 0.968359375 0.3484375 0.962463378125 0.346826171875 0.95078125 0.342431640625 0.941015625 0.327783203125 0.92001953125 0.333154296875 0.89462890625 0.333154296875 0.88193359375 0.331201171875 0.87509765625 0.318505859375 0.8541015625 0.231103515625 0.73447265625 0.212060546875 0.7193359375 0.157373046875 0.68271484375 0.149072265625 0.67978515625 0.133447265625 0.67880859375 0.104638671875 0.68173828125 0.079736328125 0.69150390625 0.067041015625 0.702734375 0.061181640625 0.718359375 0.061669921875 0.72958984375 0.082177734375 0.8169921875 0.113916015625 0.937109375 0.122216796875 0.948828125 0.158837890625 0.972265625 0.179833984375 0.980078125 0.204736328125 0.98251953125 0.206201171875 0.983984375 0.2040172234375 1 0.3370110671875 1
12 0.17060546875 0.451171875 0.14375 0.45751953125 0.12861328125 0.4677734375 0.126171875 0.47607421875 0.12763671875 0.48828125 0.1310546875 0.494140625 0.13837890625 0.50048828125 0.16962890625 0.51416015625 0.2072265625 0.5224609375 0.21357421875 0.5224609375 0.2267578125 0.5185546875 0.2384765625 0.5185546875 0.266796875 0.5322265625 0.283203125 0.5328125 0.29757812499999997 0.5328125 0.315625 0.53076171875 0.33759765625 0.5244140625 0.34296875 0.51904296875 0.3453125 0.50810546875 0.3453125 0.4740234375 0.344921875 0.4716796875 0.34150390625 0.46728515625 0.31416015625 0.45654296875 0.286328125 0.44970703125 0.22236328125 0.447265625 0.17060546875 0.451171875
12 0.327001953125 0.570556640625 0.243505859375 0.519775390625 0.229833984375 0.518310546875 0.217626953125 0.520751953125 0.200537109375 0.528564453125 0.181005859375 0.541259765625 0.174658203125 0.541748046875 0.163916015625 0.534912109375 0.146826171875 0.531005859375 0.137060546875 0.531494140625 0.121923828125 0.538330078125 0.115576171875 0.536376953125 0.111181640625 0.530029296875 0.115576171875 0.523681640625 0.115576171875 0.516357421875 0.111181640625 0.508056640625 0.086279296875 0.493408203125 0.076025390625 0.491943359375 0.064306640625 0.494873046875 0.036474609375 0.512451171875 0.021337890625 0.518798828125 0.020361328125 0.534423828125 0.044287109375 0.541259765625 0.073583984375 0.556396484375 0.086279296875 0.556396484375 0.095068359375 0.550048828125 0.103369140625 0.550537109375 0.109228515625 0.553955078125 0.110693359375 0.560302734375 0.108251953125 0.573486328125 0.110693359375 0.581787109375 0.119970703125 0.590576171875 0.135595703125 0.599365234375 0.137548828125 0.602783203125 0.138037109375 0.606201171875 0.130224609375 0.633056640625 0.129736328125 0.647705078125 0.133642578125 0.663330078125 0.139501953125 0.671142578125 0.184912109375 0.704345703125 0.250341796875 0.745361328125 0.267919921875 0.759033203125 0.397314453125 0.837158203125 0.4154351125 0.8453125 0.43687133749999996 0.8453125 0.441748046875 0.843017578125 0.473486328125 0.792236328125 0.517919921875 0.712646484375 0.51875 0.7031005859375 0.51875 0.7012092140625 0.510595703125 0.689697265625 0.480322265625 0.666748046875 0.455908203125 0.651123046875 0.444677734375 0.641357421875 0.384130859375 0.602294921875 0.327001953125 0.570556640625
9 0.8752878562499999 0.41875 0.8498196921875 0.4382310203125 0.8157860749999999 0.47067195625 0.770449696875 0.5098255187499999 0.762510046875 0.520158728125 0.73277303125 0.54460850625 0.6714131859375 0.584905834375 0.6296875 0.6091497125 0.6296875 0.8334639781250001 1 0.61042043125 1 0.5246697421875 0.9898669578125 0.5156518906249999 0.9657065125 0.48709304062500003 0.926396153125 0.4450225 0.9000489437500001 0.41875 0.8752878562499999 0.41875
9 1 0.601337959375 0.6929847421875001 0.7516071656250001 0.6296875 0.781175203125 0.6296875 1 0.7796941640625 1 0.7989080578125 0.992342315625 1 0.8981439421874999 1 0.601337959375