2 0.609375 0.23352489375 0.5910433109375 0.23677530781249997 0.5704761875 0.25053965 0.5599114125 0.2878243609375 0.5222518890625001 0.30799189843749997 0.499927840625 0.3372441015625 0.4921875 0.3637906609375 0.4921875 0.36425183125 0.49578922031249995 0.39699701875 0.5054480125 0.41889204218750004 0.52642104375 0.438780925 0.55924291875 0.4484375 0.5973792 0.4484375 0.609375 0.441031703125 0.609375 0.23352489375
2 0.43191443906250004 0.4115615828125 0.4353109046875 0.4514295875 0.45545621406250003 0.483269053125 0.4780242046875 0.5 0.48209181250000005 0.5 0.529322771875 0.4836617578125 0.5765625 0.45520345781250005 0.5765625 0.4548423625 0.5127927921875 0.4292598765625 0.496910803125 0.40172325468750003 0.4908673390625 0.35726581562500004 0.47411849375 0.365294353125 0.45791616562500004 0.391774846875 0.43191443906250004 0.4115615828125
2 0.36292862187499997 0.43745969999999995 0.3565648171875 0.4470193734375 0.33310861406250003 0.46298224218749995 0.3267448109375 0.4725419171875 0.3116122875 0.4802838625 0.30559204375000004 0.49146887812499995 0.3089885125 0.5313368828125 0.3124052578125 0.5328125 0.3272886140625 0.5328125 0.36242855 0.5302926593749999 0.41253447187500003 0.5214083140625 0.4640625 0.5072884546875 0.4640625 0.49554004375 0.46405375937500004 0.4954107625 0.444009928125 0.47198460625000005 0.433078375 0.45200151406250005 0.4150959 0.4383274109375 0.392951584375 0.4287637734375 0.36292862187499997 0.43745969999999995
2 0.2888164953125 0.34149810937499997 0.282288865625 0.31061659375 0.24844762187499997 0.325048328125 0.2337601390625 0.342828925 0.20961681406250002 0.35554110781250003 0.193031796875 0.4040108328125 0.198731703125 0.44684293124999996 0.2093196953125 0.465200678125 0.22568585 0.47916136875 0.2605454359375 0.49375 0.2652715953125 0.49375 0.32252445 0.47716713281249995 0.359375 0.440771521875 0.359375 0.438913590625 0.3569904640625 0.4339582015625 0.332160021875 0.4434197015625 0.2947817046875 0.43318469843749996 0.28071898906250004 0.42218809999999996 0.267866684375 0.3772516828125 0.2888164953125 0.34149810937499997
2 0.35796385625 0.2762781453125 0.339840775 0.2778053109375 0.2825010984375 0.30452894375 0.2868689953125 0.3445306390625 0.2681211453125 0.374835003125 0.2793571265625 0.4200580109375 0.316494940625 0.4375 0.33280897343750004 0.4375 0.3780150015625 0.4346037921875 0.425513053125 0.397515434375 0.43393821250000003 0.39770781875 0.435656009375 0.40583453281250004 0.4450103703125 0.4024896390625 0.4591122140625 0.3898716625 0.475 0.35992528125 0.475 0.35466963906250004 0.465694878125 0.31788157031250003 0.43227545 0.286709496875 0.392835778125 0.2667224390625 0.34933574218749996 0.25925914843750003 0.342628378125 0.267193478125 0.35796385625 0.2762781453125
2 0.1832054796875 0.3105178890625 0.17663133749999999 0.311683559375 0.176528709375 0.3176513796875 0.16816412187500002 0.3232534953125 0.1588296796875 0.3285699046875 0.15447490625 0.3316303734375 0.1515625 0.3406258859375 0.1515625 0.3436658078125 0.153411615625 0.352413771875 0.1560971390625 0.3565142328125 0.169105425 0.3642763234375 0.1838853625 0.38041991406250003 0.193245059375 0.3921875 0.1949095578125 0.3921875 0.20560355624999999 0.3605508046875 0.21344600625000001 0.3481762765625 0.2281982578125 0.34052627968750004 0.2425869296875 0.324702715625 0.256807659375 0.3166892703125 0.271875 0.310761890625 0.271875 0.3100800796875 0.2501964421875 0.3004702796875 0.24060110156249997 0.29164538281249996 0.2191908953125 0.2936110078125 0.197650065625 0.299261084375 0.191915128125 0.3043969328125 0.1832054796875 0.3105178890625
2 0.1547030234375 0.3549877953125 0.1189410296875 0.3444662015625 0.0673202640625 0.362050446875 0.049056579687500004 0.3787788828125 0.0444105734375 0.39646526875 0.1303640609375 0.48577285468750003 0.170571034375 0.51875 0.1811849671875 0.51875 0.205948415625 0.49429227343750004 0.21210926406250002 0.4679059890625 0.198187153125 0.4417081171875 0.19272933125 0.3920880578125 0.1762616984375 0.36971405625 0.1547030234375 0.3549877953125
2 0 0.3236516640625 0.00207185 0.3310254265625 0.026136917187499997 0.3655423953125 0.05116700625 0.375 0.054425346875 0.375 0.07173743906249999 0.35914316562500004 0.1204691234375 0.34375745 0.153125 0.354094065625 0.153125 0.34590211875 0.1472985734375 0.312020128125 0.12945670468749998 0.28314475625 0.1020183921875 0.26440224218749997 0.06439799375000001 0.260955203125 0.0253642296875 0.2746213703125 0 0.3018826515625 0 0.3236516640625
2 0.1750912265625 0.16598344062499998 0.12664075156250001 0.15096661875 0.0910817109375 0.1572716375 0.068312625 0.17648519375 0.055928578124999996 0.19722988125000002 0.0503533703125 0.2184535484375 0.054577562499999996 0.24637096718749998 0.0648219953125 0.2631033734375 0.0933301140625 0.263107340625 0.12493026874999999 0.27773939375 0.14840969375 0.31741898125 0.159508009375 0.325 0.162715278125 0.325 0.17309953281249998 0.32315875312500003 0.2165763484375 0.27497958749999996 0.22332283749999998 0.2434306828125 0.2167952078125 0.2125491671875 0.20390377656249997 0.19122732656250002 0.1750912265625 0.16598344062499998
2 0.42354527031250006 0.14316476250000001 0.39980785625 0.18953016875 0.3983944890625 0.2066433734375 0.41640018437500004 0.2759599296875 0.453637896875 0.3013962 0.4730960875 0.32998498125000003 0.4779059171875 0.3527397796875 0.4845260515625 0.3546875 0.48943917656249997 0.3546875 0.5179080093749999 0.31192176250000003 0.5613456984375 0.2873571703125 0.565625 0.26675131875 0.565625 0.232288553125 0.564695721875 0.2159402609375 0.553904775 0.180755903125 0.5148477921875 0.13877961249999998 0.48716739374999996 0.1268250625 0.45439595625000007 0.1225182484375 0.42354527031250006 0.14316476250000001
2 0.2515203390625 0.227888215625 0.2447738484375 0.259437121875 0.25326135625 0.29165738750000003 0.26673843124999996 0.30781660781250003 0.27712346875 0.3093477421875 0.3315318390625 0.2811516671875 0.3240750078125 0.25380742968750003 0.40529692187500005 0.2731310640625 0.4125 0.27028419531250003 0.4125 0.2680630328125 0.3967470609375 0.20888291875 0.396786190625 0.18526834375 0.3490228375 0.1735022078125 0.29382587031249996 0.190034290625 0.2687533453125 0.206283753125 0.2515203390625 0.227888215625
2 0.609375 0.1790722375 0.6004762453125 0.17299369375 0.59322236875 0.16247606718750002 0.5638241749999999 0.1423948015625 0.5341624796875 0.1359375 0.533192015625 0.1359375 0.5190513796875 0.13684344531249998 0.5145459796875 0.1393285640625 0.5152330984375 0.14257925 0.5447327671875 0.1710738203125 0.5572806390625 0.19077031875 0.562777590625 0.21677580624999998 0.5605756296875 0.22222501718749998 0.5651116390625 0.2515625 0.571156615625 0.2515625 0.5770432609375 0.24459901875 0.5954084234375 0.2362838875 0.609375 0.23380745468750003 0.609375 0.1790722375
2 0.4525231015625 0 0.447624484375 0.0046739328125 0.43812951875 0.02322009375 0.4335849890625 0.049319787500000004 0.4394255 0.0769506171875 0.453347609375 0.10314848593749999 0.4634905671875 0.111467584375 0.4607029625 0.1220794171875 0.5226696390625001 0.12964088437500002 0.5553188312499999 0.140625 0.5653332578125 0.140625 0.5894852765625 0.136342575 0.608334603125 0.11445151875 0.609375 0.1094417609375 0.609375 0.0694065359375 0.594248665625 0.0478124609375 0.5850740390625 0.012341509375 0.5733384109374999 0 0.4525231015625 0
2 0.282577840625 0.0625368421875 0.2695066765625 0.0800308453125 0.26486066875000003 0.0977172328125 0.2347985796875 0.130027740625 0.23328373593750001 0.13872763593749998 0.25425676875000003 0.158616515625 0.29060440625 0.16397549218750002 0.3173556015625 0.1794673171875 0.341600403125 0.1751684421875 0.392406815625 0.18125 0.40018196875 0.18125 0.40611259843749997 0.1789060390625 0.42510253125 0.1418137140625 0.4453125 0.1218532484375 0.4453125 0.08820459375 0.43457427656250003 0.06762509531250001 0.404488965625 0.0442931421875 0.377152128125 0.033963934375 0.34276437187500003 0.029943712500000004 0.320135890625 0.033955996875 0.282577840625 0.0625368421875
2 0.3441808890625 0 0.345668103125 0.005453625 0.3663990546875 0.0321304703125 0.400544728125 0.0429386546875 0.426894340625 0.0609375 0.4298646546875 0.0609375 0.435721084375 0.058622867187500004 0.44329529843750004 0.015123379687499999 0.45625417500000004 0 0.3441808890625 0
2 0.21589827343749998 0 0.2238460546875 0.0018476609375 0.2375652109375 0.0112189171875 0.2615288015625 0.0373225796875 0.272453146875 0.0734375 0.27346340625 0.0734375 0.3165851625 0.0359917640625 0.3578125 0.028681692187500003 0.3578125 0.0247699390625 0.356548125 0.018788320312500002 0.3443438125 0.000717165625 0.34419222031249996 0 0.21589827343749998 0
2 0.20796898593750002 0 0.129403590625 0.01393053125 0.1104527859375 0.0274082796875 0.1126779703125 0.0776015265625 0.1285599609375 0.105138146875 0.147229553125 0.122062934375 0.18551940312499998 0.1390625 0.193007359375 0.1390625 0.2360880296875 0.1299149609375 0.2597863171875 0.10716412812500001 0.271875 0.0815544375 0.271875 0.06915564375 0.2657833390625 0.040336657812499996 0.24147618906249999 0.012607651562499999 0.21545858906249998 0 0.20796898593750002 0
2 0.09047542343750001 0 0.0824085125 0.0114799578125 0.07909761562499999 0.059282292187499995 0.09295213906250001 0.109375 0.0991009625 0.109375 0.12369068125 0.10364949375000002 0.11049481718750001 0.0570877328125 0.111806703125 0.0315612234375 0.11944326875 0.0200896171875 0.20497303906250003 0 0.09047542343750001 0
2 0.0624858 0.1080488828125 0.039896446875000005 0.08844659218749999 0.0391702015625 0.10881048125 0.0186030765625 0.1225748234375 0.0264034671875 0.151544403125 0.0132931734375 0.19265298125000002 0.0132149171875 0.23988213125 0.0199774609375 0.271875 0.027543812499999997 0.271875 0.06142330781250001 0.2616869171875 0.049703159375 0.2300398359375 0.0517021671875 0.2077640109375 0.0697628984375 0.1742089640625 0.08837014374999999 0.15910586875 0.1372033046875 0.152133459375 0.16973265937499998 0.1632282359375 0.20604116874999998 0.19220178125 0.20480753593749998 0.170499140625 0.2109375 0.16129074062499998 0.2109375 0.16083847812500002 0.194563103125 0.1537667390625 0.178782590625 0.1346434234375 0.1198455984375 0.10968216093750001 0.09040827812499999 0.11321546874999999 0.08060888125 0.1065217140625 0.0624858 0.1080488828125
3 0.856114965625 0.197931815625 0.8590322109375 0.19200269375 0.8593608406250001 0.182969215625 0.8530841609375 0.166283771875 0.849757334375 0.16283284375 0.845166934375 0.16325378125 0.839425746875 0.165796328125 0.8210899984375001 0.1710127578125 0.8041403625000001 0.1743897890625 0.7702991734375 0.1841764640625 0.749326471875 0.18703864375 0.7220130203125 0.1938792328125 0.6708931812500001 0.196412709375 0.6652164484374999 0.1979551109375 0.659094915625 0.20246577187499998 0.6581828359374999 0.2126850734375 0.6588052640625001 0.22663012968750001 0.6565104484375001 0.24650430625 0.655141990625 0.3267485 0.649081625 0.491601434375 0.6446407749999999 0.556578646875 0.6427461812499999 0.601713859375 0.6387429921875001 0.62842815625 0.6392653640625 0.636057953125 0.6423246359375 0.6397267390625 0.6468022453125 0.6410560546874999 0.6568599109375001 0.642343184375 0.664483725 0.6420583515625 0.7026222859375 0.6481996203125 0.758239225 0.6545609015625 0.786523225 0.66019733125 0.8556213343750001 0.6697964515625 0.8712272921875 0.6703125 0.8890000406249999 0.6703125 0.8932052968749999 0.6688079984375 0.8948589640625 0.66675074375 0.8970541093750001 0.660225015625 0.897843653125 0.647973246875 0.9041645265625 0.6167656890625001 0.9078125 0.566171603125 0.9078125 0.4617062015625 0.9059885921875 0.4271691875 0.8994919234375001 0.370624078125 0.89184148125 0.3280488109375 0.8775017828125 0.2712562859375 0.8558249312499999 0.202432465625 0.856114965625 0.197931815625
13 0.93125 0.555058690625 0.93125 0.5383194171875 0.9122450296875 0.5248460109375 0.889218990625 0.6703125 0.8900191296875001 0.6703125 0.9274153921874999 0.6190907453125 0.9309643187500001 0.5640200359375 0.93125 0.555058690625
13 0.88266506875 0.6796875 0.8890252999999999 0.670975875 0.71196186875 0.6470562765625 0.7554945390625 0.6796875 0.88266506875 0.6796875
13 0.609375 0.49940079062500004 0.650685503125 0.5046875 0.653125 0.5046875 0.653125 0.35151095468750004 0.6529570546875 0.320946525 0.609375 0.28423012187499996 0.609375 0.49940079062500004
13 0.609375 0.282178225 0.6521736765624999 0.3203125 0.6541220234375 0.3203125 0.6546875 0.29359623125 0.6546875 0.20066326874999998 0.638793040625 0.20535458750000002 0.618682478125 0.2027809390625 0.609375 0.20261959062499998 0.609375 0.282178225
17 0.4929442921875 1 0.48028453281249994 0.9453839953125 0.46828786093749997 0.9370486328125001 0.4541036078125 0.9367999843749999 0.1104032609375 1 0.4929442921875 1
17 0.11022419375 1 0.4968647078125 0.9299796984375 0.498252103125 0.9239102203125 0.4700084390625 0.8086485703124999 0.444840675 0.80008231875 0.434815553125 0.8009222156250001 0.35690558437500003 0.8198691312499999 0.23382932343750001 0.8420868203125 0.0671840765625 0.8828377843749999 0.058543290625 0.896905178125 0.059127443749999994 0.9121499140625 0.0762355140625 0.9693252703125002 0.091374171875 1 0.11022419375 1
17 0.33302083125 0.6796875 0.3261768109375 0.681083865625 0.132924690625 0.7091808187499999 0.05773474375 0.725128515625 0.051810918750000004 0.755493665625 0.062152445312500006 0.777003246875 0.067741509375 0.8400704749999999 0.0778407203125 0.8640625 0.0885906171875 0.8640625 0.1829741140625 0.8491999140625 0.49407849062500003 0.7876217296875 0.4953125 0.7822232812500001 0.4953125 0.7809016984375 0.471448278125 0.6796875 0.33302083125 0.6796875
1 0.609375 1 0.609375 0.6796875 0.4692266171875 0.6796875 0.4937959546875 0.7761894703125 0.4919278359375 0.7873286875 0.480996040625 0.789168321875 0.475556 0.7951667578125 0.47901531249999996 0.8378839890625001 0.4976111515625 0.92860131875 0.482252475 0.9364571500000001 0.4837950140625 0.9608593843750001 0.49279446875 1 0.609375 1