11 0.1318916625 0.4890625 0.1267740953125 0.47480730624999995 0.11811601093749999 0.45716671406250003 0.096888053125 0.439340115625 0.09479148281250001 0.42251548593750005 0.0920257265625 0.41528585781249994 0.028364103125 0.333730525 0.0214004421875 0.3214266546875 0 0.29313035625 0 0.4805326296875 0.0083395046875 0.4890625 0.1318916625 0.4890625
14 0.204370828125 0.4890625 0.1458696390625 0.41856143125 0.0304541109375 0.28041329375 0 0.243540140625 0 0.27025831875 0.025228515624999996 0.3006824890625 0.1240726453125 0.419846875 0.181636796875 0.4890625 0.204370828125 0.4890625
14 0.22366552031250003 0.4890625 0.169048390625 0.4207603640625 0.10347619999999999 0.341813503125 0.0224242171875 0.2458542796875 0 0.2199859703125 0 0.24491766718750002 0.0243505265625 0.2742020453125 0.12028724843750001 0.3883987 0.18689806874999998 0.467529825 0.2045912171875 0.4890625 0.22366552031250003 0.4890625
14 0.2541774921875 0.4890625 0.24390107031250002 0.477172303125 0.2045884234375 0.4305724890625 0.1376603109375 0.352638375 0.0703763875 0.275827453125 0.00048730625 0.19520522499999998 0 0.194651834375 0 0.21898746875000002 0.0525767578125 0.279712915625 0.115608571875 0.353134990625 0.17543064531250002 0.42260374062499995 0.23365026718749998 0.4890625 0.2541774921875 0.4890625
14 0.29234130937499997 0.4890625 0.284768915625 0.480366575 0.1107169109375 0.282103525 0.051279415625000005 0.21607562812499997 0 0.15872763125 0 0.1823335296875 0.005739435937500001 0.18874886562499998 0.0845731109375 0.2777692890625 0.1654755078125 0.36972290625 0.23823028750000003 0.45327632968750003 0.2691074859375 0.4890625 0.29234130937499997 0.4890625
14 0.268327196875 0.4890625 0.22768766093749998 0.44164302187500004 0.1605748859375 0.365283971875 0.115602359375 0.314356884375 0.0690021359375 0.2609901328125 0 0.183594178125 0 0.19507790625000002 0.0527737796875 0.2558707859375 0.0995058734375 0.30993424375 0.15552465 0.37240889374999997 0.20425511406250002 0.42688905781250003 0.26064015937499996 0.4890625 0.268327196875 0.4890625
8 0.3144163453125 0.4890625 0.31693939375 0.48665980624999994 0.3171875 0.4860414390625 0.3171875 0.48244957343749995 0.3121097984375 0.4766112640625 0.2715215515625 0.43197942187500005 0.21153456875 0.3642310390625 0.12051633749999999 0.2605267671875 0.024215681250000003 0.1538871609375 0 0.126935315625 0 0.1518392171875 0.0275899375 0.1827229859375 0.09134548125 0.2530189609375 0.13908728125 0.307454696875 0.19421822187499999 0.369229803125 0.2425008515625 0.4230678171875 0.2884583265625 0.47516282031249996 0.3002401515625 0.4890625 0.3144163453125 0.4890625
14 0.3532030046875 0.4890625 0.329016003125 0.46294389062499997 0.2308584890625 0.3503356828125 0.1366158625 0.24184475625 0.08263884375 0.179829075 0.0287188921875 0.1175879734375 0 0.0841773453125 0 0.11230698593749999 0.06628774062500001 0.188894590625 0.14337301875 0.2784735859375 0.2090534375 0.35318347499999997 0.27689470156249996 0.4291859140625 0.3273527265625 0.4890625 0.3532030046875 0.4890625
14 0 0.1278847484375 0.114423996875 0.25495251875 0.2401561078125 0.3973851734375 0.284425965625 0.4484375 0.28725495 0.4484375 0.2890625 0.4469084484375 0.2890625 0.44592094062500004 0.2770959921875 0.4318466359375 0.21984798125 0.36674463749999997 0.13981491875000002 0.2761251234375 0.08250598125 0.209558984375 0.029931043750000004 0.1487427890625 0 0.11494591093749999 0 0.1278847484375
14 0.09606088125 0.1903221 0.08367365624999999 0.17583539374999999 0.055578262499999996 0.14858838125 0.066264940625 0.16047055 0.108883909375 0.2099055625 0.166853075 0.276286678125 0.23599679999999998 0.356923471875 0.3314901515625 0.45974021406250004 0.3479344890625 0.4765625 0.3512526046875 0.4765625 0.3551649953125 0.47545714375000003 0.3578125 0.47250133906249997 0.3578125 0.4703879390625 0.33220684375 0.44261733437500006 0.2866962671875 0.3916938734375 0.2321370890625 0.331885171875 0.1812467375 0.274758796875 0.1317140859375 0.224933984375 0.09606088125 0.1903221
14 0 0.0846917125 0.015177771875000001 0.1014870390625 0.153125 0.24670712031250003 0.153125 0.2466783359375 0.0977723359375 0.1807549046875 0.06872613749999999 0.1470278828125 0.033891207812500004 0.1063132921875 0.0175025953125 0.0910872890625 0 0.073539225 0 0.0846917125
14 0.4019433515625 0.4890625 0.3925113203125 0.4784865640625 0.2877086578125 0.36450175156250003 0.1198952625 0.1791097703125 0 0.0469419703125 0 0.070925190625 0.0650276078125 0.1444312359375 0.18103286093749998 0.27343481718749996 0.33824609687499996 0.448315715625 0.37382315625 0.4890625 0.4019433515625 0.4890625
14 0 0.046481656249999996 0.0132150046875 0.061004153125 0.13010748125 0.1887894171875 0.2125220078125 0.27982191093750003 0.307420759375 0.384947215625 0.4020488140625 0.4875 0.40283113437500007 0.4875 0.3777259125 0.43700891875 0.25348833125 0.3081627203125 0.14574059374999998 0.19048092187500001 0.049715971875 0.0845849421875 0.0023586921875 0.0323398875 0 0.0320687828125 0 0.046481656249999996
14 0.002859225 0.032673171875000004 0.07802200468750001 0.11580361718750001 0.1781648796875 0.2261248328125 0.2521535515625 0.3057952296875 0.3258363640625 0.3835553140625 0.375 0.43422680468749997 0.375 0.4322239953125 0.36003717968750004 0.3982084328125 0.309783125 0.344733246875 0.2150725625 0.24302465624999997 0.0987209703125 0.1150048046875 0.0203776359375 0.032491523437499996 0.002859225 0.032673171875000004
14 0.060254220312499995 0.037286246875 0.1822393171875 0.184375 0.18232094062499998 0.184375 0.0752663796875 0.037448885937499996 0.060254220312499995 0.037286246875
14 0.1987402359375 0.2237727359375 0.3 0.3323191921875 0.3 0.33230569375 0.19684203281249998 0.203050915625 0.0592816359375 0.0373185828125 0.04385683125 0.03731366875 0.042280759375 0.0367432625 0.14847358593749999 0.1609304296875 0.1987402359375 0.2237727359375
14 0.196875 0.22173440000000003 0.0427792375 0.0354512703125 0.0206736671875 0.033943951562500005 0.19686755312499998 0.221875 0.196875 0.221875 0.196875 0.22173440000000003
6 0.1813396625 0 0.17857261093750001 0.0104931078125 0.1622101671875 0.10294530625000001 0.1609830671875 0.1396694046875 0.1639761234375 0.153392196875 0.1824446875 0.1785264125 0.1968488625 0.18804493125 0.20702016093750003 0.1914902609375 0.23398088437500003 0.1921875 0.23806444999999998 0.1921875 0.2625975078125 0.18566311093750001 0.2690016546875 0.18198380625 0.27379880624999997 0.1754651515625 0.280039234375 0.15275333124999999 0.2912516609375 0.1285175953125 0.305968965625 0.10391437968749999 0.3173323953125 0.06963666562500001 0.3328237921875 0.0384352953125 0.34520609687500003 0.0045520609375 0.34608982187500004 0 0.1813396625 0
9 1 0.293026775 0.9994123859374999 0.2904361765625 0.9959062109375001 0.2718035484375 0.9960602390624999 0.259375390625 0.9920075640625001 0.25115572343750003 0.9831911281250001 0.21029237812499998 0.9803095203125001 0.17975922187499999 0.9726965078124999 0.1444456140625 0.972424596875 0.14393069375 0.7380475437499999 0.1289324921875 0.7423981546875 0.137171225 0.7451194 0.1517734578125 0.7519432546875 0.1641506234375 0.75884729375 0.184493246875 0.7780373609375 0.2175625703125 0.7829031046875 0.2387698015625 0.7829073281250001 0.2576758546875 0.7891825734375 0.2710129515625 0.7983654515625 0.31438735156250003 0.803760115625 0.3634895828125 0.8079970671875 0.3776912890625 0.8149250171875 0.38808503125 0.812784740625 0.4003860875 0.817307953125 0.4091333828125 0.8180689734375001 0.423112659375 0.8254154140625 0.43502574374999997 0.8281626828124999 0.44913212187499996 0.8352467718749998 0.4565507359375 0.845910890625 0.46220835468750004 0.862013271875 0.4781643921875 0.8811499484375 0.4890625 1 0.4890625 1 0.48149094375 0.9961826515624999 0.4564013734375 1 0.4425108875 1 0.293026775
9 0.509375 0.3713792703125 0.5335819828125 0.4009913625 0.5540472140625 0.40976377656249996 0.5698612234375 0.421721196875 0.588914840625 0.4289107171875 0.5951879734375 0.4327947890625 0.5993707671874999 0.43853518124999996 0.6092499515625 0.4401624078125 0.61489640625 0.44649398125 0.631074746875 0.45150942812499995 0.6603198296875 0.45437591250000003 0.6813836046875 0.45174365625 0.6883073312500001 0.44323134687500004 0.7097614625 0.4331612625 0.7151955046875 0.424553625 0.7272930359374999 0.41239223437500006 0.7392062890625001 0.3942488 0.7453125 0.37365429687499996 0.7453125 0.36782754375 0.7415202875 0.34066465468749996 0.7317930234375 0.3171562453125 0.7130495781249999 0.2945634328125 0.7068024671875 0.29018350625 0.6809271078125001 0.2800698453125 0.6567235984375 0.2665805265625 0.5759598984375 0.2295709984375 0.5676224453125001 0.2270473875 0.5482565453125 0.2258081296875 0.52722090625 0.23739755625 0.5136836265625 0.239018884375 0.509375 0.24511591406250002 0.509375 0.3713792703125
9 0.509375 1 0.509375 0.8302779499999999 0.48916800625 0.8112979906250001 0.4534635734375 0.788756546875 0.42827924375000004 0.7751188625000001 0.37530899375 0.7573005609375001 0.35555993125 0.7473332 0.31306026875000004 0.7379237484375001 0.25924448125 0.7167194703125 0.23001117343750002 0.7132689203125 0.2108252015625 0.6976835421875001 0.021982545312499997 0.7273500187499999 0.0194848484375 0.7619251218749999 0.0111238921875 0.7999347562500001 0.012510182812500001 0.8137922140625001 0.015995225 0.82329846875 0.03433481875 0.849573240625 0.058517353125000005 0.8683951734375001 0.07731799375000001 0.8790142171875001 0.0961720078125 0.8851006890625 0.1275992265625 0.8902173328125 0.1558725203125 0.909401996875 0.16934077812499998 0.91231305625 0.17841734843749998 0.9169194046874999 0.19063239062499998 0.9275676453125001 0.20568498281249997 0.9463157984375 0.2199454046875 0.957145403125 0.25195902187499997 0.9782559156249999 0.2769453140625 0.9899139625 0.290760509375 1 0.509375 1
9 0.24174199375 1 0.2453125 0.9879297265625 0.2453125 0.974115396875 0.23337906562500002 0.963273090625 0.190544421875 0.9353168437499999 0.174440525 0.9212580296875 0.15229950781249998 0.9076449390625001 0.137342075 0.8949140828125 0.11583696562500001 0.8977897671874999 0.1120966421875 0.8958639234374999 0.10501980468750001 0.8859165515624999 0.0806276390625 0.8801974156250001 0.0678781453125 0.9807269875 0.0698062046875 1 0.24174199375 1
2 0.5996964890625 0.654123690625 0.5869903875 0.6509974328125 0.5643067375 0.664136328125 0.5568854828124999 0.6714959984375 0.55237685 0.6798823625 0.553273553125 0.6813820015625 0.5607458140625 0.6809725484375 0.569820759375 0.6865385609375 0.5734711406249999 0.6915450546875 0.5735221515625 0.6984952703125 0.5761486859375 0.7039862515624999 0.5877230109375 0.7170273734375 0.5952024296875 0.721875 0.5971387406249999 0.721875 0.608378184375 0.7123037015625 0.6123272140625 0.7049036281250001 0.6166576906250001 0.6915511734375 0.61658745625 0.677154709375 0.6068508828125 0.658674553125 0.5996964890625 0.654123690625