6 0.16631165781249999 0 0.0820507375 0.0935090703125 0.0735473359375 0.1037840140625 0.0576034578125 0.1236252828125 0.0281958609375 0.16259920625 0.001977040625 0.19696712031250002 0 0.1984499 0 0.2857984140625 0.0044572 0.287315759375 0.017566609375 0.2834183671875 0.0317389453125 0.27030895625 0.0420138890625 0.2557823125 0.0466198984375 0.2525935375 0.04803713125 0.24444444375000002 0.0576034578125 0.237712584375 0.088782596875 0.21326530625 0.11925311718750001 0.1891723359375 0.1511408734375 0.1597647390625 0.18444586093749998 0.12220804999999998 0.218105159375 0.0892573703125 0.25034722187499997 0.0641014734375 0.25601615624999996 0.058786848437500004 0.2609764734375 0.045323129687500005 0.261685090625 0.032568026562500005 0.25743339062500004 0.023356009375 0.25070153125 0.009537981249999999 0.23937517656249999 0 0.16631165781249999 0
0 0.2916170640625 0 0.28940972187499997 0.008829365625 0.291269840625 0.0305307546875 0.2993303578125 0.0503720234375 0.324751984375 0.088814484375 0.34521329375 0.11981646875 0.355133928125 0.1346974203125 0.3731150796875 0.1353174609375 0.37931547656250003 0.126016865625 0.3917162703125 0.12291666718750001 0.42705853125 0.11981646875 0.47108134843749994 0.1098958328125 0.4890625 0.108061021875 0.4890625 0 0.2916170640625 0
0 0.026741159375 0 0.0352820296875 0.015206915625000001 0.0657525515625 0.0733134921875 0.067169784375 0.0811082765625 0.07071286875 0.087485828125 0.0809878125 0.0920918375 0.09657738125000001 0.094926303125 0.11216695000000002 0.0981150796875 0.12669359375 0.0977607703125 0.1369685375 0.0952806125 0.1451176296875 0.0924461453125 0.15432964843750002 0.08642290312499999 0.1649589 0.0757936515625 0.1961380390625 0.0371740359375 0.20747590625 0.023356009375 0.20853883281250002 0.015206915625000001 0.2049957484375 0.0081207484375 0.20303556875 0 0.026741159375 0
1 0.3520337296875 0.278670634375 0.350049603125 0.2791666671875 0.356994046875 0.2960317453125 0.37385912656250003 0.3396825390625 0.3912202375 0.383829365625 0.40014880937499997 0.40218253906249996 0.405605159375 0.40615079375 0.4135416671875 0.4081349203125 0.42743055625000004 0.40565476250000004 0.45868055625000004 0.3957341265625 0.4890625 0.3855121640625 0.4890625 0.2022154171875 0.481001984375 0.20277777812500003 0.3520337296875 0.278670634375
9 0 0.382534959375 0.00009920625000000002 0.3828373015625 0.01200396875 0.402678571875 0.01572420625 0.41210317500000004 0.020932539062499998 0.4210317453125 0.036805556249999996 0.4641865078125 0.0425099203125 0.46815476250000004 0.046478175 0.46815476250000004 0.060863095312500004 0.45525793593749997 0.08368055625000001 0.44112103124999996 0.093601190625 0.43368055625 0.10476190468749999 0.42748015937500006 0.12782738124999998 0.41011904687499995 0.1414682546875 0.403174603125 0.1491567453125 0.39548611093749997 0.15907738124999998 0.3882936515625 0.1794146828125 0.380605159375 0.2014880953125 0.3689484125 0.2173611109375 0.362251984375 0.23249007968750002 0.35208333281250004 0.2625 0.334722221875 0.2825892859375 0.3210813484375 0.30069444375 0.3119047625 0.3111111109375 0.3042162703125 0.32847222187499997 0.29404761874999996 0.33789682499999996 0.2893353171875 0.35029761875 0.28487103125 0.38055555625 0.263045634375 0.387748015625 0.259325396875 0.40064484062499994 0.250396825 0.40833333281249995 0.24667658750000002 0.4135416671875 0.24122023750000002 0.4264384921875 0.23402777812500003 0.43239087343750005 0.22857142812500003 0.44925595312500005 0.2166666671875 0.4591765875 0.2114583328125 0.47256944375 0.206994046875 0.47529761875 0.20500992031249998 0.4827380953125 0.19756944375000002 0.484226190625 0.194097221875 0.4854662703125 0.1804563484375 0.483730159375 0.168799603125 0.47430555625000004 0.1420138890625 0.4668650796875 0.128125 0.4579365078125 0.12018849218750001 0.4519841265625 0.118204365625 0.4423115078125 0.1199404765625 0.43239087343750005 0.1231646828125 0.41478174531249995 0.1325892859375 0.40659722187499997 0.133829365625 0.39618055625 0.1335813484375 0.3875 0.1345734125 0.37013888906250003 0.13878968281249998 0.35947420625 0.138045634375 0.350049603125 0.1358134921875 0.33888888906250003 0.13606150781249998 0.327728175 0.1382936515625 0.3108630953125 0.144494046875 0.29201388906250003 0.1482142859375 0.27291666718749996 0.1611111109375 0.20694444375 0.197321428125 0.1516369046875 0.21865079375000002 0.140228175 0.22534722187499998 0.1265873015625 0.23154761875 0.11269841249999998 0.240476190625 0.0943452375 0.24618055625 0.07723214218749999 0.2551091265625 0.0345734125 0.2732142859375 0.0216765875 0.2801587296875 0.0087797625 0.2888392859375 0 0.29191220156250003 0 0.382534959375
14 1 0.47330757187500005 0.8755208328125 0.48 0.8638541671875 0.48666666718749996 0.7888541671875 0.4916666671875 0.6355208328125 0.4966666671875 0.63298076875 0.5296875 1 0.5296875 1 0.47330757187500005
14 0.6185208328125 0 0.6138541671875 0.0266666671875 0.6138541671875 0.0566666671875 0.6221875 0.06 1 0.06 1 0 0.6185208328125 0
14 1 0.0640323828125 0.6438541671875 0.0685028328125 0.6188541671875 0.06350283281249999 0.6255208328124999 0.2285028328125 0.8671875 0.2318361671875 1 0.22647000468749998 1 0.0640323828125
14 1 0.23256558593749999 0.952357296875 0.2316666671875 0.622357296875 0.2383333328125 0.632357296875 0.36 1 0.3424170890625 1 0.23256558593749999
14 1 0.3533333328125 0.9221875 0.3533333328125 0.6355208328125 0.365 0.6321875 0.4966666671875 1 0.4732204515625 1 0.3533333328125
14 0 0.8323502609375 0.000390625 0.83193359375 0.0140625 0.82705078125 0.01845703125 0.8216796875 0.0267578125 0.816796875 0.03212890625 0.808984375 0.04384765625 0.803125 0.0501953125 0.7962890625 0.06337890625 0.78994140625 0.06826171875 0.78408203125 0.08095703125 0.77822265625 0.086328125 0.77236328125 0.098046875 0.766015625 0.10439453125 0.758203125 0.11806640625 0.75234375 0.1234375 0.746484375 0.13955078125 0.74013671875 0.14833984375 0.7318359375 0.15908203125 0.72841796875 0.1693359375 0.719140625 0.17861328125 0.7162109375 0.1869140625 0.70400390625 0.1888671875 0.69375 0.1849609375 0.68203125 0.1654296875 0.6498046875 0.14345703125 0.61904296875 0.12587890625 0.58681640625 0.0853515625 0.53359375 0.0812397203125 0.5296875 0.0461263015625 0.5296875 0.0404296875 0.5345703125 0 0.5551220703124999 0 0.8323502609375
14 0.08896484375 1 0.094140625 0.9896484375 0.1029296875 0.97890625 0.105859375 0.9701171875 0.12001953125 0.94814453125 0.1224609375 0.93984375 0.14931640625 0.89833984375 0.1625 0.87197265625 0.1625 0.8666015625 0.156640625 0.859765625 0.11416015625 0.83193359375 0.09658203125 0.8060546875 0.08828125 0.7875 0.06923828125 0.7796875 0.06240234375 0.78212890625 0.03603515625 0.79970703125 0 0.8263997390625001 0 1 0.08896484375 1
19 0.25966796875 0.7328125 0.27138671875 0.69814453125 0.27138671875 0.6791015625 0.25185546875 0.63271484375 0.24599609375 0.62880859375 0.23623046875 0.62880859375 0.215234375 0.6361328125 0.16689453125 0.64248046875 0.16591796875 0.644921875 0.176171875 0.66103515625 0.1849609375 0.66787109375 0.22060546875 0.707421875 0.23525390625 0.72060546875 0.24013671875 0.7337890625 0.250390625 0.74697265625 0.25234375 0.74697265625 0.25966796875 0.7328125
19 0.342375475 1 0.379296875 0.9606442218750001 0.37880859375 0.574413753125 0.375390625 0.577831721875 0.35244140625 0.587109065625 0.33876953125 0.594921565625 0.26357421875 0.619335628125 0.26455078125 0.629101253125 0.2826171875 0.669140315625 0.285546875 0.680370784375 0.28603515625 0.692577815625 0.2806640625 0.716991878125 0.26357421875 0.767773128125 0.25625 0.8419918781250001 0.250390625 0.8527340656250001 0.24404296875 0.8786129718750001 0.2337890625 0.9079098468750001 0.20986328125 0.9606442218750001 0.1781103234375 1 0.342375475 1
0 1 0.6955677765625 0.976171875 0.71103515625 0.94443359375 0.7271484375 0.93271484375 0.7369140625 0.925390625 0.74619140625 0.9224609375 0.75546875 0.92783203125 0.757421875 0.933203125 0.7642578125 0.937109375 0.77890625 0.93662109375 0.79697265625 0.95224609375 0.827734375 0.97373046875 0.83017578125 0.99765625 0.82626953125 1 0.8263240375 1 0.6955677765625
0 1 0.8509765625 0.97421875 0.8638671875 0.95419921875 0.87509765625 0.941015625 0.88681640625 0.9322265625 0.90634765625 0.9322265625 0.92880859375 0.9390625 0.948828125 0.9595703125 0.97177734375 0.97275390625 0.978125 0.99619140625 0.980078125 1 0.9792677859375001 1 0.8509765625
1 0.73684375 1 0.6978515625 0.7798828125 0.68466796875 0.74716796875 0.67490234375 0.7408203125 0.66123046875 0.7388671875 0.6109375 0.74375 0.5640625 0.745703125 0.54697265625 0.74912109375 0.4890625 0.7706788890625 0.4890625 0.980859375 0.5018229171875 1 0.73684375 1
4 0.8149147734375 1 0.84580078125 0.99521484375 0.88291015625 0.99375 0.929296875 0.987890625 0.946875 0.983984375 0.96689453125 0.976171875 0.9439453125 0.95322265625 0.9029296875 0.93125 0.87265625 0.9224609375 0.83212890625 0.9166015625 0.8326171875 0.8990234375 0.8140625 0.87412109375 0.7779296875 0.800390625 0.76279296875 0.7818359375 0.7544921875 0.76669921875 0.745703125 0.75546875 0.73935546875 0.7515625 0.71787109375 0.7310546875 0.7125 0.72958984375 0.70126953125 0.7740234375 0.6978515625 0.77939453125 0.69736328125 0.78623046875 0.70517578125 0.81796875 0.70859375 0.82138671875 0.70859375 0.84775390625 0.718359375 0.89267578125 0.7212890625 0.89853515625 0.72568359375 0.93564453125 0.7359375 0.9908203125 0.739130434375 1 0.8149147734375 1
14 0.8541015625 0.775 0.804296875 0.7671875 0.7603515625 0.7544921875 0.81015625 0.8130859375 0.8296875 0.8443359375 0.8296875 0.878515625 0.878515625 0.8775390625 0.9126953125 0.8677734375 0.8814453125 0.8267578125 0.8541015625 0.775