10 0 0.459375 0.18380818125 0.459375 0.257421875 0.400341796875 0.2578125 0.398193359375 0.2578125 0.393603515625 0.25693359375 0.391552734375 0.233984375 0.365673828125 0.18125 0.310009765625 0.1744140625 0.304150390625 0.167578125 0.303662109375 0.10361328125 0.332958984375 0 0.376964625 0 0.459375
16 0.4890625 0.459375 0.4890625 0.4017233453125 0.4798828125 0.38984375 0.42958984375 0.341015625 0.4173828125 0.3263671875 0.38271484375 0.29267578125 0.27626953125 0.180859375 0.24697265625 0.153515625 0.23330078125 0.13740234375 0.2181640625 0.13349609375 0.1546875 0.13056640625 0.14931640625 0.1349609375 0.148828125 0.14765625 0.156640625 0.17646484375 0.15712890625 0.184765625 0.13662109375 0.23115234375 0.1328125 0.244006346875 0.1328125 0.25283900625 0.13955078125 0.266796875 0.156640625 0.28779296875 0.2533203125 0.38935546875 0.27529296875 0.41474609375 0.31793836875000003 0.459375 0.4890625 0.459375
16 0.20515372968749998 0 0.1986328125 0.0404296875 0.19716796875 0.0580078125 0.20205078125 0.0892578125 0.209375 0.11220703125 0.21865234375 0.13125 0.23330078125 0.1380859375 0.24697265625 0.1517578125 0.3060546875 0.20205078125 0.32802734375 0.2181640625 0.35146484375 0.24013671875 0.40029296875 0.27578125 0.418359375 0.28408203125 0.43447265625 0.28212890625 0.45888671875 0.2689453125 0.480859375 0.27041015625 0.4890625 0.2678196953125 0.4890625 0.0139455875 0.47256022187499996 0 0.20515372968749998 0
18 0 0 0 0.0201467109375 0.016650390625 0.029052734375 0.039599609375 0.037841796875 0.043505859375 0.041259765625 0.091357421875 0.159912109375 0.129931640625 0.264892578125 0.140185546875 0.287841796875 0.1432470703125 0.290625 0.15581597187500001 0.290625 0.158740234375 0.286865234375 0.137255859375 0.261474609375 0.134326171875 0.254150390625 0.134326171875 0.243896484375 0.138232421875 0.230224609375 0.159228515625 0.183837890625 0.159228515625 0.172119140625 0.151416015625 0.149658203125 0.151416015625 0.138427734375 0.159228515625 0.134033203125 0.212939453125 0.134033203125 0.2171875 0.1316731765625 0.2171875 0.13119895312500002 0.206591796875 0.102783203125 0.193408203125 0.041748046875 0.181201171875 0.004150390625 0.1793883578125 0 0 0
15 0.6516012796874999 0 0.6707217265625001 0.0978298609375 0.7064360125 0.290290178125 0.72429315625 0.3939608125 0.7373759921875 0.459375 0.7999600515624999 0.459375 0.7855530765625 0.38701636875 0.771416171875 0.3083953359375 0.7523189484375 0.21241319375 0.7386780765625 0.1352802578125 0.7120748453125 0 0.6516012796874999 0
15 0.8000883921874999 0 0.8116071421875001 0.0685639890625 0.8252480156249999 0.13676835468749998 0.8294642859374999 0.1677703375 0.850545634375 0.27218502031249997 0.859226190625 0.326500496875 0.875843253125 0.41132192500000003 0.8838063343750001 0.459375 0.943809384375 0.459375 0.9135416671875 0.286569940625 0.8867559515625001 0.149169146875 0.8601679328125 0 0.8000883921874999 0
3 0 0.7299508375 0.053656176562500005 0.7328125 0.058601571875 0.7328125 0.08939979375 0.7201308796875 0.11523005 0.7201308796875 0.16320053125 0.699835678125 0.2388462875 0.6407950875 0.38644776406250003 0.576219440625 0.396875 0.5049666640625 0.396875 0.497873609375 0.3882927828125 0.461828296875 0.3698425984375 0.45998327968749997 0.16504555 0.52271390625 0.0340492390625 0.5282489609375001 0 0.5349372046875 0 0.7299508375
3 0.471492221875 1 0.45297797500000003 0.9466789671875 0.4419078640625 0.9411439109374999 0.40500749531249997 0.9448339484375001 0.2943063875 0.917158671875 0.24449089062499998 0.915313653125 0.18729531875 0.9337638375000001 0.1319447640625 0.9300738015625001 0.1337897828125 0.9761992625000001 0.1614293484375 1 0.471492221875 1
3 0 1 0.1671501171875 1 0.1342308578125 0.9708429421875 0.1342308578125 0.9357875921875 0.1932714484375 0.9357875921875 0.2523120390625 0.9173374078125001 0.3113526296875 0.9191824265624999 0.3445629609375 0.902577259375 0.35194303437499996 0.8951971859375 0.3500980171875 0.8859720937500001 0.3113526296875 0.832466559375 0.29659248125 0.8250864859375 0.239396909375 0.8453816875 0.22094672499999998 0.8638318734375 0.20065152187500002 0.8656768906250001 0.1711312265625 0.8878171125 0.121315728125 0.902577259375 0.0973304890625 0.9007322421874999 0.053050046875 0.8527617624999999 0.0272197875 0.8380016140625 0.0013895296874999999 0.8749019828125 0 0.8786735640625001 0 1
3 0.4890625 0.5979668109375 0.4792493078125 0.5926141609375 0.45895410468750003 0.5926141609375 0.4441939578125 0.598149215625 0.3888434046875 0.659034825 0.3279577953125 0.6664148984375 0.2596921125 0.7236104703125 0.21541167031250003 0.77158095 0.1582160984375 0.8066362999999999 0.11947071093749999 0.80848131875 0.1084006 0.76973593125 0.10655558125 0.7236104703125 0.0788803046875 0.7273005078125 0.0604301203125 0.7420606546874999 0.051205028124999996 0.7826510609375 0.0179946953125 0.8029462640624999 0.03275484375 0.8416916515625001 0.089950415625 0.8988872234375 0.11578067343750001 0.9062672968750001 0.16928620781249998 0.8896621312499999 0.19880650312499998 0.8656768906250001 0.22279174375 0.8619868546875 0.241241928125 0.8435366703125 0.3113526296875 0.81586139375 0.3999135140625 0.7974112078125 0.41651868125 0.7752709875 0.41651868125 0.7642008765625 0.4774042890625 0.694090175 0.4890625 0.6762599703125 0.4890625 0.5979668109375
18 0.4890625 1 0.5957297703125001 1 0.5968372578125 0.9930782 0.6354846015625 0.8348656406250001 0.65722373125 0.711677234375 0.665625 0.62646438125 0.665625 0.625701234375 0.65360054375 0.5739960749999999 0.6415232484375 0.5389719203125 0.6330691421875 0.53534873125 0.4890625 0.5327617859375 0.4890625 1
18 1 0.5719458390625001 0.9903570359374999 0.5667534734374999 0.9782797406250001 0.54863753125 0.967410175 0.546222071875 0.7596807078125 0.537767965625 0.7524343296875 0.546222071875 0.7379415765624999 0.6041930859375 0.7186179046875 0.6452558890625 0.7125792578125 0.7008114437499999 0.6618546203125 0.8976713453125 0.6509850546875 0.9785892203125 0.6513419015624999 1 0.8494050453125 1 0.8502604171874999 0.99791289375 1 0.7309353421875 1 0.5719458390625001