14 0.44264421875000004 0 0.4073288703125 0.0159598203125 0.2845610125 0.0705233140625 0.2051959328125 0.10772569531250001 0.14195188593750002 0.1374875984375 0.138231646875 0.1374875984375 0.1467952046875 0.165625 0.1478393421875 0.165625 0.19775545625 0.1449280765625 0.257279265625 0.11516617031250001 0.37880704375 0.0643229171875 0.41600942500000004 0.045721725000000005 0.49661458437499995 0.009759423437500001 0.5171607375 0 0.44264421875000004 0
14 0.270180471875 0 0.2984232625 0.005776934375 0.47451453125 0.024378125 0.631397075 0.059375 0.6357756625000001 0.059375 0.6359375 0.056300071875 0.6359375 0.03660934375 0.5092367546875 0.015697568749999998 0.3865103046875 0 0.270180471875 0
14 0.4109055515625 0.2796875 0.448797125 0.21194196562499998 0.47979910625000005 0.1697792671875 0.50088045625 0.133816965625 0.5318824421875 0.087934028125 0.578125 0.016136370312500002 0.578125 0.015004134375 0.541803075 0.02468998125 0.507080853125 0.0643725203125 0.4599578390625 0.141257440625 0.41903521718750003 0.20078125 0.371459390625 0.2796875 0.4109055515625 0.2796875
14 0.6265625 0.17174995937499998 0.6265625 0.17041013437500002 0.2851810515625 0.020746528125 0.2889012890625 0.0244667671875 0.34346478125 0.0653893859375 0.610392746875 0.1859375 0.6134663078125 0.1859375 0.6265625 0.17174995937499998
14 0.0895948484375 0 0.0834697421875 0.017150296875000002 0.08718998125 0.018390376562499998 0.13183283750000002 0.039471725 0.1888764890625 0.059312995312500005 0.27568204375 0.095275296875 0.356287203125 0.1250372015625 0.42077132968750003 0.152318946875 0.488653278125 0.1765625 0.48933061718750004 0.1765625 0.4331721234375 0.1411582328125 0.09018237968750001 0 0.0895948484375 0
14 0.341372109375 0.2796875 0.22854662656250002 0.1050595234375 0.1913442453125 0.0591765875 0.21366567500000003 0.106299603125 0.2620287703125 0.18566468281249998 0.314112103125 0.271230159375 0.319500246875 0.2796875 0.341372109375 0.2796875
14 0.361844071875 0.2796875 0.29797867031249997 0.1759920640625 0.2453125 0.1257754828125 0.2453125 0.1261622671875 0.34487589375 0.2796875 0.361844071875 0.2796875
14 0.35645066718749996 0.2796875 0.30054563437500004 0.25379464375 0.2273809515625 0.214112103125 0.1480158734375 0.1657490078125 0.140625 0.18176256562499998 0.140625 0.1819196421875 0.1430555546875 0.1843501984375 0.1802579359375 0.2054315484375 0.2211805546875 0.22899305625 0.28194444375 0.2624751984375 0.3213661671875 0.2796875 0.35645066718749996 0.2796875
14 0.4510044625 0.14942956406250002 0.5345053421875 0.2046875 0.5355397187500001 0.2046875 0.540625 0.19146576875000001 0.540625 0.18852283281249999 0.41008184375 0.1035466265625 0.3369171609375 0.057663690625 0.3059151765625 0.0341021828125 0.3493179546875 0.0874255953125 0.3493179546875 0.082465278125 0.4510044625 0.14942956406250002
14 0.42284067031249994 0.2796875 0.40634920625 0.264000496875 0.350545634375 0.2131572421875 0.29102182499999996 0.144952878125 0.24265872968750002 0.0978298625 0.2240575390625 0.0693080359375 0.1982762828125 0.065625 0.1980530734375 0.065625 0.1992559515625 0.06682787812499999 0.350545634375 0.23299851249999998 0.3987168125 0.2796875 0.42284067031249994 0.2796875
14 0.5683532890625 0.2796875 0.2610491078125 0.00460069375 0.25360863125 0.0182415671875 0.2548487109375 0.020721725 0.31809275625 0.07652529687500001 0.416059028125 0.1558903765625 0.48922371093750006 0.22781497968750003 0.54343283125 0.2796875 0.5683532890625 0.2796875
14 0.4617759375 0.2796875 0.3811755953125 0.1933299921875 0.31049107187499997 0.122645465625 0.2794890875 0.094123640625 0.249024578125 0.084375 0.2486625359375 0.084375 0.31173115 0.1462069734375 0.40225694375 0.2404530078125 0.44149143593750007 0.2796875 0.4617759375 0.2796875
14 0.5369608968749999 0 0.5208457359375 0.011638728125000001 0.41171875 0.07612285468749999 0.2505084328125 0.1728490453125 0.1351810515625 0.2385732515625 0.15286603906250001 0.2625 0.15411083750000001 0.2625 0.21702628906250002 0.2274125375 0.2666294640625 0.196410553125 0.4439608125 0.089763728125 0.524565971875 0.043880790625 0.6030894921875001 0 0.5369608968749999 0
14 0.20387613437500002 0 0.2099950390625 0.0058407734375 0.2843998015625 0.0703249 0.3798859125 0.15093005937499998 0.48026171250000005 0.234375 0.48369605625 0.234375 0.489012896875 0.22161458281250002 0.2806795640625 0.0430431546875 0.23392579218749998 0 0.20387613437500002 0
14 0.1318037328125 0 0.149280753125 0.019915675 0.1505208328125 0.0248759921875 0.18201885 0.040625 0.182450396875 0.040625 0.148325396875 0 0.1318037328125 0
14 0.4869959296875 0.2796875 0.4380828375 0.232461065625 0.43125 0.2472655484375 0.43125 0.2491559765625 0.4635774953125 0.2796875 0.4869959296875 0.2796875
13 0.7886714046875001 0 0.7679442187500001 0.2046875 0.7889494921875 0.2046875 0.8093002859375 0.2025847734375 0.82463293125 0.197539546875 0.8410163859375 0.1947352953125 0.8442621703125 0.1929654984375 0.8507556718749999 0.1919304140625 0.858971221875 0.1890312328125 0.8708063234375001 0.1831947765625 0.8893866890625001 0.1788842625 0.8931816984375001 0.1767379 0.9120614640625 0.1719943015625 0.9271442859375 0.166892559375 0.9373584312500001 0.164445509375 0.9530439265625 0.16348662187500002 0.95841225 0.1609449578125 0.9656742109374999 0.1523210953125 0.9721162015625 0.1492711 0.97545920625 0.144017596875 0.9765625 0.130999859375 0.9765625 0.1275261109375 0.9747151781250001 0.1185581515625 0.97088535 0.07562333437499999 0.9704233171875 0.027190220312500003 0.9722530359375 0 0.7886714046875001 0
11 0.5254254984375 0.6852239546875001 0.464973659375 0.6994741375 0.450185365625 0.7048728484375 0.4408265953125 0.7122576484375001 0.43048701093749997 0.711223328125 0.4108467765625 0.7150304125 0.35764379062499996 0.7329397296875 0.34233603125 0.7354005781249999 0.31446373437499997 0.74434835625 0.2837616375 0.7487804078125 0.2643230171875 0.756599821875 0.251786940625 0.7661197937499999 0.24670252812500001 0.7747017546875 0.24308873437499998 0.8002171359375 0.2376580109375 0.8068405203125 0.20233405000000002 0.8167263140625 0.1966447921875 0.8132712890625001 0.1882976921875 0.8148893000000001 0.18226092656249998 0.818085178125 0.17723463125 0.8241237421874998 0.1755860625 0.8406489390624999 0.18000151874999998 0.8656207734375 0.1873926703125 0.8844451093749999 0.1948431359375 0.892116575 0.19566107187499998 0.8921875 0.20423940312500002 0.8921875 0.21032405 0.8906350140625001 0.216187659375 0.8864598484374999 0.217054634375 0.8827468109375001 0.22144522968749997 0.8788571781249999 0.2545454359375 0.8678831625000001 0.261447975 0.869583721875 0.27181482031250004 0.8822605593749999 0.281778434375 0.8869127406249999 0.2884793609375 0.8846009734375 0.29515182812499996 0.8792561656250001 0.3134625421875 0.8822903359375001 0.3429810140625 0.8740363125 0.349508784375 0.870745259375 0.3539574953125 0.8643122281250001 0.35909882656250003 0.8617963484375 0.3955198390625 0.8552428843750001 0.5315605203125 0.8060834328125001 0.55686275 0.7940888546875 0.5671875 0.7768457375 0.5671875 0.7732499328125 0.5567845640625 0.7333328765625 0.5517630625 0.7049335328125 0.5553448000000001 0.7022135406250001 0.554392446875 0.696827459375 0.5450645328125 0.6900263468750001 0.5254254984375 0.6852239546875001
11 0.65 0.570296471875 0.64708026875 0.569711421875 0.610170646875 0.5591411109375001 0.587991203125 0.54571548125 0.567023846875 0.5391448703125 0.5557022515625001 0.5383009031249999 0.549232596875 0.5390485625 0.5423003953125 0.5429244390625 0.510553375 0.5845281453125001 0.498243775 0.626921915625 0.49772071249999994 0.64981248125 0.50052085625 0.6599046484375 0.5074221984375 0.6702146859375 0.518656015625 0.679178484375 0.5374280796875001 0.6876939140625 0.5560566421875001 0.6896536203125 0.620112684375 0.71876386875 0.622826246875 0.728366390625 0.630103559375 0.7350585671875 0.65 0.745180965625 0.65 0.570296471875
11 0.65 0.3042773328125 0.64344225 0.3163934359375 0.6200463234375 0.327680878125 0.6071425671874999 0.3504392 0.58384150625 0.3718367765625 0.57391853125 0.42102669531250003 0.5571602203125 0.46985349374999996 0.5494551125 0.49329219531249996 0.5608130546875 0.5096595140625 0.588671596875 0.534375 0.589464778125 0.534375 0.6283955140625 0.518504390625 0.65 0.46356470312500003 0.65 0.3042773328125
11 0.3275172140625 0.39720850625 0.290158025 0.43483582031250007 0.25558989374999996 0.4786744609375 0.28523597968750003 0.52188235625 0.3206476453125 0.540625 0.3235904890625 0.540625 0.42436230156250004 0.437518996875 0.449205178125 0.40569403125000003 0.442951021875 0.37989695 0.4651925828125 0.362080925 0.4581675140625 0.3414975390625 0.503125 0.2845620484375 0.503125 0.2833611 0.4963964703125 0.280068409375 0.44738675624999996 0.328394509375 0.4297706609375 0.31492836406249997 0.40569869062499997 0.3415396328125 0.3704625015625 0.3433055921875 0.3275172140625 0.39720850625
11 0.11421888437500001 0.5578402109375 0.1115847078125 0.600384190625 0.1124990109375 0.6716130437500001 0.1163344859375 0.7134093671875 0.1265221828125 0.7681543 0.1302177578125 0.7775664671875 0.13651305625000001 0.7844489968749999 0.142606740625 0.7873192 0.1775555640625 0.7890625 0.18041303125000002 0.7890625 0.1939880015625 0.7849557921875 0.20614931250000001 0.7704442031250001 0.21088741249999998 0.7599036671875 0.2152222875 0.7413384749999999 0.23117054375 0.70229079375 0.24842105625 0.6447593390625 0.256600996875 0.59911465625 0.2625 0.5169229312500001 0.2625 0.5032329328125 0.2616404765625 0.4983718515625 0.2558943 0.4888507484374999 0.2542493265625 0.47954751562500003 0.26025883125 0.464709121875 0.2519473828125 0.41770331406250005 0.24986832187500002 0.4145613375 0.244496915625 0.41003185000000003 0.2319051171875 0.404876265625 0.21137064843750003 0.400753871875 0.16129080625 0.3953125 0.1611117515625 0.3953125 0.15363596875000002 0.39877814687499996 0.14719357500000002 0.4111683218750001 0.1344795453125 0.454146915625 0.1206945328125 0.5140451687500001 0.11367335468749999 0.5346503531250001 0.11421888437500001 0.5578402109375
11 0.526937859375 0.3509604421875 0.5220550609375 0.3635547296875 0.51387991875 0.37476150625 0.47485918125 0.38384460625 0.44192973281250003 0.41301686249999997 0.4260704515625 0.4353352375 0.4197146359375 0.44821505625 0.407814259375 0.45558609843750003 0.390771353125 0.47408249687500004 0.37127101875 0.5102737375 0.3433939265625 0.5536594234375001 0.299919684375 0.603613459375 0.2842347578125 0.61830164375 0.2692709125 0.63994001875 0.264156840625 0.6540984156249999 0.2625 0.666968865625 0.2625 0.671726296875 0.2684560609375 0.68415704375 0.280151228125 0.698602103125 0.3016083921875 0.7136870140625 0.3281203125 0.7257664046875 0.3315629140625 0.7265625 0.35459544374999996 0.7265625 0.3682665546875 0.723048671875 0.3845575265625 0.71178799375 0.38915093125 0.7033012109375 0.393023259375 0.6878642375 0.415208696875 0.6582424812500001 0.430202203125 0.6310276703125 0.4602152734375 0.5968500406249999 0.4712214140625 0.5815495187499999 0.4872526515625 0.5688199109375001 0.499472078125 0.5517649234374999 0.5083398421875 0.5444753 0.51449404375 0.527583153125 0.519115909375 0.5221294109375 0.5291388390625 0.5156287203125001 0.5417045765624999 0.500532309375 0.5603663937500001 0.4710871484375 0.5660295890625 0.45429018125000004 0.570481896875 0.42202871875000003 0.5801917703125 0.3821645875 0.587386103125 0.36253868906250003 0.5953125 0.351644803125 0.5953125 0.34990621875 0.5874181593750001 0.33974329999999997 0.5681847484375 0.3257466109375 0.5606180468749999 0.3231619390625 0.5531082640625 0.3266433484375 0.53606535625 0.3451397484375 0.526937859375 0.3509604421875
6 1 0.6654209828125 0.9799492375 0.6884899359375 0.9612398375 0.713620090625 0.94772743125 0.727071575 0.9044661625 0.78014565625 0.8914191953125 0.7921330140625 0.8729866265625 0.804978159375 0.862878040625 0.8165423468749999 0.8625326265625001 0.824892490625 0.8731384578125001 0.841856084375 0.8891298937500001 0.8579618890624999 0.8941761343750001 0.8609375 0.9020230328124998 0.8609375 0.9053724375 0.8603071109375 0.9194703093750001 0.8522775156249999 0.927657121875 0.8431268265625 0.931906090625 0.8333926937499999 0.9396531843750001 0.82718170625 0.955275971875 0.8221376046875001 0.9664440328125 0.8150230374999999 0.9916585265625001 0.7969277265625 1 0.78991138125 1 0.6654209828125
13 1 0.5459980343749999 0.9981355828125 0.5441202828125 0.987364375 0.54583585625 0.9744888734374999 0.56766038125 0.9741005921875001 0.57355123125 0.9634322624999999 0.58116910625 0.9354422781249999 0.6090328953125 0.9117012656250001 0.627162553125 0.8972408312500001 0.6425585734375 0.8969725765625001 0.6553354421875 0.8927150375 0.664577715625 0.8928179140625 0.670480015625 0.8979438359374999 0.682890953125 0.902941159375 0.68792401875 0.9021045875 0.6962627125 0.9143467859375001 0.7226059578124999 0.921428771875 0.73457083125 0.9317620203124999 0.746875 0.9322022750000001 0.746875 0.9430654921875 0.7365501234375 1 0.6678895218750001 1 0.5459980343749999
13 1 0.47131796406250004 0.9974324671874999 0.47162620000000005 0.9847394875 0.4757552734375 0.9528655828125 0.47796229375 0.9469631015625 0.4773330578125 0.9414403265625 0.4703211125 0.9350295375 0.4686967125 0.923310303125 0.47235682187499994 0.9224737296875001 0.48069551875 0.9057743203124999 0.48030628125 0.8989495312500001 0.4830971578125 0.8970706265625001 0.487969946875 0.9080022390625 0.5236241546875 0.9130852968750001 0.533575803125 0.9157725671874999 0.54691321875 0.9232802437500001 0.615625 0.9279832875 0.615625 0.9326213250000001 0.612204853125 0.964971728125 0.5810010890624999 0.970805625 0.5776954578125 0.98455199375 0.5494996734375001 0.9884212531250001 0.54614825 0.99672809375 0.5438835765625 1 0.5454042921875001 1 0.47131796406250004