8 0.14453125 0.428125 0.2890625 0.003125
1 0.45731646875000004 0.2166666671875 0.44615575468749996 0.2985119046875 0.4597966265625 0.324553571875 0.479637896875 0.34191468281250004 0.5466021828125001 0.34439484062500003 0.5962053578125 0.3456349203125 0.77353670625 0.3952380953125 0.7859375 0.36547619062500003 0.7995783734375 0.33075396874999996 0.808258928125 0.29107142812500003 0.814459325 0.250148809375 0.8256200390625 0.205505953125 0.8380208328125001 0.159623015625 0.8405009921875 0.159623015625 0.816939484375 0.15342261875000002 0.8107390875 0.1658234125 0.7896577375 0.15714285781249998 0.7685763890625 0.13730158750000002 0.7561755953125 0.1075396828125 0.7437748015625 0.10381944375 0.685491071875 0.1075396828125 0.635887896875 0.10381944375 0.5962053578125 0.10381944375 0.5280009921875 0.1608630953125 0.5007192453125 0.18566468281249998 0.45731646875000004 0.2166666671875
2 0.5470889140625 0 0.5478422625 0.012053571875 0.5466021828125001 0.0095734125 0.5565228171875 0.036855159375 0.570163690625 0.056696428125 0.586284721875 0.0703373015625 0.611086309375 0.0678571421875 0.6334077375 0.0542162703125 0.6433283734374999 0.026934523437500003 0.6388392859375001 0 0.5470889140625 0
1 0.648288690625 0 0.648288690625 0.033134920312499996 0.6346478171875 0.0678571421875 0.5974454359375001 0.0926587296875 0.6036458328125001 0.10009920624999999 0.6296875 0.1050595234375 0.67061011875 0.106299603125 0.7127728171875 0.1075396828125 0.7524553578125001 0.11125992031250001 0.738814484375 0.069097221875 0.7437748015625 0.052976190624999996 0.7412946421875 0.0356150796875 0.7499751984375 0.019494046875 0.7384231703124999 0 0.648288690625 0
9 0.7438616078125 0 0.74873511875 0.019494046875 0.7499751984375 0.04305555625 0.74873511875 0.065376984375 0.7611359125 0.08645833281250001 0.7549355156249999 0.1013392859375 0.7586557546875 0.12118055624999999 0.7859375 0.1521825390625 0.8070188484374998 0.1695436515625 0.8181795640625001 0.1509424609375 0.8380208328125001 0.159623015625 0.85538194375 0.1583829359375 0.8814236109374999 0.1695436515625 0.8938244046874999 0.180704365625 0.9099454359374999 0.1769841265625 0.9223462296874999 0.188144840625 0.932266865625 0.209226190625 0.919866071875 0.24022817500000002 0.9000248015625001 0.271230159375 0.8859188984374999 0.2951016859375 0.886383928125 0.2960317453125 0.8857638890625001 0.297271825 0.886383928125 0.297271825 0.885557209375 0.2976851859375 0.8851438484374998 0.2985119046875 0.8842137890625 0.2985119046875 0.8901041671875 0.3220734125 0.9087053578125002 0.3431547625 0.9397073406249999 0.3431547625 0.957068453125 0.336954365625 0.9818700390625 0.331994046875 1 0.3365265375 1 0.085227553125 0.9992311515625001 0.083978175 0.9694692453125 0.0641369046875 0.95458829375 0.0393353171875 0.9347470234374999 0.0033730156249999997 0.9296875 0 0.8772371031249999 0 0.8690228171874999 0.01825396875 0.8504216265625001 0.0145337296875 0.808258928125 0.04677579375 0.7871775796875 0.0579365078125 0.76981646875 0.0294146828125 0.757644875 0 0.7438616078125 0
15 0 0.49957131875 0.034866840625 0.5463857125 0.0382371640625 0.54821915 0.040715503125000004 0.54821915 0.0461228578125 0.547768128125 0.05130485781250001 0.54686606875 0.05626160625 0.5439343812499999 0 0.46541708281250005 0 0.49957131875
13 0 0.6265453671875 0.00751953125 0.63037109375 0.0255859375 0.63134765625 0.06025390625 0.65576171875 0.07197265625 0.6591796875 0.07734375 0.65478515625 0.087109375 0.63818359375 0.1076171875 0.587890625 0.110546875 0.56982421875 0.1076171875 0.56396484375 0.102734375 0.52783203125 0.0919921875 0.50830078125 0.08369140625 0.50146484375 0.06904296875 0.4951171875 0.04658203125 0.4931640625 0.02607421875 0.49658203125 0.02412109375 0.5 0.055859375 0.54443359375 0.048046875 0.54833984375 0.03486328125 0.54736328125 0.00849609375 0.51171875 0.0060546875 0.509765625 0.0021484375 0.51025390625 0 0.5119249124999999 0 0.6265453671875
13 0 0.7752122781249999 0.00359101875 0.7799125546875001 0.014038810937499998 0.7815039125000001 0.0201712515625 0.7815039125000001 0.0224425140625 0.7740018109375 0.023578146875 0.76740905 0.02335100625 0.7614983046875 0.023805251562499997 0.754450878125 0.026985042187500002 0.747630784375 0.03061904375 0.736263959375 0.0308461828125 0.73080788125 0.030601439062500003 0.724757628125 0.027873315625 0.7173848671874999 0.0215986203125 0.69772420625 0.0158695640625 0.685709359375 0.0074123828125 0.673557971875 0.0007284656250000001 0.6663217546875 0 0.666209578125 0 0.7752122781249999
11 0.7548980671875001 1 0.78125 0.955316290625 0.78125 0.9527501671875 0.7578073234375 0.8472581187500001 0.7326250828124999 0.7968936390625 0.6928636515625 0.7703860171875 0.66635603125 0.7584575890625 0.6305707421875001 0.76110835 0.621293075 0.80352054375 0.6120154078125 0.8207504984374999 0.6067138828124999 0.815448971875 0.5775555000000001 0.7836398265625 0.562976309375 0.8074966874999999 0.5510478796875 0.7995444 0.5444209750000001 0.8406312140625001 0.5722539765625 0.8724403578125 0.5775555000000001 0.9254556 0.596110834375 0.92413021875 0.601412359375 0.9228048390625 0.596110834375 0.9638916500000001 0.605388503125 0.9678677921875 0.59688291875 1 0.7548980671875001 1
10 0.8097399234375 1 0.8238050859375001 0.9934362578125 0.8516380874999999 0.9603017312500001 0.85428885 0.978857065625 0.872844184375 0.9722301609375 0.8622411359375001 0.92451644375 0.8516380874999999 0.9271672046875 0.839709659375 0.900659584375 0.839709659375 0.8754773437499999 0.8291066109375 0.8781281062499999 0.8224797046875001 0.8635489156249999 0.8105512749999999 0.8436681984375 0.7482583671875 0.8251128640625 0.7694644625 0.8648742953124999 0.7800675109374999 0.9563255875 0.7831871125000001 1 0.8097399234375 1
9 0.5083124421875 1 0.5110151593750001 0.9934362578125 0.48848368124999997 0.964277875 0.463301440625 0.9563255875 0.44209534531249994 0.9656032546875 0.4394445828125 0.9907854953124999 0.4324240078125 1 0.5083124421875 1