16 0.3317049203125 0.409375 0.3208386765625 0.39250858125 0.3038338578125 0.3350738828125 0.3259401234375 0.31480281250000003 0.30893530468749997 0.2979102546875 0.2956025125 0.2640625 0.28974420625 0.2640625 0.247717953125 0.31818132499999996 0.234114096875 0.3654804875 0.2473699625 0.409375 0.3317049203125 0.409375
16 0.4 0.409375 0.4 0.34440888125 0.3359831203125 0.326159078125 0.34273114374999997 0.32110933125 0.303125 0.335745603125 0.303125 0.3601784828125 0.3106780328125 0.38843927968749997 0.32363778125 0.409375 0.4 0.409375
1 0.6233877343750001 0.2340641265625 0.6130900718750001 0.23539440625000002 0.5607936546875 0.25081345 0.5446812171875 0.25077269375 0.53822655 0.2548625109375 0.5375 0.2569364640625 0.5375 0.2848928421875 0.543625359375 0.308906359375 0.5597917078125001 0.34170351718749997 0.5712877828125 0.3577484234375 0.5772490734375 0.3625 0.59648765625 0.3625 0.5993158921875 0.356685953125 0.6085175203125 0.350206284375 0.6292636828125 0.3392409140625 0.63979719375 0.3368336 0.64731316875 0.327897125 0.66972761875 0.3143905375 0.7078125 0.2816354890625 0.7078125 0.2398474296875 0.7023145484375 0.22904283906249998 0.6913751749999999 0.2180716390625 0.6743522671875001 0.2145727265625 0.66017869375 0.2209097625 0.6433587171875 0.2241001078125 0.6233877343750001 0.2340641265625
1 0.756757996875 0.409375 0.7861401375 0.365042884375 0.802857953125 0.3446697296875 0.821875 0.3146993125 0.821875 0.28669013125 0.8161295671875 0.281714253125 0.8071525312500001 0.2693793828125 0.794529778125 0.243239678125 0.7939981078125 0.2359375 0.78791250625 0.2359375 0.777624378125 0.24419834375 0.7497854734375 0.239195828125 0.69018279375 0.290130165625 0.6623127546875001 0.31060499531249997 0.646539315625 0.32667867031250003 0.6290610640625001 0.33531249375 0.6230891734374999 0.342232334375 0.621875 0.3463571171875 0.621875 0.364468959375 0.6257246125 0.37583803125 0.6359168890625 0.39277451406249997 0.6507290203125 0.409375 0.756757996875 0.409375
12 0.7891858484375 0.2234144515625 0.7875 0.22732562031249998 0.7875 0.2604961 0.798208334375 0.2814512328125 0.8187425265625 0.3021453015625 0.826602471875 0.30625 0.848475565625 0.30625 0.8859375 0.1350251609375 0.8859375 0.12569775625 0.88114843125 0.1289135390625 0.864181275 0.1504627953125 0.8557393671875001 0.15595591250000002 0.8433640671875 0.16924505781250002 0.817515421875 0.1906600484375 0.7891858484375 0.2234144515625
14 0.5609375 0.08975416562500001 0.549510315625 0.0914222796875 0.507998353125 0.15719901875 0.5106615078125 0.1578125 0.5243480218750001 0.1578125 0.5609375 0.0947085984375 0.5609375 0.08975416562500001
12 0.4 0.3408943203125 0.4058659734375 0.3515517984375 0.43048111875000006 0.3765625 0.467452721875 0.3765625 0.4774194140625 0.3749216734375 0.507818603125 0.36926610000000004 0.5171875 0.3530473390625 0.5171875 0.326947265625 0.5133368218750001 0.3167953078125 0.4928031375 0.315247378125 0.45599162968750007 0.28541399218749997 0.43891566875 0.2872488421875 0.4084264484375 0.2828125 0.40325842187500005 0.2828125 0.4 0.286585871875 0.4 0.3408943203125
8 0.1713315046875 0.409375 0.1674250796875 0.4128474953125 0.16045272187499998 0.4248535875 0.1568176734375 0.450257875 0.1586415125 0.476363503125 0.1512308875 0.4810855328125 0.148020459375 0.4883061171875 0.139945103125 0.495442059375 0.14298517500000002 0.52156885 0.1328125 0.52640525625 0.1328125 0.533418703125 0.1339903109375 0.54202893125 0.154128403125 0.5654213421875001 0.163914365625 0.589240015625 0.175977609375 0.59369448125 0.1851841671875 0.6015625 0.265771446875 0.6015625 0.280036215625 0.5924730296874999 0.30198500781250004 0.5904294140624999 0.332716859375 0.550943678125 0.344483884375 0.5159789546875 0.3578125 0.48731219843750007 0.3578125 0.46187535312500005 0.3537198734375 0.45914088125 0.3184633 0.457921121875 0.271637859375 0.48318035937500003 0.264340465625 0.4830534 0.2595463078125 0.47993814375 0.2590514234375 0.47507857500000006 0.25490784375 0.470155528125 0.242731371875 0.47055005312500003 0.228829625 0.46666997187500003 0.2239369 0.44172368906250004 0.20877697031250003 0.41356693125 0.20391204062499999 0.413482290625 0.2007723828125 0.41767225625000004 0.195455034375 0.410909678125 0.19272004375000001 0.409375 0.1713315046875 0.409375
1 0.0771126453125 0.409375 0.06486337187499999 0.4449519765625 0.049227723437499996 0.5118123296875 0.0398099296875 0.522023415625 0.03278205 0.5347172890625 0 0.6247387718749999 0 0.6984375 0.0279472828125 0.6984375 0.028980539062499998 0.6976000703125 0.0315697859375 0.691542184375 0.03512669375 0.67024375 0.03413106875 0.6604616906249999 0.052511554687499996 0.6333183390625 0.0624703875 0.59992543125 0.0898283203125 0.5289970640625 0.0992039109375 0.49437341406249996 0.12777977499999998 0.409375 0.0771126453125 0.409375
8 0 0.409375 0 0.622652465625 0.0295959671875 0.5422406453125 0.0353821984375 0.5307520390625 0.0479948375 0.5157222703125 0.052284971874999996 0.489568825 0.059375 0.4642623125 0.059375 0.44137344843750004 0.058969778125000004 0.43966882500000004 0.051345651562500004 0.4248975609375 0.038676471875 0.41613820625000003 0.039620925 0.409375 0 0.409375
8 0.062336821875000004 0.7234375 0.083184478125 0.7234375 0.0953757234375 0.7176264046874999 0.09677202968750001 0.7092484234375 0.10496772031249998 0.6925867046875 0.10107273750000001 0.6793150875 0.1037395921875 0.66795843125 0.11573245624999999 0.6687677890625 0.1336873203125 0.645674459375 0.1404168375 0.6403903375000001 0.1549088796875 0.6370421187499999 0.16859098125 0.6426822765625 0.181379809375 0.6351031796875001 0.18619651875 0.63458703125 0.1930657671875 0.623303678125 0.1984375 0.61782926875 0.1984375 0.6080085984375 0.19108359375 0.6052640890625 0.1810734046875 0.5966871453125 0.17825334843750001 0.588835784375 0.1668468515625 0.588636821875 0.15595245156249998 0.5796875 0.1475909171875 0.5796875 0.10270759062499998 0.609124059375 0.067998546875 0.6553316640625 0.0608498359375 0.6786134859375 0.059271879687499994 0.69479046875 0.058866659375 0.7121882453125 0.062336821875000004 0.7234375
15 1 1 1 0.7042675703125 0.9554218437500002 0.7103113249999999 0.9426629 0.7049065734375001 0.9347227140625 0.7043114 0.888135403125 0.7088465125 0.8456067421875 0.7204085875 0.8021052515625 0.7285196484375 0.7926448421875 0.7323592453125001 0.7727307140624999 0.74852628125 0.765763353125 0.751382121875 0.683944059375 0.7671566359374999 0.6749954328125 0.770900809375 0.6766927578124999 0.779924796875 0.6893448640625 0.808700625 0.6903630671875 0.824597128125 0.6878192796875 0.829222746875 0.6801425484375001 0.830654109375 0.6678446484375 0.8287957968749999 0.6180397953125001 0.8287416875 0.6125 0.8301285171874999 0.6125 0.87674465625 0.6138635890625 0.8772605 0.634218278125 0.876578759375 0.65663521875 0.8796638171875 0.665994153125 0.8831079453124999 0.673964590625 0.8920001109375001 0.6801059765625 0.8908550187500002 0.6821682328125 0.8946218187500001 0.6816306015625 0.9227434484374999 0.683474778125 0.9369292015624999 0.69356678125 1 1 1
0 0.709695590625 1 0.6937082640625001 0.889624875 0.6868486781250001 0.8772550828125001 0.6798113234375001 0.871875 0.5879184515625 0.871875 0.57132599375 0.8795308406250001 0.562140525 0.8817827000000001 0.52197866875 0.905092090625 0.48010681875000005 0.9355524546874999 0.4734375 0.9489009968750001 0.4734375 0.9650336968750001 0.47394349843750005 0.9734854890625 0.48132216875000006 1 0.709695590625 1
17 0.4 0.409375 0.4 0.5229009687499999 0.4713160921875 0.80898324375 0.4743364671875 0.8120587578125 0.4917038671875 0.8166138703125 0.517833203125 0.828125 0.6921875 0.828125 0.6921875 0.8101736031249999 0.6747195265625 0.77254629375 0.6697888453124999 0.7547487265624999 0.6534675578125 0.6330066656250001 0.6346894546875 0.45192788124999994 0.626467440625 0.409375 0.4 0.409375
0 1 0.409375 0.900372603125 0.409375 0.8996499140625 0.41034435625 0.9069796140624999 0.4781201421875 0.9095637234375001 0.48218309374999996 0.9198844171874999 0.5453678500000001 0.9339096015624999 0.644703965625 0.9341474328124999 0.6582847656249999 0.9394097343750001 0.6749718453125 0.9489164984375 0.68125 0.9924744765625 0.68125 0.997645534375 0.6808371515625 1 0.680429553125 1 0.409375
5 0.7663224328125 0.409375 0.7645629749999999 0.410049028125 0.7236505609374999 0.43203780937499997 0.677114028125 0.46298642812499996 0.638837378125 0.493414565625 0.6570092640625 0.6524730546875 0.6641018984375 0.6632196718750001 0.676275225 0.6729991125 0.680833071875 0.675 0.7109646296875 0.675 0.7188072640625001 0.65964311875 0.7313481953125001 0.6477887390625 0.7650071734375 0.6056168984375 0.7749123421874999 0.5853231625 0.7741427296875 0.5833658796875 0.7672109 0.5820557046875 0.742496640625 0.58413064375 0.7215200109375 0.5828643390625 0.709180559375 0.5799538421875 0.6955987796875001 0.56728683125 0.6936168703125001 0.5639824828125001 0.6944218390625 0.558043825 0.728850428125 0.5178292671875 0.746602825 0.5060347125 0.773832721875 0.4787613609375 0.7986176859375 0.4608945390625 0.8125 0.448211515625 0.8125 0.409375 0.7663224328125 0.409375
5 0.8632518078124999 0.409375 0.8494385718749999 0.41760853437499995 0.818633228125 0.440337715625 0.7880589328125 0.456849053125 0.786422234375 0.46024184687499997 0.7749706515625 0.46803902812500003 0.7668224374999999 0.4772780015625 0.7252833187500001 0.51333058125 0.69375 0.551515121875 0.69375 0.566257109375 0.6944673515625001 0.5679645125 0.7054065671874999 0.57621433125 0.7290318171875001 0.5796875 0.764617846875 0.5796875 0.7681459453125 0.5794286078125 0.7735930718749999 0.5773829828125 0.7803506234375 0.569432646875 0.79401121875 0.5586504296875 0.8086356609374998 0.5512902734375 0.8445768453125 0.5281172359374999 0.8776864265625001 0.511132784375 0.8851318171875 0.5004812828125 0.9111778703125001 0.477096565625 0.91294508125 0.4747085375 0.910239634375 0.4458834453125 0.9039548078124999 0.4094933390625 0.9040713374999999 0.409375 0.8632518078124999 0.409375
5 0.7425124953125 0.6250958890625 0.7205505765625 0.6484145781249999 0.6964784265625 0.6908384328125 0.6905478421875 0.7040830031249999 0.6907054265625 0.713156228125 0.6945898578125 0.71951055625 0.70264966875 0.7266021296874999 0.7272767203124999 0.7328125 0.7384936671875 0.7328125 0.7625545468749999 0.7245159796875 0.78530009375 0.7111649921875 0.787838925 0.7071508765625 0.7845311796875001 0.7052401671874999 0.7425011296875 0.7075276468749999 0.735949715625 0.704199965625 0.7421859656249999 0.6893811953125001 0.75945989375 0.6613753734375 0.759317025 0.656345025 0.7906107796875 0.6302719640625 0.8172953343749999 0.604048384375 0.8609576515625001 0.5711138375 0.8943564187499999 0.5416133890625 0.915625 0.5255814703125 0.915625 0.5006693234374999 0.9039255609375001 0.501392653125 0.872765175 0.512775409375 0.8308727749999999 0.5357710125 0.806520109375 0.5524563921875 0.7682999828125 0.5919600140625001 0.7425124953125 0.6250958890625
5 0.9193212015625001 0.5260357640625 0.89504418125 0.5439531609375 0.8713572265625 0.56639949375 0.8200087765624999 0.60481583125 0.7941024125 0.6302521437499999 0.7653865796874999 0.6541494953125 0.74605248125 0.6819709515625 0.734985559375 0.7051618515625 0.735313371875 0.7076779265625 0.739809278125 0.709375 0.7698351062500001 0.709375 0.782474584375 0.709212003125 0.78376585 0.709375 0.9414375390625 0.709375 0.9468681468749999 0.7054286109375 0.946875 0.7054099625 0.946875 0.6790783796875 0.94326220625 0.677751765625 0.940372115625 0.6715890890624999 0.93570745625 0.6157615 0.925938634375 0.5407824156250001 0.9234773718749999 0.5299012390625 0.9193212015625001 0.5260357640625
7 1 0.8973960625 0.9959997828125001 0.895807528125 0.9837732984375 0.8976149312499999 0.9509775578124999 0.8723222484375001 0.9469237984374999 0.8730958531249999 0.9462364203125 0.87585630625 0.9432613109375 0.87694991875 0.9330969687499999 0.8704759656250001 0.9116191015624999 0.8729971593750001 0.908152253125 0.8783914562499999 0.9083126281249999 0.8878262390625 0.9054027343750001 0.8894332640624999 0.899031296875 0.8801320640625001 0.896568396875 0.86875 0.883701603125 0.86875 0.8830824234375001 0.868977603125 0.8635406359375001 0.898999640625 0.8628682296874999 0.905964075 0.8652511203125 0.9165522890624999 0.879308846875 0.9128178531250001 0.889769303125 0.91345089375 0.8975154984374999 0.9172311875 0.9070576765624999 0.926979003125 0.90142290625 0.9643383234375001 0.9075334953125 0.9715858812499999 0.9112418812499999 0.9734375 0.937523696875 0.9734375 0.9594145421875 0.9632626562500001 0.9616872921875 0.9607255109375 0.961100384375 0.9561048187499999 0.9555168 0.9366620234374998 0.9587377781249999 0.93341806875 0.965390346875 0.932674371875 0.9939014343749999 0.96509498125 1 0.9649105468750001 1 0.8973960625
7 1 0.8065885125 0.9897320593749999 0.8028711296875001 0.980704503125 0.8035529578125 0.9707224343749999 0.7968784609374999 0.9482515875 0.7915323875 0.9449030203125 0.78914408125 0.9412216671875001 0.7802879218750001 0.9419904593750001 0.7706004249999999 0.93424076875 0.7655181328125 0.9270835796875 0.7532928234374999 0.9233678203124999 0.7519777328125 0.9095865625 0.7550545328125 0.9045095109375 0.770569953125 0.894311565625 0.789553559375 0.88813811875 0.7927160625 0.8831591078125001 0.8011808375000001 0.8768093718750001 0.8068878234374999 0.8728536890624999 0.8076267874999999 0.869935946875 0.8046556890625001 0.8664747234375 0.805302284375 0.8594542374999999 0.81364611875 0.8582400078125 0.8199006624999999 0.861250609375 0.831393671875 0.8748994187499999 0.842908584375 0.8793151531250001 0.8496183140625 0.8842545765625001 0.8642671640625 0.8884157781249999 0.8690152078125 0.9146023828125 0.8756763750000001 0.9321630328125 0.8744050859375001 0.9431486359375001 0.8849105875 0.9608365531249999 0.88462014375 0.979317309375 0.8982462515625 0.9945965609375002 0.8989080828125001 1 0.9014507187499999 1 0.8065885125
18 0.7782707343749999 1 0.7935564265625 0.992145965625 0.833191503125 0.9892624781249999 0.8517900953125 0.9842811265625 0.8609449187500001 0.9845801421874999 0.8649496234375 0.980315853125 0.869116 0.9694913406250001 0.8753926703125 0.9437056343750001 0.866908596875 0.9407697687500001 0.8471155671874999 0.9404488531249999 0.8461756687499999 0.9371082703125001 0.8501365296875001 0.9207967499999998 0.8585131296874999 0.9111949593750002 0.8551499484375 0.9047909078124998 0.8539606921875 0.8839160843750001 0.8608934953125 0.8514777828125 0.8621859749999998 0.8497294046875 0.8679432109375 0.8511654359375 0.874674753125 0.8484009796875001 0.8769561515625 0.8464678625000002 0.876877903125 0.8419616968749999 0.8732748000000001 0.8376117031250001 0.864727090625 0.8341854156250001 0.827529909375 0.8441481171875 0.8270062218749998 0.836209 0.8433733609375 0.77890203125 0.8422279421875001 0.7700744421875 0.8389430109374999 0.76817655625 0.7340537796875 0.78726871875 0.7312435140625 0.7968352750000001 0.7247518921875 0.7975456718749999 0.7230285890625 0.7998768421875 0.7228178921875 0.8099623890625001 0.7170262515625 0.816067425 0.7156357296875 0.8248664484375 0.7011544984375 0.822548609375 0.694917415625 0.8252206921875 0.6953722875 0.8482419453125001 0.6908231765625 0.9068573390625 0.69556651875 0.9356074796874999 0.699409546875 0.937903415625 0.7243234671875 0.9347561468750001 0.7266194796875001 0.9368387734375 0.7234764281249999 0.9399374765624999 0.7071592359375 0.942985709375 0.7074283890624999 0.9489631390625 0.7110461062500001 0.957328878125 0.7245874390625 0.956306134375 0.7396611734375 0.95148095625 0.7714339046875001 0.9465500765625 0.791021415625 0.941383984375 0.7937482546875 0.94288381875 0.7893127265625 0.9477309 0.762210265625 0.961333196875 0.748712775 0.9744031718749999 0.7492364625000001 0.982342290625 0.7541122515625001 0.9965007187499999 0.756956809375 1 0.7782707343749999 1
15 1 0.680924521875 0.9518763374999999 0.68285874375 0.9468190796875 0.68681735 0.9389025328125001 0.7038678375 0.9430637328125 0.7086158828125 0.9503679843749999 0.7102652218750001 1 0.702428703125 1 0.680924521875
15 0.6822742749999999 0.6659139484375001 0.6585307453125 0.650759440625 0.6564548640625001 0.6581795703125 0.658505771875 0.677888809375 0.6680070671875 0.7394048328125 0.6732156437500001 0.760031115625 0.6765151875 0.76594474375 0.681410771875 0.768546359375 0.7147941531249999 0.7643192125 0.7726950374999999 0.7499865203125 0.8022895921875 0.72436555625 0.7860850546875 0.7243788875 0.7315035109375 0.7330683984374999 0.7159697234375 0.730444878125 0.7052532703125 0.7259168109375 0.6962601218750001 0.7190575703125 0.691144409375 0.7069532000000001 0.6952961765625 0.6921129453124999 0.7022384140625 0.6792629437500001 0.7015384375 0.673868303125 0.6822742749999999 0.6659139484375001
15 0.6259456531250001 0.409375 0.629415490625 0.43417778125 0.6344331609375 0.453332796875 0.6374876046875 0.47687303906250006 0.635842546875 0.48371037499999997 0.6379768859375 0.492353225 0.7144721078125 0.43787832499999996 0.77166059375 0.409375 0.6259456531250001 0.409375