17 0.288407665625 0 0.2880098828125 0.016944634375 0.284375 0.048845696875 0.284375 0.0492144546875 0.28609948749999997 0.0570318328125 0.295579965625 0.0660971796875 0.3272118140625 0.08126274375 0.46254341875 0.0953125 0.469143003125 0.0953125 0.4761836796875 0.0942482515625 0.48319326093750004 0.084694559375 0.48392370937500007 0 0.288407665625 0
17 0.21539880625 0.0619354375 0.1419351234375 0.053188484375 0.1305643109375 0.20722930625 0.1468520109375 0.21536113750000002 0.1618813703125 0.2358040359375 0.2300210203125 0.2235954609375 0.308401525 0.240625 0.311227928125 0.240625 0.337408378125 0.2324638078125 0.3415873078125 0.21961583281250002 0.3453125 0.098944290625 0.3453125 0.08843774062500001 0.3167651046875 0.07953998125 0.3072396546875 0.072390228125 0.3013310171875 0.076337434375 0.2472779859375 0.0665652265625 0.235573134375 0.06967065624999999 0.21539880625 0.0619354375
17 0.4839296046875 0.0853211859375 0.47694250781249997 0.0939170828125 0.3986036734375 0.0863842421875 0.3926950375 0.09033145000000001 0.35216650625 0.082523396875 0.3452918328125 0.08633030625 0.3387511984375 0.2410726140625 0.35209582031250003 0.2506991453125 0.35941938125 0.269061875 0.36316724375 0.271875 0.405545784375 0.271875 0.42079678125 0.25587122500000004 0.426637965625 0.25479740624999997 0.525 0.2700327265625 0.525 0.1282578265625 0.5121461953125 0.1220952 0.51264166875 0.0596980671875 0.508800815625 0.0168534921875 0.4924456640625 0.0115950578125 0.4846274390625 0.014303871874999999 0.4839296046875 0.0853211859375
17 0.6484064968750001 0.14496150000000002 0.65 0.0770819140625 0.65 0.07431370312499999 0.64647685 0.0207041359375 0.5150039921875 0.0109375 0.5110102515625 0.0109375 0.5122404296874999 0.12326407343750001 0.5324822109375 0.1281258984375 0.5371999656249999 0.1336163703125 0.6413431765625 0.146875 0.6451528453125001 0.146875 0.6484064968750001 0.14496150000000002
17 0.759375 0 0.7433580156249999 0 0.7472562890625001 0.0178963125 0.6658169875 0.0185627609375 0.6482484671875001 0.023699796875 0.6483809515625001 0.14192978125 0.6520877015625001 0.1491955546875 0.6607595374999999 0.15141601875 0.7493316734375 0.1625 0.7564629328125 0.1625 0.759375 0.0384526734375 0.759375 0
0 1 0.1519054984375 0.9750385500000001 0.1453125 0.96241214375 0.1453125 0.9546899578125 0.1525662984375 0.9440907624999999 0.1716634171875 0.9219498671874999 0.22363699218750002 0.9182983296874999 0.239083284375 0.9169530218749999 0.2592642453125 0.9103660328125001 0.2991698109375 0.9106714203124999 0.31111105625 0.9127723015625 0.3173098578125 0.9184194078125 0.3229318765625 0.9283051406249999 0.326570028125 0.9973446656250001 0.3425931109375 1 0.34339294374999996 1 0.1519054984375
0 0.759375 0.40511420625000005 0.7607941828125 0.40568399218750006 0.8104887406250001 0.41844921562500004 0.8253739375 0.4182083625 0.83816615625 0.41524206875 0.8523589609375 0.41640830624999997 0.87617159375 0.42663822968750004 0.8862717140624999 0.428125 0.8942385937499999 0.428125 0.8975253000000001 0.42616286406250004 0.89775171875 0.4033705484375 0.905762984375 0.3780175875 0.9110283562499999 0.36871305 0.910296475 0.35275335937499996 0.9148826218749999 0.3200543734375 0.9134056890625001 0.312936528125 0.9150090015625001 0.2838566765625 0.9203125 0.23988146562499998 0.9203125 0.22152231875 0.920148021875 0.218978440625 0.9117076359375 0.208564709375 0.8984731328125001 0.200565846875 0.8679787453125 0.188561215625 0.8403460875000001 0.18086025 0.815925303125 0.1784960828125 0.7943662453125 0.18043558125 0.7874185890625001 0.18408640781250002 0.7731968218749999 0.20077499531249998 0.7688370921875001 0.2106816625 0.7611917640625 0.2440144734375 0.759375 0.24826569687500002 0.759375 0.40511420625000005
0 0.759375 0.5296875 1 0.5296875 1 0.500729340625 0.974181046875 0.49140211562499997 0.9660302546875 0.4859829203125 0.9597513031249999 0.47780658750000005 0.9354358296875 0.4605729078125 0.9024904171875001 0.44133634062500005 0.8645902921875 0.41507066562499995 0.8476042125 0.40911271562499996 0.8407171078125 0.4088021421875 0.8284882874999999 0.41481079374999996 0.82354936875 0.414728396875 0.8227964203125 0.4200968875 0.81829189375 0.42750628749999997 0.798294015625 0.4430223015625 0.7624315687500001 0.48693996874999995 0.759375 0.4914421546875 0.759375 0.5296875
12 1 0.3409780578125 0.9566716375000001 0.3290091703125 0.9395565515625 0.3275006671875 0.9282096828125 0.3236913828125 0.922365121875 0.323006853125 0.916528459375 0.32579567656249997 0.912792675 0.334783303125 0.910876078125 0.34844854999999997 0.9122240093749999 0.36001584062499997 0.9164942203124999 0.3719253953125 0.922491475 0.3785805484375 0.9249425015625 0.38581248281249997 0.9242053468750001 0.3981276859375 0.9284150046875 0.41399864218750004 0.9285018734375001 0.45220556093750003 0.9338751796875 0.45977975937500004 0.9579853046875 0.47847757343749997 0.9656569453125 0.48731308125000006 0.9836934656249999 0.49637043125 1 0.50243988125 1 0.3409780578125
9 1 0.0417789328125 0.9130742 0.0315979484375 0.9084424296875 0.0340318328125 0.9059703328125 0.048128081249999996 0.9043775406249999 0.1124295375 0.90710236875 0.11770929062499999 0.9107933921875 0.11962977968749999 0.9327104937499999 0.12219677031250001 0.948014290625 0.12250100625 0.965745425 0.119617109375 0.9731274703124999 0.12345808437500001 0.987070165625 0.13699656875 1 0.1461036046875 1 0.0417789328125
11 0.1098955703125 0.5296875 0.0973307 0.6000572234375 0.0968889515625 0.611054515625 0.0899471390625 0.639876825 0.0878172671875 0.6601739656250001 0.0885903421875 0.6867444328125 0.0979118546875 0.7415821906250001 0.1108226 0.775790540625 0.13767220625 0.8197031984375001 0.138545196875 0.832877675 0.134511596875 0.8962045078124999 0.1389343796875 0.9060942328125 0.1436154125 0.9078125 0.1486020484375 0.9078125 0.1615768109375 0.906387321875 0.183885296875 0.90081278125 0.23730312968749998 0.898556615625 0.248005103125 0.8961199734375 0.2576815765625 0.8864872375000001 0.26084483281250004 0.8699172546874999 0.261099878125 0.81884275 0.2630009859375 0.8075131875 0.29130203906249996 0.762931053125 0.3061638375 0.7332961156250001 0.32000802500000003 0.6929961546875 0.327885928125 0.6495968640625 0.328125 0.6286173671874999 0.328125 0.62660451875 0.3239075125 0.597009715625 0.3213529796875 0.5296875 0.1098955703125 0.5296875
0 0.3556262984375 0.5855885359374999 0.34909730625 0.5855891546875001 0.32816403906249997 0.59728955 0.3228656453125 0.605925475 0.3269150453125 0.627292234375 0.3247536265625 0.6614651046875 0.31822201250000004 0.6931658515625 0.3017325734375 0.7360493078125 0.298022384375 0.748781375 0.2986376828125 0.7530990281250001 0.303410184375 0.7619185203125 0.310096953125 0.7841707140625 0.3215272953125 0.7974180000000001 0.3330417796875 0.8042071609375 0.357602021875 0.8109375 0.36261829843750004 0.8109375 0.39145299218749996 0.8052718421874999 0.41572306562500005 0.7923164093749999 0.4253311734375 0.7822039359375 0.4380262828125 0.7585106703125 0.4390625 0.7531847890625001 0.4390625 0.7328679890625001 0.4359542453125 0.72282515625 0.40851826874999997 0.692419246875 0.3828387796875 0.6531932234375 0.36673585000000003 0.6177304578125 0.3585371296875 0.588392928125 0.3556262984375 0.5855885359374999
11 0.34359256562499996 0.5296875 0.3472923734375 0.5432215078125 0.3638712484375 0.6137425796875 0.37422876875 0.64060736875 0.3970579046875 0.68097766875 0.412569196875 0.7017159828125 0.435506134375 0.725221359375 0.46884792031250005 0.754777934375 0.48722534062499995 0.7674341046875 0.5140092015625 0.77916689375 0.5301147515625 0.7829295328125 0.5607455359375 0.7828897328125001 0.56969890625 0.7858042656249999 0.5767432828125 0.8035172906250001 0.5882945828125 0.8246619203125001 0.6011369609375 0.858390528125 0.6103480218749999 0.870161884375 0.6112411375 0.8703125 0.62586635 0.8703125 0.6655144578125001 0.86255454375 0.727059996875 0.8292248421874999 0.743623071875 0.8150523218749999 0.74375 0.8118924671875 0.74375 0.8034889328125001 0.7015224828125 0.7275580390625 0.71679448125 0.7008015390625 0.7238651375 0.676407640625 0.72433055 0.6550035515625 0.7191031421875 0.6324190875 0.70493025 0.6034511578125 0.6653960421875 0.548062703125 0.6536277390625 0.5296875 0.34359256562499996 0.5296875