14 0.4390625 0.031201565625 0.3927321890625 0.0292812578125 0.35826656875 0.178125 0.4390625 0.178125 0.4390625 0.031201565625
14 0 0.3390625 0.1105883046875 0.3390625 0.1109375 0.319500296875 0.1109375 0.27399187187499996 0.0549985375 0.26466523125 0.027806356250000004 0.2575689671875 0 0.2591143421875 0 0.3390625
14 0 0 0 0.0971422296875 0.023244923437500002 0.098843078125 0.0858032796875 0.0997767859375 0.0951782765625 0.1 0.1250929765625 0.1 0.1355096421875 0 0 0
14 0 0.1765625 0.1085806234375 0.1765625 0.1245995265625 0.17576155468750002 0.1302017671875 0.1346784546875 0.13125 0.11423792031249999 0.13125 0.09831404375 0.0863175484375 0.101065009375 0.0116210015625 0.0982638890625 0 0.098011259375 0 0.1765625
14 0.1376076484375 0 0.13719873437500002 0.0023853296875 0.1353313203125 0.0387998953125 0.1278766203125 0.0984375 0.13192913125 0.0984375 0.159607696875 0.097623425 0.201624503125 0.0966897171875 0.2772547546875 0.093888596875 0.30625 0.08861673437499999 0.30625 0 0.1376076484375 0
14 0.155618296875 0.178125 0.16505748125 0.17718108125 0.20333946093750002 0.17718108125 0.2316570171875 0.178125 0.30421749062500003 0.178125 0.3060472109375 0.13329686093749998 0.30625 0.1235629796875 0.30625 0.08857860468749999 0.24535626718749998 0.0968822953125 0.13331145 0.09874970937500001 0.1314440359375 0.131429446875 0.1267755015625 0.17624737343750002 0.13991888125000002 0.178125 0.155618296875 0.178125
10 0.6115337750000001 0 0.6115311421875 0.0011677468749999999 0.6143820515625 0.0191220171875 0.6129671578125 0.0320395859375 0.597764575 0.044213528125 0.5734877859375 0.057208698437500004 0.554068778125 0.070014859375 0.531412553125 0.096139459375 0.5231173499999999 0.1254983203125 0.5183836984375 0.152615165625 0.524295178125 0.17333130000000002 0.527375765625 0.1866455359375 0.5352919390624999 0.2030212046875 0.527871353125 0.2047476375 0.5147069203125 0.2124803765625 0.5122644390625 0.2246527765625 0.5050083484375 0.2310395046875 0.494691871875 0.2364494109375 0.488793834375 0.24523655625 0.506341990625 0.23498484375 0.49424610468749997 0.25254594375 0.48641679687500006 0.277723665625 0.488599646875 0.2917876046875 0.5002582984374999 0.30777105 0.513363159375 0.3181133140625 0.535856440625 0.3292429078125 0.5472539578125 0.33125 0.5767666499999999 0.33125 0.5902389593749999 0.32219682656250004 0.6026110578124999 0.297243765625 0.6167001859375001 0.2761886453125 0.6238108765625 0.264114075 0.6238108765625 0.2524273875 0.623509403125 0.24539124375000002 0.6340438515625 0.24309925937500002 0.6595007203125001 0.23416485312500002 0.6811177953125 0.22372775156250002 0.7015889890625 0.1962870484375 0.71597565625 0.17294736875 0.7169798296875 0.1505853609375 0.718721309375 0.1243694890625 0.7151853906250001 0.10570381250000001 0.7190417296875 0.0846565609375 0.7334001640625 0.071866590625 0.74710339375 0.0663987921875 0.7623164296875 0.0555945328125 0.7826257156249999 0.0085544453125 0.785896384375 0 0.6115337750000001 0
9 0.785155353125 0 0.7772761125000001 0.017483803125 0.7716499421874999 0.0317347234375 0.761005503125 0.05343833437499999 0.731052746875 0.070807796875 0.7188589296875 0.0797145640625 0.714869621875 0.0920512953125 0.7182708328125 0.11327435156250001 0.71930435625 0.12579152031250002 0.71613885625 0.1605469265625 0.71254858125 0.17774173437500002 0.7006288328125001 0.1978924109375 0.685669496875 0.21804414374999997 0.673925728125 0.2271256390625 0.647229025 0.24008295937500002 0.6524827171875 0.258825209375 0.6595187140625001 0.2816465765625 0.6679620374999999 0.308505 0.6777112109375001 0.3344755875 0.7070732515625 0.32349117031249996 0.7101599609375 0.340625 0.7126967078125 0.340625 0.7212619640625 0.3352389046875 0.741551103125 0.32481289687500003 0.7620356312500001 0.33028967656249997 0.7779505859375 0.335392775 0.8090277671875 0.3292520359375 0.8111583906250001 0.3322587 0.8217289765625001 0.3288958203125 0.8314805296875001 0.337416071875 0.8378862703125 0.3380801828125 0.8459882499999999 0.34040992812500004 0.849197421875 0.3341708875 0.8524741578124999 0.31766988125 0.8590112734375002 0.281389175 0.866496596875 0.259366940625 0.8774658890625 0.20630880937499999 0.8796875 0.1831999328125 0.8796875 0.152642959375 0.8788685546874999 0.131020375 0.872948125 0.108442925 0.8755707906249999 0.10822471250000001 0.87564230625 0.0865478765625 0.877705375 0.0544514453125 0.8738562062499999 0.026449251562499998 0.8691606828125 0 0.785155353125 0
0 1 0 0.8703277734375 0 0.874702925 0.0303914359375 0.8789117125000001 0.069123834375 0.875369028125 0.100084628125 0.8902192109375001 0.1150324921875 0.9055353546875 0.13783619375 0.9276337937499999 0.1595588171875 0.9482855156250001 0.1728832921875 0.9782645999999999 0.1807328125 1 0.178954471875 1 0
0 1 0.1858506734375 0.9994987734375 0.18556948906249998 0.9838676390625001 0.1800122390625 0.9529354218750001 0.1732628234375 0.9248830109374999 0.1577612625 0.9079835796874999 0.142559053125 0.8935321375 0.115101259375 0.8752714125000001 0.11247809843750001 0.87837090625 0.1252398109375 0.8802058593750001 0.1528370421875 0.8808591109374999 0.1692111125 0.8786202703124999 0.20462822187500002 0.8737699531249999 0.2312926515625 0.8673360140625 0.2604174453125 0.8601637953125 0.2804551796875 0.8659319703125 0.2990554875 0.8744166281249999 0.31684115468749996 0.8967145125 0.3435824984375 0.9075550843750001 0.35806451250000004 0.929534540625 0.3714137890625 0.9495622640625001 0.3765625 0.9784405234375001 0.3765625 0.9927044687500001 0.371346628125 1 0.36806089218750004 1 0.1858506734375
10 0.4390625 0.37775545625 0.5128997734375 0.3219671046875 0.497074484375 0.30497918125 0.48483008281249995 0.2879272765625 0.48892050625000005 0.2680290125 0.50364019375 0.23892507968749999 0.5127170921875 0.22091180625 0.5283712171875 0.20268476875000002 0.5350128375 0.20221514375 0.5178230953125 0.16765835 0.5209694953125 0.12359902656249999 0.532158540625 0.093179625 0.5572461921875 0.06893176875 0.5933584609375 0.0473590796875 0.6082213125 0.036836584374999995 0.6140625 0.023345712499999997 0.6140625 0.020968640625 0.612146825 0.014766734375000002 0.6107610953125 0.013474043750000001 0.5758887703125 0.026842821875 0.5030595515625 0.0444786140625 0.4390625 0.061531337500000005 0.4390625 0.37775545625
3 0.2656494140625 1 0.28681640625 0.97177734375 0.30341796875 0.95908203125 0.3046875 0.9523111984374999 0.3046875 0.95078125 0.301953125 0.9439453125 0.2794921875 0.92001953125 0.2638671875 0.915625 0.25556640625 0.91123046875 0.16865234375 0.8521484375 0.13203125 0.8306640625 0.1125 0.816015625 0.10712890625 0.81455078125 0.08662109375 0.79697265625 0.06171875 0.78427734375 0.051953125 0.7837890625 0.040234375 0.800390625 0.0294921875 0.8208984375 0.00947265625 0.84873046875 0.00361328125 0.86044921875 0 0.8633149249999998 0 0.9187917468750001 0.0412109375 0.9537109375 0.0978515625 0.9966796875 0.1017551734375 1 0.2656494140625 1
3 0.137353515625 0.66845703125 0.119775390625 0.693359375 0.107568359375 0.74609375 0.107080078125 0.7587890625 0.117333984375 0.76513671875 0.137841796875 0.77197265625 0.158349609375 0.77099609375 0.160791015625 0.7744140625 0.160791015625 0.78173828125 0.166162109375 0.79638671875 0.17354058125 0.8046875 0.175927734375 0.8046875 0.179833984375 0.8037109375 0.261865234375 0.75927734375 0.282861328125 0.74560546875 0.300927734375 0.7294921875 0.311669921875 0.716796875 0.327294921875 0.7099609375 0.337060546875 0.69970703125 0.345849609375 0.68408203125 0.3515625 0.65408935625 0.3515625 0.6526464843750001 0.344384765625 0.61962890625 0.335595703125 0.6064453125 0.283837890625 0.544921875 0.278955078125 0.54248046875 0.202294921875 0.619140625 0.137353515625 0.66845703125
3 0 0.7591235875000001 0.012255859375 0.764599609375 0.075732421875 0.778271484375 0.088427734375 0.779248046875 0.090380859375 0.777783203125 0.09228515625 0.7796875 0.095837403125 0.7796875 0.099169921875 0.777783203125 0.105517578125 0.761181640625 0.121142578125 0.690380859375 0.129443359375 0.642041015625 0.13125 0.6098225906250001 0.13125 0.5787890625000001 0.127490234375 0.541943359375 0.126513671875 0.512158203125 0.060595703125 0.512158203125 0.046435546875 0.514111328125 0.039599609375 0.512158203125 0.022509765625 0.512158203125 0.020068359375 0.514111328125 0.014697265625 0.514111328125 0.008837890625 0.512158203125 0 0.512158203125 0 0.7591235875000001
3 0.150634765625 0.810400390625 0.150146484375 0.812353515625 0.162353515625 0.829443359375 0.171142578125 0.852392578125 0.175048828125 0.857275390625 0.261474609375 0.915869140625 0.278564453125 0.919775390625 0.300537109375 0.943212890625 0.37588993125000003 0.9578125 0.3794140625 0.9578125 0.382080078125 0.955908203125 0.384521484375 0.936376953125 0.399658203125 0.930517578125 0.397705078125 0.927099609375 0.387939453125 0.926611328125 0.387451171875 0.921728515625 0.394775390625 0.892919921875 0.401611328125 0.851416015625 0.412841796875 0.831884765625 0.4203125 0.811669921875 0.4203125 0.805510603125 0.417724609375 0.793310546875 0.410888671875 0.785986328125 0.411376953125 0.770361328125 0.40654296875 0.76875 0.40160245000000006 0.76875 0.343994140625 0.773779296875 0.220458984375 0.780615234375 0.176513671875 0.804052734375 0.165771484375 0.803076171875 0.157470703125 0.808935546875 0.150634765625 0.810400390625
17 0.86821999375 0.409375 0.8706101187499999 0.4176835328125 0.8708581343749999 0.42735615156250006 0.8686259921874999 0.439012896875 0.8567212296874999 0.4710069453125 0.85399305625 0.4843998015625 0.848040675 0.49779265937500006 0.842832340625 0.51961805625 0.8413442453125001 0.5364831359375 0.84208829375 0.5444196437500001 0.8445684531250001 0.551116071875 0.8502728171874999 0.5558283734375 0.8502728171874999 0.5568204375000001 0.8490327375 0.5588045640625 0.8445684531250001 0.560788690625 0.8381200390625001 0.566741071875 0.8351438484375 0.5724454375000001 0.83563988125 0.580133928125 0.8373759921874999 0.581870040625 0.8415922625000001 0.5833581359375 0.8433283734374999 0.5865823421874999 0.842584325 0.594270834375 0.8373759921874999 0.5994791671875 0.836383928125 0.601711309375 0.836383928125 0.6056795640625 0.8408482140625001 0.6307291671874999 0.851512896875 0.6634672625 0.857961309375 0.6872767859375 0.8624255953125001 0.6964533734374999 0.86688988125 0.7029017859375 0.8815228171874999 0.7190228171874999 0.8835069437499999 0.7232390875 0.8862351187499999 0.73563988125 0.8902033734374999 0.7450644843750001 0.89268353125 0.748040675 0.8976438484374999 0.75126488125 0.8973958328125 0.7604414687500001 0.891939484375 0.766641865625 0.8874751984374999 0.7738343249999999 0.8817708328125 0.78797123125 0.8807787703125001 0.7966517859375 0.8837549609375 0.8003720234374999 0.88524305625 0.804340278125 0.88251488125 0.826413690625 0.88524305625 0.8298859125 0.91103670625 0.844766865625 0.9271577375 0.8569196437500001 0.9316220234374999 0.85791170625 0.936086309375 0.8559275796874999 0.9405505953125001 0.8564236109374999 0.9455109125 0.8623759921874999 0.957167659375 0.8713045640625001 0.9618941296875001 0.871875 0.98657910625 0.871875 0.99461805625 0.8665922625 0.9956101187499999 0.860391865625 0.9931299609375 0.8494791671874999 0.9876736109375 0.8341021828125001 0.985689484375 0.8241815484374999 0.9817212296874999 0.8152529765625001 0.9804811515625002 0.8060763890625001 0.982961309375 0.8003720234374999 0.9904017859375 0.7946676593750001 1 0.780803571875 1 0.6851934468750001 0.9993303578125001 0.6783482140625 1 0.667059959375 1 0.6454089515625 0.998834325 0.64139385 0.9943700390625001 0.6314732140625 0.9928819437499999 0.6250248015625 0.9906498015625 0.594766865625 0.9876736109375 0.5853422625 0.9775049609375 0.5677331359375 0.973288690625 0.53797123125 0.9683283734374999 0.5275545640625 0.9618799609375 0.5099454375000001 0.9564236109375 0.5044890875 0.9487351187499999 0.49308035781250004 0.9407986109375 0.4876240078125 0.9331101187499999 0.47894345312500003 0.9254216265625 0.46356646875 0.9187251984374999 0.45389385000000004 0.9090525796875 0.44446924687500006 0.9018601187499999 0.4397569453125 0.8884672625000001 0.4283482140625 0.882762896875 0.42115575468750005 0.879042659375 0.41371527812500003 0.8775959 0.409375 0.86821999375 0.409375
17 0.5720114078125 0.8970982140625001 0.5640748999999999 0.9005704375000001 0.557378471875 0.901810515625 0.5494419640625 0.9080109125 0.5432415671874999 0.91123511875 0.5268725187500001 0.9161954375000001 0.516455853125 0.9216517859375 0.49884672500000005 0.9246279765625001 0.47875744062500003 0.9253720234374999 0.45445188437499995 0.9308283734374999 0.45445188437499995 0.9437251984374999 0.4565724140625 0.94375 0.50416668125 0.94375 0.535305059375 0.941741071875 0.573003471875 0.93603670625 0.597805059375 0.935540675 0.613430059375 0.9367807546875 0.619878471875 0.936284721875 0.626822915625 0.9263640875 0.6296875 0.9189639109375001 0.6296875 0.91733631875 0.6293030749999999 0.9127232140625001 0.6296875 0.9108010890625 0.6296875 0.9052004421875001 0.6278149796875 0.9023065484374999 0.6283110109375001 0.8995783734374999 0.62707093125 0.8966021828125001 0.6255828375 0.89561011875 0.5816840265625001 0.8951140875 0.5720114078125 0.8970982140625001
17 0.602976190625 0.8569940484374999 0.58759920625 0.8510416671875 0.5801587296874999 0.8470734125 0.5667658734375001 0.8421130953125001 0.55262896875 0.8346726203125 0.5384920640625 0.8297123015625001 0.5141865078125 0.818799603125 0.49980158750000003 0.815079365625 0.487896825 0.809375 0.47772817500000003 0.8083829375 0.47375992031249997 0.809375 0.47127976250000003 0.8116071437500001 0.46731150781249997 0.8192956359375 0.46160714374999995 0.82450396875 0.459126984375 0.830704365625 0.46011904843749996 0.833928571875 0.46259920625 0.8388888890625001 0.4725198421875 0.8507936515625001 0.474751984375 0.85575396875 0.4814484125 0.8634424609375 0.5104662703125 0.8817956359375 0.5238591265625 0.8884920640625001 0.5325396828125 0.8879960328125 0.5389880953125 0.8917162703125001 0.5409722218749999 0.8954365078125001 0.5451884921875 0.89890873125 0.5494047625 0.899652778125 0.5532242046875 0.9015625 0.56805558125 0.9015625 0.596031746875 0.9003968265625 0.621825396875 0.9011408734374999 0.6265625 0.900430309375 0.6265625 0.8988343249999999 0.6265376984375 0.8986607140625 0.6240575406250001 0.8986607140625 0.6238095234375 0.8979166671875 0.6265625 0.8941804859375001 0.6265625 0.88419105625 0.6240575406250001 0.871875 0.621825396875 0.865178571875 0.6200892859375 0.8634424609375 0.615625 0.86220238125 0.6079365078125 0.8579861109374999 0.602976190625 0.8569940484374999
17 0.6018725203125 0.7758060515625 0.5959201390625 0.7626612109375 0.57409474375 0.7589409734375 0.5324280765625 0.7544766875000001 0.506386409375 0.75224454375 0.490761409375 0.7519965281250001 0.47216021875 0.7527405765624999 0.4605034734375 0.75497271875 0.45455109218749995 0.7532366078124999 0.45455109218749995 0.7887028781250001 0.4572792671875 0.7884548625 0.4572792671875 0.792919146875 0.45479910781250005 0.7983754968750001 0.45455109218749995 0.8149925578125 0.4575272828125 0.8164806531250001 0.46223958437499996 0.8219370046875 0.46471974375 0.8221850203125001 0.4679439484375 0.82020089375 0.475632440625 0.8033358140625 0.47761656874999997 0.8011036718749999 0.4820808546875 0.7986235125000001 0.48704117187499996 0.7983754968750001 0.5006820453125 0.8040798625000001 0.5073784734375 0.808544146875 0.522011409375 0.8127604171874999 0.52721974375 0.8152405765624999 0.5386284734375 0.824169146875 0.5500372015625 0.8298735125000001 0.5579737093749999 0.8321056531250001 0.5748387906250001 0.8313616078125001 0.5882316484375 0.8348338296875 0.59343998125 0.8380580359375 0.5993923609375 0.8437624015625002 0.6034707906250001 0.85 0.606397984375 0.85 0.6115451390625 0.8464905765624999 0.6203125 0.8377232171875001 0.6203125 0.8248679296875 0.61650545625 0.8132564484374999 0.6135292671875 0.81102430625 0.6073288703124999 0.8097842265625002 0.6055927578125 0.80730406875 0.60261656875 0.7944072421875 0.6018725203125 0.7758060515625
17 0.5814608140625 0.6956845234375 0.576500496875 0.70089285625 0.5747643859375 0.7051091265625 0.5747643859375 0.70907738125 0.577492559375 0.718998015625 0.5849330359375 0.73387896875 0.5859251000000001 0.7380952375 0.5941096234375001 0.7566964281249999 0.59832589375 0.771329365625 0.6008060515625 0.77529761875 0.6020461312500001 0.79365079375 0.604278275 0.806795634375 0.6065104171875 0.8117559515625 0.6104786718749999 0.8149801578125 0.61122271875 0.8206845234374999 0.6134548625 0.8214285718750001 0.6181671640624999 0.8266369046875 0.6203993046875 0.8318452375 0.6203993046875 0.833829365625 0.61667906875 0.8427579359374999 0.61667906875 0.849454365625 0.6226314484375 0.8730158734375 0.623871528125 0.8814484125 0.6241195453125 0.8864087296874998 0.6223834328125 0.8950892859374999 0.6223834328125 0.9084821421874999 0.6241195453125 0.9176587296874998 0.6246155765625 0.9288194437499999 0.62519428125 0.9296875 0.6284184859375 0.9296875 0.6335441484375 0.9258432531250002 0.6370163703125 0.9198908734375 0.6404885921875 0.903769840625 0.6471850203124999 0.88467261875 0.6553695453125 0.855902778125 0.659375 0.8318700437500001 0.659375 0.7873088140625001 0.6573536718749999 0.7770337296875001 0.6489211312500001 0.7492559515625 0.645696925 0.734375 0.6434647828125 0.71875 0.6414806546875 0.6927083328125001 0.6380084328125 0.6827876984375 0.6283358140625 0.6649305546875001 0.6261036718749999 0.6587301578125 0.6171751000000001 0.625 0.6159350203125 0.6073908734375 0.614446925 0.6051587296875 0.612326390625 0.6046875 0.612191634375 0.6046875 0.608742559375 0.6083829359374999 0.5995659734375 0.6287202375 0.5985739078125001 0.634424603125 0.598821925 0.65401785625 0.5963417671875 0.6666666671874999 0.5814608140625 0.6956845234375
17 0.595572915625 0.6693576390625 0.5878844234375 0.6663814484375 0.5603546625 0.6601810515625 0.53505704375 0.6440600203125 0.5263764890625 0.635875496875 0.521416171875 0.632651290625 0.5142237093750001 0.6239707343750001 0.509759425 0.6224826390625 0.5067832328125 0.6187623999999999 0.5005828359375 0.614298115625 0.485205853125 0.60908978125 0.46263640781250004 0.5971850203125 0.45469989999999993 0.5917286703125 0.45469989999999993 0.6212425578125 0.457428075 0.6264508937500001 0.46065228124999996 0.641579859375 0.4616443453125 0.6604290671874999 0.46362847343749997 0.6656374015625 0.4678447421875 0.667621528125 0.469580853125 0.6703497031250001 0.4710689484375 0.6822544625 0.473053075 0.6877108140624999 0.48123760000000004 0.7035838296875 0.488430059375 0.714000496875 0.5000868046875 0.7254092265625001 0.505791171875 0.729625496875 0.5142237093750001 0.7430183515625 0.5199280749999999 0.7494667640625 0.526624503125 0.75442708125 0.543489584375 0.758147321875 0.5625868046875 0.7596354171874999 0.5794518859375 0.7626116078124999 0.588132440625 0.7670758937500001 0.5947061031249999 0.7734375 0.5994336953125 0.7734375 0.6 0.77258804375 0.6 0.771639403125 0.5992931546875 0.7546751 0.5960689484375 0.7427703375 0.5938368046875 0.726897321875 0.5938368046875 0.7015997031250001 0.5963169640625 0.6805183515625 0.595572915625 0.6693576390625
17 0.5945684531250001 0.667621528125 0.580431546875 0.663901290625 0.5603422625000001 0.6606770843750001 0.5402529765625 0.6596850203125 0.4970982140625 0.6606770843750001 0.4822172625 0.6621651796875 0.4546875 0.667125496875 0.4546875 0.6720858140624999 0.4685763890625 0.6693576390625 0.473288690625 0.6693576390625 0.48345734062499995 0.6753100203125 0.4943700390625 0.6787822421875 0.5338045640625 0.6844866078124999 0.5419890875 0.6844866078124999 0.5484375 0.69267113125 0.557862103125 0.7003596234374999 0.566790675 0.7043278781250001 0.56912821875 0.7046875 0.570151290625 0.7046875 0.5712549609375 0.7035838296875 0.5717509921875 0.7001116078124999 0.577207340625 0.6958953375 0.589112103125 0.683246528125 0.5953125 0.6708457343750001 0.5945684531250001 0.667621528125
17 0.7564437406250001 1 0.759375 0.9908065015624998 0.759375 0.965310846875 0.755084325 0.962450396875 0.7340029765625 0.9545138890625001 0.7156498015625 0.9453373015625001 0.710689484375 0.937152778125 0.7062251984375 0.9326884921874999 0.69853670625 0.927976190625 0.6876240078125 0.9178075390625 0.68563988125 0.9135912703125001 0.6846478171875 0.9054067453125001 0.6846478171875 0.8644841265625001 0.682167659375 0.8602678562499999 0.6648065484375 0.8416666656250001 0.66083829375 0.84092261875 0.65811011875 0.8431547609375001 0.654637896875 0.859523809375 0.6434771828125 0.8957341265625001 0.6377728171875 0.919295634375 0.6338045640625001 0.9259920625 0.6223958328125 0.9364087296874999 0.620163690625 0.9403769843750001 0.61941964375 0.9455853171874999 0.6251240078125 0.9574900796874999 0.6338045640625001 0.9701388890625001 0.6567928796875 1 0.7564437406250001 1
17 1 1 1 0.8707078671874999 0.9975942453125001 0.8721230156249999 0.9933779765625002 0.8765873015625001 0.9772569437499999 0.9110615078125001 0.967584325 0.918501984375 0.9566716265625 0.924454365625 0.9529513890625001 0.9291666671875 0.951959325 0.9328869046874999 0.951959325 0.943303571875 0.9531994046874999 0.956696428125 0.9531994046874999 0.9894345234374999 0.9539434531250001 0.9958829359374999 0.9534684062500001 1 1 1
17 0.8036458328125 0.7987103171875 0.807862103125 0.8046626984374999 0.82274305625 0.8205357140625 0.8232390875 0.8232638890625001 0.820758928125 0.824255953125 0.8182787703125 0.8277281750000001 0.816790675 0.82822420625 0.816790675 0.8321924609375 0.82274305625 0.8287202375 0.8239831343749999 0.8267361109374999 0.8254712296875001 0.8287202375 0.8277033734374999 0.8294642859374999 0.8366319437499999 0.8428571421874999 0.8522569437499999 0.8567460312499999 0.8549851187499999 0.8577380953125001 0.8567212296874999 0.8572420640625001 0.858209325 0.856001984375 0.857961309375 0.8525297625 0.8589533734374999 0.8515376984374999 0.8599454359374998 0.865674603125 0.8621775796875 0.8728670640625001 0.8629216265625 0.881299603125 0.8651537703125001 0.8825396828125001 0.873586309375 0.8830357140625 0.891939484375 0.9036210312499999 0.89169146875 0.9140376984374999 0.89268353125 0.91825396875 0.894667659375 0.9209821421874999 0.8964037703125001 0.927678571875 0.898387896875 0.9299107140625 0.9001240078125001 0.9346230156249999 0.9023561515625002 0.9371031750000001 0.9031001984374999 0.9395833328125001 0.9055803578125001 0.9418154765625001 0.907564484375 0.9487599203125001 0.929141865625 0.9487599203125001 0.9298859125 0.9477678578125002 0.936582340625 0.947271825 0.93856646875 0.941071428125 0.9435267859375 0.9388392859374999 0.9432787703125001 0.937847221875 0.9403025796875 0.9363591265625001 0.9403025796875 0.9351190468749999 0.945262896875 0.933630953125 0.9465029765625002 0.931646825 0.951711309375 0.9304067453125 0.9536954359374998 0.928174603125 0.9589037703125001 0.9266865078125001 0.9611359125 0.92470238125 0.9656001984374999 0.9232142859374999 0.9752728171874999 0.9145337296874999 0.9844494046874999 0.8981646828125001 0.988417659375 0.884523809375 0.9968501984374999 0.8696428578125002 0.9933779765625002 0.868898809375 0.98544146875 0.8723710312499999 0.9725446421874999 0.8741071421874999 0.9688244046874999 0.8741071421874999 0.9648561515625002 0.8726190468749999 0.957663690625 0.8738591265625001 0.9375744046874999 0.862450396875 0.932366071875 0.8607142859374999 0.9162450390625001 0.8478174609375 0.9068204359374998 0.843601190625 0.89169146875 0.8341765875 0.8877232140625001 0.8334325390625 0.8844990078125001 0.8294642859374999 0.8837549609375 0.8225198406249999 0.8844990078125001 0.8197916671875 0.8867311515625002 0.8185515875 0.889459325 0.8101190468749999 0.8899553578125001 0.8041666671875 0.8877232140625001 0.8009424609375 0.87705853125 0.8001984125 0.8656498015625 0.80069444375 0.8594494046874999 0.802678571875 0.8517609125 0.808630953125 0.845560515625 0.8113591265625001 0.8435763890625001 0.8113591265625001 0.84580853125 0.8076388890625001 0.858457340625 0.7992063484375 0.8626736109375 0.7979662703124999 0.863417659375 0.797222221875 0.8631696421874999 0.793501984375 0.854737103125 0.7830853171875 0.8522569437499999 0.7761408734374999 0.848784721875 0.771924603125 0.845064484375 0.769196428125 0.8334077375 0.7644841265625001 0.817534721875 0.7508432546874999 0.811582340625 0.7443948406249999 0.8033978171874999 0.7302579359375001 0.80166170625 0.7248015875 0.8004216265625 0.7136408734374999 0.7976934531250001 0.7074404765625 0.78330853125 0.6920634921875 0.7788442453125001 0.6853670640624999 0.7773561515624999 0.6848710312499999 0.7748759921875 0.687351190625 0.776116071875 0.6945436515625 0.7785962296875001 0.7009920640624999 0.7805803578124999 0.7109126984375 0.785788690625 0.7220734125 0.7872767859375001 0.7287698406249999 0.785292659375 0.7391865078125 0.7736359125 0.759771825 0.7723958328125 0.765476190625 0.773387896875 0.7704365078125 0.7870287703125 0.7793650796875 0.7905009921875 0.7845734125 0.8036458328125 0.7987103171875
17 0.6617807546875 0.6074900796875 0.658060515625 0.606001984375 0.655332340625 0.6067460312499999 0.6558283734374999 0.60947420625 0.658060515625 0.61220238125 0.66103670625 0.6117063484375 0.66376488125 0.615178571875 0.6652529765625 0.615674603125 0.6630208328125 0.6223710312499999 0.660788690625 0.62509920625 0.6555803578124999 0.6365079359375001 0.65458829375 0.6466765875 0.658060515625 0.6742063484375 0.6590525796875 0.6945436515625 0.660292659375 0.7 0.6627728171875 0.7042162703124999 0.6647569437499999 0.7138888890625 0.6669890875 0.7357142859375 0.6734375 0.753075396875 0.679637896875 0.7768849203125 0.6845982140625 0.7820932546874999 0.6853422625000001 0.7915178578125 0.68856646875 0.7982142859375 0.695758928125 0.8046626984374999 0.7116319437499999 0.8135912703125001 0.717336309375 0.81904761875 0.7213045640625 0.825 0.732961309375 0.8351686515625001 0.7423859125 0.8488095234374999 0.7470982140625 0.859722221875 0.7530505953125 0.8664186515625001 0.7718998015625 0.87509920625 0.7753720234375 0.8755952375 0.77586805625 0.8731150796874999 0.772891865625 0.8646825390625 0.7716517859375001 0.8522817453125 0.767435515625 0.8448412703125001 0.7684275796875 0.839880953125 0.7694196421875 0.8386408734374999 0.7721478171875 0.837896825 0.7723958328125 0.8356646828125001 0.7681795640625 0.828472221875 0.7659474203125 0.822023809375 0.7619791671874999 0.7964781750000001 0.7411458328125 0.7220734125 0.736681546875 0.696527778125 0.723288690625 0.6427083328125001 0.7195684531250001 0.618402778125 0.7158482140625 0.6099702375 0.7121279765625 0.59657738125 0.7086557546875 0.5881448406249999 0.7009672625000001 0.6260912703124999 0.7007192453125001 0.6360119046875 0.7036954359375001 0.65634920625 0.70146329375 0.6667658734374999 0.6960069437499999 0.6823908734374999 0.6940228171875 0.69404761875 0.6945188484375 0.7024801593750001 0.691542659375 0.7004960312499999 0.6855902781250001 0.6848710312499999 0.673189484375 0.6392361109375 0.6687251984375 0.6268353171875 0.666741071875 0.615674603125 0.6617807546875 0.6074900796875
17 0.7344494046875 0.6662698406249999 0.7381696421875 0.6799107140625 0.7480902781250001 0.7039682546874999 0.7532986109375 0.7270337296875 0.7552827375 0.73125 0.757762896875 0.73447420625 0.7622271828125 0.7376984125 0.769667659375 0.7414186515625 0.7818204359375001 0.7448908734374999 0.7845486109375 0.7424107140625 0.7870287703125 0.737946428125 0.789012896875 0.7292658734374999 0.7875248015625 0.7228174609375 0.7815724203125 0.7106646828125001 0.77586805625 0.6853670640624999 0.776612103125 0.684126984375 0.7790922625000001 0.6851190468749999 0.7865327375 0.6957837296875 0.792237103125 0.7019841265625001 0.79521329375 0.703472221875 0.7964533734374999 0.6928075390625 0.7967013890625 0.671726190625 0.795461309375 0.6665178578125 0.7905009921875 0.6570932546874999 0.7909970234375 0.6518849203125 0.7828125 0.6166666671875 0.780084325 0.590625 0.7788442453125001 0.5888888890625 0.7736359125 0.5881448406249999 0.7654513890625 0.5926091265625 0.7619791671874999 0.5958333328125 0.7552827375 0.5928571421875001 0.7528025796875 0.5928571421875001 0.7451140875 0.5948412703125 0.735689484375 0.5990575390625 0.7302331343749999 0.6042658734375 0.726512896875 0.60947420625 0.7215525796875 0.6193948406249999 0.7203125 0.6255952375 0.72353670625 0.6451884921875 0.7287450390625001 0.6533730156249999 0.7344494046875 0.6662698406249999
17 0.6930307546875 0.569295634375 0.6813740078125 0.5551587296875 0.6717013890625 0.5387896828125001 0.6692212296875001 0.5360615078125 0.6622767859375001 0.534821428125 0.6528521828125 0.525148809375 0.6406994046875 0.5169642859375 0.6054811515624999 0.4981150796875 0.6059771828125 0.50009920625 0.639211309375 0.53779761875 0.6501240078125 0.5474702375 0.6563244046875 0.5516865078125 0.6642609125 0.565079365625 0.6677331343749999 0.569295634375 0.6687251984375 0.574751984375 0.6816220234375 0.5923611109375 0.6838541671874999 0.5918650796875 0.686086309375 0.5891369046875 0.6937748015625 0.58368055625 0.7031994046875 0.5797123015625 0.6930307546875 0.569295634375
17 0.755166996875 0.409375 0.755034721875 0.41006944375 0.7508184531250001 0.42247023749999996 0.7339533734374999 0.44950396875000004 0.7215525796875 0.47926587343750005 0.7118799609375 0.4988591265625 0.6969990078125 0.52217261875 0.688814484375 0.5318452375 0.6868303578124999 0.5323412703125 0.68211805625 0.5283730156249999 0.6721974203125 0.5129960312499999 0.6630208328125 0.5060515875 0.6535962296875001 0.50381944375 0.6387152781250001 0.5137400796875 0.632762896875 0.5105158734375 0.6208581343749999 0.506299603125 0.6099454359375 0.499851190625 0.6067212296875 0.50009920625 0.633258928125 0.531101190625 0.6387152781250001 0.543005953125 0.6486359125 0.5556547625 0.6533482140625 0.566071428125 0.6692212296875001 0.5764880953125 0.67666170625 0.5799603171875 0.67938988125 0.5831845234374999 0.6826140875 0.590625 0.6843501984375 0.5911210312499999 0.6945188484375 0.583928571875 0.7064236109375 0.5794642859375 0.7215525796875 0.581200396875 0.7304811515624999 0.5804563484375 0.7376736109375 0.5777281750000001 0.74461805625 0.5789682546874999 0.7493303578124999 0.578472221875 0.7614831343749999 0.5665674609375 0.7746279765625 0.5492063484375 0.7741319437499999 0.5392857140625 0.7718998015625 0.533829365625 0.772891865625 0.5301091265625 0.7867807546875 0.52118055625 0.7900049609375 0.5127480156249999 0.7937251984375 0.50927579375 0.7882688484375 0.49489087343750005 0.7845486109375 0.48844246093750004 0.7810763890625 0.48497023749999996 0.7723958328125 0.4800099203125 0.7711557546875 0.477777778125 0.773883928125 0.4676091265625 0.7877728171875 0.43511904687499997 0.7877728171875 0.43214285781250006 0.7843005953125 0.4328869046875 0.7671875 0.44156746093750004 0.7629712296875001 0.44181547656250003 0.7627232140625 0.4279265875 0.7590029765625 0.4135416671875 0.7586904765625 0.409375 0.755166996875 0.409375