10 0.4758662203125 0.459375 0.48717935468749995 0.4256297359375 0.4875 0.42391878125 0.4875 0.3997440671875 0.48222936250000004 0.3812752875 0.47506190468750004 0.364165184375 0.46630000312500003 0.3548334171875 0.4465139609375 0.3402159578125 0.39532292812500003 0.314888128125 0.37793889531249997 0.30952285625 0.3476347359375 0.3028787421875 0.33002012812500003 0.3015625 0.3012471 0.3015625 0.2894304984375 0.3030266359375 0.2648611375 0.311744178125 0.2558039 0.3111927390625 0.2520442875 0.31730108437500004 0.2478495671875 0.3188914890625 0.2439198984375 0.3177908625 0.24445 0.3124087953125 0.2399213796875 0.312133075 0.2345652578125 0.32183581562499997 0.23190234062499998 0.3236425390625 0.22514797656250002 0.3338754140625 0.1943240625 0.35353305625 0.18480557656250002 0.3629208484375 0.1809165390625 0.376650615625 0.1842576078125 0.399495834375 0.181408834375 0.4294704421875 0.1838863515625 0.459375 0.4758662203125 0.459375
15 1 0.459375 1 0.15146389062500001 0.9766410171875 0.1244099671875 0.950238628125 0.0916606859375 0.9327750765625 0.0733999609375 0.9232703109375 0.061805090625 0.9168030203124999 0.056485345312500004 0.9113531500000001 0.054367845312499996 0.8977654484375 0.05740311875 0.81768635625 0.066966040625 0.8051261999999999 0.0667916421875 0.79508508125 0.0647536796875 0.784678865625 0.0717376796875 0.781199228125 0.07885367343750001 0.7792577796875 0.10218237187500001 0.7801358515625 0.11745454531249999 0.779559796875 0.1267601515625 0.7781375796875001 0.132328565625 0.7716648296875 0.1431642640625 0.771178303125 0.1465605578125 0.7722650015625 0.15667732343750002 0.7764242109375 0.1635769921875 0.7851544234375 0.18322095625 0.7898149484375 0.19005594374999998 0.810692734375 0.2299286484375 0.8174527140624999 0.24033911875 0.8258131671875001 0.2592615203125 0.830711896875 0.26760431875 0.8347940375 0.27887314375 0.8355927078125 0.293642715625 0.8417867625 0.3069468734375 0.8601260515625 0.3356080078125 0.866883703125 0.3411467140625 0.8762794906250001 0.3455757609375 0.882113909375 0.3517464359375 0.888665265625 0.3673123140625 0.9182833828125 0.42041706718749994 0.9420891859375 0.459375 1 0.459375
18 1 0.5305252515625 0.9496737234375001 0.526634971875 0.9282525328125001 0.542684490625 0.9174834687500001 0.5831345203125 0.9207995421875002 0.5967963734375 0.9335329859374999 0.604555709375 1 0.6079887875 1 0.5305252515625
18 0.87262058125 0.565646778125 0.8372826296875001 0.612616703125 0.833655525 0.6251817734375 0.7759118468749999 0.6978992156249999 0.75010351875 0.74172144375 0.7589853578125 0.7565362078125 0.7208668671875 0.7691269953125 0.69283925 0.7923441921875 0.6699494296874999 0.9077917640625 0.71936314375 0.969244390625 0.7291172687499999 0.9716063343750001 0.74376365625 0.9585922640625 0.7863300984375 0.8520008125 0.891894953125 0.700071753125 0.9383387203125 0.620916259375 0.9404761624999999 0.6056524953125 0.9209679171874999 0.6009286046875 0.9291505359375 0.5647230578125 0.9227428906250001 0.542908990625 0.9116113562500001 0.5406031703125 0.87262058125 0.565646778125
18 0.8153563125 0.616269528125 0.8305172015625001 0.48044142343749996 0.7230791859375 0.4848191875 0.7198917078125 0.6436142671875 0.7149433171874999 0.657612871875 0.7178361078125001 0.6947468296875 0.728656609375 0.7232795750000001 0.7457467859375 0.7363801765625 0.7605615515624999 0.7274983374999999 0.8060207828125 0.65804084375 0.8153563125 0.616269528125
18 0.65 0.6244537343750001 0.667437859375 0.642992203125 0.6782022359375001 0.6701475359375 0.7059188203125 0.6731572640625 0.7140149078125 0.6686882828125 0.720452959375 0.657388371875 0.7244565953125 0.4847630625 0.6528312515625 0.48768157187499994 0.65 0.48884370156249995 0.65 0.6244537343750001
18 1 0.47353552812500005 0.961371196875 0.4751095328125 0.9534996109375001 0.48508815624999996 0.941102915625 0.48559328281249997 0.931068165625 0.4763442859375 0.8883684421875 0.47808416718749996 0.8589072890624999 0.49998007656250004 0.8629529890625001 0.53154826875 0.8744212734375001 0.54211855 0.8806044171874999 0.5584229765625001 0.91155523125 0.5392257593750001 0.9323286390625001 0.541138703125 0.9415776359375 0.5311039546874999 1 0.5306395328125 1 0.47353552812500005
18 1 0.61450033125 0.9972867437499999 0.611615825 0.9583263750000001 0.60354545625 0.9435677359374999 0.6138047078125 0.8997665390625 0.690093128125 0.91109216875 0.7310225671875 0.9268610609374999 0.745556703125 0.9271978109375001 0.7538211671875 0.9111740109375 0.7668913640625 0.9528330765625 0.7734720703125 0.99516564375 0.7965817046874999 1 0.79815153125 1 0.61450033125
18 0.8739805921875 1 0.8827137374999999 0.9487913906250001 0.8673120031250001 0.9094077375000001 0.8678475359375 0.88869045625 0.8756629968749999 0.8773344203125 0.8676534406249999 0.8500668375 0.8710303265625001 0.7975007390625001 0.8650716828125 0.78670595625 0.851241453125 0.785889796875 0.8271215671875 0.8034289765625001 0.787707509375 0.8519446875 0.7608585203125 0.904087503125 0.7514107421875 0.9431039968749999 0.7279082328125 0.975794690625 0.730239771875 0.9991545437500001 0.7308972546875 1 0.8739805921875 1
18 1 0.7967880046875 0.9500221312499999 0.7722069109375 0.9427117968750001 0.7959596390625 0.9181429078125 0.802479534375 0.9221886078124999 0.8340477249999999 0.9495941609375 0.8632843781249999 0.9860803359375 0.8783540484374999 1 0.8638820703124999 1 0.7967880046875
18 0.8753309328124999 0.8014645953125001 0.8618070484375 0.842026875 0.8609043578125 0.8875936703124999 0.8677048796874999 0.9190496109375001 0.879509915625 0.93788435625 0.9002833234375001 0.9397972984375 0.9178529078125 0.930803209375 0.9330044234375 0.9301858328125 0.9375599375 0.9065453531250001 0.934723271875 0.87078880625 0.918423534375 0.8093665874999999 0.902093390625 0.7810583453125 0.8969509062500001 0.75643333125 0.8713717656250001 0.7381598390624999 0.8606892328125 0.746873303125 0.8610821078124999 0.7565151765625 0.869571071875 0.761688065625 0.8753309328124999 0.8014645953125001