3 0.13230496875 0.3390625 0.134375 0.2925804078125 0.134375 0.1754148703125 0.1273384859375 0.171875 0.1099808328125 0.171875 0.11023620468749999 0.1938177421875 0.070957225 0.1930243265625 0.0096472390625 0.206403434375 0.0046875 0.2807991171875 0.0046875 0.29469527812499996 0.021160203125 0.315414209375 0.021632575 0.3390625 0.13230496875 0.3390625
3 0 0.2923749625 0.005468975 0.2984375 0.0077335546875 0.2984375 0.0100476125 0.21567688281250003 0.0351477328125 0.20657106406249998 0.0421875 0.1698592375 0.0421875 0.159375 0.0275376640625 0.159375 0.001042221875 0.1631028484375 0 0.163403859375 0 0.2923749625
14 1 0.003125 0.9573906953125 0.003125 0.9213923390625001 0.3390625 0.966925215625 0.3390625 1 0.0715136125 1 0.003125
14 1 0.3390625 1 0.00625 0.9997476765624999 0.00625 0.9616077984375 0.3203089046875 0.9597325187500001 0.3390625 1 0.3390625
14 0.7314332515624999 0.3390625 0.7111282250000001 0.1406107375 0.70372899375 0.1284794984375 0.6828251765625 0.126497796875 0.6663765406250001 0.1291044453125 0.6661592796875 0.16647099375000002 0.6926549171875 0.3390625 0.7314332515624999 0.3390625
14 0.7431106468750001 0 0.7778712453125 0.3390625 0.8017056046875 0.3390625 0.8098511343749999 0.304723871875 0.788279725 0 0.7431106468750001 0
14 0.88227805625 0.3390625 0.8953723124999999 0.0947794453125 0.8823525140624999 0.0911071796875 0.8679520234375 0.0907718 0.8529296937499999 0.0945821875 0.84780978125 0.21925601718749999 0.8667454250000001 0.2234528578125 0.8718245421875 0.23205092500000002 0.8501025500000001 0.32891722031250004 0.8484040343749999 0.3390625 0.88227805625 0.3390625
14 0.6905581875 0.3390625 0.6546108734375 0.0975363078125 0.6272568828125 0.0946320515625 0.609988728125 0.1073541109375 0.651787365625 0.3390625 0.6905581875 0.3390625
14 0.9206898640624999 0.3390625 0.9375463500000001 0.14610603125 0.9457315359375 0.006313726562499999 0.9239690765624999 0.0016338609375 0.9161044624999999 0.0011757984375 0.902448603125 0.0046846531249999995 0.883682334375 0.3390625 0.9206898640624999 0.3390625
4 0.3117891578125 1 0.3138564109375 0.9665431046874999 0.3201196625 0.932153590625 0.317909103125 0.9051596703125 0.31864595625000003 0.8770564125 0.323803928125 0.8615256640624999 0.334488296875 0.8389691015625 0.3418568265625 0.8097565031249999 0.35180434374999997 0.7831323625 0.3569623140625 0.7542895453125 0.3671875 0.718223340625 0.3671875 0.703584178125 0.3650676984375 0.702520384375 0.35475175625 0.7017808249999999 0.3451726671875 0.7039995015625 0.33896756093749997 0.7015625 0.32059143749999996 0.7015625 0.29764564375 0.7047390625000001 0.258960859375 0.7028901624999999 0.2567503 0.7047390625000001 0.2585924328125 0.7154626734375 0.266329390625 0.73654011875 0.2692768015625 0.7380192359375 0.2751716265625 0.7376494578124999 0.277013759375 0.739128575 0.2755400515625 0.7498521874999999 0.2722242140625 0.7572477828124999 0.27369791875 0.7731483109374999 0.27369791875 0.8201103359375 0.2707505078125 0.827875709375 0.26117141875 0.83157350625 0.2585924328125 0.834161965625 0.25527659375 0.843036678125 0.253066034375 0.85597896875 0.253066034375 0.8785355312500001 0.2567503 0.8885195828124999 0.26117141875 0.89517561875 0.254171315625 0.9007223140625001 0.2475396375 0.9029409937499999 0.24680278437499997 0.9058992312499999 0.24938176875 0.9129250453125 0.2685399484375 0.9365909468750001 0.27332949375000004 0.9454656609375001 0.27369791875 0.9487936781249999 0.27148736093750003 0.953231034375 0.25822400624999997 0.9646942062499999 0.24938176875 0.9805947343749999 0.24680278437499997 0.9876205500000002 0.2482764890625 0.9983441609374999 0.2474515984375 1 0.3117891578125 1
5 0 0.9921875 0.0003878828125 0.9921875 0.0141806734375 0.986478065625 0.0310975546875 0.968008209375 0.0359375 0.9554985484374999 0.0359375 0.9413344921875 0.0337888765625 0.94049189375 0.0249459609375 0.941245765625 0 0.9389005906250001 0 0.9921875
8 0.136832809375 0.727391965625 0.1326529875 0.7354492140625 0.10795403750000002 0.762690390625 0.09123475 0.789164209375 0.0862949609375 0.7926173171875 0.077175346875 0.7945357093750001 0.050576479687499995 0.8175564234374999 0.037657028125000006 0.8229279218750001 0.0327172390625 0.8286830999999999 0.0243575953125 0.8455649546874999 0.023217642187500002 0.8662835953125001 0.0171875 0.8835885375 0.0171875 0.89565491875 0.020177771875 0.8977452375 0.038416996875 0.9027330578124999 0.0414568671875 0.905035128125 0.055516270312500005 0.936113090625 0.0627359609375 0.9472397671875001 0.0726155421875 0.9671910515625001 0.0862949609375 0.9825381937500002 0.09264001250000001 0.99375 0.1502093 0.99375 0.151652178125 0.9925138359375001 0.167991484375 0.9898280859374999 0.1774910796875 0.9863749796875 0.1904105296875 0.9760156578124999 0.19839019062500002 0.96488898125 0.2040899484375 0.9618195515625001 0.21662941562500002 0.9602848390624998 0.23790850937500002 0.96220323125 0.24398825156249998 0.9691094453125 0.25348784687500003 0.9706441578125 0.275 0.9640173140625 0.275 0.9416158375 0.2686871984375 0.9330436625 0.24892804062499999 0.9127086999999999 0.23296871874999997 0.9061861640625001 0.22270915625 0.8965942015625 0.20446993125000001 0.8843164874999999 0.14747235625 0.8570753109375 0.1440525015625 0.852087490625 0.1448124703125 0.847867028125 0.14709237343749998 0.8455649546874999 0.167991484375 0.840577134375 0.1778710625 0.8355893140624999 0.1976302234375 0.8171727437499999 0.2078897875 0.8229279218750001 0.22118922031250002 0.8348219562499999 0.2367685578125 0.8409608140625 0.275 0.8341695125000002 0.275 0.7361886703125 0.273626990625 0.7342981796875 0.2607075390625 0.696314003125 0.2607075390625 0.6878730765625 0.26450737812499997 0.6748280062500001 0.26450737812499997 0.668305471875 0.254247815625 0.6341580812500001 0.24968800781249997 0.6303212968749999 0.24398825156249998 0.628402903125 0.23752852500000002 0.628402903125 0.23486863750000003 0.631856009375 0.2371485421875 0.6402969374999999 0.234108671875 0.6456684375 0.231448784375 0.6468194734375 0.2280289296875 0.6433663656249999 0.223469125 0.63147233125 0.21738938124999999 0.625717153125 0.2056098828125 0.620345653125 0.2034204640625 0.6171875 0.1919431546875 0.6171875 0.17369124062500002 0.637994865625 0.1645716296875 0.6529583296875 0.1467123890625 0.6725259359375 0.14291255 0.6840362921875001 0.141392615625 0.7032202171874999 0.136832809375 0.727391965625
16 1 0.5232592171875 0.9809634953125 0.5044737125000001 0.9456410218750001 0.4767604515625 0.9142432671874999 0.4767604515625 0.8789207953125 0.49061708125000003 0.8426171406249999 0.5084327484375 0.8053323078125001 0.5292176937499999 0.7631415765625 0.5529719171874999 0.7091766859375 0.5410948062500001 0.693477809375 0.5094225078125 0.68268483125 0.4817092484375 0.6640424140625 0.45003695156249995 0.6491533374999999 0.446875 0.6425266281249999 0.446875 0.60615280625 0.45696526562499995 0.561018534375 0.45894478437499997 0.5188278015625001 0.460924303125 0.509375 0.46003728437499997 0.509375 0.5138498765625 0.51195954375 0.5143713046875 0.5315831390625 0.5222893796875 0.568867971875 0.5292176937499999 0.610077525 0.5519821578125 0.6414752781249999 0.5589104734375001 0.6581553359375001 0.574746621875 0.689553090625 0.5737568625 0.7327250015625 0.57177734375 0.7758969140625 0.5678183062500001 0.804351128125 0.5569309546875 0.8210311859375 0.5589104734375001 0.8720525359375 0.5608899921875 0.9112997281249999 0.56385926875 0.9348480437500001 0.5559411953125 0.9250362453125 0.566828546875 0.873033715625 0.6212653078124999 0.8877514124999999 0.6252243453125 0.9377915828125001 0.638091215625 0.9868505750000001 0.6549171234375001 1 0.6588964453124999 1 0.5232592171875
16 1 0.5165876046875 0.9927000906250001 0.508834546875 0.9575668921875 0.478534353125 0.9324717515625001 0.477524346875 0.8903119125 0.48459439218749994 0.8501596875 0.511864565625 0.7778856796875 0.5441847703125 0.7668438171874999 0.5552948421874999 0.71163450625 0.5411547515625 0.6825241421875 0.4886344171875 0.6569878453125 0.4421875 0.6524839250000001 0.4421875 0.62530721875 0.44924416718749993 0.5861587984375001 0.4542942 0.557048434375 0.45833422500000004 0.509375 0.45648930468749993 0.509375 0.5199918343750001 0.5700979078125 0.5350947125000001 0.599208271875 0.550244809375 0.600868703125 0.550781815625 0.5881664093750001 0.550244809375 0.55002179375 0.56337489375 0.5168962078125 0.5754949703125 0.509375 0.5734769249999999 0.509375 0.636903134375 0.568090296875 0.6350853484375 0.631330053125 0.6300353171874999 0.6915583921875 0.6189252468750001 0.7558019546875 0.5967051046874999 0.799969403125 0.5785249890624999 0.8210493234375 0.5674149187499999 0.8300835734374999 0.5623648859375 0.8521672984374999 0.5805450015625 0.8963347468749999 0.5815550078125 0.9144032484375 0.57246495 0.9354831671875001 0.5573148546875 0.8993461640625 0.5977151109375 0.875254828125 0.624985284375 0.92444130625 0.6391253750000001 1 0.662754903125 1 0.5165876046875
16 0.509375 0.7203552796875 0.548481846875 0.7328125 0.7164601218750001 0.7328125 0.8140901609375 0.6959816249999999 0.910949475 0.665057146875 0.94375 0.6575688937499999 0.94375 0.6356730328125 0.8803623234375 0.618670428125 0.79984360625 0.6140625 0.7921908375 0.6140625 0.8378801687500002 0.6272605609374999 0.7274265640625 0.6427228015625 0.6900422671875 0.658185040625 0.664552975 0.6633391203125 0.63736439375 0.6925455734374999 0.6067772421875001 0.6822374124999999 0.5405050796875 0.6444408265625 0.509375 0.62456289375 0.509375 0.7203552796875
16 0.7592571390625 0.9269080734374999 0.78125 0.9355480421875001 0.78125 0.928217140625 0.7306337546874999 0.7946164062500001 0.649216125 0.7375 0.59375 0.7375 0.59375 0.739096075 0.5976192078125 0.74004609375 0.634661234375 0.7979236984375 0.6750707171875 0.8359575515625 0.7222151140624999 0.9302153640625 0.7592571390625 0.9269080734374999
16 0.8640625 0.8213520046875 0.8640625 0.7950815328124999 0.8499458671875001 0.7893290875 0.8054393125000001 0.754451853125 0.7506620125 0.7649150234375 0.6769353609375 0.7515625 0.67517678125 0.7515625 0.730120525 0.791072946875 0.7386794796875 0.8119992875000002 0.76777991875 0.8154870109375001 0.798087375 0.821875 0.858757603125 0.821875 0.8640625 0.8213520046875
16 0.765625 0.865625 0.765625 0.8137152015625 0.7375 0.8184027015625001 0.7375 0.8192110781250002 0.7386876921875001 0.8236979171875 0.74893231875 0.865625 0.765625 0.865625
16 1 0.5832882609375 0.9618489578125 0.6097005203125001 0.9455729171874999 0.6520182296874999 0.9146484375 0.6731770828125001 0.9162760421874999 0.7122395828125001 0.870703125 0.7171223953125001 0.8300130203125 0.7057291671874999 0.8235026046874999 0.7301432296874999 0.8251302078125 0.7333984375 0.8886067703125 0.7447916671875 0.9162760421874999 0.7350260421874999 0.9455729171874999 0.7073567703125001 0.9716145828125 0.7008463546874999 0.9797526046874999 0.6471354171874999 0.9992838546874999 0.6243489578125001 1 0.61790365 1 0.5832882609375
16 1 0.7429850265625 0.9667317703125 0.7513020828125 0.909765625 0.7724609375 0.870703125 0.7936197921875 0.8674479171874999 0.8245442703125001 0.8918619796874999 0.8326822921874999 0.9146484375 0.8245442703125001 0.9472005203125 0.8131510421874999 0.978125 0.796875 1 0.7842105265625 1 0.7429850265625
16 0.9618489578125 0.8668619796874999 0.9732421875 0.8375651046874999 0.9504557296874999 0.8294270828125001 0.9439453125 0.8229166671874999 0.9048828125 0.8391927078125001 0.8690755203125 0.8668619796874999 0.8853515625 0.8961588546874999 0.8853515625 0.9010416671874999 0.8869791671874999 0.8929036453125001 0.9179036453125 0.8684895828125001 0.9618489578125 0.8668619796874999
16 0.6086588546875 0.6243489578125001 0.5988932296875 0.6259765625 0.6037760421875 0.6292317703125001 0.6005208328125 0.6796875 0.6330729171875 0.689453125 0.6526041671875 0.6715494796874999 0.6526041671875 0.6243489578125001 0.6086588546875 0.6243489578125001
5 0.5370442703125 0.8570963546874999 0.519140625 0.8880208328125001 0.5142578125 0.8896484375 0.5663411453125 0.9156901046874999 0.5940104171875 0.9368489578125001 0.616796875 0.9368489578125001 0.665625 0.9319661453125001 0.6639973953125 0.9140625 0.6705078125 0.884765625 0.6477213546875 0.8505859375 0.5956380203125 0.8375651046874999 0.558203125 0.845703125 0.5370442703125 0.8570963546874999