0 0.4979701453125 0.3796875 0.501708984375 0.37314453125 0.503125 0.36748046875 0.503125 0.348655084375 0.475341796875 0.30576171875 0.428466796875 0.222265625 0.406494140625 0.18125 0.384521484375 0.1294921875 0.339111328125 0.04697265625 0.318603515625 0.02353515625 0.290283203125 0.0123046875 0.270263671875 0.011328125 0.254638671875 0.015234375 0.248291015625 0.01474609375 0.247802734375 0.02158203125 0.256591796875 0.0318359375 0.260498046875 0.04404296875 0.261474609375 0.06357421875 0.258056640625 0.0767578125 0.258544921875 0.0884765625 0.287841796875 0.265234375 0.294677734375 0.29404296875 0.303955078125 0.31357421875 0.317138671875 0.34921875 0.322021484375 0.36826171875 0.32597010000000004 0.3796875 0.4979701453125 0.3796875
0 0.46268756250000004 0 0.460986328125 0.021435546875 0.462451171875 0.036083984375 0.467333984375 0.055126953125 0.474169921875 0.070751953125 0.482958984375 0.083935546875 0.493701171875 0.090283203125 0.5141552734375 0.09375 0.5227268875 0.09375 0.533740234375 0.021923828125 0.5351857609375 0 0.46268756250000004 0
0 0.406306009375 0 0.404345703125 0.00888671875 0.389697265625 0.0396484375 0.383349609375 0.05869140625 0.379931640625 0.08798828125 0.381884765625 0.097265625 0.385791015625 0.103125 0.4021484375 0.103125 0.407275390625 0.10166015625 0.409228515625 0.09921875 0.418994140625 0.103125 0.425830078125 0.10263671875 0.431689453125 0.09677734375 0.436572265625 0.07919921875 0.453662109375 0.0796875 0.467333984375 0.08359375 0.476123046875 0.08310546875 0.4890625 0.08634033125 0.4890625 0.0858723953125 0.481005859375 0.0787109375 0.473193359375 0.06650390625 0.462939453125 0.034765625 0.462451171875 0.003515625 0.46328070156249995 0 0.406306009375 0
0 0.7390625 0.0556710375 0.73447265625 0.0546875 0.733291015625 0.0546875 0.67568359375 0.071630859375 0.66689453125 0.148291015625 0.6615234375 0.211767578125 0.6619907921875 0.228125 0.673383946875 0.228125 0.7390625 0.213786725 0.7390625 0.0556710375
12 0.5342741734375 0 0.510498046875 0.20341796875 0.507568359375 0.21611328125 0.508544921875 0.22734375 0.525634765625 0.25517578125 0.526123046875 0.26591796875 0.523193359375 0.2732421875 0.504150390625 0.2966796875 0.501708984375 0.3064453125 0.509033203125 0.33330078125 0.531494140625 0.3591796875 0.526611328125 0.3708984375 0.5264202609375 0.3796875 0.607916415625 0.3796875 0.608154296875 0.37041015625 0.610107421875 0.36552734375 0.628173828125 0.354296875 0.652099609375 0.3318359375 0.643310546875 0.3044921875 0.634521484375 0.2869140625 0.633544921875 0.2751953125 0.636474609375 0.26640625 0.657470703125 0.2458984375 0.661376953125 0.237109375 0.666748046875 0.1541015625 0.674072265625 0.100390625 0.6796875 0.03701869375 0.6796875 0.015673828125 0.673583984375 0.00712890625 0.666455078125 0 0.5342741734375 0
0 0.250537109375 0.278125 0.248583984375 0.2712890625 0.247119140625 0.2712890625 0.235400390625 0.27958984375 0.234423828125 0.2859375 0.249560546875 0.34697265625 0.266162109375 0.3552734375 0.279345703125 0.35576171875 0.286982421875 0.3625 0.2875 0.3625 0.2875 0.3621875 0.280322265625 0.3181640625 0.270556640625 0.276171875 0.265673828125 0.276171875 0.254931640625 0.2810546875 0.250537109375 0.278125
0 0.22333984375 0.186279296875 0.21796875 0.197998046875 0.2169921875 0.211669921875 0.2208984375 0.230224609375 0.2287109375 0.249267578125 0.23994140625 0.259521484375 0.251913175 0.2640625 0.255263671875 0.2640625 0.25751953125 0.262451171875 0.2625 0.252490234375 0.2625 0.228912353125 0.25556640625 0.187744140625 0.24970703125 0.172119140625 0.2462890625 0.167724609375 0.24384765625 0.167724609375 0.2306640625 0.177001953125 0.22333984375 0.186279296875
1 0.7390625 0 0.7390625 0.337070040625 0.74013671875 0.3421875 0.7469050109375 0.3796875 0.8206613468749999 0.3796875 0.8236328125 0.32412109375 0.83095703125 0.271875 0.8453125 0.1260772703125 0.8453125 0.0525634765625 0.84462890625 0.019921875 0.84169921875 0.01162109375 0.8333984375 0.00625 0.7938151046875 0 0.7390625 0
1 1 0.27925415 0.984228515625 0.257568359375 0.934423828125 0.183349609375 0.928076171875 0.175537109375 0.924658203125 0.175537109375 0.868994140625 0.203369140625 0.866552734375 0.250244140625 0.863623046875 0.271728515625 0.864111328125 0.285400390625 0.876318359375 0.311279296875 0.899755859375 0.357177734375 0.9160395203125 0.3796875 0.91796875 0.3796875 0.927099609375 0.377197265625 1 0.3453788640625 1 0.27925415
1 0.7959028765625 0 0.809521484375 0.002880859375 0.832958984375 0.005322265625 0.841748046875 0.010205078125 0.844189453125 0.024853515625 0.845166015625 0.077587890625 0.847119140625 0.094189453125 0.852490234375 0.090283203125 0.860791015625 0.100048828125 0.883740234375 0.103466796875 0.9046158859375 0.109375 0.9212800937499999 0.109375 0.920361328125 0.086865234375 0.913525390625 0.077587890625 0.903271484375 0.052197265625 0.897412109375 0.025830078125 0.897900390625 0.021923828125 0.901806640625 0.017041015625 0.920291809375 0 0.7959028765625 0
11 0.16389117343749998 0.3796875 0.146435546875 0.403955078125 0.140087890625 0.418115234375 0.134228515625 0.424951171875 0.122021484375 0.446435546875 0.123974609375 0.473291015625 0.120556640625 0.491845703125 0.123974609375 0.512353515625 0.125439453125 0.551904296875 0.121533203125 0.616357421875 0.122998046875 0.626123046875 0.128369140625 0.637841796875 0.126416015625 0.652490234375 0.131787109375 0.680810546875 0.133740234375 0.714501953125 0.142529296875 0.749169921875 0.150341796875 0.769189453125 0.158154296875 0.781396484375 0.160461425 0.790625 0.35777669218749997 0.790625 0.350537109375 0.783837890625 0.350048828125 0.777490234375 0.344189453125 0.776513671875 0.339306640625 0.778466796875 0.340283203125 0.768701171875 0.328564453125 0.759423828125 0.315869140625 0.742333984375 0.308056640625 0.728173828125 0.295849609375 0.695458984375 0.284619140625 0.675439453125 0.295849609375 0.531884765625 0.304638671875 0.497705078125 0.324658203125 0.455224609375 0.331005859375 0.445947265625 0.350537109375 0.427392578125 0.356884765625 0.417138671875 0.378857421875 0.397119140625 0.382763671875 0.382958984375 0.38517423906250003 0.3796875 0.16389117343749998 0.3796875
0 0.7390625 0.3796875 0.563232421875 0.3796875 0.581640625 0.3822265625 0.58798828125 0.38564453125 0.60654296875 0.4017578125 0.64267578125 0.44130859375 0.66904296875 0.4818359375 0.6890625 0.5296875 0.694965278125 0.5328125 0.698583984375 0.5328125 0.7095703125 0.52138671875 0.72861328125 0.48671875 0.73349609375 0.4662109375 0.73642578125 0.4349609375 0.7390625 0.4250732421875 0.7390625 0.3796875
0 0.462440146875 0.3796875 0.390625 0.39462890625 0.37109375 0.40390625 0.3603515625 0.4126953125 0.32470703125 0.45517578125 0.31201171875 0.48154296875 0.30712890625 0.49716796875 0.30078125 0.526953125 0.29638671875 0.5953125 0.28955078125 0.63828125 0.28857421875 0.66708984375 0.291015625 0.6841796875 0.31103515625 0.73056640625 0.322265625 0.74521484375 0.359375 0.78037109375 0.3662109375 0.78427734375 0.376953125 0.78671875 0.3830295140625 0.790625 0.5781802765624999 0.790625 0.6640625 0.7134765625 0.6904296875 0.6763671875 0.7041015625 0.6412109375 0.7078125 0.6165838062500001 0.7078125 0.588134765625 0.70654296875 0.5748046875 0.6767578125 0.49326171875 0.64599609375 0.44638671875 0.61474609375 0.41171875 0.5830078125 0.38388671875 0.5522135421875001 0.3796875 0.462440146875 0.3796875
8 0.86953125 0.68515625 0.2609375 0.0140625
8 0.80078125 0.671875 0.1234375 0.003125