0 0.501041859375 0.33017578125 0.475651234375 0.29404296875 0.460514515625 0.27939453125 0.442448109375 0.26572265625 0.411198109375 0.2515625 0.375065296875 0.2447265625 0.333073109375 0.24130859375 0.24469420312499998 0.2291015625 0.20660826562499998 0.2134765625 0.178776234375 0.20908203125 0.139225453125 0.2154296875 0.11920592187500001 0.22568359375 0.10406920312500001 0.23642578125 0.089420765625 0.25400390625 0.083561390625 0.26669921875 0.078190296875 0.27353515625 0.064518421875 0.30673828125 0.049869984374999995 0.36923828125 0.044987171874999995 0.437109375 0.0603822609375 0.51875 0.5005011765625 0.51875 0.501530140625 0.5171875 0.51875 0.46596945625 0.51875 0.37715479375 0.513248890625 0.35947265625 0.501041859375 0.33017578125
0 0 0.3182246765625 0.00576171875 0.32041015625 0.02724609375 0.32431640625 0.04482421875 0.32236328125 0.05849609375 0.31650390625 0.06435546875 0.3091796875 0.0716796875 0.28525390625 0.10146484375 0.24375 0.113671875 0.23203125 0.12880859375 0.2212890625 0.144921875 0.21298828125 0.17080078125 0.20712890625 0.19326171875 0.206640625 0.2083984375 0.19638671875 0.23330078125 0.16416015625 0.24306640625 0.14609375 0.24453125 0.13681640625 0.242578125 0.12412109375 0.2337890625 0.1041015625 0.21083984375 0.07041015625 0.2044921875 0.0689453125 0.14345703125 0.112890625 0.12099609375 0.12314453125 0.10341796875 0.14267578125 0.08193359375 0.1607421875 0.05263671875 0.21640625 0.03896484375 0.23740234375 0.03408203125 0.24033203125 0.031640625 0.24765625 0.027734375 0.25205078125 0.0111328125 0.26376953125 0 0.26740473593749997 0 0.3182246765625
0 0.3119140625 0.241796875 0.39931640625 0.25009765625 0.43740234375 0.26279296875 0.4505859375 0.265234375 0.459375 0.26279296875 0.46181640625 0.25986328125 0.46279296875 0.23740234375 0.459375 0.21787109375 0.45546875 0.210546875 0.44423828125 0.2017578125 0.426171875 0.1822265625 0.414453125 0.175390625 0.402734375 0.17294921875 0.38466796875 0.17294921875 0.2884765625 0.18173828125 0.2611328125 0.18125 0.24892578125 0.1763671875 0.24404296875 0.1763671875 0.2357421875 0.18466796875 0.226953125 0.202734375 0.215234375 0.21103515625 0.219140625 0.218359375 0.2298828125 0.22568359375 0.2474609375 0.2330078125 0.3119140625 0.241796875
0 0.30361328125 0.18466796875 0.3744140625 0.1734375 0.40859375 0.17099609375 0.44033203125 0.1626953125 0.4544921875 0.1568359375 0.4671875 0.1578125 0.46767578125 0.15634765625 0.47353515625 0.155859375 0.4779296875 0.1626953125 0.48916015625 0.16416015625 0.49208984375 0.1607421875 0.49208984375 0.1578125 0.48671875 0.15341796875 0.48671875 0.15048828125 0.5013671875 0.14951171875 0.49892578125 0.140234375 0.4330078125 0.06259765625 0.4017578125 0.02890625 0.39345703125 0.0171875 0.3470703125 0.0171875 0.34462890625 0.0201171875 0.3412109375 0.0201171875 0.33583984375 0.0171875 0.2513671875 0.0171875 0.24404296875 0.02255859375 0.234765625 0.046484375 0.20986328125 0.06845703125 0.23623046875 0.10947265625 0.24501953125 0.1353515625 0.24208984375 0.1548828125 0.24794921875 0.165625 0.25869140625 0.175390625 0.28310546875 0.1841796875 0.30361328125 0.18466796875
0 0.484765625 0.0171875 0.40517578125 0.0171875 0.4095703125 0.0328125 0.42080078125 0.05283203125 0.4271484375 0.058203125 0.4447265625 0.08212890625 0.4515625 0.08798828125 0.4583984375 0.09873046875 0.46328125 0.1021484375 0.469140625 0.11240234375 0.4759765625 0.11826171875 0.48232421875 0.12802734375 0.492578125 0.13779296875 0.5033203125 0.1607421875 0.5140625 0.167578125 0.5169921875 0.171484375 0.51875 0.1722782265625 0.51875 0.026847225000000002 0.51162109375 0.0240234375 0.484765625 0.0171875
0 0.4837890625 0.18857421875 0.4671875 0.19248046875 0.44228515625 0.202734375 0.43935546875 0.21005859375 0.43935546875 0.2193359375 0.4447265625 0.237890625 0.4486328125 0.261328125 0.45205078125 0.26865234375 0.47158203125 0.29111328125 0.4974609375 0.29599609375 0.50185546875 0.30087890625 0.50966796875 0.304296875 0.51875 0.3027998375 0.51875 0.184653228125 0.51162109375 0.1861328125 0.4837890625 0.18857421875
18 0.8164339765624999 0.44816022968749997 0.7924256265625 0.1099556375 0.7830310546875 0.0765527140625 0.7235320984375 0.06820198281249999 0.689085334375 0.0807280796875 0.51875 0.0887627640625 0.51875 0.51875 0.818510146875 0.51875 0.8164339765624999 0.44816022968749997
18 1 0.0796754328125 0.9938870046874999 0.07889505 0.8581876312500001 0.077851209375 0.850880740625 0.08411425624999999 0.8393984859374999 0.19162991406250002 0.84148616875 0.23651509218750003 0.8362669625000001 0.2876633171875 0.832152659375 0.51875 1 0.51875 1 0.0796754328125
5 0.3022392515625 0.5394406843749999 0.305423965625 0.606319665625 0.3404558125 0.70982285 0.34523288281250003 0.740077628125 0.43122014374999995 0.7989948250000001 0.47102906093749997 0.77670183125 0.47580613125 0.7575935515625 0.488544984375 0.741669984375 0.5012838375 0.75281648125 0.5172074046875 0.7368929140625 0.51875 0.729951234375 0.51875 0.70662155 0.514022690625 0.7050457796875 0.5124303343750001 0.697083996875 0.51875 0.6860245828125 0.51875 0.5417877515625 0.4949144109375 0.5219247609375001 0.496078490625 0.51875 0.3078075234375 0.51875 0.307016321875 0.5203324046875 0.3022392515625 0.5394406843749999
5 0.4375895703125 0.8308419593749999 0.42962778593750006 0.8021795375 0.4137042203125 0.7846636140625 0.37867237187499997 0.7623706203125 0.33727109843749997 0.7464470546875 0.22421377343749999 0.7687400484375 0.2098825640625 0.786255971875 0.1637042203125 0.8037718953124999 0.1430035828125 0.8483578828124999 0.17007364687499998 0.8626890921875001 0.236952628125 0.8642814484375 0.24013734062499997 0.8865744421875 0.260837978125 0.8977209390625 0.41211186250000004 0.8961285828125 0.4375895703125 0.8674661625000001 0.4375895703125 0.8308419593749999
5 0.1143411625 0.6047273093750001 0.1095640921875 0.61905851875 0.1191182328125 0.6254279453125 0.1318570859375 0.6509056531249999 0.1302647296875 0.6684215765625 0.15096536562500001 0.6875298562500001 0.15255772343750001 0.70823049375 0.1637042203125 0.719376990625 0.1875895703125 0.719376990625 0.195551353125 0.72893113125 0.2273984875 0.7305234875 0.238544984375 0.7384852703125 0.29427746875 0.7305234875 0.30383160781249996 0.720969346875 0.3165704625 0.719376990625 0.332494028125 0.7018610671875 0.3340863859375 0.6907145703124999 0.3165704625 0.627020303125 0.305423965625 0.541033040625 0.313315875 0.51875 0.15065087500000002 0.51875 0.171666003125 0.57128781875 0.1143411625 0.6047273093750001
15 0.5398946437500001 0.9862602046875001 0.538631946875 0.9589017921874999 0.5352647578124999 0.9104984453125 0.5309664374999999 0.8191970578125 0.5298143796875 0.8053723640625 0.5280862921875 0.7811791515625 0.5257821765624999 0.7132077421874999 0.5229020328125 0.649844565625 0.51875 0.569237925 0.51875 0.9668161156249999 0.5205333046875 0.9892064953125 0.5398946437500001 0.9862602046875001
15 0.5285724468749999 0.719073084375 0.5282990390625 0.722353978125 0.5282990390625 0.72508805625 0.5282990390625 0.7294625796875 0.52802563125 0.7335636953125 0.52802563125 0.7393052578125 0.5277522234375 0.745046821875 0.5288458546875 0.7486011218749999 0.529666078125 0.7693801109375 0.53595445625 0.9257693421875001 0.5556398140625001 0.9230352640625 0.554272775 0.8932338203124999 0.5471641734375 0.8946008593749999 0.54743758125 0.785237759375 0.5460705421875 0.7212603468750001 0.5449769109375 0.6900918640625 0.543336465625 0.6313091984375 0.5386885328125001 0.5435453125 0.536996271875 0.51875 0.5205736609375 0.51875 0.5233777 0.577447871875 0.5285724468749999 0.719073084375
15 0.5450159125 0.63070761875 0.545828953125 0.7179738999999999 0.5463709796875 0.8109314624999999 0.54718401875 0.8930484906249999 0.5661549499999999 0.890609371875 0.5661549499999999 0.86432108125 0.56425785625 0.7605229890625 0.5626317765625 0.6794900125 0.5593796171875 0.5700006390625 0.557704759375 0.51875 0.5413384609375 0.51875 0.5431188203125 0.5675615203125 0.5450159125 0.63070761875
15 0.560745734375 0.6265092328125 0.5648200125 0.7265554 0.5643673140625001 0.7272344453125 0.5639146171875 0.72995063125 0.5639146171875 0.732893165625 0.5643673140625001 0.7367410953125 0.5645936640625 0.740589025 0.5645936640625 0.7464740937500001 0.5648200125 0.749190278125 0.5652727093750001 0.7525855109374999 0.5657254078125 0.7553016953125 0.566404453125 0.7564334406250001 0.5659517562499999 0.7602813703125 0.571384128125 0.8361082156249999 0.5804380796874999 0.935475334375 0.5989986796875 0.9329854984375 0.589944728125 0.8293177515625001 0.584059659375 0.7600550203124999 0.5842860078125 0.7548489984375 0.5849650546875 0.750548371875 0.58473870625 0.7480585343749999 0.5842860078125 0.7430788609375 0.5838333109375 0.737646490625 0.5833806140625 0.7349303046875 0.5833806140625 0.7326668171875 0.5836069625 0.730629678125 0.5836069625 0.7285925390625 0.5831542640625 0.727008096875 0.581796171875 0.7113900296875 0.578400940625 0.6179079796875 0.57405190625 0.51875 0.5576948953125 0.51875 0.5584822468749999 0.5361960640625 0.560745734375 0.6265092328125
15 0.5826672734375 0.6270399453125 0.58679483125 0.7051883546875 0.5870700015625 0.7082152296875 0.5870700015625 0.7115172750000001 0.58679483125 0.7145441499999999 0.5862444890625 0.7178461953124999 0.5859693187499999 0.7208730703125 0.585418978125 0.72555096875 0.5848686375 0.72857784375 0.5845934671874999 0.7313295484375 0.5845934671874999 0.7332557421875 0.584318296875 0.7365577875 0.58376795625 0.7379336390625 0.5840431265625 0.7395846625 0.5848686375 0.742061196875 0.585418978125 0.7459135828125001 0.5870700015625 0.764350003125 0.59284858125 0.8136055140625 0.6063319328125 0.9181702875 0.609633978125 0.9181702875 0.6129360234375001 0.9178951171874999 0.6154125578125 0.9170696062499999 0.6167884109374999 0.915693753125 0.6220166484375 0.9159689234374999 0.620640796875 0.8978076734375 0.6184394328125 0.8812974468749999 0.612660853125 0.8262633562499999 0.6024795468749999 0.741235684375 0.6027547171875 0.7362826171875 0.603580228125 0.7332557421875 0.6038553984374999 0.7305040375 0.603580228125 0.7272019921874999 0.603580228125 0.7247254578125 0.6046809109375 0.7222489234375 0.60495608125 0.7186717078125 0.6057815921875 0.7156448328125 0.605506421875 0.713993809375 0.6046809109375 0.7120676171875 0.6046809109375 0.709866253125 0.60495608125 0.7071145484375 0.60495608125 0.706839378125 0.6011036937500001 0.653456309375 0.596425796875 0.5700796609375 0.5927503390625 0.51875 0.5757530171874999 0.51875 0.57771420625 0.552743921875 0.5826672734375 0.6270399453125
15 0.6060567625 0.7161951734375 0.60798295625 0.769303071875 0.6090836375 0.77095409375 0.6104594890625 0.77398096875 0.6104594890625 0.77700784375 0.61100983125 0.7819609125 0.61100983125 0.7847126171875 0.611560171875 0.7893905140624999 0.6121105124999999 0.7924173890625 0.611560171875 0.7937932421875 0.6118353421875 0.7970952875 0.612660853125 0.7990214796874999 0.6123856828124999 0.8031490375000001 0.6233925015625 0.9349556859374999 0.627795228125 0.981184321875 0.6487081828125 0.9784326171875 0.645956478125 0.9630230718749999 0.6363255125 0.8537804015624999 0.6310972734375 0.8045248890625001 0.6310972734375 0.8009476734375 0.6310972734375 0.7973704578125 0.63137244375 0.7940684124999999 0.63137244375 0.79214221875 0.6310972734375 0.7880146625 0.6299965921874999 0.7841622765625 0.6302717624999999 0.7819609125 0.6305469328125 0.779484378125 0.6288959109375 0.7759071625 0.62834556875 0.7715044343749999 0.62834556875 0.770403753125 0.6272448875000001 0.766276196875 0.6272448875000001 0.7640748328125 0.6211911375 0.669691365625 0.612660853125 0.5458646609375 0.6106233359375 0.51875 0.5951048390625 0.51875 0.6008285234375 0.60062358125 0.6060567625 0.7161951734375
15 0.6287469437500001 0.738732021875 0.6390943015625 0.864142003125 0.6573056515625 0.8616586375 0.6519250249999999 0.819441415625 0.6419915609375 0.6956870125 0.6328858859375 0.5702770312500001 0.628169853125 0.51875 0.610583175 0.51875 0.613846746875 0.5653102999999999 0.6287469437500001 0.738732021875
15 0.6388073484375 0.6480350703125 0.6475074453125 0.7526848125 0.6477560203125 0.7551705531249999 0.64800459375 0.759147740625 0.6485017421875 0.7628763546874999 0.6502417625 0.7678478390625 0.6504903359374999 0.773067896875 0.6504903359374999 0.776796509375 0.6504903359374999 0.7805251234374999 0.6514846328125 0.783010865625 0.652976078125 0.7842537359375 0.6514846328125 0.7882309234375 0.6572018390625 0.8536059390625 0.6671448078125 0.9637243124999999 0.6718677171875 0.9642214609374999 0.6808163890625 0.9639728875 0.6857878734375 0.9619842937499999 0.6763420531250001 0.8662832234375 0.669879125 0.794445278125 0.6681391046875 0.7869880515625 0.66963055 0.782762290625 0.6693819750000001 0.780027975 0.668884828125 0.7758022125 0.6686362531250001 0.7720735999999999 0.6673933828124999 0.7666049671875 0.6663990859375 0.7638706515625 0.6661505109375 0.761384909375 0.6663990859375 0.7579048703125 0.6661505109375 0.7539276828125 0.6659019374999999 0.7524362375 0.6626704718750001 0.727827390625 0.6544675234375 0.6266576890625 0.64462193125 0.51875 0.628309803125 0.51875 0.6318472703125 0.561531246875 0.6388073484375 0.6480350703125
15 0.6581961359374999 0.655740871875 0.6581961359374999 0.6579780390625001 0.6589418593749999 0.6629495234375 0.65968758125 0.6656838390625001 0.65993615625 0.6689153046875 0.6601847296875001 0.6733896406250001 0.6604333046875001 0.674881084375 0.660930453125 0.678858271875 0.6659019374999999 0.73503604375 0.670624846875 0.7869880515625 0.67161914375 0.8155740859374999 0.6748506078125 0.8466458625 0.6865335953125 0.8461487140624999 0.6818106859374999 0.777045084375 0.67559633125 0.6803497171874999 0.6741048859375 0.6587237609375001 0.6663990859375 0.552582575 0.66369556875 0.51875 0.6485097859375 0.51875 0.6584447109375 0.6510179609375 0.6581961359374999 0.655740871875
15 0.6928324906250001 0.9311466515625 0.711948596875 0.9299880984375 0.7029698203125 0.8228220515625001 0.6913843015625 0.667576103125 0.684432990625 0.5760505046875 0.679936571875 0.51875 0.6634938765625 0.51875 0.6821158859375 0.78690694375 0.6928324906250001 0.9311466515625
15 0.731051484375 1 0.7267201328125 0.9401254281250001 0.7183206328125 0.8457034515625 0.70992113125 0.7278208 0.70181126875 0.609648509375 0.695413071875 0.51875 0.67977235625 0.51875 0.6881982843750001 0.63079208125 0.698045975 0.75533640625 0.7049972859375 0.8375935890624999 0.7110796828125 0.9288295468750001 0.706445475 0.9296984609375001 0.711030359375 1 0.731051484375 1
15 0.7503549734375 1 0.746994790625 0.964613084375 0.7412020312500001 0.8817766265625 0.7391745656250001 0.8716392984375 0.7383056515625 0.8586055890625 0.7316439781249999 0.7688178203125 0.72498230625 0.6772922234375 0.7162931671874999 0.5611473984375001 0.71283043125 0.51875 0.6961480515625 0.51875 0.70210090625 0.602275990625 0.7110796828125 0.7291374187499999 0.71803099375 0.8397791218749999 0.7206377359375 0.8615019687500001 0.7212170125 0.874825315625 0.7267201328125 0.9452073421874999 0.7311518921875 1 0.7503549734375 1
15 0.7244030296874999 0.6629418953124999 0.7339610828125 0.800230290625 0.739464203125 0.8659781093750001 0.7591595859375 0.8651091953125001 0.754815015625 0.8289044499999999 0.7478637046875 0.7388270421875001 0.739464203125 0.6415086859375 0.7301957890625 0.5250742234375 0.729716446875 0.51875 0.7134249078125 0.51875 0.715713890625 0.5462177953125 0.7244030296874999 0.6629418953124999
15 0.7423605828125 0.6707621203125 0.7501808078125001 0.7582327859375 0.7710347421875 0.947656015625 0.7811720703125 0.9488145671874999 0.7863855546875 0.9459181875 0.785516640625 0.932594840625 0.77219329375 0.7932789796875 0.770455465625 0.7721354078125 0.7461716765624999 0.51875 0.7298264328124999 0.51875 0.7348299968750001 0.5780779703125 0.7423605828125 0.6707621203125
15 0.76437306875 0.7098632453125 0.7669798109375 0.7284000749999999 0.785516640625 0.8769843515625 0.805212021875 0.8746672484375001 0.8026052796875 0.859026796875 0.7968125203125 0.813843275 0.7866751921875 0.7443301640625 0.7834891749999999 0.718842021875 0.7713243796875 0.5966148015625 0.7648844343750001 0.51875 0.7478446187500001 0.51875 0.7608974125 0.6661279125 0.76437306875 0.7098632453125
15 0.7826202609374999 0.6206547515625 0.7826202609374999 0.6238407703125 0.7826202609374999 0.6284749765625001 0.7826202609374999 0.63513665 0.7817513468749999 0.6412190468750001 0.7846477265625 0.644984340625 0.7889922953124999 0.7173938328125 0.7959436078125 0.8103676203125 0.8141907984375001 0.8109468953125001 0.8095565921875 0.757653509375 0.8005778140625001 0.6493289109375 0.8002881765625001 0.6244200453125 0.7985503484375001 0.617758371875 0.7965228828125 0.58097435 0.792731903125 0.51875 0.7756806359375 0.51875 0.7823306234375 0.6165998203124999 0.7826202609374999 0.6206547515625
15 0.8104255046875 0.6797408968750001 0.8095565921875 0.7599706140625 0.814770075 0.80978834375 0.8104255046875 0.8100779812500001 0.812742609375 0.8720605062500001 0.8286726968749999 0.8735086953125 0.828383059375 0.8034163078125 0.8272245078125 0.6878507593750001 0.8254866796875 0.5719955734375 0.8240579078125 0.51875 0.8081194828125 0.51875 0.808687678125 0.5410043109375 0.8104255046875 0.6797408968750001