17 0.23135111406250003 0.559375 0.23959458437499997 0.45085271718750003 0.25585434218750003 0.3763055609375 0.2578125 0.35052711875 0.2578125 0.327440015625 0.25408616093749997 0.32207930937499996 0.21626211093749997 0.3084948703125 0.1261774453125 0.30086996250000003 0.0809936875 0.2911689703125 0.0754209578125 0.28702823906249997 0.0725199859375 0.263215534375 0.02876929375 0.2501494828125 0.01107785 0.25053986093749997 0 0.2714086875 0 0.28283276874999996 0.000250084375 0.28457829375 0 0.2847102546875 0 0.397757775 0.0008318328125 0.4009256953125 0.0016803937500000001 0.43625691718750004 0.008721028124999999 0.4675754140625 0.0196010515625 0.4793512171875 0.0250142453125 0.5010929203125001 0.0140896203125 0.559375 0.23135111406250003 0.559375
17 0.5 0.378829159375 0.4898835328125 0.374647725 0.461683396875 0.373874590625 0.43799425156250005 0.39121954531249997 0.3364986984375 0.3788075109375 0.3277059234375 0.386056015625 0.29851373125 0.46034588593750003 0.2889594953125 0.50862023125 0.264896628125 0.559375 0.486448525 0.559375 0.5 0.380974753125 0.5 0.378829159375
5 0.9030389875000001 0.448856446875 0.90716619375 0.4461031140625 0.913907078125 0.4575145265625 0.9213313828124999 0.4583947140625 0.920707965625 0.44078111406250003 0.888920459375 0.37820300156250003 0.8490618953125001 0.326312025 0.8078364921875 0.2954835 0.7552429296875001 0.27170859062499997 0.7279626859375 0.246955103125 0.6993522703125 0.2443001640625 0.66383095 0.25527035625 0.650692565625 0.271989390625 0.6509492671875 0.27924205 0.681856653125 0.316953903125 0.6943983015625 0.3430553015625 0.739837596875 0.403419696875 0.7428913343750001 0.430017571875 0.7661777171875 0.431451753125 0.8091366843750001 0.45157876249999995 0.8213116140625001 0.46731921875 0.846124865625 0.48205233593749997 0.8606201015625 0.5036687859375 0.8833697515625 0.5197785703125 0.9086976140624999 0.5265625 0.9312352421875 0.5265625 0.9856731546875 0.5156939640625 0.9728514734375 0.5115208296875 0.9402238656249999 0.5147275062500001 0.9132369953125 0.498262771875 0.9053359562499999 0.4839133609375 0.9030389875000001 0.448856446875
5 1 0.1518024546875 0.9903319171875001 0.1568397265625 0.9708927031249999 0.1745804765625 0.9557273859375 0.193712271875 0.9399519921875001 0.22544748124999997 0.9048840703125001 0.2790678203125 0.844966225 0.31691894375 0.8441361171875 0.3233057953125 0.8783269734375001 0.365625 0.88472193125 0.365625 0.9160588734375 0.326231671875 0.9890517562500001 0.21019138593750003 1 0.2000490546875 1 0.1518024546875
18 1 0.20115576875 0.984492584375 0.21657584531250001 0.93455271875 0.29761672968749997 0.8830493140625 0.364322584375 0.8856996625000001 0.3795234234375 0.8993647906250001 0.40752672187499994 0.9158502859375 0.4256943171875 0.94678100625 0.4342252484375 0.9784318203125 0.43326104687500006 0.994037196875 0.42656238125 1 0.41804138281250003 1 0.32372328125 0.9998946171875 0.32349258281250004 0.9967675374999999 0.2948225203125 0.998684453125 0.28930147812499996 1 0.2891533109375 1 0.20115576875
18 0.587983990625 0.38299200624999996 0.62580228125 0.40707872656250005 0.66299715625 0.41355185156249996 0.69254769375 0.412928221875 0.7235750890625 0.3943504203125 0.7242585125 0.38381919062500003 0.6829097531249999 0.3196653703125 0.67425195 0.313775 0.658389871875 0.3132210046875 0.6054929453125 0.34055528125 0.5856636843749999 0.37711601250000004 0.587983990625 0.38299200624999996
5 0.7990418125 0 0.798084803125 0.0227642109375 0.8148036671875 0.0773653859375 0.8214712093750001 0.08670461093750001 0.842840675 0.093659834375 0.8678972890625 0.085428596875 0.8527786374999999 0.0461985484375 0.8759916796875 0.0455605390625 0.882719225 0.0267549375 0.9051957390624998 0 0.7990418125 0
5 0.66370725625 0.46345465625 0.703942528125 0.46630863749999996 0.7196212484375 0.461682159375 0.7112801515625 0.4348996203125 0.6957714515625 0.41448955156249995 0.6736085468749999 0.414957271875 0.65853990625 0.40698033593750005 0.6224318390625 0.4013730203125 0.5966784625 0.389918471875 0.5501656984375 0.3589052828125 0.5520330171875 0.411663196875 0.5780460281249999 0.43045329218750006 0.6157176328125 0.4503956390625 0.66370725625 0.46345465625
5 0.8393368859375 0.11402676875 0.8097730078125001 0.08443338125 0.75800955625 0.054271621874999995 0.669601303125 0.033178153125 0.6210382734375 0.033758646875 0.595908315625 0.039917696875000006 0.5783860203125 0.0521374046875 0.5601436343749999 0.0738522453125 0.541201321875 0.10563207187500001 0.5453558843749999 0.2230121171875 0.59026093125 0.2086019984375 0.613047253125 0.22574787500000001 0.6407908890625 0.23375357187499998 0.6372871 0.254120503125 0.6464216328125 0.2734800984375 0.6555061546875 0.2615865828125 0.6741519281249999 0.2512687796875 0.7055827125 0.2440880140625 0.7214814625 0.24567810156249997 0.7712913265625 0.2803248078125 0.8130167953124999 0.2954416328125 0.8260685000000001 0.24643339531250003 0.8209978234375 0.16285034062499998 0.8237448484375001 0.1509424484375 0.8462244562500001 0.1295825578125 0.8393368859375 0.11402676875
18 1 0.559375 1 0.5197664984375 0.9813655484375001 0.5161485781249999 0.9416803515625001 0.5288360078125 0.9295921015624999 0.5453847578125 0.930685590625 0.559375 1 0.559375
18 1 0.0856972859375 0.9846592578125 0.10192434531250001 0.95226501875 0.1415646015625 0.9403601296874999 0.163293821875 0.85924618125 0.25876813125 0.818450840625 0.2997706765625 0.829502290625 0.313609228125 0.8455843999999999 0.32037978749999996 0.9074925046875 0.27907980781249997 0.9582624781250001 0.1916520703125 0.973427796875 0.172520275 0.9898266093749999 0.158398665625 1 0.1531840703125 1 0.0856972859375
7 0.5 0.678181321875 0.4764827078125 0.6909301328125 0.43636433906249994 0.7024899046875 0.409533134375 0.719408434375 0.3839073984375 0.7221296640625 0.2466419640625 0.75365985 0.2395691453125 0.7531158421875 0.23781164375000002 0.742529753125 0.2278502125 0.7434698359375 0.2039324046875 0.758195234375 0.18099700000000002 0.7651046921875 0.0963372140625 0.772740878125 0.08595443124999999 0.7857346390625001 0.0851365140625 0.8091329515625001 0.0938920078125 0.834375 0.1269014625 0.834375 0.20487874375 0.8325619015625 0.230925828125 0.8177869937500001 0.2632368328125 0.8064087578125001 0.296059315625 0.8006863375 0.3204390265625 0.793034834375 0.3416574859375 0.7946668609375 0.3726481109375 0.7804854703125 0.4246837 0.7728993875000001 0.5 0.766347453125 0.5 0.678181321875
7 0.5 0.766138290625 0.4846544890625 0.7664950984375001 0.42268225312499996 0.7743122265625 0.4212041484375 0.7963089640625001 0.409987675 0.8128644265625 0.41115934374999996 0.8199218187499999 0.4195525421875 0.82326898125 0.43237780312499996 0.8215538453125 0.44710927656250005 0.826170559375 0.4541371609375 0.8265625 0.49088054375 0.8265625 0.5 0.8259636796875001 0.5 0.766138290625
7 0.30703574218749996 0.559375 0.3148748546875 0.5745194109375 0.31475093125 0.5780646125 0.29942460625 0.5904648531250001 0.2996634453125 0.60392010625 0.2964278359375 0.6153307578125 0.2805066640625 0.6447479546875 0.2757681640625 0.67886438125 0.2698670109375 0.6853777640625001 0.2512645265625 0.690061084375 0.241864140625 0.695238903125 0.21718700468750002 0.7113988843750001 0.21197082812499998 0.718604803125 0.21473551249999998 0.7206659109375 0.251643059375 0.7198077515625 0.2831203765625 0.7119912171875 0.29562859218750004 0.7265625 0.3181435359375 0.7265625 0.341857003125 0.7155847390625001 0.3733433359375 0.6872225546874999 0.4014453484375 0.6745252546875 0.4048454375 0.6786969796875 0.40973039062499994 0.701254228125 0.4162827171875 0.7166880734375 0.418412 0.7166385640625 0.4309488484375 0.7028862578125 0.45517984843750003 0.6994889921875 0.47527621093750005 0.6926455468749999 0.5 0.67918314375 0.5 0.6245450828125 0.4946650765625 0.6248906890625 0.48027384375000004 0.5699651546875 0.47085436718749996 0.559375 0.30703574218749996 0.559375
7 0.4797659796875 1 0.4739217 0.9853166578125 0.465190521875 0.971350403125 0.44284996562499995 0.9612429031249998 0.40416013125 0.9522240156249999 0.3460679265625 0.9301954562500001 0.2786496921875 0.9112175984374999 0.255723303125 0.8975814015625 0.23812800156249997 0.8937397421875 0.2327225578125 0.8860723265624999 0.2319226703125 0.8683793390625001 0.226715509375 0.8550396062499999 0.21022653593750001 0.8398368046875 0.20391304531249999 0.8378582124999999 0.1938772578125 0.840925415625 0.1713541890625 0.8563268468749999 0.14296376718749998 0.8569869703125 0.122941759375 0.8617032953124999 0.11599286875 0.8576140875 0.10608100625000001 0.857136090625 0.0703451265625 0.86505164375 0.055331998437499995 0.8887800203125 0.0469455515625 0.9258151218750001 0.0428176703125 0.9627512046875001 0.040564462499999995 0.9663459140625001 0.02325756875 0.9745414265625 0.0199971765625 0.9866611140625 0.010988109375000001 1 0.4797659796875 1
7 0.5 0.824831975 0.44618923906249996 0.8251402609374999 0.412219875 0.8230962500000001 0.40392581562499996 0.8169129296875 0.4015824828125 0.8027981453125002 0.406386325 0.78710025 0.402375615625 0.7801088703125 0.361919265625 0.7810495468750001 0.3445380171875 0.791372178125 0.339668834375 0.788651540625 0.34701429375 0.7813961109375 0.298750578125 0.7825183203125 0.297132775 0.7882236468749999 0.3041312375 0.7908947734374999 0.301902815625 0.79378044375 0.281171046875 0.798513271875 0.2736768765625 0.8100229390625 0.252771609375 0.8197190453125 0.25475217968749997 0.8239237765624999 0.23520784843749998 0.855550609375 0.234901409375 0.8846047390624999 0.26152531562500003 0.8939041796874999 0.2814639484375 0.9118606249999999 0.3214741625 0.9236826656249999 0.32999128906249997 0.9234846296875 0.36363844218749997 0.9347461578124999 0.37636456093750004 0.9358671812499999 0.401503603125 0.926781096875 0.4506348078125 0.9008424937499999 0.487914134375 0.8893487359375 0.5 0.8878655390624999 0.5 0.824831975
7 0.5 0.8948783718750001 0.5004768640624999 0.88002590625 0.5106868125 0.8633994843749999 0.5144155453125 0.8431941828125 0.52955796875 0.8342390484375001 0.5299788000000001 0.8262254 0.5179338625 0.8269957046874999 0.513568190625 0.8339305156249999 0.5141994390625 0.82191004375 0.5243392499999999 0.8066192265625001 0.5787784140625 0.760541771875 0.604276753125 0.7575799609375 0.6279401046875 0.7387620312500001 0.641533784375 0.733899309375 0.6640625 0.709906396875 0.6640625 0.7073574328125 0.6631460375 0.677941125 0.636794653125 0.64634830625 0.6350803578125 0.6451268171875 0.5876813000000001 0.6481581171874999 0.5758685828125 0.663555921875 0.5510773203125 0.678452615625 0.545589428125 0.7067571546875 0.5369282234375 0.7192911640624999 0.5 0.7570791953125 0.5 0.8948783718750001
7 1 1 1 0.9155730390624999 0.9882929640625001 0.895721578125 0.9406629453124999 0.8375360140625 0.8716197062500001 0.7807198843750001 0.8413234796874999 0.7480482265624999 0.8121608546875001 0.744588765625 0.7969482937500001 0.754879509375 0.7725191109375 0.8136800890625 0.7364601296875 0.8399463671875 0.7176591109375 0.8677711921875 0.663927025 0.9257835296875001 0.5886555812500001 1 0.6244266953125 1 0.7390780234375001 0.891692721875 0.76105235625 0.8796384234375001 0.7653478890625001 0.8740392218749999 0.7630920671875 0.8661967531249999 0.7780240734375 0.8612484421875 0.77837476875 0.8545704031250001 0.7935873265625 0.8442796593749999 0.7967549515625001 0.834759225 0.8147844421875 0.821626084375 0.8201377484375 0.8212837265624999 0.8221831515625 0.8331330203124999 0.832328653125 0.8431331671875 0.8768498062500001 0.8589216328125 0.94201834375 0.9133233140625 0.9976840124999999 0.9962863046875 0.9993188234375001 1 1 1
7 0.942987184375 1 0.978125 0.9653546625 0.978125 0.958912384375 0.9750569953125 0.9482463203125 0.9536380812499999 0.924324790625 0.9313775078125002 0.9164305578124999 0.9188416 0.926550121875 0.9106770531249999 0.9550258406250001 0.899058640625 0.9730734625 0.8711894390625 1 0.942987184375 1
7 0.5 1 0.588911584375 1 0.6444416046875 0.9467986343749999 0.672535078125 0.8944193234375 0.680699621875 0.8659436062499999 0.67907505 0.8460806640625 0.6574457203125 0.8261659578125 0.64018775625 0.8246074078125 0.6398313734375 0.8059944859374999 0.6191896765625 0.79267223125 0.5860822125 0.78813393125 0.5543187656249999 0.8088010062500001 0.5241798906249999 0.8493310234375 0.5093995437500001 0.9021900453124999 0.506529546875 0.9822409390625001 0.5 0.9913401796875 0.5 1
7 0.8705140828125 1 0.871126796875 0.9988576171875 0.9004941468750001 0.9730192875 0.9240058390625 0.9062906484375001 0.9167474046875 0.892112496875 0.9030134484375001 0.899646434375 0.9000505499999999 0.8798690828125 0.8846920234375 0.8675400765625 0.8715191749999999 0.86438915 0.862998246875 0.8742519453125001 0.8562421671875 0.901306465625 0.801581203125 0.9008088171875 0.7765093875 0.9210479421875 0.769958034375 0.9188046734374999 0.7619925234375 0.8926916406250001 0.7364941843749999 0.8956534515625 0.724875771875 0.913701075 0.705367678125 0.92959101875 0.6847373640625001 0.9668506906250001 0.6326886046875 0.9928084359374999 0.6320550296875 1 0.8705140828125 1
7 0.7895722624999999 0.7484977328125 0.774564425 0.7294906875 0.73180243125 0.705602984375 0.7229952562499999 0.6955172468749999 0.701161203125 0.70490033125 0.689893484375 0.7162699124999999 0.6792627031249999 0.740909984375 0.682932678125 0.7726222187499999 0.6945624734375 0.8051565249999999 0.7097105859375 0.8214923546874999 0.707039625 0.846954496875 0.7159870765624999 0.8543690203125 0.768456665625 0.820397625 0.7895722624999999 0.7484977328125
7 0.775893678125 0.6362271015625 0.7771008015625 0.7319907234375 0.789431984375 0.7511689484375 0.787672825 0.7592681875 0.8109153421874999 0.74846390625 0.84979694375 0.7446462 0.8597263390624998 0.73336220625 0.8635953484375 0.7104856890625 0.8426674078125 0.6772149046875 0.8485523624999999 0.6315803796875 0.775893678125 0.6362271015625
7 0.6759491093750001 0.7278106734375 0.6591821171875 0.7169028671875 0.644746771875 0.7377928828125 0.6446937046875 0.8150013843749999 0.655049621875 0.8209947062499999 0.6575916890625 0.8487857062499999 0.664920259375 0.8616282500000001 0.6752761765625 0.8676215718750001 0.689997765625 0.8666800859375 0.710207246875 0.8374340609375001 0.7097105859375 0.8214923546874999 0.6894897234374999 0.8001564531250001 0.6759491093750001 0.7278106734375
7 0.9439764484375001 0.7545966281250001 0.9488274000000001 0.7130216 0.9221253234375 0.688106821875 0.9061355453125 0.687798290625 0.8625375765625 0.705228846875 0.8575463484375 0.74947509375 0.8643839484375 0.7716668906249999 0.8858028609374999 0.795588421875 0.9217329453125 0.8225752875 0.9376525828125001 0.824219428125 0.9423689484375 0.8106065796875 0.939195634375 0.7948360515624999 0.954548471875 0.7818740921874999 0.9439764484375001 0.7545966281250001