12 0.3533624046875 0 0.35865437031249997 0.0396645453125 0.37420711406249996 0.11716629375000001 0.40230508125000003 0.2722222875 0.4038598140625 0.28599362500000003 0.40326356093750004 0.29729369375000003 0.404185665625 0.308818140625 0.40688640625000005 0.3293432703125 0.41197416249999996 0.35208466875 0.41606930000000003 0.357783459375 0.4228775359375 0.36268224843749997 0.42986341406250006 0.3663235296875 0.439562390625 0.369164809375 0.45476315625 0.371875 0.511803575 0.371875 0.58165305625 0.3664337265625 0.63726790625 0.35643123593750003 0.65 0.35296169375 0.65 0.13306538125 0.64152100625 0.115009125 0.6308489515625 0.0868458125 0.62027660625 0.0647019125 0.6012123859375 0.0173672203125 0.5929661937499999 0.0007021062500000001 0.5926866937499999 0 0.3533624046875 0
15 0.1626047828125 0 0.16043958125 0.00896715625 0.1578870515625 0.01252405 0.145236471875 0.015002798437500001 0.1407373203125 0.019597196875 0.126920725 0.0752831484375 0.1176592 0.1316422328125 0.11899497343750001 0.1416541734375 0.1238395171875 0.151604865625 0.1245961078125 0.1689024734375 0.1278201140625 0.1768744015625 0.12762293281249998 0.186411334375 0.1069830359375 0.2886294390625 0.105041121875 0.306977675 0.1071676234375 0.326258421875 0.11184912656249998 0.33771724999999997 0.120421403125 0.3513660953125 0.127222225 0.3690599625 0.137765375 0.390702609375 0.150965709375 0.406277721875 0.1626209625 0.416862178125 0.1730693484375 0.423955359375 0.2038865296875 0.44047737812500004 0.2925505453125 0.4828125 0.3225270765625 0.4828125 0.365991609375 0.48205382343750003 0.3754412984375 0.47411155625 0.37939540625 0.4687740296875 0.37853663437499996 0.44972203593750004 0.3767434015625 0.4404707265625 0.38005028125 0.43263568281250003 0.4187662578125 0.403861178125 0.42472785 0.3942236265625 0.4265625 0.3812361984375 0.4265625 0.3703965796875 0.4260858703125 0.36585032968750003 0.415698346875 0.35549462656249997 0.41203147500000004 0.34853395468750004 0.40923573593749996 0.33930014375 0.4052600828125 0.3055005546875 0.40387333593749997 0.28169103125 0.3998927390625 0.2564214953125 0.36826174843750004 0.092395440625 0.35991608125 0.04387013125 0.35529791093749996 0.02488375625 0.352854978125 0.0173999578125 0.3486722578125 0.0101974078125 0.34099044218749996 0 0.1626047828125 0
18 1 0 0.9023046140625001 0 0.892631453125 0.0363336703125 0.8959475265625001 0.0499955234375 0.9086809703125001 0.057754859375 1 0.0624715640625 1 0
18 0.8763645546875001 0 0.8473646265625 0.0186265296875 0.812026675 0.0655964546875 0.8083995703125 0.078161525 0.7506558921875 0.15087896875 0.724847565625 0.194701196875 0.733729403125 0.2095159609375 0.6956109140625 0.22210674843749997 0.667583296875 0.24532394375000002 0.65 0.33400741875 0.65 0.367370896875 0.6941071890625 0.42222414375 0.6991179921875 0.4234375 0.7051539640625 0.4234375 0.7185077015625 0.4115720171875 0.7610741437499999 0.30498056562500003 0.8666389984375 0.15305150625 0.9130827671875 0.0738960109375 0.9140625 0.0668996015625 0.9140625 0.058351909375 0.8957119625000001 0.05390835625 0.90389458125 0.017702809375 0.8986945734375 0 0.8763645546875001 0
18 0.6968335453125001 0 0.6948917078125 0.0967392671875 0.6899433171875 0.11073787187499999 0.6928361078125 0.14787182968749998 0.7036566093750001 0.176404575 0.7207467859375 0.18950517656250002 0.7355615515625 0.18062333749999998 0.7810207828125 0.11116584375 0.7903563124999999 0.069394528125 0.7981020046875 0 0.6968335453125001 0
18 0.65 0 0.65 0.11519424375000001 0.6532022359375 0.12327253593750001 0.6809188203125001 0.1262822640625 0.6890149078125 0.12181328281249999 0.6954529593750001 0.11051337187500002 0.69801605625 0 0.65 0
18 1 0.0907178703125 0.9910349578125001 0.08467235468749999 0.97228674375 0.064740825 0.933326375 0.05667045625 0.9185677359375 0.06692970781249999 0.8747665390625 0.143218128125 0.88609216875 0.1841475671875 0.9018610609375 0.198681703125 0.9021978109375001 0.2069461671875 0.8861740109374999 0.2200163640625 0.9278330765625 0.22659707031249998 0.97016564375 0.24970670468749998 1 0.25939460468750003 1 0.0907178703125
18 0.8176606062499999 0.4890625 0.8317066265624999 0.4747203625 0.846577515625 0.46721593281249996 0.8577137374999999 0.401916390625 0.8423120031250001 0.3625327375 0.8428475359375 0.34181545625 0.8506629968749999 0.33045942031250003 0.8426534406249999 0.3031918375 0.8460303265625001 0.2506257390625 0.8400716828125001 0.23983095625 0.826241453125 0.239014796875 0.8021215671874999 0.2565539765625 0.762707509375 0.30506968749999996 0.7358585203125 0.357212503125 0.7264107421875 0.396228996875 0.7029082328125 0.428919690625 0.705239771875 0.45227954375 0.719799628125 0.4710020390625 0.7166925671875 0.4890625 0.8176606062499999 0.4890625
18 1 0.2675403515625 0.9897861421874999 0.2571854140625 0.9250221312499999 0.2253319109375 0.917711796875 0.24908463906249997 0.8931429078124999 0.255604534375 0.8971886078125 0.287172725 0.9245941609375 0.31640937812500003 0.9610803359375 0.3314790484375 0.9928473078125 0.298451603125 1 0.2816114125 1 0.2675403515625
18 0.8359043578125 0.34071867031249997 0.8427048796875001 0.37217461093750004 0.854509915625 0.39100935625 0.8752833234375 0.3929222984375 0.8928529078124999 0.383928209375 0.9080044234375 0.3833108328125 0.9125599375 0.359670353125 0.909723271875 0.32391380625 0.893423534375 0.2624915875 0.877093390625 0.2341833453125 0.87195090625 0.20955833125 0.846371765625 0.1912848390625 0.8356892328125 0.199998303125 0.8360821078124999 0.2096401765625 0.844571071875 0.21481306562500002 0.8503309328124999 0.2545895953125 0.8368070484375 0.295151875 0.8359043578125 0.34071867031249997
11 0.594632728125 1 0.59869106875 0.9907980609374999 0.6015625 0.9612830031249999 0.6015625 0.9595904453124999 0.5954096343749999 0.9321285625 0.5805929296875 0.895933684375 0.5658788218749999 0.8738040203124999 0.5471657875 0.8511153218749999 0.53168270625 0.840921765625 0.5129441078125 0.8342876359375 0.4879507875 0.8307936515625001 0.46912254375 0.8412087640625 0.220189415625 0.8846921640625001 0.1986183 0.890709296875 0.1769831 0.8977211031250001 0.147837121875 0.911712 0.121754425 0.9251275 0.09767119375 0.93882251875 0.0738187234375 0.9645934031250001 0.04809495 0.9880954156249999 0.032457621874999995 1 0.594632728125 1
9 0.65 0.708697946875 0.6462400749999999 0.7051370890624999 0.6286293703125 0.6966533671875 0.5939591265625 0.6867884109375 0.5660306875 0.6818804703125 0.5516499421875001 0.68589189375 0.537230678125 0.674843421875 0.30786885625 0.6337466796875 0.2948723296875 0.6319298078125 0.2894891796875 0.6371990640625 0.27981225625 0.6308280921875 0.261688903125 0.6303017734375 0.2494357859375 0.6326033625 0.2431555015625 0.6517980765625 0.24227132343750002 0.6968379953125 0.2390625 0.7466458859375 0.2390625 0.749489834375 0.24301508125 0.7792399484375 0.2489238328125 0.797127746875 0.260920628125 0.7988048609374999 0.27591661875 0.8009012515624999 0.292655753125 0.8072558624999999 0.516765975 0.8335675765625 0.52604206875 0.8328570750000001 0.5282978593750001 0.8291578921875 0.5424863609374999 0.8281304953124999 0.5462289703125001 0.8326682375000001 0.5559699734375 0.8380445328124999 0.5650316515625 0.8383076921875 0.588264353125 0.840625 0.5971566234375 0.840625 0.6082764859374999 0.8403386453125 0.6336542921875 0.8378645765625 0.6491629328124999 0.8320035625 0.65 0.83166434375 0.65 0.708697946875
5 0.65 0.55073036875 0.611415821875 0.5543813375 0.5994161828125 0.5527038234375 0.574538384375 0.5316623984375 0.5370521796875 0.518392878125 0.5076044875 0.521301621875 0.49272043906249996 0.5252426828125001 0.45496524687499995 0.523979165625 0.43304937031249996 0.527439015625 0.4158896796875 0.5275492328125 0.403537596875 0.5313424390625 0.3785703921875 0.5273502875 0.3622184296875 0.5305843234375 0.3524817703125 0.5407649593749999 0.348341065625 0.5502224390625 0.3471361890625 0.561093975 0.34349547187499996 0.5706213515625 0.3377594578125 0.6205029890625 0.34247765625 0.641235253125 0.3481891109375 0.64655005 0.357528621875 0.6503647671875 0.41212309999999996 0.656491446875 0.42581493437500006 0.6553946203125001 0.437231128125 0.6504669453125 0.44932688593750003 0.6506524421875 0.45624993125 0.6606529671875 0.48338399374999996 0.6779952781249999 0.5049668046875 0.6875361046874999 0.51314614375 0.6936977171875001 0.5290815796875 0.696929075 0.5366774750000001 0.6964855062499999 0.546029646875 0.6922729234375 0.5703493265625 0.6906545656249999 0.5899448609375 0.6918885046875 0.6163799796875 0.696587684375 0.6286232796875 0.7023137937499999 0.6381917640625 0.7046875 0.6448477265625 0.7046875 0.65 0.7023002640625 0.65 0.55073036875
0 0.1797212125 0.5549390578125 0.171061265625 0.5562375109375 0.165773053125 0.5600145875 0.167606840625 0.5863654265625 0.1639728359375 0.6114500671875 0.16305037656250002 0.6414301265625 0.154462759375 0.735574821875 0.152610359375 0.7408358500000001 0.1458221921875 0.7444032390624999 0.1445658984375 0.7482421484375 0.14940554374999998 0.7514278 0.1687447546875 0.7566404437500001 0.17436008593750002 0.7634472515625 0.1840393796875 0.7698185546875 0.22048762656249998 0.8070301843750001 0.2349871890625 0.8090571765625001 0.22198086718750001 0.791682609375 0.2135452046875 0.7894996984375 0.203365925 0.7830584984375 0.19591085625 0.773485415625 0.19513516875 0.769864259375 0.20329513124999998 0.7684959109375 0.21429479843750002 0.770033628125 0.2237624703125 0.7718589953125 0.233441765625 0.7782302984375 0.23906975937500002 0.7770098062499999 0.2405361421875 0.6994331765625 0.2466372625 0.6360535265625 0.2490537296875 0.6298677203125 0.2548098875 0.6266578765624999 0.270533703125 0.625343296875 0.280469321875 0.627735896875 0.2845839328125 0.5951911890625 0.28190442656250003 0.589798434375 0.2785006546875 0.587817146875 0.2779812921875 0.5802172875 0.2675263125 0.570224828125 0.23397590468749999 0.5585091531249999 0.1840735359375 0.5500275125 0.1749456453125 0.55075873125 0.1797212125 0.5549390578125
16 0.7631307984375 0.57940045 0.7830810515625 0.5949997140625001 0.76485736875 0.624489815625 0.7801550875000001 0.6248990984375 0.8132647875 0.621069771875 0.81067910625 0.6272491375 0.8173648968749999 0.6316831546875 0.8374853734375 0.634375 0.8435395031249999 0.634375 0.8734375 0.62506688125 0.8734375 0.62427324375 0.8674149 0.5930392125 0.8472146890625 0.582800109375 0.8415980328125 0.588285025 0.8081144515625001 0.5837090671875 0.7568377984375 0.5665433265625001 0.7631307984375 0.57940045
16 0.8436347671875 0.4890625 0.8428475484375 0.4915022515625 0.863528765625 0.5078494265625 0.850690690625 0.520386384375 0.861779059375 0.5453705390625 0.885741209375 0.557052003125 0.894922353125 0.573666521875 0.9068677218750001 0.5802729906249999 0.9178867875 0.5738975749999999 0.9257677484375 0.5691249265625 0.9310819406249999 0.5537032515625 0.9237723125 0.546224109375 0.9244507703125 0.5316751078124999 0.9189601484375001 0.5180344234375001 0.9010599515625 0.507741853125 0.8920017046875 0.4890625 0.8436347671875 0.4890625
16 0.7197115875 0.8492815546875001 0.7248829484375 0.8369228265625 0.734013703125 0.8053493859374999 0.7469063953124999 0.7752183031250001 0.7563039046875 0.75434735625 0.7571966109374999 0.73520393125 0.7465703375 0.7331562406250001 0.74033195625 0.7027049875 0.7265675796875 0.7022600625 0.71210795 0.70030148125 0.7082199734375 0.7179847234375 0.7100725765625 0.7439484890625 0.7099822484375 0.762308353125 0.7092680828125 0.7776230906249999 0.703989596875 0.7922790281250001 0.7128682796875 0.7989567890625 0.7063421171875 0.8075224765625 0.7043256546875 0.8343410921875 0.69674715625 0.8490505 0.690933046875 0.8751924921875001 0.7125426765625 0.871630509375 0.7216545171875 0.85688545625 0.7197115875 0.8492815546875001
16 0.8757386593750001 0.8372404359375001 0.8753269578125 0.8624919312499999 0.8817606765624999 0.9051771500000001 0.8926851109375 0.9329187828125001 0.9042589 0.9326497265625001 0.906310959375 0.9206694765625001 0.9164394296874999 0.9005464437499999 0.9212012015625 0.8805481687500001 0.92348441875 0.864432046875 0.9126460078124999 0.8340877328125 0.9104006140625 0.8165470734374999 0.9131837484374999 0.7897106359375 0.9193717390625 0.771973928125 0.9209597 0.7543441546875 0.9234046593749999 0.718336696875 0.920997521875 0.720687375 0.9201594328125001 0.722236671875 0.8983880578125 0.7456899937499999 0.8914501953125 0.779507178125 0.8711764546874999 0.8036905921875 0.8757386593750001 0.8372404359375001
16 1 0.6785502625 0.9806374546875001 0.6734065203124999 0.9315158718750001 0.692141303125 0.9199254734375 0.7107685078125 0.94982565625 0.7100734203125001 0.9882306390625001 0.7076508109375 1 0.7073772093749999 1 0.6785502625
16 0.7095214703125 0.673589871875 0.7041358578125 0.69054301875 0.6958978109375 0.7029730390625 0.7293645953125 0.6914863437500001 0.726583578125 0.6854317375 0.7866339 0.67868140625 0.7970102156250001 0.6860892578125 0.8204577656250001 0.6595373437500001 0.8259505 0.6402869828125001 0.8117765359375 0.632202509375 0.7888478140624999 0.6312057156249999 0.7891691890625 0.6243140828125 0.7706619515625001 0.6270390390625 0.7535809312499999 0.6320255609375 0.7293142031250001 0.6432983828125 0.7139975765625 0.6597174906250001 0.7095214703125 0.673589871875
16 1 0.75014175 0.9975882109375 0.7533276875 0.9885120765625001 0.7673070015625 0.9821812546875 0.788106659375 0.9716978125000001 0.7829960187499999 0.9506763125 0.7903688640625 0.9261239187499999 0.8077675796874999 0.9466097953125001 0.8118807890624999 0.9676480937499999 0.8205705968749999 1 0.8116743140625001 1 0.75014175
16 1 0.4890625 0.9405180203124999 0.4890625 0.9416378078125 0.49150040781250004 0.9367164046875001 0.49849897500000007 0.9282473124999999 0.49946076250000004 0.9330426781250001 0.51158779375 0.9282284015625001 0.5162891515625 0.92396654375 0.5255671093750001 0.9282262890625 0.5491801953125 0.9350549125000001 0.5505512640625 0.9282430843749999 0.56524285 0.9210573765625 0.571529146875 0.9633146265625001 0.552189034375 0.9668266109375001 0.558991553125 0.9824814109375 0.551743465625 0.9968171203124999 0.539936603125 1 0.5483425859375 1 0.4890625
16 0.7703856359375 0.71500975 0.7664976578125 0.7326929921875001 0.7590977015625 0.7435737125 0.7553525578125 0.7581940046875 0.7459907578125 0.7782992156249999 0.7545312671875 0.7758059562499999 0.7502694078125 0.7850839140625 0.7565624125 0.7979410359375001 0.763836334375 0.806185915625 0.7742504703125 0.7799369859375 0.7795289578125 0.7652810484375 0.7938289562499999 0.754239921875 0.7888382515625001 0.729878921875 0.7948119921875 0.716736634375 0.801142815625 0.6959369765625001 0.7703856359375 0.71500975
16 0.7378536078125 0.6079141546875 0.736158521875 0.6278411359375 0.7260321656250001 0.6150731265625 0.7203440890625 0.6220895203125 0.70066059375 0.617192753125 0.6979677875 0.6256693249999999 0.707827390625 0.6277348421875 0.700603859375 0.6676779203125001 0.7097325 0.668995521875 0.7173109984375 0.6542861156249999 0.734891934375 0.638579278125 0.7590515375 0.6296036671875 0.7632062671875 0.6226229218749999 0.7803776156250001 0.599276534375 0.771677475 0.588770090625 0.7545418374999999 0.6113507390625 0.7495679281250001 0.6030523921875 0.7378536078125 0.6079141546875
16 1 0.574366984375 0.9990406890625 0.5743057203124999 0.990626215625 0.5576733796875 0.9857048125000001 0.5646719484375 0.9735619921875 0.57872255625 0.9676764671875 0.606396021875 0.9508979109375 0.6213193015625 0.93738138125 0.6484052578125 0.92422193125 0.66783384375 0.9546388265625 0.67248109375 0.9790126812500001 0.6589110609375 0.9840769140625 0.6488495453125 1 0.6392066515625 1 0.574366984375
16 0.9690249281250001 0.708862190625 0.9281770953125001 0.7144012171874999 0.92250581875 0.7374802609375 0.9299561687499999 0.7747875000000001 0.9500513671874999 0.7544327703125 0.9690249281250001 0.708862190625
16 1 0.7099289203125 0.9818440890625 0.7131536265625 0.982058340625 0.7085592046875 0.9811488359375 0.711639975 0.9803821640624999 0.7116577968750001 0.9788131140624999 0.7124591796875 0.9780464390624999 0.712477003125 0.9792390671875 0.7136972828125 0.9621584796875 0.7411479015625 0.9901325265625001 0.7489115671875 1 0.7266371781250001 1 0.7099289203125
16 0.7188127468750001 0.8684251218749999 0.743079475 0.8571522999999999 0.7784723921875 0.8372068531250001 0.7871032296875 0.8163537281250001 0.76363888125 0.8268429890625001 0.7332030765625001 0.8390241296875001 0.7257506125 0.8346079359375 0.7228792640625 0.8469131953125 0.7233245609375001 0.8537870062499999 0.7188127468750001 0.8684251218749999
16 0.65 0.6041399890625 0.6557187843750001 0.6121182546874999 0.668323696875 0.6210041109375 0.68285474375 0.621431215625 0.68633313125 0.5961084296875 0.706161575 0.5650512046875 0.6791495375000001 0.569503684375 0.65 0.5793510390625001 0.65 0.6041399890625
16 0.65 0.7829395640625 0.6611988359375001 0.790214153125 0.6900634765625 0.8117254390624999 0.6920442312499999 0.7856725593749999 0.69209885 0.7680784328125 0.681936784375 0.7560761609375 0.6771582140625 0.76001178125 0.6705270421875 0.7379836375 0.656012790625 0.753619184375 0.65 0.7638418671875 0.65 0.7829395640625
16 0.65 0.4890625 0.65 0.5480479578125 0.6543682093750001 0.5425431281249999 0.6679729562500001 0.52998835 0.6626251671875 0.51328471875 0.66923954375 0.519250209375 0.6824872046875 0.5143528015625 0.678939515625 0.5083160203125 0.6820608187499999 0.4906506015625 0.680270053125 0.4890625 0.65 0.4890625
16 0.7920055125000001 0.9248565359375001 0.7682130703125 0.9358123703124999 0.8414068484375001 0.9341108421875 0.8512534546874999 0.9188897656249999 0.8506128187499999 0.8997819875000002 0.8330865031249999 0.8978946999999999 0.8195720859375 0.8920896124999999 0.8251698328125 0.903433084375 0.8197842218750001 0.920386234375 0.7920055125000001 0.9248565359375001