3 0.28374660937499996 0.36875 0.294807296875 0.36875 0.28729282500000003 0.17510620625 0.2984375 0.15875698437500002 0.2984375 0.11373473125 0.2924317578125 0.0667866109375 0.2305861796875 0.061036995312499995 0.1915077515625 0.066539990625 0.19013420781249998 0.0375 0.188277709375 0.0375 0.1618512421875 0.054275890625 0.161614403125 0.055983679687499996 0.180870215625 0.23941347968749999 0.21203920156249997 0.355977971875 0.27566660781249996 0.36323813125000004 0.28374660937499996 0.36875
3 0.3582914265625 0.0770785640625 0.3771343171875 0.075204690625 0.4078125 0.0907438390625 0.4078125 0.0864043625 0.39410461093750004 0.0700667328125 0.38768879843750004 0.043102278125 0.366175284375 0.02453986875 0.3351818625 0.024171767187500002 0.29530427656249997 0.017786546875 0.25817857499999997 0.0171875 0.2515625 0.0171875 0.2515625 0.021074653125000002 0.263119346875 0.065841290625 0.28921321093749996 0.07187210625 0.296123771875 0.1515625 0.30110529375 0.1515625 0.3582914265625 0.0770785640625
1 0 0.409375 0.0578125 0.409375 0.0578125 0.369233471875 0.045468943750000004 0.3631588375 0.027959915624999998 0.3432131171875 0.022611428125 0.3396129796875 0 0.3152267671875 0 0.409375
12 0.409375 0.1526960546875 0.3806575875 0.1051305078125 0.35422865468750003 0.0765625 0.353788584375 0.0765625 0.312545575 0.1266375296875 0.3002125828125 0.150984365625 0.3025256578125 0.3061743328125 0.307805275 0.3828125 0.390767459375 0.3828125 0.409375 0.37998115781249997 0.409375 0.1526960546875
10 0.823611409375 0 0.795356684375 0.02460209375 0.76450965 0.057756334374999996 0.7212781734375 0.06466486875 0.7390327624999999 0.13881605 0.7416223375 0.2024731265625 0.6900817765625 0.1992128859375 0.6590670890625 0.18511579218750002 0.570382490625 0.172354853125 0.5490135859375 0.21206790625 0.5448636875 0.24160173281250003 0.54523161875 0.278680809375 0.556731115625 0.321989884375 0.5648818312499999 0.3541437515625 0.5824687671875 0.381043596875 0.599184871875 0.409375 1 0.409375 1 0.14071170625 0.9981048906249999 0.1413350390625 0.9561682015624999 0.180072109375 0.943984040625 0.1436541421875 0.9249020375000001 0.0950980171875 0.892750928125 0.027187290625 0.8469261375 0 0.823611409375 0
3 0.921875 0.409375 0.921875 0.29102845624999996 0.9051023375 0.2342947890625 0.8680129749999999 0.176195725 0.8471187984374999 0.1734375 0.7700018171874999 0.1734375 0.7561790109375 0.1913718921875 0.7553400421875001 0.2340122859375 0.7359375 0.2590402796875 0.7359375 0.307252859375 0.8092815609375 0.2976063859375 0.857721165625 0.27557876875 0.8576431031249999 0.3233769203125 0.8415079562500001 0.31066029375 0.8131299828125 0.33577453125 0.7837813578125 0.3663911109375 0.77982019375 0.409375 0.921875 0.409375
4 0.5072261984375 0 0.5064321953124999 0.06425733125000001 0.4912782296875 0.10593528593749998 0.48547147187500006 0.13872855625 0.4853498765625 0.17391050937500002 0.4869109734375 0.1964536140625 0.491014690625 0.203125 0.546463675 0.203125 0.5631719000000001 0.19539776874999998 0.6241475671875 0.19913016562500002 0.6424776171875 0.203125 0.74375 0.203125 0.74375 0.1810673328125 0.7352684265625 0.14545801875 0.7366544703125 0.11881484687499999 0.726626428125 0.07509774062499999 0.721062865625 0.0375271078125 0.7073692109375 0 0.5072261984375 0
16 1 0.0554169359375 0.9993426812500001 0.055522871875000004 0.9705145875 0.03351655625 0.939376853125 0.011209596875 0.9280809140624999 0.0220728421875 0.9321998031250001 0.029762501562499998 0.924429325 0.028257678125 0.9235319437499999 0.0113671265625 0.8974993921875001 0.008965171875 0.878996859375 0.0046875 0.8778519375 0.0046875 0.871875 0.01721545625 0.871875 0.019752242187499998 0.8887653499999999 0.032495529687500004 0.908576221875 0.06875 0.946214478125 0.06875 0.9942230125 0.062009953124999996 1 0.06129424375 1 0.0554169359375
11 0.017147028124999998 0.409375 0.02860804375 0.42480615000000005 0.042307875 0.437026815625 0.073668421875 0.4546582015625 0.10180638906249999 0.465625 0.135428615625 0.465625 0.17535538125 0.45187540937500004 0.1956795109375 0.4425938953125 0.2199439796875 0.4356394640625 0.24512099843750002 0.42496706250000005 0.2893715359375 0.4128519046875 0.307039096875 0.415216940625 0.3180560484375 0.41422608906249997 0.3256920640625 0.409375 0.017147028124999998 0.409375
12 0.409375 0.409375 0.2441915796875 0.409375 0.21534586562500002 0.4166361671875 0.19843185000000002 0.426067784375 0.1787960265625 0.4317688171875 0.16461802812499998 0.4385867046875 0.05267465 0.4796474125 0.030807812499999997 0.491040778125 0.0078125 0.5061245718749999 0.0078125 0.63286541875 0.025133431249999998 0.700825675 0.047468625 0.746950709375 0.082150321875 0.8040321640625001 0.1253127890625 0.8838742546875 0.13672048125 0.9015625 0.21652416875 0.9015625 0.269054828125 0.8919660578125 0.366085609375 0.874240215625 0.369268190625 0.8694309984374999 0.383720015625 0.8546359359375 0.3915143390625 0.8410570859375 0.409375 0.8243670578125 0.409375 0.409375
9 0.4725674234375 0.409375 0.47848489218749995 0.430138325 0.504668090625 0.46763714062500006 0.5208767359375 0.470137059375 0.5532940265625 0.4776368234375 0.5719963109374999 0.4926363484375 0.5869581390625 0.55013453125 0.595068746875 0.609375 0.6019484140625 0.609375 0.644311809375 0.578883621875 0.6754822828125 0.5526344515625 0.6984375 0.525018784375 0.6984375 0.5184424125 0.689197290625 0.49888615 0.6473797125 0.409375 0.4725674234375 0.409375
1 0.62894718125 1 0.6116715984375001 0.9770258390625 0.6142815328125 0.9431849953124999 0.633856040625 0.9158520078125001 0.65 0.9128328921875 0.65 0.8968330765625 0.6482106812499999 0.8911221578124999 0.6364659765624999 0.8611860281249999 0.6416858453125001 0.8403608953124999 0.6364659765624999 0.8091231921875 0.6273312046875 0.7557587859374999 0.6090616640625 0.6672519640625 0.5947070234374999 0.5878561390625 0.58296231875 0.52668230625 0.5659977453125 0.468111615625 0.5556230046875 0.4640625 0.41851492500000004 0.4640625 0.409375 0.46651684375 0.409375 0.8362120046874999 0.41201160937500003 0.8442656062499999 0.4381109546875 0.9132488640624998 0.4576854640625 0.9809305515624999 0.4633087609375 1 0.62894718125 1
11 0.8810832906249999 0.409375 0.8723120140624999 0.42184788281249996 0.8450647140624999 0.4192648125 0.8281973390624999 0.417973278125 0.790570115625 0.43605476718749997 0.7750002296874999 0.45026165156250003 0.7607278359375 0.47350928124999997 0.7412654796875 0.47609234999999994 0.729588065625 0.4915907703125 0.7101257078125001 0.5057976546875 0.6789859375 0.5406690968750001 0.6426562046875001 0.57424900625 0.6128139234375001 0.6000797046875 0.5984375 0.608497609375 0.5984375 0.6733756125 0.608921453125 0.73181626875 0.6225540703125001 0.78125 0.636469790625 0.78125 0.6478461671875 0.7653961765625 0.69325833125 0.7227755234375 0.7282905749999999 0.6879040812499999 0.763322815625 0.654324171875 0.789272625 0.6349511484375 0.8100324718749998 0.6207442625 0.816519925 0.5923304953125 0.8372797703125 0.5819982140625 0.8593371093750001 0.5884558890625 0.878799465625 0.576832075 0.8878818984375 0.566499796875 0.9060467640625 0.5277537484375 0.9190216687500001 0.48513309531250004 0.9384840265625 0.44897011718749996 0.9515625 0.4374832546875 0.9515625 0.409375 0.8810832906249999 0.409375
8 1 0.4611151609375 0.9960494624999999 0.459009175 0.960335175 0.457724809375 0.9329266640625 0.453125 0.9297229296874999 0.453125 0.9297229296874999 0.455156071875 0.9207943593749999 0.4795590625 0.906763746875 0.514236996875 0.892733134375 0.5527680328125 0.8659474203125 0.582308496875 0.8404372171875 0.57588665625 0.8187535421875001 0.5848772312499999 0.802171909375 0.62340826875 0.771559665625 0.649095628125 0.7365047890625 0.6796875 0.785253278125 0.6796875 0.7932433375000001 0.6734986171875 0.802171909375 0.6555174671875 0.8187535421875001 0.67092988125 0.8327841546875 0.6606549390625001 0.8429882359375 0.6657924093750001 0.8608453781249998 0.64395815625 0.8787025234375001 0.64395815625 0.906763746875 0.6311144765625001 0.9386515015625001 0.6221239015625001 0.960335175 0.6208395328125 0.96416170625 0.6067114874999999 0.96416170625 0.5925834390625 0.9820188484374999 0.5887303359375 0.9986004812499999 0.5784553921875 1 0.5721138234375001 1 0.4611151609375
4 1 0.582219984375 0.9738802968750001 0.5857974953125 0.9609784609375 0.6039398578124999 0.9609784609375 0.6143069203125 0.9351747890625 0.6233781 0.8887281781249999 0.6363369296875 0.8655048749999998 0.6428163437500001 0.8435717546875001 0.672621653125 0.83454046875 0.6544792906250001 0.8203484484375 0.672621653125 0.811317165625 0.6596628234375 0.7971251453124999 0.6765093015625 0.7713214734375 0.6816928328125 0.7455178015625 0.6791010671875 0.7313257828124999 0.673917534375 0.70294174375 0.7114981390625 0.6784282562499999 0.734824034375 0.6564951359375 0.755558159375 0.6397227484375 0.7724046390625 0.634375 0.7797902750000001 0.634375 0.8096395328125 0.6353076390625001 0.8139486250000001 0.6681067875 0.8151687750000001 0.69907119375 0.8216481906249999 0.7364865171874999 0.8151687750000001 0.779062575 0.8177605406249999 0.8280895515625 0.8268317218749999 0.8771165265625 0.8371987843750001 0.8932788281249999 0.8484375 1 0.8484375 1 0.582219984375
10 0.843639759375 1 0.8440674593749999 0.9936699359375 0.8602756312500001 0.9647327453125001 0.8702498921874999 0.9169234718750001 0.871496675 0.8879862781250001 0.9 0.8879862781250001 0.9 0.8624750171875 0.8864580640625 0.8351444515625002 0.8540417203124999 0.8225630625000001 0.8203785921875 0.8187886468750001 0.7667669453125 0.8087235359375 0.7351685078125 0.8078125 0.7222696328125 0.8078125 0.7044278203125 0.8150142296875 0.6857260828125 0.8301118953125 0.6607904343750001 0.8213049234375 0.6439819578125 0.8261510874999999 0.6333612171875 0.8540165328124999 0.6395951312499999 0.8854700015624999 0.6495693906250001 0.9068583609375 0.6321144343749999 0.9081165 0.6146594796875 0.930762996875 0.60967235 0.9597001890625 0.6233869578125001 0.98863738125 0.632395003125 1 0.843639759375 1
9 1 1 1 0.84697420625 0.975148809375 0.84697420625 0.9391865078125001 0.84325396875 0.8945436515625002 0.8544146828125001 0.90322420625 0.8916170640625001 0.8759424609375 0.887896825 0.8647817453125001 0.918898809375 0.8610615078125001 0.956101190625 0.848765509375 0.9896357312500002 0.8694940484375 1 1 1