2 0.782222440625 0 0.7794729046875 0.0022727484375 0.767189459375 0.025447353125 0.7872179296875 0.12811722187500002 0.8068352593749999 0.14445464218749998 0.8360187015625 0.15625 0.8831801625000001 0.15625 0.9016447937500001 0.1543856515625 0.9301952921875 0.141365715625 0.9630633546875 0.10727968125000001 0.975 0.0756047125 0.975 0.04595755 0.974154640625 0.033005748437499996 0.957872265625 0 0.782222440625 0
2 0.21875 0 0.21875 0.0356935125 0.24771338437499998 0.0338348921875 0.2866952953125 0.041050321875000004 0.3140625 0.0543471984375 0.3140625 0.01427995625 0.28905512031249997 0 0.21875 0
2 0.21875 0.20332201093750002 0.218814078125 0.203306553125 0.2315126078125 0.1927989328125 0.23598314375 0.17635461562500002 0.2617562171875 0.171473509375 0.280879215625 0.15893890625 0.2960567453125 0.1159562203125 0.2939148078125 0.0934718171875 0.29849815 0.08186774218750001 0.3083416609375 0.08770104375 0.31690806718750003 0.1081584640625 0.3281790875 0.10582130468749999 0.33125 0.1074422796875 0.33125 0.079650790625 0.33073329375 0.0765730671875 0.296017796875 0.044862612499999996 0.24240490937499998 0.03536724375 0.21875 0.038942653125 0.21875 0.20332201093750002
2 0.4059458921875 0 0.3916710796875 0.0237654375 0.3894552421875 0.06515452031249999 0.39603146093749997 0.0742529484375 0.40881414843749997 0.07660900625 0.4189003234375 0.09976111875 0.44782775468749997 0.112190609375 0.4940817984375 0.11716714531250001 0.521013915625 0.11227327499999999 0.5413698124999999 0.0982809796875 0.5584006265625 0.0781553953125 0.570184990625 0.037741314062499996 0.5542990703124999 0.038756437500000004 0.53726825625 0.058882025000000004 0.5150279671875 0.060303198437500004 0.493969546875 0.0441979890625 0.495151415625 0.02667160625 0.5097137937499999 0 0.4059458921875 0
2 0.7157451921875 0.0712738234375 0.7272720625 0.08798810781250001 0.70880055625 0.1145515234375 0.7059931203125 0.1305953390625 0.698161084375 0.1358551390625 0.7111286453125001 0.14613159375 0.6939129546875 0.1583367859375 0.6940608546875 0.16467310156249998 0.7296754296875 0.190953253125 0.7872714671875001 0.204723678125 0.8285748609375 0.20208435625 0.8617134453125 0.1904481203125 0.8852095515624999 0.174668721875 0.8911202218749998 0.1552537234375 0.8386227343750001 0.1554354734375 0.8064811437500001 0.141624928125 0.7934026578125 0.1265962359375 0.777293559375 0.0498899703125 0.7643259984374999 0.039613512499999996 0.76410415 0.0301090390625 0.719771471875 0.0392877015625 0.7157451921875 0.0712738234375
2 0.6986061125 0.22308100625 0.6892964078125 0.23319455625000002 0.6816862203125 0.24795883124999998 0.6820929437500001 0.26538370312500004 0.695652103125 0.30100542343750003 0.713607290625 0.320481815625 0.7263160265625 0.319669715625 0.7280525203125 0.3259045203125 0.752066275 0.3323022296875 0.794884309375 0.3263932375 0.8275791968749999 0.2957480515625 0.8412849265624999 0.2694891734375 0.847158621875 0.24849009687499998 0.845975425 0.1977995609375 0.7952144265625 0.20421611562500003 0.7553887015625 0.2020016890625 0.7491822328125 0.20874405468749999 0.7464487484375 0.2279560296875 0.7192208328125 0.220177265625 0.7081006890625 0.2208878515625 0.6986061125 0.22308100625
2 0.8622175875 0.36875 0.860793059375 0.35549689375 0.8455713578124999 0.316808525 0.8185652937499999 0.318534234375 0.8091816390624998 0.3254796265625 0.7743065625 0.33088105625 0.7491848890624999 0.3451778890625 0.7352573109375 0.36193229374999997 0.7314601671875 0.36875 0.8227043015625 0.36875 0.8180119984375 0.3629899640625 0.8226668499999998 0.357933190625 0.8385897437499998 0.3585021453125 0.83881159375 0.3680066203125 0.839506090625 0.36875 0.8622175875 0.36875
2 0.725437409375 0.36875 0.7256887828125 0.3609572890625 0.7151958828125 0.320380303125 0.695652103125 0.30100542343750003 0.6602224046875 0.2826456671875 0.6067279234375 0.30827419843750004 0.6056939531250001 0.332136896875 0.5952393578125 0.361360909375 0.5887113484375 0.36875 0.725437409375 0.36875
2 0.5861076921875 0.36875 0.5966800484375 0.3549230796875 0.6112348750000001 0.29688110624999997 0.62974335625 0.27190176875 0.63702076875 0.24288078125 0.6303336265625 0.22903011874999998 0.6076496390624999 0.21144234375 0.6033632078125001 0.16412299375 0.5808526859375001 0.1483639421875 0.5647003125 0.1327627390625 0.5527347109375 0.1462212171875 0.5397701421875001 0.13566894062499998 0.5011627578125 0.1350719546875 0.45301399218749994 0.1578461203125 0.4319061875 0.1798385703125 0.396292940625 0.22177533437500002 0.389200403125 0.2587167171875 0.40106004687499996 0.289687715625 0.4222293921875 0.3105451625 0.42899048281249996 0.3275639828125 0.45459283125 0.33386018125 0.45470375625 0.3386124171875 0.43374686874999996 0.36875 0.5861076921875 0.36875
2 0.43034707499999997 0.36875 0.44846031249999996 0.3437707046875 0.4162077984375 0.3252079234375 0.358537809375 0.308269340625 0.3608275953125 0.2700484140625 0.330644346875 0.2719771515625 0.28900950625 0.3285766796875 0.2818060421875 0.3607658234375 0.283617 0.36875 0.43034707499999997 0.36875
2 0.6332110265625001 0.011503709375 0.6097149203125 0.027283107812500002 0.6053188921875 0.043428435937499996 0.5881401765625001 0.05721770625 0.5853327421875 0.07326152500000001 0.5568859843749999 0.0814250640625 0.5492388234375 0.0946052609375 0.5226764578124999 0.115339921875 0.5278489578125 0.1324602546875 0.5518996875 0.1404420421875 0.5595468484375 0.1272618484375 0.5823417609374999 0.1496018609375 0.6015527671875001 0.15472002812500002 0.6076866140625 0.21302642187499998 0.620580225 0.22013471718750002 0.6284492359375 0.2164589984375 0.6343599046875 0.197044 0.6574492875 0.1638397296875 0.700267325 0.1579307359375 0.7112025953125001 0.1492997515625 0.70133826875 0.1356521140625 0.7273090375 0.0895721875 0.7172968109375 0.0695882328125 0.7201781953124999 0.056712575 0.7131213046875 0.02702111875 0.6649089171875 0.006305303125 0.6332110265625001 0.011503709375
2 0.6466632453125001 0.2470239453125 0.6420083937500001 0.25208071875 0.6376863171875 0.2713942078125 0.620581553125 0.2883516359375 0.6191038859375 0.293205384375 0.6223550203125 0.2961705203125 0.638203965625 0.293571315625 0.6632516890625 0.2761063265625 0.6970914671874999 0.22635067812499998 0.723949634375 0.21828865 0.724835703125 0.18808963437499998 0.7037772828125 0.1719844234375 0.6939499296875 0.15992086562500002 0.6558237203124999 0.1623571625 0.6343229296875 0.19545991875 0.6300748015625001 0.21794156562500003 0.6447049046875 0.231284665625 0.6466632453125001 0.2470239453125
2 0.38225178125000003 0.09734366562499999 0.36204378125000003 0.117672278125 0.35033336875 0.16125451562499998 0.3584242265625 0.16708326874999999 0.3587200265625 0.1797559046875 0.374716871875 0.1834930171875 0.3781159046875 0.19279446718749998 0.3574642078125 0.194114128125 0.3469356625 0.22016998124999998 0.32310678125000003 0.22169266875 0.303673928125 0.207070025 0.292073109375 0.187187584375 0.2763350890625 0.1945390234375 0.268835825 0.214055534375 0.244526271875 0.1949851921875 0.23820887812500002 0.196975321875 0.25476034687500004 0.224473621875 0.305078975 0.2672650328125 0.32111279531250003 0.272586225 0.35129604375 0.270657490625 0.37021124843750003 0.263103025 0.3884609046875 0.22703513437499998 0.38665046406250003 0.217632171875 0.3992852515625 0.2136519140625 0.4035703546875 0.19275434687499998 0.4130649328125 0.1905611953125 0.4285441296875 0.1721212 0.42758278125000004 0.1309351390625 0.40966457031250003 0.1130428265625 0.40608066249999997 0.09582098125 0.38225178125000003 0.09734366562499999
2 0.28324183124999996 0.36875 0.28164581875 0.35390148125 0.2842807046875 0.3304652953125 0.2956345796875 0.3170482375 0.2846002671875 0.29871603750000003 0.2772361390625 0.30130186718749996 0.2737631546875 0.2888322578125 0.252581928125 0.2901857578125 0.2340355859375 0.26810306875 0.22701655625 0.2854736390625 0.22110677031249998 0.3503665828125 0.21875 0.35471956875 0.21875 0.3668772421875 0.22140016093749998 0.36875 0.28324183124999996 0.36875
2 0.5171193234375 0 0.5138452140625 0.0323516359375 0.506382484375 0.030713256249999998 0.49490535937499996 0.038850050000000004 0.49933880312499995 0.047027773437499996 0.5109145296875 0.043115189062499996 0.511185678125 0.05473176875 0.5143628625 0.0545287453125 0.516505634375 0.05544944843750001 0.5187716578125 0.061650415624999996 0.5325148046875 0.059714587500000006 0.54394263125 0.0494656890625 0.5605178640625 0.0325420984375 0.5732759 0.03384210625 0.565321059375 0.056560612499999996 0.5574401640625 0.0824472796875 0.5889901562500001 0.0709125578125 0.591748290625 0.0527566328125 0.6044323796875 0.050888482812500004 0.5975357140625001 0.0280613703125 0.5885948734374999 0.0085377671875 0.5801180328125 0 0.5171193234375 0
2 0.3257537734375 0 0.3243462890625 0.0021556671875 0.31794350625 0.0459275546875 0.33988799687500004 0.031833746875 0.3463656140625 0.0367079609375 0.3659710171875 0.058722973437500006 0.39010758125 0.0476619734375 0.3876197078125 0.031956534375 0.4029386828125 0.0066521953125 0.40971341250000004 0 0.3257537734375 0
2 0.3539789015625 0.18111649375 0.3546928640625 0.166264078125 0.3430185375 0.16595245 0.335432559375 0.1590338046875 0.3551603265625 0.1408511359375 0.330555415625 0.131847134375 0.3210238625 0.1324562078125 0.337796296875 0.12398103906249999 0.3332149515625 0.10946700000000001 0.31723042968750004 0.10625791250000001 0.315210909375 0.110617475 0.3050631078125 0.0848252296875 0.2922804203125 0.08246917031249999 0.29375852812500003 0.1003543921875 0.2958273546875 0.0981069359375 0.30412818124999996 0.13565111093749999 0.3098178875 0.15220958281250002 0.3020848921875 0.184432565625 0.3176019515625 0.21305459375 0.321074046875 0.18004625937500002 0.333142771875 0.19725473124999998 0.33159159843749997 0.22167929375 0.3507040015625 0.2225732515625 0.36062906875 0.193383078125 0.3754559265625 0.19243562812499998 0.3709238828125 0.1800336953125 0.3539789015625 0.18111649375
0 0.21875 0.5677381015625 0.1808045703125 0.5300139921875 0.1643543703125 0.545096475 0.1309839625 0.5809173703124999 0.10325362499999999 0.6153242828125001 0.10325362499999999 0.6162669390625 0.14884418125 0.648788540625 0.21875 0.6570104296875 0.21875 0.5677381015625
4 0.21875 0.6523867484375 0.19247233749999998 0.65 0.14791343437499999 0.65 0.1469922328125 0.6570562359375 0.1383319875 0.663305284375 0.133039615625 0.6719578140625 0.1272661171875 0.6931084375000001 0.11956812187500002 0.708010015625 0.11090787656250001 0.7176239343749999 0.09936088125 0.7281992468749999 0.08877613437500001 0.7411780375 0.076748015625 0.7474270859375001 0.080597015625 0.7589637921875 0.076748015625 0.7733846703125 0.0753046421875 0.7858827671874999 0.0690500203125 0.8103982640625 0.064238771875 0.8180894000000001 0.066163271875 0.8363558484375 0.0575030234375 0.8474118578125001 0.05605965 0.8608713453124999 0.051248401562500004 0.8700045687500001 0.051248401562500004 0.8748115296875 0.049805028125 0.8805798828124999 0.0522106515625 0.8897131046875 0.01875 0.9443324921875 0.01875 0.9520405359375002 0.0201964453125 0.965625 0.09867945781250001 0.965625 0.15469023125 0.9613368109374999 0.1696050984375 0.9594140281249999 0.172972971875 0.950280803125 0.173454096875 0.9387440999999999 0.18355771875 0.9161513859374999 0.1926990875 0.9084602499999999 0.1926990875 0.8969235453125 0.1975103359375 0.889232409375 0.20857620625 0.887309625 0.21819870156249999 0.8671203937499999 0.21875 0.867146621875 0.21875 0.6523867484375
10 0.21875 0.8653529234375 0.21420178750000002 0.8653529234375 0.20616406406249999 0.8840096390625 0.19528949843750001 0.8849663937500001 0.1886701984375 0.8945339406249999 0.1905614265625 0.9050582437500001 0.17874124687499998 0.9179744312499999 0.17164913906249998 0.9347176375 0.169757909375 0.946677071875 0.16641544531250002 0.975 0.1700939171875 0.975 0.183942125 0.9624635234374999 0.19576230625 0.969639184375 0.20852810000000002 0.9629419015625 0.216565821875 0.9667689203125001 0.21875 0.9661769796874999 0.21875 0.8653529234375
4 0.21875 0.40832098281249996 0.21193977187500002 0.40437849843749996 0.186774246875 0.38391441249999997 0.1799989125 0.38099097187500003 0.1732235796875 0.37368237031249996 0.0921488125 0.37368237031249996 0.10111466875 0.3814782109375 0.10111466875 0.3878123328125 0.0924035234375 0.3999933375 0.08949981093750001 0.41509778124999996 0.093371428125 0.40632745937500003 0.0996628109375 0.40876365937500003 0.0996628109375 0.4165595015625 0.08125 0.44698066562500005 0.08125 0.44813637812499996 0.115633240625 0.4774645203125 0.161608721875 0.4701559171875 0.1780631015625 0.4643090359375 0.1858063421875 0.47502831875 0.17757915 0.48184968125000005 0.1422506234375 0.49256896406250006 0.2104879140625 0.487209321875 0.21875 0.48569691875 0.21875 0.40832098281249996
8 0.21875 0.479683559375 0.048511746875 0.5028086468749999 0.0455073953125 0.5218709453125 0.01875 0.552559075 0.01875 0.562835096875 0.10412510625 0.690625 0.125851371875 0.690625 0.13924311875 0.6666252640625 0.1476552984375 0.65173284375 0.10198917656249999 0.613012553125 0.1807031484375 0.5319977890625001 0.21875 0.56710975 0.21875 0.479683559375
4 0.21875 0.9429932953125 0.23004590781249998 0.9513262250000001 0.2665493234375 0.9734375 0.27073791406250003 0.9734375 0.26684280937500005 0.9500795499999999 0.264348103125 0.9295094031249999 0.4021805609375 0.857825559375 0.42338555468750005 0.8360087390625001 0.43897746093749995 0.8372554140624999 0.4377301078125 0.8478521562499999 0.49448465156250004 0.8291520234374999 0.5350236078125 0.8229186453124999 0.5861650640625 0.8216719687499999 0.5998859421875 0.797361796875 0.6173488781250001 0.78801173125 0.6341881359375 0.7867650546875 0.64354328125 0.7736749625 0.6703613609375 0.7755449750000001 0.6703613609375 0.769311596875 0.6790928296875001 0.769311596875 0.6959320890625 0.7537281531250001 0.700297821875 0.7418847359375 0.71875 0.731954340625 0.71875 0.7098014609375 0.712771346875 0.679550959375 0.6566404828125 0.708847834375 0.6030043234375 0.7157045500000001 0.53377625625 0.74375475 0.462677159375 0.7724282859375 0.43710643281249995 0.77180495 0.410912028125 0.796738459375 0.25312193125000004 0.8871224359374998 0.23690634843749997 0.9002125281249999 0.21875 0.8797977234375001 0.21875 0.9429932953125
4 0.42784122968750005 1 0.3993929515625 0.8190741671874999 0.38992274375 0.7546875 0.36330157500000004 0.7546875 0.26595155468750004 0.7763612921874999 0.2711087109375 0.7859238765625001 0.235008621875 0.7859238765625001 0.234375 0.7859238765625001 0.234375 0.787270565625 0.2420997109375 0.8031365265625 0.24145506718749998 0.82481171875 0.2504800875 0.8649745703124999 0.264662265625 0.9421127468750001 0.27960749375000005 1 0.42784122968750005 1
4 0.21875 0.8615310953125 0.24409953281250002 0.8498404687499999 0.24096980937499998 0.8198186343749999 0.23533630625000002 0.8073095375000001 0.2347103609375 0.794174984375 0.3004345671875 0.7779131578125 0.3423728703125 0.7654040609375 0.37241822343750003 0.7478913234375 0.41498247031249996 0.72162221875 0.43250892499999993 0.7103640312499999 0.46130238749999997 0.7066113015625 0.47882884218750005 0.6997312984375 0.48321045625 0.6884731109375 0.496355296875 0.674713103125 0.5101260828124999 0.6615785515624999 0.510752028125 0.6471930890625 0.5213930890625 0.6384367203125001 0.551438440625 0.6365603562500001 0.5734375 0.6365603562500001 0.5734375 0.6286688765624999 0.517011475 0.517723928125 0.46881372500000007 0.5352366671875 0.3849371171875 0.5227275687499999 0.35739554687499997 0.5283566625 0.332357753125 0.517723928125 0.317961021875 0.5189748390625 0.29417511875 0.5227275687499999 0.277274609375 0.5120948359375 0.2566184296875 0.503963921875 0.23596224999999998 0.50521483125 0.21875 0.5119714953125 0.21875 0.8615310953125
4 0.746489753125 1 0.7602745234375 0.9782818109375 0.76875 0.9651634687499999 0.76875 0.9103510296875001 0.732540990625 0.8677747374999999 0.6996477296875 0.8749251953125 0.6951329671875001 0.8931263609375 0.7073873203125001 0.9100274421875 0.698357796875 0.9288786484374999 0.6686893656249999 0.9210781484375001 0.662884671875 0.9399293546875 0.6577249453125 0.9867323515624999 0.64785190625 1 0.746489753125 1
10 0.55 0.8835111625 0.55 0.8860806234374999 0.58912981875 0.936553284375 0.63319614375 0.9921875 0.63912358125 0.9921875 0.6538796765625 0.9805896796875 0.6570536890625001 0.941586015625 0.6634017156249999 0.9220841828124999 0.6634017156249999 0.8962914375000001 0.6741933578125 0.87364415 0.684375 0.8348771578124999 0.684375 0.7966537375 0.6723573234375 0.775 0.6423289171875 0.775 0.630391984375 0.7868295421875 0.6170611296875 0.7874586328125 0.5992866593749999 0.7943786390625001 0.588495015625 0.8082186484375 0.5834165953125 0.8270913875 0.55 0.8835111625
4 0.5739898125 0.608318865625 0.603060134375 0.6420938046875 0.64792954375 0.685427690625 0.674387203125 0.690625 0.69375 0.690625 0.69375 0.6700357890624999 0.676367903125 0.6217013890625 0.665624521875 0.6044952890624999 0.6175952953125 0.5770929796875001 0.5284884375 0.575818453125 0.5739898125 0.608318865625