2 1 0.076963075 0.9841986859375 0.0722835953125 0.9496164828125 0.069343475 0.9217218953125 0.073361971875 0.9111145453125001 0.07818563437500001 0.8899772046875001 0.10113083125 0.8820990546875 0.11804645 0.8530216750000001 0.14726896875 0.8465661515624999 0.18020396875 0.8468678734375 0.232065671875 0.8656318875 0.2581987296875 0.9056647609375 0.283992975 0.94429821875 0.2977572 0.973476559375 0.3 1 0.3 1 0.076963075
2 0.6930982218749999 0 0.7036084671875 0.034847876562500005 0.7210504312499999 0.0622487875 0.7557873640625 0.0917846515625 0.786418890625 0.1011878984375 0.8516016734375 0.108212115625 0.8980513890624999 0.0944224234375 0.9297651343750001 0.061334415625000006 0.932761428125 0 0.6930982218749999 0
2 0.95998795625 0.3432511421875 0.9579004390625 0.3272007921875 0.9364845859375001 0.30227364843750004 0.8737834375 0.264788196875 0.8271867281249999 0.25331193125 0.80725539375 0.2550424671875 0.776763125 0.269575390625 0.743688646875 0.2972823140625 0.72920024375 0.32053719062499997 0.73019049375 0.33254815312499997 0.8423017875 0.3377698203125 0.95998795625 0.3432511421875
2 0.509375 0.3222635078125 0.6594169296875 0.329251821875 0.6613501484375 0.3120593125 0.653263115625 0.293070678125 0.5999710515625 0.273306009375 0.5759110984375 0.25091456875 0.5504362546875 0.2138335328125 0.5384604328125 0.211946321875 0.509375 0.22847714843750003 0.509375 0.3222635078125
2 0.74237433125 0.2998799515625 0.775456546875 0.27350281718749997 0.7820358546875 0.261844409375 0.7832031765625 0.23398081406250001 0.80157263125 0.1922947234375 0.798742853125 0.162915534375 0.7771800078125001 0.11272243281250001 0.7558415203125 0.1010931625 0.71189665 0.08841098124999999 0.662694521875 0.08611935468750001 0.6043308765625 0.10866013593749999 0.5699111375 0.13364555 0.54891305625 0.180526915625 0.5477457343750001 0.20839051249999999 0.5598840234375 0.23820325312500001 0.583974921875 0.26591384375 0.6173201765625 0.284749471875 0.6492582796875 0.2902252953125 0.6667466625 0.3256049296875 0.6907060421875 0.3307091359375 0.7253722203125 0.3323237390625 0.74237433125 0.2998799515625
2 0.8862302984374999 0.11913095781250001 0.8967448109374999 0.09834985 0.858250609375 0.10852179531249999 0.8090484828125 0.10623016874999999 0.7730978078125 0.096579178125 0.7464169625 0.0807128015625 0.7304749890625001 0.082629146875 0.7305446171875 0.09459723125 0.7745745890625 0.12190707187500001 0.7960678046874999 0.16013208750000002 0.8002737890624999 0.1975519375 0.784517490625 0.231383175 0.816532959375 0.2501568703125 0.8817853703124999 0.269149171875 0.8509991156249999 0.23315017968750001 0.8495687546875 0.2158010109375 0.8548414843749998 0.20807003124999998 0.85191886875 0.1627333921875 0.8610881234375001 0.1392307734375 0.8862302984374999 0.11913095781250001
2 0.9332891812499999 0 0.925837665625 0.07178690625 0.9816887296874999 0.0743882125 1 0.0783941703125 1 0.004588396874999999 0.94511143125 0 0.9332891812499999 0
2 0.509375 0 0.509375 0.029250584375 0.5201751953125 0.039598603125 0.52690923125 0.0545359421875 0.5774875640625 0.06486822656249999 0.598926628125 0.09378473281250001 0.6322099890625 0.101982065625 0.6494353328125 0.0921489328125 0.6746626078125 0.08667677812499999 0.7252099953125001 0.0916899140625 0.7331268265625 0.08142323125 0.7410978125 0.08046505781249999 0.7116490828125001 0.045857790625 0.703430528125 0.0042627703125 0.700817559375 0 0.6341283 0 0.6329595421875001 0.002309959375 0.6037970609375 0.016904817187499997 0.575871528125 0.0156041640625 0.543917953125 0.00746876875 0.531473975 0 0.509375 0
11 0.3193068234375 0.6217529890625 0.3425636359375 0.6234375 0.3610206921875 0.6234375 0.3655892015625 0.6215307671875 0.383182396875 0.5931318640625 0.3859375 0.579531015625 0.3859375 0.5785796140625 0.3699827328125 0.56686055625 0.35920336875 0.5665204890625001 0.345892090625 0.577699828125 0.33392128125 0.6008749109375 0.3191206375 0.615814659375 0.3193068234375 0.6217529890625
11 0.4462712421875 0.62593775 0.43232695625 0.6271801734375 0.4230183765625 0.637865978125 0.45693899375 0.6637284625 0.46503742187499997 0.6400770359375001 0.46194695 0.6337814484375001 0.44949203125 0.6312634625 0.4462712421875 0.62593775
11 0.26229662187499997 0.8892193374999999 0.25978329218749996 0.8859524593749999 0.2542353578125 0.8832981968750001 0.24732837343749997 0.8834344703125 0.24662091562500002 0.8813756375 0.2338494921875 0.8738891953125 0.21113648125 0.86715164375 0.1950139515625 0.8553093624999999 0.1863010953125 0.8542375921875 0.1837133140625 0.8588487921875 0.1820191796875 0.87145715625 0.18440219062500002 0.8756939093749999 0.18477456406249998 0.8875705703125 0.187157578125 0.8918073234375001 0.1928358296875 0.8934917109375 0.2058120203125 0.8921302015624999 0.2187137609375 0.8986467703125001 0.23420328281249997 0.9005521390624999 0.25220613593749996 0.9057243875000001 0.256208834375 0.9052308546875001 0.26073280625 0.9008578265625001 0.26229662187499997 0.8892193374999999
11 0.22320056875 0.9238463078125001 0.22541597656249998 0.9073584484375001 0.2212270921875 0.90191365 0.21238391874999998 0.9018117531249998 0.21219773281249998 0.8958734234375001 0.2077482109375 0.8923683718750001 0.2000034484375 0.8914156875 0.19451138437499998 0.8956696296875 0.19160709843749998 0.8953123749999999 0.1877905859375 0.9017442375 0.1835272515625 0.9041775171875 0.1810697890625 0.9078188421875 0.1807347015625 0.9176366687499999 0.161652140625 0.9497959828125001 0.158971328125 0.9770715437499999 0.166455453125 0.9799639765624999 0.16760973437499999 0.9860213921875001 0.1741257640625 0.9887947421875001 0.19680148749999998 0.9738378031250001 0.22320056875 0.9238463078125001
11 0.14059598125 0.9087555796875 0.13679805 0.9004011562500001 0.1128004390625 0.8885760656249999 0.1096355171875 0.89015855625 0.1069174203125 0.89573963125 0.09781360781250001 0.8975774828125 0.0942577328125 0.9020695968750001 0.09803708125 0.9252103015625 0.10306374375 0.9317440609375 0.12015437031250001 0.9437054281249999 0.1384178578125 0.9469379281249999 0.1440775296875 0.9634086 0.14826641406250002 0.9688533984374998 0.1589154609375 0.9701633390625 0.161652140625 0.9497959828125001 0.156774378125 0.927506065625 0.14059598125 0.9087555796875
11 0.061584676562499996 0.962134278125 0.0351376484375 0.980570925 0.1333993015625 0.9926581125 0.1362956046875 0.9920284828125 0.14579036875 0.9872810078124999 0.14780100937500001 0.9796410999999999 0.13661198593749999 0.9457298843749999 0.12279801875 0.9460024328125 0.10917023749999999 0.9522133140625 0.061584676562499996 0.962134278125
11 0 0.9762486359375 0.034244234375 0.9804610265625 0.0573213421875 0.9645675593749999 0.0706884875 0.9602964265625001 0.07580818125 0.944165821875 0.0709118359375 0.936662190625 0.040565801562499997 0.9427883640625 0.016214525 0.9555673828125 0 0.9572143359374999 0 0.9762486359375
11 0.058736137499999994 0.9174181718749999 0.094928028125 0.9337009984375001 0.09861422343750001 0.9282390109375 0.091409315625 0.9086205453125 0.0938853609375 0.8901929359375 0.089119334375 0.881719428125 0.07621759375 0.8752028609375 0.06253394375 0.8745055359375 0.049930126562499996 0.88774370625 0.048757262499999995 0.896472575 0.058736137499999994 0.9174181718749999
11 0.028259660937499997 0.8732471640625 0.026249021875 0.880887071875 0.013849970312500001 0.8852772906249999 0.013887257812500001 0.9069717781249999 0.01993788125 0.9205328265624999 0.031927396875 0.9338385140625001 0.0516058015625 0.9411886828124999 0.06355802968749999 0.9327998828125 0.067895815625 0.9224885234375 0.055385028125 0.9130623328125 0.0479194859375 0.895383615625 0.051289176562500004 0.8849531703124999 0.0361347390625 0.8732299734375001 0.028259660937499997 0.8732471640625
0 0.509375 0.7367939375000001 0.52245485 0.757731034375 0.5296506765625 0.76552170625 0.5340993609375 0.7758929765625 0.5487887453125 0.78396469375 0.553303421875 0.7843328031250001 0.5729505546875 0.7707569609375 0.602169865625 0.7584015328125 0.6107223796875 0.748650390625 0.6379424171875 0.7308527203125 0.652532046875 0.716424571875 0.6629911374999999 0.7111182625 0.667538809375 0.7064847890625 0.6704909906250001 0.6953971453125 0.6677037890624999 0.6814768796875 0.6759452171875 0.6737350765625 0.682419109375 0.663044565625 0.684375 0.6547783734375 0.684375 0.6348705171875 0.681842515625 0.6300573421875 0.6709992828125 0.625873709375 0.6645646765625 0.6155604796875 0.650279075 0.606476840625 0.644864134375 0.6071351671875 0.638734321875 0.6108147578125 0.624965615625 0.6287193421875 0.615314090625 0.632001803125 0.5907021484375 0.645722753125 0.5852078656249999 0.6508839546875 0.577045784375 0.654122884375 0.572140675 0.6602669890625 0.509375 0.6978764625 0.509375 0.7367939375000001
0 0.6196080375 0.8813618906249999 0.6523624171875 0.8749038828125 0.663893815625 0.8650656765625001 0.6826540359375001 0.858016559375 0.694761259375 0.8436609671875 0.7002751875 0.8279978937500001 0.7014331296874999 0.8029609640625001 0.6931445859375 0.772699453125 0.6877956359375 0.7633546156250001 0.672411021875 0.7478022937500001 0.6518699171875 0.7464024125 0.6355324 0.7473799781249999 0.6059422999999999 0.75574575 0.5682034687499999 0.7728507375 0.558379903125 0.7796386578125001 0.5465107125 0.7804856265625 0.5274127015625 0.7785435046875 0.51794656875 0.78382079375 0.5155702140625 0.79039105 0.5219458890625 0.8322098921875 0.5405018421875 0.8711724249999999 0.5577930328125 0.8911695765625 0.568186134375 0.89586643125 0.5805054578125001 0.8945062421875001 0.6196080375 0.8813618906249999
0 0.7860187171874999 0.7274797265625 0.762332975 0.7136702093749999 0.7604860984374999 0.7152243765625 0.7874759328125001 0.7699423828125 0.7984786234375 0.802624875 0.805005928125 0.8139355171875 0.8074419828125 0.8133642562500001 0.8164909796875 0.8035986046874999 0.8280883687499999 0.783757234375 0.8411555578125001 0.7743742015625 0.8437636546875 0.7702974796875 0.8331718078125 0.758105509375 0.826770196875 0.7427906984374999 0.8185814109375 0.7350290484374999 0.8092276203125 0.7308018828125 0.7860187171874999 0.7274797265625
0 0.718050278125 0.8799848562499999 0.7483293140624999 0.89510185 0.7526318921875 0.8824745531249999 0.7727487984375 0.8578836234375 0.781129271875 0.8516379421875001 0.784266846875 0.8425451265625 0.7943088015624999 0.832750453125 0.8002862140625 0.8220744515625 0.795539796875 0.8192128078125 0.7953080546875 0.8167192734375 0.8009413859375 0.8130541906250001 0.8014245140625 0.8075393906249999 0.7994252390625001 0.8020971453125 0.795082603125 0.7982235765625 0.7938908953125 0.79075748125 0.7677219828125 0.7395159140625001 0.6826572468750001 0.6919959703125 0.6752563828125 0.6927123390625 0.6711588453124999 0.6968325953125 0.640636253125 0.748730990625 0.6654139421874999 0.7475067390625 0.67417855625 0.750751003125 0.6825063890624999 0.760008775 0.695249909375 0.7846394 0.6973882296875 0.7915777671875001 0.699004134375 0.8250346734375 0.6930400750000001 0.8412109640625001 0.6806681125 0.8580746031250002 0.6881750249999999 0.863855934375 0.7000112203125 0.8680105484375 0.718050278125 0.8799848562499999
0 0.509375 0.656189609375 0.511588996875 0.6564908671875 0.51850673125 0.6612892968749999 0.5437612609375 0.6705524046875 0.5595559484375 0.669090640625 0.5842472328125 0.6508668171875 0.585458584375 0.6478310421875 0.583055525 0.6434007218750001 0.5830885203125 0.6383991390625 0.5923488453125 0.604124284375 0.5914085250000001 0.5886498546875 0.539171990625 0.5836757953125 0.509375 0.5830530640625 0.509375 0.656189609375
0 0.7654004046875 1 0.764920528125 0.9986297703125 0.7307615703125 0.9471216703125 0.7281134171874999 0.9346975265624999 0.729543159375 0.9286549953125001 0.7068433187500001 0.8933140125000001 0.69702604375 0.8840997734375 0.6582604859375 0.86873075625 0.6048990078125 0.8837920468749999 0.590064284375 0.8902263687499999 0.5813727265625 0.8984813890625001 0.5766993609375 0.9071190296874999 0.5751109296875 0.9221673078125001 0.5706363109375 0.9383000640624999 0.5699347953125 0.9468216187500001 0.5721791640625 0.9602576875000001 0.5691012921875 0.975349496875 0.5719016609375001 1 0.7654004046875 1
0 0.6662701703125 0.8584954187499999 0.6505548265625001 0.8554543078125001 0.6490653828124999 0.8554978406250001 0.6498399562499999 0.8584755703125001 0.6592070984375 0.868203028125 0.681482740625 0.8775532015625 0.70364604375 0.89640783125 0.7291197296874999 0.940168790625 0.734283284375 0.9475187999999999 0.736765690625 0.947446246875 0.747853246875 0.9221190984375 0.748779446875 0.8945886312500001 0.7399684843750001 0.8908456609375002 0.70908691875 0.8692454734374999 0.685447528125 0.855934665625 0.6662701703125 0.8584954187499999
0 0.509375 1 0.5734418375 1 0.5693660296874999 0.9728414515625001 0.5716363359375001 0.9597734906250001 0.5686833859375 0.933356525 0.5662803265624999 0.9289262046874999 0.561487559375 0.925565853125 0.5550796578125 0.926253203125 0.52114063125 0.9467475624999999 0.509375 0.9525351484375001 0.509375 1