2 0.2890625 0.4890625 0.2890625 0.348820828125 0.26362095 0.3437373453125 0.22626985312499998 0.345845228125 0.193026490625 0.3571353671875 0.1703064140625 0.3697787890625 0.1516155484375 0.39081310625 0.134561421875 0.44445034375 0.1378209375 0.4890625 0.2890625 0.4890625
7 0.2890625 0.02904319375 0.2725218546875 0.03351518125 0.250279046875 0.042914628125 0.21655228750000002 0.06544089374999999 0.20412605468749997 0.0690713578125 0.19367516406250002 0.0765015921875 0.1904250625 0.0840164734375 0.19437575 0.09161600625 0.1946051921875 0.10198224843749999 0.17900125312499998 0.1219111078125 0.17057972187499998 0.165901075 0.1466511546875 0.20663481093749997 0.1450623015625 0.2147840078125 0.15170117031250002 0.2253134234375 0.1745660421875 0.230237028125 0.18065524375 0.2352269015625 0.183083346875 0.26775129999999997 0.20100010156249998 0.327508378125 0.2205363453125 0.339155503125 0.26215835 0.3398204546875 0.2890625 0.3454698953125 0.2890625 0.02904319375
18 0.21964189374999998 0 0.21065097187499998 0.0095919875 0.198175590625 0.0390625 0.21994482187500003 0.0390625 0.25204111406249996 0.03745119375 0.27025471093750003 0.0196608484375 0.2682814140625 0.0131970328125 0.25727576874999997 0 0.21964189374999998 0
18 0.04967508125 0 0.043185600000000005 0.01334035625 0.0706866640625 0.040625 0.07271116718750001 0.040625 0.09434200937500001 0.03223895625 0.1263891375 0.033054824999999996 0.1265272953125 0 0.04967508125 0
10 0 0.3277057375 0.019651390625 0.3679202515625 0.059430210937500005 0.43323320781249997 0.103478653125 0.434190165625 0.115238646875 0.405052871875 0.1201524171875 0.3606118125 0.126636659375 0.3319980078125 0.183320353125 0.366331240625 0.2046875 0.347424315625 0.2046875 0.34421297968750003 0.192342234375 0.296175996875 0.183815090625 0.2370855359375 0.1562584796875 0.22783254687499999 0.147831575 0.2100217796875 0.1706767734375 0.171793003125 0.1758522890625 0.12998981874999999 0.1571458359375 0.10254365781250001 0.1207594890625 0.0848433375 0.06470973437500001 0.083745296875 0.034887440625 0.10535136875 0.0203586984375 0.1334314703125 0.022270724999999998 0.21981679999999998 0.015232359375 0.2831156078125 0 0.31862127500000004 0 0.3277057375
18 0 0.1630424140625 0.0172552875 0.1796875 0.018903615625000002 0.1796875 0.01881621875 0.126680125 0.0359375 0.10719704999999999 0.0359375 0.1045078765625 0.021625815625 0.0744563125 0.0192598953125 0.0640356796875 0 0.0515314328125 0 0.1630424140625
0 0.2890625 0.48558783906249997 0.292674475 0.48411685625 0.3213137890625 0.4671475796875 0.346502021875 0.4562454671875 0.360275625 0.4460818 0.36668899375 0.434022228125 0.3671875 0.43197952656250005 0.3671875 0.41428670937499995 0.36531357187499996 0.40049260468750003 0.359248534375 0.3888305734375 0.3509980921875 0.3790135 0.341137225 0.37145703124999996 0.3314770640625 0.3678985171875 0.328630490625 0.36883741875 0.3238558796875 0.3816535421875 0.320836928125 0.3816116421875 0.3132759859375 0.37571777812499996 0.310343225 0.37616627812500003 0.3110327234375 0.3800894859375 0.30884731875 0.3819344375 0.3009121 0.37962287968749997 0.2965424828125 0.3747517171875 0.2925459453125 0.3748593171875 0.2890625 0.375828434375 0.2890625 0.48558783906249997
4 0.6910627625 0.4890625 0.6735544109375 0.47838086718749995 0.6211142171875 0.45417119218749996 0.61519203125 0.4490338796875 0.59412081875 0.42053060625 0.585065165625 0.41184383437500005 0.578997740625 0.4173039421875 0.5634708625 0.42320349999999995 0.52184079375 0.40338363906249997 0.5151417265625 0.40239378437499995 0.508499321875 0.40743824218749997 0.5000729234375 0.42232357187499997 0.4865590734375 0.42539737187500004 0.47807601406250005 0.4342483875 0.45820307499999996 0.4725382140625 0.452257190625 0.4890625 0.6910627625 0.4890625
4 0.6605663953125 0.4586150921875 0.6499274546875 0.4637671484375 0.6488920109375 0.4664434046875 0.6536642359375 0.470749415625 0.6804593125 0.48326990312499996 0.6898534421875 0.4859375 0.6959427015624999 0.4859375 0.72396195 0.4766171578125 0.734375 0.47020022812500006 0.734375 0.46861884218750005 0.7328192859375 0.464183834375 0.7274720796875 0.459462171875 0.71625935 0.45563750937499997 0.690097109375 0.4410059140625 0.6855255921875 0.4406978640625 0.6605663953125 0.4586150921875
4 0.45360120468750004 0.4890625 0.480471078125 0.4331322703125 0.4863661265625 0.4266913609375 0.4997937875 0.4231271578125 0.5111246140625 0.40477617187500003 0.5147764031250001 0.40270696875 0.5225392453125 0.4040377265625 0.5411405421875 0.4127754515625 0.5615529703125001 0.423250534375 0.5737137640625 0.432469609375 0.6068336343749999 0.4495622609375 0.6265625 0.456736028125 0.6265625 0.4521968625 0.6250913734375001 0.4477773140625 0.6181054125000001 0.44229909999999995 0.6123839328124999 0.44115974375 0.6051394078125 0.4342103265625 0.5515835515624999 0.3693811609375 0.538991821875 0.3577100796875 0.5327827390625 0.3480844046875 0.51093465 0.32372859374999996 0.4962165609375 0.3028146421875 0.47597770156249997 0.28475929375 0.46479569062500004 0.26682965 0.45093947968750003 0.25081970937500003 0.4417397796875 0.244169290625 0.43748587499999997 0.23424461718749998 0.42676313125 0.2217841359375 0.414516153125 0.21207465781249998 0.41083603281250003 0.211126703125 0.40508502812499997 0.21553126250000001 0.4088206171875 0.2310745984375 0.40395981875000003 0.2434003234375 0.4042997953125 0.279606203125 0.4228632140625 0.3538153234375 0.41698575781249997 0.440323009375 0.4192242453125 0.47019557812499996 0.422540090625 0.4890625 0.45360120468750004 0.4890625
1 0.4509875296875 0 0.443266475 0.0103732734375 0.35492693124999997 0.10747734843750001 0.34624197031250004 0.1208914734375 0.344285603125 0.12975154375 0.35043682499999995 0.14190397187499998 0.3866311171875 0.17363390625 0.403304378125 0.194248859375 0.42420440625 0.2132102609375 0.447777440625 0.238813025 0.4606560671875 0.2549724671875 0.47586175312499995 0.2843727390625 0.5018492312499999 0.31514566718750003 0.56069563125 0.37866218125 0.6199434453125 0.4501746125 0.6374514421875 0.46411535 0.6476416 0.4671875 0.653558440625 0.4671875 0.69452816875 0.4347399109375 0.7112628671875 0.42714489999999994 0.7220163265624999 0.4255004015625 0.7300389265625 0.41974129375 0.739154825 0.40877917343750003 0.7707564234375 0.3858174859375 0.7988219484375 0.3598714890625 0.8721186359375 0.302836496875 0.9017072046875001 0.2827005640625 0.9046875 0.2790082109375 0.9046875 0.2741228109375 0.8972821156249999 0.2632340203125 0.8134541562500001 0.17181223437499998 0.8032485390625 0.162294159375 0.772630490625 0.142301003125 0.7561579375 0.125684009375 0.7441683265625 0.1260068046875 0.7287842984374999 0.13843107500000001 0.7196684 0.1493931953125 0.7161582703125 0.1665481828125 0.7089101656250001 0.1852819703125 0.697027915625 0.24047873437499998 0.691132865625 0.24691964687499998 0.6798906125 0.24863889687500002 0.6703166390625 0.245570784375 0.6097712390625001 0.2009466109375 0.5533959453125 0.1486345734375 0.5229219421875 0.12660506093749999 0.5147281640625 0.12282230000000001 0.49342552812499996 0.1044260515625 0.46444623749999997 0.0851894453125 0.45659840156250003 0.0748072203125 0.45507535781249997 0.06899715625 0.45789479375 0.0564800296875 0.46229513125 0.0472462125 0.4770475140625 0.0283719765625 0.48515630000000004 0.02310326875 0.49622617968749994 0.020403215625000002 0.509510990625 0.0103143 0.5200291 0 0.4509875296875 0
8 0.8432399578125 0.3193945609375 0.7946439046875 0.3570411234375 0.7396061546875 0.4037301015625 0.7250261421875 0.423585140625 0.7166859328124999 0.4389608703125 0.7135500796875001 0.4525335484375 0.7171144828125 0.45853501249999995 0.7197886828125 0.45661530937499994 0.72493518125 0.45733901406250005 0.7533678234375001 0.4791771234375 0.7655581390624999 0.4828522875 0.7852527359375 0.4863870046875 0.8063570531250001 0.48366315625 0.8244113890625 0.4875 0.826446478125 0.4875 0.834188765625 0.48494632031249996 0.84940280625 0.45441911093750004 0.858177534375 0.4158121796875 0.8714068749999999 0.39112788125 0.8748320109375001 0.364921425 0.8831993593749999 0.36112392031249996 0.8859375 0.34886760625 0.8859375 0.33686074062500004 0.8818227453125 0.3361553640625 0.871961878125 0.3285988921875 0.871674984375 0.32411053437500004 0.8596299046875 0.309837946875 0.85482815625 0.31107584843749997 0.8432399578125 0.3193945609375
1 0.2890625 0.54141715625 0.2820660359375 0.54432059375 0.2642755140625 0.5562623343750001 0.2524885515625 0.5688079453125 0.24142975781249998 0.5896173390625 0.222470303125 0.605175425 0.2021521640625 0.6278237953125 0.19294164375 0.6414717 0.1696850875 0.7433209359375 0.16690601562500001 0.8018205796875 0.1523031453125 0.8837025468749999 0.146984475 0.9302631765625 0.15177042031250002 1 0.23224478906249998 1 0.23308389531249998 0.9901143687499999 0.240886903125 0.971747821875 0.25001175625 0.9571277078125 0.2572883359375 0.9496690796875 0.274142515625 0.9383558515625001 0.2890625 0.930747203125 0.2890625 0.54141715625
5 0.1764841640625 0.7369262625 0.1798928625 0.7418461921875 0.1909452203125 0.749100796875 0.2025872390625 0.75 0.20707294843750002 0.75 0.2111896765625 0.7481258562499999 0.2140625 0.7423333921874999 0.2140625 0.709424375 0.2039503828125 0.7053609468750001 0.1940729484375 0.705812815625 0.1854316921875 0.7090389046875 0.1764965921875 0.72018508125 0.1747768171875 0.7288048828125 0.1764841640625 0.7369262625
17 1 0.54787929375 0.93090166875 0.5510917171874999 0.9218868203125 0.54756638125 0.9000615875000001 0.560414375 0.7653394812500001 0.5666776859375 0.7317808593749999 0.57744154375 0.721625115625 0.61604329375 0.7162271203125 0.6859793875 0.7164721640625 0.8398012234374999 0.7299240250000001 0.8575832312500001 0.7462371250000001 0.8578125 0.8757473453125 0.8578125 1 0.84499141875 1 0.54787929375
17 0.47347492031250005 0.4890625 0.469280290625 0.5100752453124999 0.47349954375000003 0.5506383203125 0.4874129734375 0.5605099890625 0.497838584375 0.5850067593749999 0.5030785171875 0.5859375 0.5218310078125 0.5859375 0.7029479937499999 0.5688970296875 0.7009334593750001 0.4890625 0.47347492031250005 0.4890625
17 0.7200031578125 0.5992852531249999 0.7164123578125 0.5705262859375 0.4969279484375 0.5846746890625 0.4913370171875 0.5901938703124999 0.389481178125 0.5975588375 0.3839671734375 0.6017596296875001 0.3349968734375 0.8314990921875001 0.32273801562500004 0.8609949218749999 0.354527290625 0.8805540421875 0.39189990625000004 0.915625 0.39203662812499995 0.915625 0.49810211562499995 0.9106939515625001 0.5403761499999999 0.8784878859375 0.6844977437499999 0.869157959375 0.7006551171875001 0.8631475359374999 0.7056175953125 0.8458242468750001 0.7200031578125 0.5992852531249999
17 0.2890625 0.4890625 0.2890625 0.5978440640625 0.2976731171875 0.60416606875 0.3002036921875 0.6046875 0.3295348765625 0.6046875 0.4880228875 0.5926869640625 0.4949346265625 0.5871063796875 0.4922030609375 0.5661963484375 0.47230103281249997 0.5460845828124999 0.46863330156250005 0.51864400625 0.4745143515625 0.4890625 0.2890625 0.4890625