11 0.21826363125 0 0.21814627031249997 0.00024486718749999997 0.23083275468750003 0.007263529687500001 0.2432724140625 0.0346723984375 0.2581794140625 0.0538022609375 0.29086246875 0.068787109375 0.32230036875 0.09113453125 0.34056410625 0.0967264015625 0.34645115625 0.1060882921875 0.36875 0.11870754218749999 0.36875 0.03135925625 0.3650136515625 0.0278803828125 0.32057445625000003 0 0.21826363125 0
9 0.10043934531250001 0.0392173734375 0.082686265625 0.03691625 0.07721794843749999 0.056629654687499996 0.0944373875 0.062086165625 0.1011678765625 0.0790813515625 0.11400925625 0.0914943546875 0.151959771875 0.09426372968749999 0.178887696875 0.11172716406250001 0.2298574734375 0.125857746875 0.294793171875 0.1296875 0.3060475265625 0.1296875 0.3140625 0.0822953546875 0.3140625 0.08080628281249999 0.25275206093749997 0.053585620312500006 0.2087366140625 0.04250615 0.16207595156250001 0.0407574875 0.1339258484375 0.0242104875 0.11859414374999999 0.0265226296875 0.10043934531250001 0.0392173734375
9 0.36875 0.1338540203125 0.3178608734375 0.13469229062500002 0.25833584374999996 0.126976759375 0.23811542968750002 0.1329546453125 0.210361075 0.151929078125 0.2009623875 0.1507108375 0.19171859687499998 0.1548869359375 0.18871761874999998 0.16632133124999998 0.1918275328125 0.1731735515625 0.2074920140625 0.17520395312499998 0.2224219953125 0.1878876765625 0.24224068906250001 0.196905659375 0.355846446875 0.1984375 0.36293303125 0.1984375 0.36875 0.1970303171875 0.36875 0.1338540203125
11 0.006313396875 0.216729825 0.0102897296875 0.22476919999999997 0.0224655546875 0.2284971140625 0.0217310546875 0.23915043749999998 0.0285075046875 0.243253346875 0.045985321875 0.24375 0.0499367515625 0.24375 0.06510392499999999 0.23509867812500002 0.0827480671875 0.2191131859375 0.09386258125 0.17863457968750002 0.121416071875 0.167158075 0.1453489890625 0.1455386109375 0.153594440625 0.1283348765625 0.1578125 0.10339369843749999 0.1578125 0.101654884375 0.153887228125 0.09505239531250001 0.11913459374999999 0.09375 0.11887223124999999 0.09375 0.1026706296875 0.1013120203125 0.053559634375 0.151913528125 0.043225584375 0.16884654062499999 0.017026190625 0.191247084375 0.008270078125 0.20516006875 0.006313396875 0.216729825
9 0.09036840625 0.2568846953125 0.0972997578125 0.2663819453125 0.10981994531249999 0.271875 0.1137616703125 0.271875 0.1345617328125 0.2669123671875 0.1484375 0.21627685156249998 0.1484375 0.21539947499999998 0.1458141375 0.1877569375 0.1310620375 0.1740214171875 0.11906409375 0.1692417078125 0.09535501874999999 0.1769171046875 0.0849750046875 0.20674239062500002 0.09036840625 0.2568846953125
9 0.1284692859375 0.24952274375 0.12539936093749998 0.28029555156249997 0.11542106875 0.2951249734375 0.1132865078125 0.3077465265625 0.12098032656249999 0.3359375 0.1339036453125 0.3359375 0.1395029125 0.3294171453125 0.1557240171875 0.3218460234375 0.1655703921875 0.295176125 0.1797258796875 0.2808881453125 0.1992177640625 0.23504628125 0.2 0.228133128125 0.2 0.2125057984375 0.1968883125 0.20464846718750002 0.1848673890625 0.20631489531249997 0.17618021875 0.20088946875000002 0.14656111249999998 0.2056491125 0.14018041406249998 0.2370676359375 0.1284692859375 0.24952274375
9 0.1885124765625 0.261670484375 0.1736224890625 0.28661178593750003 0.1718436890625 0.297129746875 0.15995468125 0.3106366515625 0.15870952031250002 0.3179992234375 0.1635254703125 0.3234375 0.1732217328125 0.3234375 0.1831071328125 0.312562778125 0.1980830765625 0.312354228125 0.22197002968750001 0.3036270359375 0.2654807875 0.2608984546875 0.285902065625 0.24742263750000001 0.296875 0.22521868125000002 0.296875 0.2193457125 0.2905499265625 0.2136298015625 0.2893737109375 0.2016539640625 0.27093209375 0.1971138875 0.2554225109375 0.20047782656250002 0.2379332671875 0.2218576578125 0.1885124765625 0.261670484375
11 0.2324063109375 0.3890625 0.272499803125 0.3841781390625 0.2861216484375 0.37304554843750004 0.28736680937500003 0.365682975 0.28199041406249997 0.35961183281250003 0.283792196875 0.34264773437499996 0.27668296875 0.3342022796875 0.2639735015625 0.3336297546875 0.208889503125 0.3501366203125 0.199112075 0.35746810625 0.1670945734375 0.35116835 0.145651975 0.3580626703125 0.1293849125 0.37852606718750004 0.11611882656250001 0.38755506562500003 0.1168644140625 0.3890625 0.2324063109375 0.3890625
11 0.0959943203125 0.3890625 0.03212478125 0.32670637187499996 0.0038197796875 0.3047650328125 0.009901721875 0.3571462890625 0.040751356249999995 0.3890625 0.0959943203125 0.3890625
9 0.10565638749999999 0.29180585312499996 0.0843746609375 0.25357721718750004 0.06875614218750001 0.23865454062499997 0.061446051562500006 0.23770701875000003 0.0462692484375 0.2454135015625 0.0358262609375 0.24405990000000002 0.0317580015625 0.26180507343750004 0.0395098078125 0.28538175468750004 0.061325174999999996 0.3204550046875 0.07105664218749999 0.3260157890625 0.0796748671875 0.3507796265625 0.0932047859375 0.3654315828125 0.0946969953125 0.365625 0.1022662421875 0.365625 0.10698153125000001 0.3596933328125 0.11324732343749999 0.36050549374999996 0.12618063125 0.3471339484375 0.1263814921875 0.339636015625 0.1199608015625 0.3334295140625 0.10565638749999999 0.29180585312499996
9 0.2030393984375 0.31317611562500003 0.1823083203125 0.31586325312499997 0.1786188046875 0.3250586984375 0.1402665671875 0.3372851890625 0.13657704843750001 0.346480634375 0.1398648453125 0.35228105625 0.15555230625 0.34786532187499997 0.1843148046875 0.353125 0.20208447187499998 0.353125 0.25938556562500004 0.3333778390625 0.28447171718750003 0.3301803484375 0.2953125 0.3228781875 0.2953125 0.318610696875 0.2922065125 0.3096858671875 0.295207490625 0.29825146875 0.28878680156250003 0.29204496562500004 0.2872548265625 0.2821727203125 0.2559028828125 0.2845580515625 0.2030393984375 0.31317611562500003
5 0.6302213515625 0 0.61489170625 0.038738575 0.6024146453125001 0.0465639203125 0.594943971875 0.058372179687500005 0.583921653125 0.0625441140625 0.563229259375 0.0761010328125 0.5407567203125 0.0838639375 0.522845371875 0.08712540468749999 0.52005568125 0.09346915781250001 0.530676034375 0.10057135312500001 0.5416730421875 0.112687740625 0.5497858796874999 0.11582262968749998 0.5828614812499999 0.1072585234375 0.595518221875 0.097988578125 0.6011834406250001 0.096674628125 0.6016206109375 0.12935069999999999 0.60878441875 0.172285234375 0.61557959375 0.18601385937499998 0.621621465625 0.1897141 0.62606349375 0.21431914062500002 0.6324307703125001 0.227466803125 0.6516690484375001 0.245706709375 0.66658570625 0.2665219203125 0.6811596703125 0.2699863140625 0.6985233281250001 0.267106953125 0.716058021875 0.258831296875 0.7374178921875 0.24392920468749998 0.7514867703125001 0.2393907765625 0.76087466875 0.2403168546875 0.769963096875 0.2436506 0.776372975 0.2484133375 0.7921966859375 0.26595724062500004 0.7963645578125 0.276681628125 0.7993259109374999 0.2930849859375 0.8020131078125001 0.29560769374999996 0.808230484375 0.296875 0.8194069687500001 0.296875 0.8271814921875 0.2943191921875 0.8436121609375 0.2828560453125 0.8569017953125 0.25643414062500003 0.8634394828125 0.23604209375 0.8777732468749999 0.213289209375 0.878125 0.21143931562499998 0.878125 0.203139903125 0.8733997562500001 0.19215433125 0.8690948015625001 0.17448962031249998 0.8625564953125 0.16673825312499999 0.8405285218749998 0.154842103125 0.8315425890625001 0.142641896875 0.8203745484375 0.13592180625 0.79948455625 0.11487651875 0.7892322093749999 0.10883681875 0.78134165625 0.095872403125 0.7799208734375 0.0871891890625 0.7688639734375 0.075554334375 0.7594668062500001 0.042533146875 0.7573952109375 0.0149550875 0.75441089375 0 0.6302213515625 0
7 0.4043856265625 0 0.421482478125 0.021789665625 0.445359134375 0.0429499921875 0.4563647875 0.0590180765625 0.480558203125 0.085674128125 0.48733608906250003 0.0914993609375 0.498375696875 0.0952308234375 0.5277459109375 0.09233008125 0.53675715625 0.088241965625 0.5529655390625 0.08660835 0.56410764375 0.08147335 0.572271734375 0.08017500625 0.60349000625 0.0583950296875 0.6158299859375 0.043629357812500005 0.6243873921875001 0.0271051890625 0.6360280390625 0 0.4043856265625 0
5 0.36875 0 0.36875 0.14965342343750002 0.3781158953125 0.1515625 0.3941737890625 0.1515625 0.4156856109375 0.14638315156249998 0.474981746875 0.1160078515625 0.4858070921875 0.105377121875 0.4859375 0.1043286703125 0.4859375 0.08983758593749999 0.462246571875 0.0615691125 0.4486735109375 0.042015253125 0.4260719125 0.018646115625 0.414074825 0 0.36875 0
7 0.36875 0.3890625 0.49105082656250004 0.3890625 0.48177935625 0.373566340625 0.47826166875 0.3535933875 0.46838535312499996 0.32442446875000003 0.44489337031250004 0.28408661875 0.43719114374999996 0.2736292984375 0.398432409375 0.24746055 0.3777480359375 0.2368257515625 0.36875 0.23440884374999998 0.36875 0.3890625
5 0.6540656421875 0.3890625 0.671875 0.38211745937499997 0.671875 0.38164501875 0.6539672296875001 0.3551115125 0.6487978296875 0.3323331796875 0.6479673390625 0.31488293437500003 0.6545988765625 0.2816727296875 0.6571489921875 0.27725510937500003 0.66823120625 0.2726016421875 0.671875 0.269347534375 0.671875 0.267605578125 0.6547692859375001 0.24813301875 0.6504390234375 0.246756628125 0.639673571875 0.2569058203125 0.6291390484375 0.26117718437500004 0.61975115 0.26025110625000003 0.607873028125 0.263261115625 0.5992124999999999 0.26050833125 0.6040737875 0.28174263593750004 0.6094654687500001 0.2946914421875 0.6204797671875 0.31471122500000004 0.6317848890625 0.3283716421875 0.6338478375000001 0.35199800625 0.6310667875 0.3622934578125 0.6225519859374999 0.3704327 0.6101175281250001 0.3698731171875 0.6033143328125 0.380336203125 0.5942944421874999 0.3804726234375 0.5826046453125 0.385989728125 0.5823661765624999 0.3890625 0.6540656421875 0.3890625
5 0.8309841609374999 0.3890625 0.8305846125 0.385449128125 0.831765196875 0.36791506093750004 0.8269810953124999 0.3541026171875 0.8283074015625 0.347460575 0.8400311546874999 0.329606846875 0.8404930140625 0.3178511828125 0.8375403046875001 0.3053995203125 0.8322856999999999 0.2993910421875 0.8154524406250001 0.2939849015625 0.8114216453124999 0.29020084375 0.8083491515624999 0.27871224843750003 0.808802365625 0.26300488906249997 0.802948821875 0.26181174375 0.7956405375 0.26427201093749997 0.7903945765625 0.2622152296875 0.774630759375 0.24418979062499999 0.7652941109375 0.23883048125 0.7535870250000001 0.23644419375 0.7453630437500001 0.23822406875 0.7045173 0.2610041015625 0.660539165625 0.2727770734375 0.65488259375 0.2780427234375 0.6519731140625 0.2853495453125 0.6475323328125 0.3170313296875 0.6490988390625001 0.3366065671875 0.6530956781249999 0.3527272515625 0.6587269359375 0.363749925 0.669116359375 0.37672995 0.678213434375 0.38401539218749997 0.6896355578125 0.3890625 0.8309841609374999 0.3890625
5 0.5821758203125 0.3890625 0.5821980890624999 0.3871361453125 0.5969943375 0.3807710109375 0.6051584234374999 0.37947266874999996 0.6117819390625 0.3704541796875 0.6206820421874999 0.37128083125 0.627074628125 0.3681401703125 0.63339003125 0.357577653125 0.634375 0.3520083703125 0.634375 0.342572109375 0.63228538125 0.326246753125 0.61491245625 0.2970310046875 0.6063111984375 0.265653275 0.6002606828125 0.2580013390625 0.5965207109375 0.2478579125 0.5829210890625001 0.1883055515625 0.5713930578124999 0.15633125 0.5614142453125 0.1360287921875 0.549612684375 0.1183172484375 0.5236564125000001 0.093770578125 0.5169470671875 0.09141550781249999 0.4981799171875 0.09351505156249999 0.4824253703125 0.10758472187499998 0.45320952812500004 0.125329184375 0.45017161406249995 0.129647375 0.45434813281249997 0.1443234578125 0.45192644687500005 0.15172970937500002 0.43511912500000005 0.1581786609375 0.4161296890625 0.1701077328125 0.4034643046875 0.1754259796875 0.3984153171875 0.179827990625 0.39727733593750003 0.1889771296875 0.40542475468749994 0.20791880312500002 0.4363620984375 0.2527367125 0.45992261875 0.29654472656249997 0.4761748578125 0.3428130078125 0.48130165468749997 0.3739762671875 0.4914191359375 0.3890625 0.5821758203125 0.3890625
5 0.36875 0.1826702609375 0.3754746625 0.184375 0.3845209140625 0.184375 0.401057615625 0.175813528125 0.4015625 0.1699566296875 0.4015625 0.1625519265625 0.392978734375 0.160342015625 0.390120503125 0.16321560625 0.3867059359375 0.16251960625 0.37996200625 0.1443577484375 0.36875 0.141399946875 0.36875 0.1826702609375
18 0.22587194687499998 1 0.221788425 0.9982981453124999 0.230135965625 0.98475718125 0.20871913437499998 0.9706009671875 0.200525565625 0.95763845625 0.1956979609375 0.934621453125 0.1626157390625 0.9357783562499999 0.1529027875 0.8996831515625001 0.164616290625 0.8760876984374999 0.20418984999999998 0.8962334859375 0.2193270546875 0.852644740625 0.20282443906249997 0.8465973203124999 0.186398809375 0.8272981703125 0.1549803265625 0.8267407609374999 0.1534513171875 0.8052645328124999 0.128716640625 0.792880475 0.11059840624999999 0.7802650343749999 0.1865527828125 0.8007946968749999 0.204863484375 0.780280796875 0.183542884375 0.7495599109375 0.16026022812500001 0.7719038140625 0.12719725625 0.76974778125 0.0809206421875 0.7647415750000001 0.05927285 0.7903405671875 0.027931353125000002 0.7765314218749999 0.009880482812499999 0.7523207140625 0 0.7452143140625 0 0.9820254640625 0.0432310515625 0.9896372124999999 0.039593490625 1 0.22587194687499998 1
18 0.325404665625 1 0.3453125 0.9323015328125 0.3453125 0.9306440234375 0.29450869375 0.9389790671875 0.28778639375 0.957431584375 0.23985566875000003 0.9524832249999999 0.2301138453125 0.9213574234374999 0.2565892453125 0.9187754343750001 0.2846610140625 0.9260744015625001 0.3097036390625 0.8854515187499998 0.293326125 0.8578700296874999 0.31317545625 0.857175890625 0.32816830937499997 0.838434146875 0.2703417921875 0.82886345625 0.253685203125 0.8493195124999999 0.22229558906250002 0.8437926984375 0.23033518281249998 0.8832586828124999 0.20544653125 0.8973780937499999 0.1493126171875 0.8811236921875001 0.1525246046875 0.8975726703125 0.163901290625 0.9319535625 0.1953101546875 0.9341674390625 0.211649171875 0.9683747953124999 0.2298058984375 0.9743643671874999 0.2412499484375 0.9971499890625001 0.2486869859375 1 0.2885181296875 1 0.2925562578125 0.990387390625 0.29425646875 1 0.325404665625 1
7 0 0.3890625 0 0.6993497796874999 0.004888565625 0.7273618875000001 0.017703153125000003 0.7578125 0.018481603125000003 0.7578125 0.0478858265625 0.7275143828124999 0.06159988125 0.6442282718750001 0.0865655203125 0.6168571234375 0.043779971875000004 0.58026235625 0.0669567703125 0.576139590625 0.103366459375 0.5715540640625 0.13642943125 0.573710096875 0.17148333124999998 0.5178319390625 0.21953915781250002 0.5012462265625001 0.25 0.4666880125 0.25 0.46206977499999996 0.24303352656250002 0.4424600515625 0.221732175 0.4084262296875 0.1870632109375 0.398045709375 0.1660928078125 0.3890625 0 0.3890625
7 0.36875 0.5465301 0.3565210984375 0.541501940625 0.36490713124999996 0.5213351109375 0.3270454234375 0.491192675 0.307070990625 0.5134208890625 0.30891756875 0.48023370312499997 0.3437790015625 0.4574848859375 0.3471930796875 0.4391480578125 0.28255765 0.4629380875 0.25614961406250003 0.45392480781250005 0.236011584375 0.5043129578125 0.17976218593749999 0.507936159375 0.1580085390625 0.5517562875 0.10332664375 0.570229846875 0.109923840625 0.5733113984375 0.1112507578125 0.6295734328125 0.0912667 0.6534581109375 0.10766346093750001 0.6777266640625 0.0728020265625 0.7004754828124999 0.075502034375 0.69556554375 0.052971940625000005 0.697856690625 0.0413258 0.7098568734375 0.052779475 0.7309860296874999 0.07928374218749999 0.7234346390624999 0.13392714375 0.71158695 0.157219421875 0.6875865812499999 0.1587099390625 0.715688675 0.18693568124999999 0.6964841703125 0.218354165625 0.6970415796875 0.1867432140625 0.7296135093749999 0.21625738125 0.7732969078125 0.2242873515625 0.81441935625 0.1928399984375 0.8188313468749999 0.207621140625 0.836531878125 0.2439442171875 0.8468545546874999 0.260697040625 0.8098338312500001 0.2756032859375 0.806000290625 0.2840278140625 0.7792075921875 0.355106465625 0.785002590625 0.36875 0.7900022890625 0.36875 0.7521404734375 0.32226483125 0.7447478171874999 0.277931028125 0.6899897562499999 0.3092532796875 0.7071118375000001 0.3538565359375 0.7154888203125 0.304502659375 0.670843096875 0.3226401421875 0.6801456031249999 0.34751916875 0.6676826578125 0.36875 0.66140336875 0.36875 0.5465301
5 0.5820641609375 1 0.590625 0.9886120187500002 0.590625 0.9785024859375 0.5884523859375 0.9538116046875 0.58196325 0.9362591109375 0.5699569531249999 0.9262281203124999 0.5602349546875 0.9297700062499998 0.5516431734375 0.9356558875000001 0.5408484203125 0.9378349328125001 0.5301734515625001 0.933581996875 0.521213040625 0.92469605 0.5116682890625001 0.9227871125 0.4928470921875 0.9065958515624999 0.48228704843750003 0.904305234375 0.4655441734375 0.9066470921875001 0.4548643390625 0.9107884531250001 0.4445292703125 0.9208167671874999 0.4399986734375 0.9282293734374999 0.436416178125 0.9518310968750001 0.4372206296875 0.96556731875 0.44802952031250004 0.9890617484374999 0.456074190625 1 0.5820641609375 1
5 0.69966305625 0.8832925249999999 0.6859086046874999 0.8857982640625 0.6712201859375 0.8977883625 0.6606888703125 0.8959883234374999 0.656800071875 0.8974050765625 0.65783923125 0.9066716359375 0.6606216796875 0.9117957609375 0.68037198125 0.9268969640625 0.6927327265625 0.928125 0.6981590234375 0.928125 0.7139151921875 0.92319440625 0.7239580906249999 0.9166545968750001 0.7381293609374999 0.8958340703125 0.740625 0.88594860625 0.740625 0.884129240625 0.7321671046875 0.870323409375 0.72988766875 0.8483562375 0.720754875 0.8365268140625 0.7139351125 0.8387608421875001 0.707301865625 0.869611821875 0.69966305625 0.8832925249999999
5 0.6378485984375001 0.9354174359375002 0.6285862890624999 0.946808590625 0.6190844015625 0.9710637046875 0.6193142453125 0.974988340625 0.6289164578124999 0.9778784375 0.6338492828125 0.9773339437499999 0.648188071875 0.9678511921874999 0.6768895140625 0.9577705703125 0.6882350125000001 0.9565182343749999 0.7042211671875 0.958209909375 0.721875 0.943021021875 0.721875 0.9404350484374999 0.7091062609375001 0.9398956609375 0.6869660078125 0.9433270390625002 0.681544765625 0.935531684375 0.6723209140625 0.930624821875 0.6473120234375 0.9274603390625 0.6378485984375001 0.9354174359375002
8 0.55511615625 0.7113294124999999 0.5412131890625 0.7197765546875 0.50402515625 0.754493975 0.47647779687499997 0.7758034734375 0.4107129734375 0.8057752375 0.3907231 0.803538 0.3845115390625 0.8076798953125 0.3722369375 0.8100222890625 0.3689276125 0.8128563312499999 0.372346534375 0.8712352750000001 0.3887539125 0.8970742390625001 0.42957611562500003 0.9498432890625 0.430298571875 0.95 0.438982540625 0.95 0.44398209531250005 0.9245531015624999 0.45272239374999995 0.9127258171874999 0.45945596718750004 0.90902005 0.4796230890625 0.9058064671875 0.4937271703125 0.90079338125 0.49820030625000006 0.892399615625 0.5063275359375 0.8870587624999999 0.512721209375 0.869071746875 0.518267103125 0.8620408203124998 0.5273808984375 0.8565910703124999 0.5367819953125 0.8560471109375001 0.5384726875 0.842529221875 0.5300104234375 0.8251945265625 0.5248862140625 0.8055163671875001 0.522353071875 0.7707396828124999 0.5318164953125 0.7627825859375 0.5386362609375 0.7605485546875 0.5703309921875 0.7422375156250001 0.5937597109375 0.7184201359375 0.5996216390625 0.7167855859375 0.6032757312499999 0.7198384953125 0.6092813125000001 0.720656840625 0.6203125 0.7130473921875 0.6203125 0.707269859375 0.6065709203124999 0.691330978125 0.601872803125 0.6874058078124999 0.5974332609375 0.6878958531249999 0.592328053125 0.6854968703125 0.58028329375 0.6917638984375 0.55511615625 0.7113294124999999
8 0.8825628906249999 0.6417444375000001 0.8080674984375001 0.6667548875 0.7873496328125 0.6690417625 0.7836619453125 0.673892571875 0.7839156546875 0.686702084375 0.7782261046875 0.6912801109375 0.7693757515625 0.692750778125 0.75385415 0.6905140750000001 0.7460526875 0.6844627046875 0.73998964375 0.6826632 0.712193440625 0.6827688890625 0.6969304109375 0.6849473984375 0.68297485 0.6840190843749999 0.6706763828125 0.6774766 0.6632245484375 0.66891788125 0.6505477203125001 0.664392165625 0.6441973734374999 0.6576868671874999 0.6336373296875 0.6553962484375 0.622406753125 0.6586109015625 0.61024220625 0.6713099109374999 0.6030728125 0.6760512859375 0.6004004234375 0.6812837765624999 0.6041933 0.6951838796875001 0.6255047734375 0.7199877703124999 0.655355434375 0.7295303203125 0.7052344296874999 0.7250120921875001 0.723136253125 0.7255048125 0.7470387921875 0.7352101734375001 0.7595671015625 0.7456772953125 0.764466334375 0.7530365203125 0.7833834515625 0.7539109187499999 0.7922050765625 0.7519496718750001 0.8134785499999999 0.7421952109375 0.824182246875 0.746938725 0.8297769796875001 0.7546875 0.8318566328125 0.7546875 0.8330564671874999 0.7543529359375001 0.83909564375 0.7472675625 0.849804209375 0.743616778125 0.8601392765625 0.733588465625 0.8769732093750001 0.7243240453124999 0.8946451890624999 0.72089213125 0.8974325015625 0.717621959375 0.902432515625 0.7012700265625 0.9291754234375 0.66622430625 0.940625 0.6434452203125 0.940625 0.6429301109375001 0.9360433796875001 0.6309036625 0.92989414375 0.6276324203125 0.9195352124999999 0.6287758562500001 0.912102378125 0.6374963156250001 0.9082423109375 0.6394036484375001 0.8825628906249999 0.6417444375000001
4 0.7330024921875 0.53151865 0.7256607140625 0.53331655 0.717212584375 0.541655328125 0.6696408328125 0.6703440453124999 0.669406125 0.674813709375 0.6879400171875 0.6860991734375 0.7032317765625 0.68441124375 0.7137966859375 0.6783075640625 0.7230205375000001 0.6832144281250001 0.7364828187500001 0.68419719375 0.750754415625 0.6905218796874999 0.7612282703125001 0.6913407609375 0.7675672109375 0.6953125 0.7699775984375 0.6953125 0.7728610734375 0.6949942171875 0.7780573375000001 0.6904706375 0.7836655578125 0.676026578125 0.7838715359374999 0.671066334375 0.78767414375 0.6681778421875 0.8013424015624999 0.6642003625 0.8090050796875001 0.6594045390625001 0.8154464812499999 0.6591872750000001 0.8426968078125 0.649760578125 0.868294903125 0.637553753125 0.8840224828124998 0.6348302140625 0.901488484375 0.6363585453124999 0.90984555625 0.634942325 0.9288395953125 0.6032206890625 0.9291940921874999 0.592319046875 0.9328125 0.5862075328125 0.9328125 0.5851626984375 0.9234568140625001 0.5791273171875 0.89192519375 0.5663140609375 0.8861830515625 0.56151663125 0.7926463499999999 0.5496225906250001 0.7571684703124999 0.5372449296874999 0.7330024921875 0.53151865
7 0.441894903125 0.7456282015625 0.43286729843750005 0.7525496921875 0.42073635 0.7573449828125 0.4184423203125 0.7605607046875 0.4165505171875 0.7706445390625 0.41036768749999997 0.775277015625 0.3990650546875 0.802693403125 0.404855653125 0.8046875 0.41140478593749996 0.8046875 0.4628806109375 0.781824315625 0.4638720421875 0.7733211171875001 0.46840264062500003 0.7659085125 0.47948956406250004 0.7602409640625 0.48317724999999995 0.7553901546875 0.49461380781250003 0.7472152578125 0.5043119390624999 0.734788496875 0.5046875 0.733647084375 0.5046875 0.727019140625 0.5020563703125 0.721706203125 0.5029280125 0.7196349859375 0.4916399765625 0.7218684796874999 0.48011722968750004 0.7285716375 0.47474371875 0.7385460390625 0.441894903125 0.7456282015625
7 0.586070828125 0.9042542781249999 0.5815163640625001 0.9027820078125 0.578614128125 0.9040898625 0.573968609375 0.9095401500000001 0.5697253140624999 0.921858546875 0.5826558515625 0.9391937796875001 0.5862188859374999 0.94916925 0.5873729671875 0.960398125 0.5911994421875 0.9663945109375 0.5949588296874999 0.96875 0.617426553125 0.96875 0.6214333265625 0.9655259953125 0.6257628125 0.954679334375 0.6265625 0.9346384421875001 0.6265625 0.9238964265625 0.6199826703125 0.9153235531250001 0.6164147718749999 0.91374238125 0.6131726375 0.9007689843750001 0.6033357171875 0.9023485499999999 0.6002611 0.90071293125 0.586070828125 0.9042542781249999
2 0.55671070625 0.891414521875 0.551433115625 0.8860720640625 0.536610775 0.8788206671874998 0.5302842921875 0.8810002484375001 0.519973090625 0.899913440625 0.5203753171875001 0.9067815515625 0.52298538125 0.9089622 0.5244029046875001 0.9162119921875 0.52422565625 0.9216628140625 0.5203081265625 0.9225889875 0.520973790625 0.925478015625 0.5271230265625 0.9287492578125001 0.53816369375 0.940625 0.5403906843749999 0.940625 0.560110628125 0.9325142890624999 0.5616240718750001 0.9244472203124999 0.5659199609375001 0.9215042796875 0.5633098953125 0.9193236328125 0.5639804265625 0.913818359375 0.57303189375 0.915781746875 0.58125 0.9099460609375001 0.58125 0.8996037984375 0.5805319203125 0.89125385 0.5762121625 0.8853119125 0.5660017484375001 0.880513946875 0.561068921875 0.8810584421875 0.5581954203125 0.8828568765625 0.55671070625 0.891414521875