7 0.4052827375 0.559375 0.4046875 0.5578125 0.4 0.496875 0.40625 0.4265625 0.4125 0.396875 0.4296875 0.390625 0.446875 0.3703125 0.453125 0.3234375 0.475 0.3078125 0.434375 0.2296875 0.421875 0.2203125 0.4078125 0.2234375 0.375 0.209375 0.3578125 0.221875 0.35 0.2390625 0.3296875 0.2453125 0.3296875 0.2765625 0.3421875 0.3359375 0.359375 0.3546875 0.353125 0.3734375 0.35625 0.45625 0.346875 0.490625 0.321875 0.5203125 0.3453125 0.5546875 0.3453125 0.559375 0.4052827375 0.559375
7 0 0.559375 0.3453125 0.559375 0.3453125 0.546875 0.2796875 0.484375 0.2546875 0.4859375 0.2296875 0.515625 0.18125 0.534375 0.0765625 0.49375 0.059375 0.48125 0.040625 0.4515625 0 0.4546875 0 0.559375
7 0.3484375 0.09375 0.3015625 0.071875 0.296875 0.05625 0.2875 0.0484375 0.24375 0.0453125 0.2234375 0.05 0.1921875 0.075 0.1671875 0.078125 0.153125 0.0984375 0.1359375 0.1078125 0.1390625 0.18125 0.171875 0.2140625 0.2046875 0.20625 0.228125 0.1921875 0.2828125 0.190625 0.3109375 0.18125 0.3390625 0.159375 0.35 0.1359375 0.35625 0.1015625 0.3484375 0.09375
7 0.0659646734375 0 0.075 0.0296875 0.103125 0.034375 0.1078125 0.046875 0.1328125 0.0671875 0.190625 0.0765625 0.2296875 0.0546875 0.2921875 0.0515625 0.29375 0.0296875 0.3243951609375 0 0.0659646734375 0
7 0.02783203125 0 0.0203125 0.0171875 0 0.038628471875 0 0.234375 0 0.34375 0.0109375 0.34375 0.0859375 0.321875 0.090625 0.2921875 0.078125 0.2578125 0.08125 0.2453125 0.1015625 0.25 0.1328125 0.2890625 0.1484375 0.2890625 0.16875 0.2765625 0.18125 0.24375 0.178125 0.21875 0.1578125 0.190625 0.14375 0.15625 0.146875 0.134375 0.1375 0.115625 0.13125 0.0765625 0.1125 0.0515625 0.109375 0.0328125 0.0828125 0.025 0.0890625 0.00625 0.08072916718749999 0 0.02783203125 0
7 0 0.46015625 0.0390625 0.45625 0.071875 0.4921875 0.1625 0.528125 0.1984375 0.5296875 0.2375 0.51875 0.259375 0.4828125 0.2640625 0.403125 0.2625 0.3765625 0.2421875 0.3578125 0.240625 0.3359375 0.2515625 0.3265625 0.265625 0.325 0.2765625 0.3640625 0.303125 0.371875 0.3140625 0.359375 0.315625 0.3375 0.334375 0.290625 0.328125 0.2140625 0.2796875 0.1875 0.246875 0.18125 0.21875 0.19375 0.2 0.2109375 0.16875 0.26875 0.1515625 0.2828125 0.090625 0.2875 0.084375 0.3171875 0.078125 0.321875 0.0015625 0.340625 0 0.34054687499999997 0 0.46015625
5 1 0.1860635609375 0.95907145625 0.15877786562500001 0.88741540625 0.13966958437500002 0.82212878125 0.1874402859375 0.8269058515625 0.1938097125 0.8476064890625 0.19221735625 0.8507912015624999 0.20017913906249998 0.8030205015625 0.295720540625 0.7982434312500001 0.3148288203125 0.8014281453125001 0.3817078015625 0.8364599921875 0.4852109875 0.8412370625 0.5154657640625 0.9053208109374999 0.559375 0.95402425625 0.559375 0.9670332406250001 0.55208996875 0.9718103109375 0.5329816875 0.9845491640624999 0.5170581203125 0.9972880171875002 0.5282046171875 1 0.525492634375 1 0.3048807390625 0.990918590625 0.29731289843750003 1 0.2725454171875 1 0.1860635609375
5 0.7799860671875 0.2474970140625 0.772024284375 0.23794287343749998 0.7322153671875 0.23953523125 0.7226612265625001 0.23475815937500003 0.7162917999999999 0.23953523125 0.7146994421875 0.26342058125 0.6987758765625001 0.2793441484375 0.6573746015624999 0.252274084375 0.64941281875 0.23953523125 0.6334892515625 0.23475815937500003 0.6350816078125 0.26660529374999997 0.6669287421875 0.3462231296875 0.6096039015625 0.37966262031250003 0.60482683125 0.393993828125 0.614380971875 0.40036325625 0.6271198250000001 0.4258409625 0.62552746875 0.4433568859375 0.6462281046875 0.4624651671875 0.6478204625 0.483165803125 0.658966959375 0.4943123 0.6828523093750001 0.4943123 0.6908140921875 0.503866440625 0.7226612265625001 0.505458796875 0.732518909375 0.5125 0.7402517921875 0.5125 0.7895402078125 0.505458796875 0.799094346875 0.49590465781250004 0.8118332015625 0.4943123 0.8277567671874999 0.47679637656249996 0.828125 0.4742187484375 0.828125 0.461198515625 0.8118332015625 0.4019556140625 0.8006867046874999 0.31596835 0.8277567671874999 0.23953523125 0.8102408437499999 0.24908937031249997 0.7911325640625 0.24908937031249997 0.7799860671875 0.2474970140625
15 0 0.7965290015625 0.006758434375 0.7797991062499999 0.0576016875 0.62726934375 0.0765625 0.5680168078125 0.0765625 0.5653331046875001 0.061321925 0.56650545625 0.0154389890625 0.69795386875 0 0.7388851421875 0 0.7965290015625
15 0 1 0.015342521875 1 0.027405753124999998 0.9501736109374999 0.09188988125 0.7095982140625 0.140625 0.57435825625 0.140625 0.5718336640625 0.1228918640625 0.5694692453125 0.0658482140625 0.7517609125 0.012524801562499998 0.9439732140625001 0 0.9969006 0 1
15 0.164966621875 1 0.18358296093749998 0.9190905265625 0.22450880468749998 0.7070483640624999 0.25 0.579592390625 0.25 0.5762345125 0.238149678125 0.5631991578125 0.21210801093749998 0.7020880468749999 0.166225075 0.9414233640624999 0.152211525 1 0.164966621875 1
15 0.2791511953125 0.559375 0.281616071875 0.6863162203125001 0.2828561515625 0.8797686015625 0.28745516718749997 1 0.30700453906249997 1 0.306417659375 0.99011334375 0.29649702499999997 0.753258184375 0.2952569453125 0.569748759375 0.286576390625 0.5610682046875 0.281496778125 0.559375 0.2791511953125 0.559375
15 0.474393671875 1 0.470777778125 0.9609031484375 0.445976190625 0.7810916406249999 0.4162142859375 0.5789743296875 0.40687166093749993 0.578125 0.40261786875 0.578125 0.42613492031250005 0.7848275046875 0.44991714375 1 0.474393671875 1
18 0.7801483906250001 1 0.80097373125 0.8819897343750001 0.809375 0.79677688125 0.809375 0.796013734375 0.79735054375 0.744308575 0.7852732484375 0.7092844203124999 0.7768191421875 0.70566123125 0.5751283218750001 0.70203804375 0.561843296875 0.708076690625 0.5570123796875001 0.721361715625 0.54375 0.7828509265625 0.54375 0.82081824375 0.55097373125 0.95566123125 0.5566948625 1 0.7801483906250001 1
18 1 1 1 0.7120106109375 0.9034307078125 0.7080804656249999 0.8961843296875 0.716534571875 0.8816915765625 0.7745055859375001 0.8623679046875001 0.8155683890625 0.8563292578125001 0.87112394375 0.8231219296875001 1 1 1