5 0 0 0 0.19589381875 0.025312499999999998 0.20895833437500003 0.0953125 0.2322916671875 0.110937490625 0.234375 0.12427083750000001 0.234375 0.15197916718749999 0.22562500000000002 0.1546875 0.1809375015625 0.1546875 0.16935416718750002 0.1053125 0.0689583328125 0.060312500000000005 0.0222916671875 0.025861740625 0 0 0
5 0.2109375 0.459375 0.2109375 0.4483333265625 0.2053125 0.361145834375 0.19864583281249998 0.35281250000000003 0.1636458328125 0.33781249999999996 0.0636458328125 0.22781250000000003 0 0.1953401359375 0 0.35839798906250003 0.035312500000000004 0.396145834375 0.0651707171875 0.459375 0.2109375 0.459375
5 0.4912878796875 0.459375 0.4876041671875 0.418854165625 0.5015625 0.37232638906250004 0.5015625 0.3327864578125 0.4892708328125 0.3005208328125 0.4609375 0.28552083437500003 0.46260416718749997 0.2671875 0.4559375 0.2588541671875 0.4326041671875 0.2471874984375 0.4109375 0.2588541671875 0.3909375 0.2821875 0.3726041671875 0.3455208328125 0.3492708328125 0.3505208328125 0.3326041671875 0.34718749843749996 0.2526041671875 0.2971874984375 0.1559375 0.22552083281250002 0.1109375 0.2338541671875 0.0642708328125 0.21885416562499999 0.16593750000000002 0.335520834375 0.22593749999999999 0.3671875 0.3076041671875 0.3871875 0.3517786078125 0.459375 0.4912878796875 0.459375
5 0.024397321875 0 0.0605729171875 0.022343750000000002 0.117239584375 0.0823437484375 0.257239584375 0.08734375 0.30390625 0.0823437484375 0.320468753125 0.090625 0.3451041546875 0.090625 0.38557291718750003 0.08734375 0.4255729171875 0.0656770828125 0.4255729171875 0.044010415625 0.44146556718749996 0 0.024397321875 0
5 0.5796875 0 0.45401785781250004 0 0.5208854171875 0.0870833328125 0.5542187484375 0.14375 0.575885415625 0.1904166671875 0.572552084375 0.20875 0.5775520843749999 0.22541666718750003 0.5796875 0.22584374999999998 0.5796875 0
5 0.5796875 0.253821021875 0.5288020828125 0.21218750000000003 0.4688020828125 0.1088541671875 0.43546874999999996 0.0671875 0.42713541718750003 0.0671875 0.34880208281249997 0.090520834375 0.20046875000000003 0.0888541671875 0.1888020828125 0.0921875 0.18546875000000002 0.10052083437499999 0.3038020828125 0.160520834375 0.3771354171875 0.21218750000000003 0.44713541718750005 0.22552083281250002 0.4921354171875 0.2471874984375 0.5471354171875 0.298854165625 0.5788020828125 0.36052083437500004 0.5796875 0.3612402359375 0.5796875 0.253821021875
6 0.9690104156249999 0.070052084375 0.94678819375 0.06727430625 0.9363715265625 0.0714409734375 0.92803819375 0.0818576390625 0.9238715265625 0.10130208437499999 0.9252604156249999 0.11657986093749999 0.9231770828125001 0.12352430625 0.8808159703125 0.2061631953125 0.8787326375 0.21588541718749998 0.8794270828125 0.2749131953125 0.8884548593750001 0.2658854171875 0.9072048593750001 0.23394097343750003 0.9092881937499999 0.20685763906250001 0.9141493046875 0.19296875 0.9287326374999999 0.18185763906250002 0.950260415625 0.18255208437499998 0.9585937484375 0.1874131953125 0.9669270828125001 0.197829859375 0.9683159703124999 0.2249131953125 0.9627604156249999 0.23602430624999998 0.9627604156249999 0.24574652812500003 0.9722041375 0.278125 0.9728176765625001 0.278125 0.9859375 0.24073350312500003 0.9859375 0.2039978875 0.9745659703125 0.1401909734375 0.975260415625 0.12005208437499999 0.9801215265625001 0.1096354171875 0.9808159703125 0.0853298609375 0.9766493046875 0.076302084375 0.9690104156249999 0.070052084375
6 0.7775173609375 0.1747395828125 0.7990451375000001 0.17335069375 0.8080729156249999 0.17751736093749998 0.81640625 0.18654513749999999 0.8233506937499999 0.2052951375 0.8247395828125 0.23168402656249998 0.8490451374999999 0.2754340265625 0.86015625 0.30182291562499997 0.86359375 0.3046875 0.8645833312500001 0.3046875 0.875 0.2803819421875 0.875 0.20388838125 0.8532118046875 0.14557291562500002 0.8434895828125001 0.126128471875 0.8434895828125001 0.0934895828125 0.8407118046875001 0.076822915625 0.8344618046875001 0.0684895828125 0.8275173609375 0.064322915625 0.8098958390625001 0.0625 0.8060763859375001 0.0625 0.7969618046875 0.064322915625 0.7879340265625 0.076822915625 0.7872395828125001 0.10321180468749999 0.7907118046875 0.11154513749999999 0.7907118046875 0.1226562484375 0.7775173609375 0.1747395828125
6 0.7186631953125 0.107465278125 0.71171875 0.0921875 0.7068576390625 0.063715278125 0.6999131953125 0.0491319453125 0.6853298609375 0.0407986109375 0.6686631953125 0.0394097234375 0.6513020843749999 0.0463541671875 0.64296875 0.056770834375 0.645052084375 0.069965278125 0.657552084375 0.0984375 0.6603298609375 0.1553819453125 0.6797743046875 0.20190972343750002 0.6894965265625 0.2178819453125 0.727690971875 0.2532986109375 0.7444733796875 0.2734375 0.7499763265625 0.2734375 0.757552084375 0.26649305624999997 0.7610243046875 0.25677083437500003 0.765190971875 0.2206597234375 0.763802084375 0.1748263890625 0.7415798609375 0.1366319453125 0.7186631953125 0.107465278125
6 0.5796875 0.2300377140625 0.5875 0.2351562484375 0.6076388890625 0.2539062484375 0.617209203125 0.259375 0.6261241296875 0.259375 0.6333333328124999 0.24626736093749999 0.634027778125 0.2337673609375 0.6298611109375 0.2164062484375 0.6138888890625 0.17960069375 0.6173611109375 0.1650173609375 0.6270833328125 0.157378471875 0.6388888890625 0.1532118046875 0.6388888890625 0.151128471875 0.5796875 0.0855613421875 0.5796875 0.2300377140625
6 0.6336805546875001 0.1506944453125 0.619791665625 0.1569444453125 0.6107638890625 0.1666666671875 0.6086805546875 0.17361111093749998 0.612847221875 0.195833334375 0.6239583328125 0.2138888890625 0.6260416656250001 0.222222221875 0.6260416656250001 0.29930555625 0.6295138890625 0.31875 0.6357638890625 0.32708333437500003 0.6871527765625001 0.352777778125 0.7038194437499999 0.364583334375 0.7177083328125 0.3819444453125 0.7246527765625 0.41319444531249994 0.7270833328124999 0.415625 0.7285501703125 0.415625 0.7420138890625 0.3826388890625 0.7357638890625 0.3638888890625 0.734375 0.34375 0.746875 0.32777777812500003 0.7484375 0.30863714531249997 0.7484375 0.28483796875 0.74756944375 0.278472221875 0.737847221875 0.2604166671875 0.6892361109375 0.209027778125 0.6621527765625 0.1569444453125 0.6517361109375 0.152083334375 0.6336805546875001 0.1506944453125
6 0.7734375 0.1776041671875 0.7630208328125 0.1914930546875 0.7637152781250001 0.21996527812500002 0.7671875 0.2310763890625 0.7484375 0.29913194375 0.746875 0.3184027828125 0.746875 0.32477678593750003 0.7755208328125 0.3220486109375 0.788715278125 0.326215278125 0.7977430562500001 0.3380208328125 0.8032986109374999 0.36232638906250003 0.8373263890625001 0.39357638906250003 0.8463541671874999 0.4060763890625 0.8560763890625 0.4060763890625 0.8602430562500001 0.40329861093749997 0.8625 0.3953993046875 0.8625 0.3043592171875 0.8248263890625 0.23038194375 0.82413194375 0.20815972187499998 0.8192708328125 0.189409721875 0.8067708328125001 0.176909721875 0.7873263890625 0.1727430546875 0.7734375 0.1776041671875
6 0.94305555625 0.1807291671875 0.9298611109374999 0.1807291671875 0.91805555625 0.18697916718750002 0.91180555625 0.19461805625 0.9076388890625001 0.2085069453125 0.9055555562500001 0.2335069453125 0.871527778125 0.2890625 0.864583334375 0.3064236109375 0.8632158125 0.3953125 0.864583334375 0.3953125 0.8979166671875 0.3619791671875 0.9006944453125 0.34322916718749996 0.9034722234375 0.35503472187499996 0.909027778125 0.35989583281250004 0.915277778125 0.360590278125 0.9173611109375 0.35503472187499996 0.9131944453124999 0.34809027812500004 0.9125 0.33628472187499997 0.9173611109375 0.3265625 0.9159722234375 0.3210069453125 0.92430555625 0.31684027812500004 0.9423611109374999 0.317534721875 0.9395833343750001 0.3217013890625 0.9479166671874999 0.3210069453125 0.95555555625 0.32864583281250004 0.9618055562500001 0.3411458328125 0.9618055562500001 0.3473958328125 0.9548611109374999 0.348784721875 0.9541666671875 0.35503472187499996 0.9611111109374999 0.3585069453125 0.9638888890625001 0.3689236109375 0.9680555562500001 0.3647569453125 0.977777778125 0.3411458328125 0.978125 0.324479203125 0.978125 0.30646700937500004 0.9618055562500001 0.24322916718749998 0.9673611109374999 0.22586805625 0.9673611109374999 0.2015625 0.9631944453125 0.19184027812499999 0.9548611109374999 0.1848958328125 0.94305555625 0.1807291671875
6 0.9821781515625 0.459375 0.983159721875 0.4545138890625 0.983159721875 0.434375 0.9678819437499999 0.38368055624999997 0.9692708328125 0.3447916671875 0.9657986109374999 0.33298611093749997 0.9421875 0.3177083328125 0.9227430562500001 0.3170138890625 0.9109375 0.32256944375 0.9046875 0.32881944375 0.8970486109374999 0.3420138890625 0.8935763890625001 0.36284722187499996 0.8685763890625001 0.3892361109375 0.85538194375 0.4107638890625 0.8535122859375001 0.459375 0.9821781515625 0.459375
6 0.855342034375 0.459375 0.8526041671875 0.42534722187499996 0.8463541671874999 0.40659722187499997 0.8380208328125001 0.393402778125 0.8039930562500001 0.36284722187499996 0.8032986109374999 0.3489583328125 0.7949652781250001 0.330902778125 0.7810763890625 0.321875 0.7623263890625 0.3204861109375 0.744965278125 0.32881944375 0.7359375 0.3427083328125 0.7352430562500001 0.36493055625 0.7407986109375 0.38368055624999997 0.72413194375 0.424652778125 0.72413194375 0.459375 0.855342034375 0.459375
6 0.726215278125 0.459375 0.7248263890625 0.45520833281249995 0.72413194375 0.4322916671875 0.7282986109375 0.40659722187499997 0.7151041671875 0.37465277812500003 0.6921875 0.35590277812500004 0.6491319437499999 0.3322916671875 0.6067708328125 0.29201388906250003 0.594965278125 0.287152778125 0.5796875 0.287152778125 0.5796875 0.3907242078125 0.5880208328125 0.42881944375 0.6013058578125 0.459375 0.726215278125 0.459375
0 0.225341796875 0.63681640625 0.196044921875 0.624609375 0.178955078125 0.61435546875 0.144775390625 0.59921875 0.134033203125 0.5884765625 0.129150390625 0.5875 0.127685546875 0.5904296875 0.113525390625 0.59580078125 0.108154296875 0.6001953125 0.092041015625 0.6255859375 0.085205078125 0.640234375 0.074462890625 0.65439453125 0.049072265625 0.7095703125 0.047119140625 0.718359375 0.044189453125 0.72177734375 0.04375 0.7277099609375 0.04375 0.73516751875 0.049560546875 0.73740234375 0.071044921875 0.73642578125 0.096923828125 0.75302734375 0.159912109375 0.77060546875 0.200927734375 0.7916015625 0.234130859375 0.80380859375 0.238525390625 0.8072265625 0.247802734375 0.8109375 0.25973632812499997 0.8109375 0.264892578125 0.80625 0.277587890625 0.7857421875 0.290771484375 0.769140625 0.303466796875 0.7447265625 0.3125 0.70906918125 0.3125 0.7010602671875 0.309814453125 0.694921875 0.286376953125 0.675390625 0.278564453125 0.67197265625 0.265869140625 0.66025390625 0.253662109375 0.65244140625 0.225341796875 0.63681640625
0 0 1 0.1695546328125 1 0.18193359375 0.970703125 0.20830078125 0.953125 0.24443359375 0.9443359375 0.25859375 0.93115234375 0.27177734375 0.9130859375 0.28203125 0.88720703125 0.309375 0.8388671875 0.3109375 0.8351171875000001 0.3109375 0.8236328125 0.307421875 0.8173828125 0.29814453125 0.8076171875 0.27763671875 0.7919921875 0.27275390625 0.7939453125 0.26201171875 0.80810546875 0.2537109375 0.81103515625 0.246875 0.81005859375 0.13603515625 0.76611328125 0.1013671875 0.7568359375 0.0837890625 0.74365234375 0.073046875 0.7392578125 0.06962890625 0.74072265625 0.057421875 0.76171875 0.045703125 0.7861328125 0.0349609375 0.8154296875 0.01982421875 0.89111328125 0 0.949135384375 0 1
0 0.36579846875 1 0.352197265625 0.982177734375 0.338037109375 0.969970703125 0.313623046875 0.956298828125 0.281884765625 0.947021484375 0.251611328125 0.944580078125 0.225244140625 0.947998046875 0.209619140625 0.953369140625 0.192529296875 0.963134765625 0.180810546875 0.973876953125 0.168603515625 0.998779296875 0.16838000625 1 0.36579846875 1
0 0.09052734375 0.50146484375 0.087109375 0.4990234375 0.07685546875 0.49755859375 0.07587890625 0.49951171875 0.07197265625 0.498046875 0.07099609375 0.50244140625 0.067578125 0.5029296875 0.06318359375 0.49560546875 0.03876953125 0.49560546875 0.0314453125 0.5029296875 0.0216796875 0.50244140625 0.0216796875 0.5048828125 0.01728515625 0.5078125 0.0171875 0.50947265625 0.0171875 0.5167566640625 0.02509765625 0.52978515625 0.0265625 0.5380859375 0.0353515625 0.54541015625 0.05146484375 0.55029296875 0.05439453125 0.552734375 0.0548828125 0.55517578125 0.04755859375 0.5693359375 0.0509765625 0.595703125 0.05732421875 0.6005859375 0.067578125 0.619140625 0.07734375 0.62744140625 0.0790771484375 0.634375 0.0796011125 0.634375 0.08369140625 0.62255859375 0.1017578125 0.595703125 0.10517578125 0.59228515625 0.1134765625 0.591796875 0.12080078125 0.587890625 0.121875 0.5857421875 0.121875 0.5839713546875 0.11494140625 0.56640625 0.106640625 0.5595703125 0.10419921875 0.55419921875 0.0958984375 0.52783203125 0.09296875 0.50732421875 0.09052734375 0.50146484375
0 0.101025390625 0.541455078125 0.106884765625 0.547802734375 0.118603515625 0.549755859375 0.123486328125 0.561474609375 0.127392578125 0.565869140625 0.195263671875 0.588818359375 0.307265940625 0.61875 0.327685546875 0.61875 0.337353515625 0.617138671875 0.349560546875 0.613232421875 0.361279296875 0.606396484375 0.371533203125 0.596142578125 0.380322265625 0.582958984375 0.389599609375 0.562939453125 0.390625 0.5586328125 0.390625 0.495068359375 0.078076171875 0.495068359375 0.087841796875 0.498974609375 0.096630859375 0.508251953125 0.098583984375 0.514111328125 0.097607421875 0.531689453125 0.101025390625 0.541455078125
0 0.196630859375 0.589208984375 0.168798828125 0.579443359375 0.155615234375 0.577490234375 0.152685546875 0.579443359375 0.15 0.5861572265625 0.15 0.59384765625 0.150244140625 0.600927734375 0.151708984375 0.602392578125 0.169775390625 0.610693359375 0.176123046875 0.611669921875 0.182470703125 0.617041015625 0.259619140625 0.655126953125 0.280615234375 0.672216796875 0.289404296875 0.676611328125 0.294287109375 0.682958984375 0.305029296875 0.688330078125 0.317974853125 0.703125 0.328662109375 0.703125 0.330419921875 0.702978515625 0.333837890625 0.689794921875 0.340673828125 0.640478515625 0.34375 0.6300964359375 0.34375 0.6181640625 0.343603515625 0.616552734375 0.323583984375 0.618505859375 0.318701171875 0.620947265625 0.304052734375 0.618994140625 0.208837890625 0.591162109375 0.196630859375 0.589208984375
12 1 1 1 0.9781950046875 0.955815971875 0.9482638890625001 0.94366319375 0.9239583343749999 0.9176215265625001 0.899652778125 0.9106770828125 0.8770833343749999 0.8412326406249999 0.8111111109374999 0.8082465265625001 0.79375 0.7665798609375 0.79375 0.728385415625 0.7729166671875 0.70234375 0.7920138890625 0.70234375 0.8111111109374999 0.7231770828124999 0.837152778125 0.7231770828124999 0.89618055625 0.8169270828125 0.9951388890625001 0.8237326375 1 1 1
12 1 0.7906153546875 0.9913194437499999 0.7872395828125001 0.9548611109374999 0.785503471875 0.9496527765625 0.769878471875 0.9236111109374999 0.7490451375 0.9027777765625 0.7611979156249999 0.8871527765625 0.7837673609375 0.890625 0.7976562484375 0.9131944437499999 0.816753471875 0.90625 0.8740451374999999 0.916666665625 0.8966145828125001 0.9670138890625001 0.957378471875 1 0.9712673609374999 1 0.7906153546875
10 0.7458705375 1 0.753125 0.9898437515625 0.7578125 0.9414062453125001 0.7578125 0.9353472234375001 0.7236111109375 0.8908854171874999 0.7236111109375 0.838802084375 0.702777778125 0.807552084375 0.709722221875 0.7745659734375 0.7010416671875 0.7415798625 0.675 0.7033854171874999 0.647222221875 0.6947048625 0.60381944375 0.7033854171874999 0.5796875 0.699937996875 0.5796875 0.809205165625 0.609027778125 0.9099826406249999 0.61944444375 0.9238715296875 0.624652778125 0.96727430625 0.6368055546875 0.9846354171874999 0.662847221875 0.9898437515625 0.670101684375 1 0.7458705375 1
10 0.7793402781250001 0.615625 0.7532986109375 0.6260416656250001 0.7289930546875001 0.6486111109375 0.7289930546875001 0.688541665625 0.746354165625 0.7111111109375 0.786284721875 0.740625 0.8140625 0.7961805546875 0.9054344328124999 0.8703125 0.9061414937500001 0.8703125 0.9130208328125 0.815277778125 0.9008680546875001 0.8083333328125001 0.8921875 0.7753472218749999 0.928125 0.746254959375 0.928125 0.73836805625 0.8887152781250001 0.6989583328125001 0.8592013890625001 0.65381944375 0.8470486109375 0.6190972218749999 0.8157986109375 0.596527778125 0.7967013890625 0.5930555546875 0.7793402781250001 0.615625
10 1 0.5719405156249999 0.9789930546875001 0.5644097234375 0.9321180546875001 0.5314236109375 0.8192708328125 0.5175347234375 0.7793402781250001 0.5401041671875 0.739409721875 0.534895834375 0.7289930546875001 0.5678819453124999 0.7480902781250001 0.588715278125 0.8071180546875001 0.5921875 0.8279513890625001 0.604340278125 0.8539930546875001 0.6251736109375 0.8557291656249999 0.644270834375 0.8678819437499999 0.6616319453124999 0.9740547765625 0.6765625 0.9826041703125 0.6765625 1 0.6732171484375 1 0.5719405156249999
10 0.5796875 0.7028494875 0.6873263890625 0.6934895843750001 0.7272569437499999 0.6796006953125 0.7324652781250001 0.6483506953125 0.7453125 0.6338975687499999 0.7453125 0.6254340359375 0.739409721875 0.584114584375 0.7116319437499999 0.5563368046875 0.6782118078125 0.5515625 0.665842009375 0.5515625 0.6005208328125 0.5546006953125 0.5796875 0.5615451390625 0.5796875 0.7028494875