11 0 0.141867590625 0.0185007390625 0.1457880328125 0.04648934375 0.1484375 0.05426988125 0.1484375 0.096161709375 0.143841353125 0.11131485156250001 0.1399624984375 0.115625 0.13322731875 0.115625 0.1308269328125 0.07468097500000001 0.11922647500000001 0.0630652828125 0.1114853015625 0.059919560937500005 0.10056095000000001 0 0.096121271875 0 0.141867590625
11 0.1375137265625 0 0.14006065625 0.043688190625 0.1299846453125 0.0825840046875 0.1362037796875 0.0911426515625 0.141639459375 0.1447900515625 0.1484310859375 0.164029459375 0.172949084375 0.1796336015625 0.1735184609375 0.1796875 0.181281678125 0.1796875 0.2006098359375 0.15834225 0.203125 0.13987552187500002 0.203125 0.1313466 0.1943154234375 0.08867370625 0.1930981390625 0.054022128125 0.1806960203125 0.0435498640625 0.170046321875 0 0.1375137265625 0
11 0.2460382953125 0.37561111875000003 0.26051346406250003 0.3889362625 0.270019959375 0.3871795265625 0.27384365312500003 0.38089988125 0.28467291562499997 0.38590996718750004 0.2943933515625 0.37620355625 0.3046875 0.2971743765625 0.3046875 0.288699690625 0.2968883375 0.267517403125 0.28134049375000003 0.24612079062499997 0.27387089375 0.24408538124999998 0.2651508296875 0.248573203125 0.25203755 0.29647975312499997 0.2460382953125 0.37561111875000003
11 0.35376726718749996 0.26978520625 0.326748340625 0.2672275328125 0.29962095624999996 0.2447347734375 0.2839314765625 0.24457789375 0.28189458125 0.248370040625 0.30341146874999997 0.27962994375 0.30634324999999996 0.29850396875 0.352164196875 0.3533176890625 0.366634690625 0.3546875 0.37306098906249996 0.3546875 0.378860728125 0.3438899546875 0.3901540234375 0.3396457203125 0.3921547640625 0.3292085453125 0.375248003125 0.2944000828125 0.36184550937500004 0.2891464078125 0.35376726718749996 0.26978520625
11 0.2200094515625 0.030266071875 0.2185088953125 0.0380939515625 0.2273012625 0.046896184375 0.2255867640625 0.0626737390625 0.246208765625 0.071267471875 0.2886832375 0.0734375 0.308537321875 0.0734375 0.3222968765625 0.063858615625 0.35521254375 0.0629895265625 0.3609375 0.0496292265625 0.3609375 0.0424679484375 0.35892778125 0.036774795312500004 0.339092209375 0.03091215 0.3135376875 0.01388156875 0.23480404375 0.0077567796875 0.2320530234375 0.0221078953125 0.2200094515625 0.030266071875
11 0.4890625 0.0287527234375 0.45086541562500004 0.0204453671875 0.4012598984375 0.0263761625 0.3744910625 0.0225138421875 0.360410596875 0.0344641625 0.364628990625 0.053459982812499994 0.411233396875 0.0631849484375 0.43471487499999995 0.07736265 0.47538638750000006 0.08386935 0.4890625 0.0851639625 0.4890625 0.0287527234375
11 0.405993728125 0.12443005 0.42529296250000004 0.126256959375 0.4417473546875 0.1359375 0.44840246875 0.1359375 0.456708075 0.1332157515625 0.4578125 0.12745435 0.4578125 0.12446660937500001 0.43736971875 0.07692396875 0.411315009375 0.06250267968749999 0.35960029375 0.0589355671875 0.35667148593750003 0.08788138281249999 0.3605674828125 0.0948917953125 0.405993728125 0.12443005
11 0.32319190781249996 0.1477839265625 0.3551433578125 0.158778453125 0.3616125890625 0.16603245 0.3942781625 0.16646800625 0.40677882500000007 0.171875 0.417048971875 0.171875 0.423620228125 0.17057391718749998 0.4296875 0.155820484375 0.4296875 0.1517569265625 0.4136828828125 0.1404101578125 0.391915903125 0.1104549015625 0.3427021125 0.0938413203125 0.31936524374999997 0.10624373125 0.313613109375 0.13625060625000002 0.32319190781249996 0.1477839265625
11 0.11206859843750001 0.23121098281250002 0.10724453281249999 0.242709215625 0.1317625328125 0.258313359375 0.1442008078125 0.2754306484375 0.1964200203125 0.296875 0.20915271406249997 0.296875 0.2335497734375 0.29451519843749996 0.24375 0.27624004062499996 0.24375 0.2646736609375 0.24208907812499997 0.2568022359375 0.23176000000000002 0.24918285468749998 0.1800091328125 0.23897071250000002 0.1637471640625 0.22813306875 0.1253987890625 0.22317460156250002 0.11206859843750001 0.23121098281250002
11 0.29040519531250003 0.12028182812499999 0.26324463124999997 0.1389638875 0.25263525 0.2216438109375 0.25556703125 0.24051783750000003 0.26332287499999996 0.2478936296875 0.273079465625 0.24483224531249997 0.28809759218750003 0.25 0.289528509375 0.25 0.30417218125 0.239805628125 0.30770963125 0.22818560156249998 0.31875 0.164540925 0.31875 0.15188798750000002 0.30866790625 0.1206822984375 0.31027395 0.0849696609375 0.3022680109375 0.07889851249999999 0.28607834374999996 0.08135092656250001 0.2964435734375 0.0956153359375 0.29040519531250003 0.12028182812499999
11 0.1778837265625 0 0.1772190984375 0.03346241875 0.1847610046875 0.048787884375 0.1907583125 0.0515625 0.20147435156250001 0.0515625 0.20920670000000002 0.0511019703125 0.2171403359375 0.0438830609375 0.22142806249999997 0.0283490921875 0.23039821875 0.0225566234375 0.23086225312500003 0.0133023 0.2211961390625 0 0.1778837265625 0
11 0.3169940359375 0.1721899875 0.31141969375 0.187602159375 0.31306485624999997 0.2063543921875 0.32289374843749996 0.2165830640625 0.34219298125000003 0.2184099765625 0.3550229859375 0.2129828875 0.3707823078125 0.21875 0.3792252453125 0.21875 0.40798816718750003 0.21002676562499997 0.4140625 0.1952561609375 0.4140625 0.191269509375 0.382825371875 0.1704518078125 0.3725324484375 0.16947745625 0.36638561406250003 0.1742088640625 0.3542335859375 0.16243195625 0.3308244125 0.1615443125 0.3169940359375 0.1721899875
11 0.3268856328125 0.21697596406250003 0.305657959375 0.238876284375 0.3059442046875 0.2442166640625 0.336145003125 0.2643437171875 0.3662735015625 0.2711807125 0.388126221875 0.284375 0.396247021875 0.284375 0.4113412 0.28208853125 0.415625 0.275394525 0.415625 0.2714956171875 0.4086595125 0.261909859375 0.39525701875 0.25665618437500004 0.373990225 0.224091634375 0.3592649609375 0.2120711375 0.341038403125 0.21831569687500002 0.3268856328125 0.21697596406250003
11 0.2455472734375 0.2692325296875 0.233862246875 0.2960211421875 0.21073931875000002 0.3004738765625 0.21467146874999998 0.314129315625 0.20902779218749998 0.364071275 0.21469836562500003 0.371875 0.2234760078125 0.371875 0.2329733015625 0.36899465781249996 0.2521972625 0.3097116671875 0.2640625 0.25428035625 0.2640625 0.25048190625 0.2569822046875 0.2437485625 0.25272765937499997 0.21810771562500003 0.2208846640625 0.22704827500000002 0.22249367812499998 0.239155478125 0.239542075 0.252724209375 0.2455472734375 0.2692325296875
11 0.40174571875 0 0.3976109109375 0.0047891546875 0.3212727078125 0.01350265625 0.3344612609375 0.026706006249999997 0.3535617640625 0.0296875 0.3572673515625 0.0296875 0.3840667796875 0.0207752109375 0.4293484171875 0.023733353125000002 0.47044781249999995 0.014340706249999998 0.475 0.00800336875 0.475 0 0.40174571875 0
11 0.2327303109375 0.15715217812499999 0.278117434375 0.1322255609375 0.2924479953125 0.11897059375 0.2953125 0.099090946875 0.2953125 0.090375015625 0.2798651125 0.0752731921875 0.2559557546875 0.0769948390625 0.2086040390625 0.1190036578125 0.2034646625 0.159375 0.20707500625000003 0.159375 0.2327303109375 0.15715217812499999
11 0.18364671562499998 0.2328125 0.190126175 0.2328125 0.22007537500000002 0.22667062031250002 0.2559560046875 0.203500740625 0.259375 0.17056967812499998 0.259375 0.15598513281249998 0.25695340624999996 0.150462309375 0.2322937671875 0.1560978984375 0.2126028046875 0.176815365625 0.1947709453125 0.20833539218750002 0.1771168765625 0.2252607109375 0.18364671562499998 0.2328125
11 0.04353539375 0 0.012394681250000001 0.01223551875 0 0.010343534375000001 0 0.062433840625 0.0018546328125000002 0.06038565781250001 0.0650765859375 0.0517588609375 0.065625 0.0463388171875 0.065625 0.0360253828125 0.0541027171875 0.0201686609375 0.0631526140625 0 0.04353539375 0
11 0.0643562828125 0 0.060721407812499996 0.001781115625 0.0541105421875 0.0157668453125 0.055969646875 0.0265694015625 0.07126739843749999 0.0492706625 0.08774330625 0.05215863281250001 0.12303185624999999 0.0859375 0.132401478125 0.0859375 0.1389578359375 0.0583350390625 0.1372042171875 0.0196477234375 0.1175785125 0 0.0643562828125 0
17 0.9484375 0.4 0.9484375 0.35141394375 0.9404131906250001 0.3251309234375 0.935123753125 0.2868337984375 0.9192545109375001 0.27519483125 0.745617075 0.28335977031250004 0.7345796296875 0.285025771875 0.72684460625 0.2912055515625 0.7085684234375 0.359123371875 0.7046875 0.3939648046875 0.7046875 0.3952253796875 0.7057660859375 0.4 0.9484375 0.4
17 0.4890625 0.4 0.7032091375 0.4 0.6967643203125 0.3760401671875 0.6439552875000001 0.252690378125 0.6307128343749999 0.2421875 0.62749408125 0.2421875 0.509859696875 0.261903971875 0.4890625 0.26773465937499996 0.4890625 0.4
9 0.1801507859375 1 0.1805331203125 0.9988477781250001 0.197039696875 0.97771241875 0.2070601671875 0.9614000921875 0.21587064687500002 0.9549589718749999 0.2316469875 0.9500299125 0.25466204375 0.937291475 0.271832890625 0.9249277812500001 0.28399321718750004 0.9045607921875 0.31572983906249996 0.8648203328124999 0.3239940265625 0.8447031718750001 0.3438800859375 0.8164955765624999 0.37566814375 0.7645097921875 0.378125 0.7571977265625 0.378125 0.753667103125 0.3754612515625 0.7488532625 0.35681424375000004 0.7417243703125 0.33196125625 0.7237307515625 0.2993159921875 0.7062367890625 0.2861072484375 0.693372690625 0.2682475953125 0.6828125 0.26751527343750003 0.6828125 0.2657408609375 0.6829262796875 0.240438334375 0.6977701187500001 0.22483925 0.7115020718749999 0.20754315937499998 0.7351364609375001 0.172301809375 0.7932198515625 0.145265946875 0.849797728125 0.1422482390625 0.8681094296874999 0.1416807234375 0.9058512624999999 0.13863337656250002 0.91730933125 0.11750042187500001 0.95490081875 0.11299928906250001 0.9600862515624999 0.10441749687499999 0.9630849390625 0.0985291203125 0.9693386859374999 0.093910009375 0.9794284953125001 0.09524581875 0.99060550625 0.0872617546875 0.9950349078125 0.0882660609375 1 0.1801507859375 1
9 0.4890625 0.6951807671875001 0.4836775796875 0.6858514265625001 0.4754055515625 0.68001599375 0.46886017031250005 0.67113175625 0.456049528125 0.637675525 0.45103900625 0.62967223125 0.42317499999999997 0.5913050796875 0.4079812828125 0.57807858125 0.395488246875 0.5617408218750001 0.3584374546875 0.5313079625 0.345560846875 0.5228296968749999 0.339126175 0.515407403125 0.309742415625 0.49574558281250003 0.305027125 0.49164080625000006 0.304097259375 0.485824259375 0.282719934375 0.474952990625 0.275813353125 0.48714820000000003 0.276706315625 0.4924774328125 0.2813774359375 0.502461215625 0.2920403796875 0.5140195109375 0.308791328125 0.541346909375 0.3165545421875 0.5663125328125 0.318399740625 0.5906782671874999 0.31376609843750003 0.6135007171875 0.3064390421875 0.6330681046875 0.288014034375 0.6611820140625 0.274850034375 0.6747578234375 0.2738687359375 0.6811866015625 0.276333459375 0.6878840937499999 0.2926560921875 0.6966310734375 0.321021646875 0.72223435625 0.35220585937500004 0.739822003125 0.364337121875 0.7449202968749999 0.41867674218750006 0.758085084375 0.42934695312500004 0.7632770625 0.4763226109375 0.795521925 0.48223336093749997 0.80248813125 0.48274275 0.81567685625 0.4890625 0.8191292578125001 0.4890625 0.6951807671875001
9 0 0.9428534140625 0.010182910937500001 0.9487666546875001 0.0228326390625 0.953125 0.0413051484375 0.953125 0.054427674999999995 0.9449502296875 0.0679310765625 0.9293939328124999 0.0918385171875 0.8896658140625 0.11317052187500001 0.8417782578124999 0.115625 0.8315745812500002 0.115625 0.8176623875000001 0.11391529062500001 0.81283931875 0.107517525 0.8059043406249999 0.06551548593749999 0.78117545625 0.038633354687499996 0.7686984421874999 0.0108582625 0.7508921953125001 0 0.746410678125 0 0.9428534140625
9 0.1423664046875 0.7473292218750001 0.135991009375 0.7536141953125 0.10233595625 0.8003332078125001 0.112548790625 0.8124100484374999 0.11365590625 0.8270294890625 0.1058714734375 0.8534817406249999 0.0899111875 0.888293140625 0.062852953125 0.9316510625 0.047512196875 0.94879421875 0.0396388453125 0.954685565625 0.0419190515625 0.9589464843750001 0.0529583015625 0.9690116078125002 0.07081579375 0.9786395328124999 0.082932059375 0.9796875 0.08768223281250001 0.9796875 0.0917575390625 0.9772967062500001 0.117524709375 0.9492016843750001 0.11962766093749999 0.9446597078125001 0.125250440625 0.9413610765625 0.132644040625 0.9291346390624999 0.139971096875 0.9095672515625001 0.14479595 0.850496140625 0.157716153125 0.8207764890625 0.1875 0.7655230062499999 0.1875 0.7617341484375 0.185283203125 0.758288378125 0.17985220625 0.7576572640625 0.1776458078125 0.7543709734374999 0.16802344062500002 0.7500911703125 0.15558967968749998 0.7474606796875 0.1423664046875 0.7473292218750001
0 0.4890625 0.758017575 0.51632811875 0.8060988640625 0.5252438374999999 0.8185791531250001 0.5328470765625 0.8344651625000001 0.55081568125 0.862374346875 0.578098040625 0.8797007546875001 0.5912123484375 0.88125 0.6023500203125 0.88125 0.614796353125 0.8781014546874999 0.6379099625 0.8585131515625001 0.6431827343750001 0.8453817015624999 0.6438322453125 0.8277244078125001 0.6453125 0.8255416890625 0.6453125 0.8189822187499999 0.6284079078125 0.7807293843750001 0.6042171234375 0.73500276875 0.5921614 0.7077222796875 0.5778801125 0.685298934375 0.570734090625 0.679241596875 0.5627435671875001 0.6761099828124999 0.5391606296875 0.6750695125 0.524104775 0.6781549640625 0.5039697890625 0.6879946625000001 0.4890625 0.7008901046875 0.4890625 0.758017575
0 0.4890625 0.6401171703124999 0.52319979375 0.652231921875 0.54179504375 0.6619923765625 0.5697618796875 0.6729530234375 0.5861208125 0.6978792890625 0.6011444046875 0.725719840625 0.6107674624999999 0.7323258046875 0.6138318140625 0.7328125 0.6260447250000001 0.7328125 0.6361537125 0.729971990625 0.6475451125 0.7218921390624999 0.6620294437500001 0.7065208484375 0.6705551703125 0.689538 0.671875 0.6837319296875 0.671875 0.6680287500000001 0.6680646765625 0.657080503125 0.6608043484375 0.6485659984375 0.6422319578125 0.6392969781250001 0.626421690625 0.6261651203125 0.614550209375 0.6239248671875 0.6124039796874999 0.6199476453124999 0.592552728125 0.6042671109375 0.5708524421875 0.5909979937500001 0.55484853125 0.5842433312499999 0.538102315625 0.572071465625 0.5179095 0.57012819375 0.5053992640625 0.5752365703125 0.4890625 0.5848675078125 0.4890625 0.6401171703124999
0 0.4890625 0.5866449046875 0.49368213125000004 0.5844841234375 0.5793348171874999 0.5285538421875 0.5940020359375 0.517114021875 0.5980537734375 0.509354028125 0.5984375 0.5066396796875 0.5984375 0.49729409062499996 0.5944444421874999 0.47392505468749996 0.5842041390625 0.4540503828125 0.5637020234375 0.4349183765625 0.5456433296875 0.42615222812500003 0.532436509375 0.4268262625 0.5070623671875001 0.439980178125 0.5005107328125 0.4467001125 0.4890625 0.4511001796875 0.4890625 0.5866449046875
0 0.5242012640625 0.4 0.5271109546874999 0.41280930937499993 0.5325908312500001 0.42520953125 0.548388990625 0.4275412875 0.5558886796875 0.4306614640625 0.5710709484375001 0.440833284375 0.5859909890624999 0.4559080015625 0.594589778125 0.4578125 0.599879790625 0.4578125 0.6456886078124999 0.43226323125 0.664407565625 0.41306341562500004 0.6689272765625 0.404823428125 0.6693257109374999 0.4 0.5242012640625 0.4
0 0.4890625 0.83078079375 0.5041639890625 0.8438576093750001 0.517383484375 0.846875 0.533030640625 0.846875 0.5375 0.8457721703125 0.5375 0.8406997078125 0.4890625 0.7570231453125 0.4890625 0.83078079375
0 0.64146508125 0.443990025 0.635484971875 0.4629958 0.6364679953125 0.484127446875 0.6542671703125 0.5400140296875 0.6637880296875001 0.554962925 0.6670720875 0.55625 0.6751056 0.55625 0.6794261640625 0.5538546484375 0.690634675 0.5418433281249999 0.7010901281249999 0.5347234640625 0.7178000250000001 0.514495028125 0.7265625 0.50822405625 0.7265625 0.49956306250000004 0.7221462484375 0.4709061359375 0.7015634453125 0.4394997265625 0.6850337296875 0.4214420921875 0.6674551171875 0.4229960484375 0.6526278718749999 0.4309958359375 0.64146508125 0.443990025
0 0.5886391765625 0.5227612171875 0.5419547375 0.5521091499999999 0.533884875 0.557811903125 0.5316135890625 0.5616861796875 0.535506653125 0.5715949218749999 0.5486341375 0.5797552546875 0.5528580109375 0.586235396875 0.5714989828125 0.59697871875 0.5799574796875 0.5996303375 0.59168104375 0.6092306562500001 0.6093403453125 0.6199510984375 0.614403928125 0.6265625 0.6207423390625 0.6265625 0.627193290625 0.624294346875 0.63811671875 0.6166944859375001 0.647339028125 0.6041459781249999 0.6484375 0.5979168703125 0.6484375 0.5939707859375 0.6431823875 0.5780313671874999 0.63578489375 0.5665682578125 0.6143562328125001 0.51697880625 0.6082376046875 0.5119272109375 0.5978614875 0.5102127078125 0.5886391765625 0.5227612171875