15 0.10460912343749999 0.4 0 0.228921465625 0 0.26036148593749997 0.017581973437500002 0.2898974890625 0.0867155828125 0.4 0.10460912343749999 0.4
15 0.119224415625 0.4 0.11885490624999999 0.3951303359375 0 0.2007532140625 0 0.22685831250000002 0.10550204999999999 0.4 0.119224415625 0.4
15 0.1596588765625 0.4 0.06641122968749999 0.2456275640625 0 0.135393190625 0 0.16421593437499998 0.139900890625 0.4 0.1596588765625 0.4
15 0.03076355625 0 0.06121415625 0.23847798281250002 0.0858905125 0.2703125 0.0859375 0.2703125 0.0859375 0.26759794062500003 0.048231974999999996 0 0.03076355625 0
15 0.050257128124999995 0 0.08577670625 0.27210283281250003 0.10625 0.3094091296875 0.10625 0.30164264375 0.066031640625 0 0.050257128124999995 0
15 0.092106625 0 0.11528611875000001 0.3221023390625 0.1359375 0.3572978859375 0.1359375 0.3565632640625 0.11584618124999999 0.1106021734375 0.10632572656249999 0.029796328125 0.10092278125000001 0 0.092106625 0
15 0.1004489421875 0 0.162812825 0.3875 0.165347975 0.3875 0.1765625 0.379728921875 0.1765625 0.3721773609375 0.11836248437500001 0 0.1004489421875 0
15 0.12409060624999999 0 0.30402067499999996 0.4 0.3202979765625 0.4 0.1414518796875 0 0.12409060624999999 0
11 0.143894640625 0 0.1462860734375 0.004986760937499999 0.1577074375 0.031706915625 0.1694217015625 0.058967712500000005 0.1805502359375 0.0809522265625 0.196898778125 0.11505387812500001 0.209987496875 0.1386354046875 0.23706425156250002 0.20625 0.240137034375 0.20625 0.25265282031249997 0.2009353359375 0.270548003125 0.1949647578125 0.279725 0.180267996875 0.276513065625 0.1637341484375 0.2733010609375 0.14949662187499999 0.2658327078125 0.1395087796875 0.2783484359375 0.126073625 0.2921139296875 0.10586557031249999 0.31597410312499996 0.07830911874999999 0.32010379375000003 0.0571824921875 0.30335373125 0.04256268125 0.3118444828125 0.0317795078125 0.32010379375000003 0.0212161859375 0.3373843453125 0.006753803125000001 0.3452884484375 0 0.143894640625 0
3 0.4796875 0 0.4796875 0.1895716921875 0.47974950468750005 0.18953372968749999 0.48421378906249996 0.18506944375 0.4874379953125 0.17390872968749999 0.49066220156250007 0.16944444375 0.5077752984374999 0.160515871875 0.5167038703125 0.1548115078125 0.5216641859375 0.150347221875 0.5405133921874999 0.12604166562500002 0.5472098203125 0.122817459375 0.5682911703125 0.11934523749999999 0.571019346875 0.1176091265625 0.571875 0.11561260312499999 0.571875 0.11180173281250001 0.5692832359375 0.10223214218750001 0.5598586328125 0.081646825 0.5556423609375 0.0747023796875 0.5479538703125 0.0680059515625 0.5447296640625 0.063045634375 0.5350570453125 0.0372519828125 0.5283606140625 0.0238591265625 0.5174479171875 0.0072420625 0.5117501171875001 0 0.4796875 0
3 0.9173859125 0.4 0.92606646875 0.3853670640625 0.9357390875 0.36056547656250004 0.9421875 0.3382440484375 0.946875 0.328869046875 0.946875 0.09990079375000001 0.9464037703125001 0.09990079375000001 0.9431795624999999 0.10089285781249999 0.93350694375 0.10089285781249999 0.9154017859374999 0.103125 0.8744791656249999 0.10610119062500001 0.8496775796874999 0.105853175 0.8414930546875 0.10411706406250001 0.8283482140625 0.10411706406250001 0.8147073406249999 0.11031746093749999 0.80751488125 0.11478174687500001 0.78544146875 0.12247023906250001 0.764112103125 0.1286706359375 0.7437748015625 0.131646825 0.7407986109375 0.13313492031250002 0.7383184515625001 0.13685515937499998 0.7398065468749999 0.14975198437499998 0.7467509921875 0.17802579375 0.7534474203125 0.190674603125 0.7584077375 0.2102678578125 0.761879959375 0.21498015937499998 0.7653521828125001 0.21522817500000002 0.7727926578125001 0.2134920640625 0.8199156750000001 0.197123015625 0.8290922609375 0.19588293750000002 0.8328125 0.19737103125 0.8350446421875001 0.199851190625 0.8377728171874999 0.20580357187499998 0.842237103125 0.22118055625 0.8536458328125001 0.252182540625 0.8722470234374999 0.3077380953125 0.9067212296874999 0.392807540625 0.9105067343750001 0.4 0.9173859125 0.4
14 0.9099063749999999 0.4 0.895163690625 0.361954365625 0.87333829375 0.3101190484375 0.8371279765625002 0.20421627031249998 0.8343998015625 0.1982638890625 0.832167659375 0.19578373124999998 0.8254712296875001 0.1950396828125 0.8160466265625 0.197023809375 0.760491071875 0.218105159375 0.73271329375 0.22554563593750002 0.7272569453125 0.2292658734375 0.7007192468750001 0.3049107140625 0.68955853125 0.34260912656250003 0.6890625 0.350049603125 0.6935267859375001 0.36493055625 0.7076268718750001 0.4 0.9099063749999999 0.4
14 0.4796875 0.2277245265625 0.48690476250000003 0.2264508921875 0.4881448421875 0.22769097187499998 0.49136904843749996 0.249268353125 0.49384920625 0.2552207328125 0.495833334375 0.25646081249999997 0.50203373125 0.2581969234375 0.5109623015625 0.25869295625 0.5327876984375 0.262661209375 0.54717261875 0.262165178125 0.5585813500000001 0.26290922499999997 0.5630456359375 0.264893353125 0.56279761875 0.28721478125 0.5595734125 0.3144965265625 0.5598214296874999 0.3206969234375 0.5623015875 0.324665178125 0.602480159375 0.3388020828125 0.6324900796875 0.3516989078125 0.6486111109375 0.356411209375 0.653075396875 0.35913938437500004 0.6710637046875 0.3640625 0.682735840625 0.3640625 0.6838293656250001 0.362859621875 0.6917658734375 0.3363219234375 0.6947420640624999 0.3296254953125 0.703174603125 0.30011160625 0.7254960328125 0.23661954375 0.7307043656250001 0.21380208281250002 0.7359375 0.1995679578125 0.7359375 0.196532103125 0.7262400796875 0.1924727171875 0.7153273812500001 0.190240575 0.6920138890625 0.1828000984375 0.630505953125 0.15849454375 0.568005953125 0.1386532734375 0.5476686515625 0.130716765625 0.53700396875 0.1289806546875 0.5325396828125 0.131212796875 0.5268353171875 0.14162946406250002 0.514682540625 0.1542782734375 0.5072420640625 0.15948660625 0.489880953125 0.16866319375 0.48640873124999995 0.1726314484375 0.4796875 0.1988762546875 0.4796875 0.2277245265625
14 0.4796875 0.4 0.5492251578125 0.4 0.5521825390624999 0.37053571406249997 0.555406746875 0.3514384921875 0.5568948406249999 0.3353174609375 0.5601190484374999 0.31944444375000003 0.562847221875 0.28993055624999997 0.5640625 0.2830439828125 0.5640625 0.26316255625 0.5635912703125 0.26215277812500004 0.5621031750000001 0.2614087296875 0.5308531750000001 0.2609126984375 0.5174603171875 0.2581845234375 0.5018353171875 0.2564484125 0.4796875 0.2557721421875 0.4796875 0.4
14 0.6746566546875 0 0.6778025796875 0.00559275625 0.6844990078125 0.0142733125 0.6931795640624999 0.015017359375 0.7050843265625 0.0130332328125 0.7078125 0.013529265625 0.729141865625 0.036098709374999996 0.7415426593750001 0.053211804687499996 0.7489831359375 0.060652281249999995 0.76708829375 0.0688368046875 0.7864335328125 0.08024553437500001 0.7966021828125001 0.08743799687500001 0.8085069453125 0.0933903765625 0.814211309375 0.0946304546875 0.8310763890625001 0.10331101093749999 0.8514393874999999 0.10625 0.8678978859375001 0.10625 0.8703125 0.10512318125 0.8703125 0.100750721875 0.8675347234374999 0.09562251875 0.8648065484374999 0.08743799687500001 0.8462053578125 0.048499503124999996 0.835788690625 0.020721725 0.8315724218749999 0.014521328125 0.8305803578125 0.002120534375 0.831085246875 0 0.6746566546875 0
11 0.19082341249999998 0.5718501984375 0.16974206249999998 0.589211309375 0.1548611109375 0.614012896875 0.1375 0.636334325 0.1337797609375 0.6710565468749999 0.13253968124999999 0.6995783734375 0.1486607140625 0.7281001984375 0.163541665625 0.745461309375 0.18214285624999998 0.8012648812500001 0.1871031734375 0.83350694375 0.20446428437500003 0.8682291671875 0.21981150781249997 0.8859375 0.22371031718749998 0.8859375 0.221825396875 0.88311011875 0.2528273796875 0.85458829375 0.2689484125 0.819866071875 0.2974702375 0.7888640875 0.3210317453125 0.745461309375 0.3470734125 0.74298115 0.365625 0.7116753453125 0.365625 0.7038244109375 0.360714284375 0.6822172625 0.35327380937499997 0.6474950390625 0.35575396718749996 0.6164930546875 0.33839285625 0.5929315468749999 0.33467261875 0.558209325 0.3235119046875 0.548288690625 0.3173115078125 0.50860615 0.304398146875 0.5015625 0.303273809375 0.5015625 0.2838293640625 0.52100694375 0.2639880953125 0.5222470234375 0.23174603125 0.535887896875 0.2193452375 0.54580853125 0.200744046875 0.54580853125 0.19082341249999998 0.5718501984375
11 0 0.9085920765625 0.0257769015625 0.9159569078124999 0.039417775 0.93331801875 0.046858251562499995 0.9481989687500001 0.06669952031250001 0.9668001593749999 0.10266182187499999 0.9605997625 0.1324237265625 0.951919209375 0.15846539375 0.9357981750000001 0.1783066640625 0.9184370640624999 0.1993880125 0.9122366671875 0.21922928281249998 0.9345580953125001 0.2539515046875 0.9370382546875 0.27255269531250004 0.970520396875 0.2886737265625 0.9878815109375001 0.3035546796875 0.9792009531249999 0.3196757109375 0.9668001593749999 0.345717378125 0.9804410328125 0.37175904531250004 0.9903616671875 0.39656063124999996 0.9903616671875 0.42759978125 0.9921875 0.438668803125 0.9921875 0.436243171875 0.9630799218749999 0.42260229843749997 0.9370382546875 0.4288026953125 0.89859579375 0.4188820609375 0.8874350796874999 0.4350030921875 0.86635373125 0.43252293281250004 0.8415521437500001 0.430042775 0.8179906359375 0.44375 0.8077102171874999 0.44375 0.8036021734375 0.4350030921875 0.7795481750000001 0.43376301249999993 0.72374460625 0.42136221875 0.7014231750000001 0.41392174375 0.6518200000000001 0.40896142500000005 0.6059370640624999 0.4126816640625 0.522851746875 0.3878800765625 0.506730715625 0.3841598390625 0.51665135 0.37299912343749997 0.50797079375 0.3655586484375 0.522851746875 0.3556380125 0.494329921875 0.3382769015625 0.47076841406250003 0.3097550765625 0.448446984375 0.2750328546875 0.44472674687499997 0.239070553125 0.44720690625000004 0.22294952031249998 0.44348666718749996 0.2031082515625 0.42612555625 0.2043483296875 0.41248468281250006 0.193187615625 0.41248468281250006 0.1758265046875 0.42984579375000004 0.1721062671875 0.4422465875 0.14482452031249998 0.42488547656250003 0.12498325156250001 0.441006509375 0.115062615625 0.4348061125 0.09150110781250001 0.43604619062500005 0.061739203124999996 0.4211652390625 0.02701698125 0.4112446046875 0 0.40812725937499994 0 0.5110687374999999 0.0034554734375 0.519131509375 0.014616187499999999 0.5426930171875 0.0034554734375 0.551373571875 0 0.55211403125 0 0.7039681765625 0.020816584375 0.717544209375 0.017096346875 0.728704921875 0.0034554734375 0.736145396875 0 0.7365600531250001 0 0.9085920765625
12 0.6564132468749999 0.4 0.64833984375 0.41865234375 0.64443359375 0.43623046875 0.621484375 0.6271484375 0.63076171875 0.67939453125 0.63369140625 0.70234375 0.633203125 0.7140625 0.63515625 0.71943359375 0.66640625 0.73408203125 0.69375 0.74091796875 0.70771484375 0.7421875 0.770777803125 0.7421875 0.79677734375 0.73505859375 0.8138671875 0.7267578125 0.82314453125 0.71845703125 0.8296875 0.7036263015625 0.8296875 0.65966796875 0.8265625 0.63740234375 0.82412109375 0.55634765625 0.82265625 0.450390625 0.824609375 0.43330078125 0.820703125 0.41767578125 0.8134467515624999 0.4 0.6564132468749999 0.4
12 0.4796875 1 0.5755859375 1 0.5751953125 0.98671875 0.56787109375 0.96376953125 0.56982421875 0.92080078125 0.57470703125 0.9017578125 0.58203125 0.88369140625 0.603515625 0.84853515625 0.6201171875 0.80849609375 0.6279296875 0.7728515625 0.6318359375 0.734765625 0.6375 0.7102213546874999 0.6375 0.6938299000000001 0.6162109375 0.59609375 0.60107421875 0.50087890625 0.59228515625 0.47158203125 0.5771484375 0.4486328125 0.5576171875 0.43349609375 0.529296875 0.422265625 0.50341796875 0.42080078125 0.4796875 0.4234375 0.4796875 1
7 0.5095005578125 0.4 0.51435546875 0.40283203125 0.52314453125 0.41943359375 0.54951171875 0.42724609375 0.58076171875 0.44775390625 0.59248046875 0.45751953125 0.5958984375 0.4609375 0.5974964484375 0.4609375 0.6203125 0.45089843749999997 0.6203125 0.4475911453125 0.61787109375 0.43212890625 0.60908203125 0.42431640625 0.6068714484375001 0.4 0.58857421875 0.4 0.58857421875 0.41357421875 0.57978515625 0.41064453125 0.57765625 0.4 0.5095005578125 0.4