5 0 0.5 0.0729302671875 0.5 0.109375 0.30735831875 0.109375 0.2200572234375 0.0751656203125 0.18948757656249998 0.04335565625 0.1703125 0 0.1703125 0 0.5
5 0.2578085421875 0.5 0.2692241921875 0.46372223124999995 0.22820723437499998 0.44929363125000005 0.19866895 0.4320069078125 0.16750702343749999 0.425886296875 0.1638694796875 0.423171221875 0.16149212968749999 0.3918799703125 0.11043841406249999 0.360438353125 0.0986967546875 0.35625 0.0929077640625 0.35625 0.0658017296875 0.4775617484375 0.06264565625 0.5 0.2578085421875 0.5
5 0 0.1655796921875 0.0023206265625 0.16570435625 0.0258252234375 0.17527980781250002 0.058948926562500004 0.1976200890625 0.1060402703125 0.23972398906249998 0.1098379984375 0.26539695 0.10059620312499999 0.3149098078125 0.10376097656250001 0.336303940625 0.1238390890625 0.3376478421875 0.13822667500000002 0.3453185890625 0.170979134375 0.3502174609375 0.214507075 0.3458348234375 0.2590392140625 0.3631724203125 0.2861585546875 0.36875 0.334375 0.36875 0.334375 0.3296538015625 0.31051565625 0.293068271875 0.250509578125 0.223386703125 0.1335982375 0.2169735421875 0.12445384374999999 0.207417834375 0.127192603125 0.1960685640625 0.11778043593750001 0.15483915937499998 0.0626310515625 0.147852778125 0.0297806515625 0.1296875 0 0.1296875 0 0.1655796921875
5 0.0928961234375 0 0.0439777734375 0.073575128125 0.028548567187500002 0.112688828125 0.028763325 0.129365553125 0.0674452015625 0.1502019796875 0.09547177343749999 0.15149793281249999 0.2756947390625 0.18082731875 0.42478320468749997 0.21044865000000001 0.5067674359375001 0.2380493296875 0.5135839062499999 0.2390625 0.5375 0.2390625 0.5375 0.162520753125 0.52543038125 0.14497218437499998 0.4617961359375 0.0677867234375 0.376413846875 0 0.0928961234375 0
5 0.14824164687500002 0.2265625 0.242877025 0.2265625 0.2908480046875 0.220915634375 0.3421875 0.201506565625 0.3421875 0.1989931546875 0.223109175 0.1703119046875 0.13886754375000002 0.155701065625 0.125120190625 0.157859146875 0.12347585000000001 0.20710725624999998 0.1292816046875 0.2251238046875 0.14824164687500002 0.2265625
5 0.5796875 0 0.3430154109375 0 0.38763157812500004 0.029060021874999998 0.44266619062499996 0.0743538984375 0.4809818578125 0.121875 0.498641146875 0.121875 0.5619018421875001 0.06282313125 0.5796875 0.038907621875 0.5796875 0
5 0.5796875 0.5 0.5796875 0.42692405625 0.52598043125 0.376816609375 0.475326240625 0.34034295625 0.388362009375 0.29375 0.3592883078125 0.29375 0.336058396875 0.3251062234375 0.3395693140625 0.356610784375 0.3347977359375 0.36175714375 0.309012353125 0.366791215625 0.2948833671875 0.39104048593749996 0.25400368906250004 0.49670299531250006 0.2546656515625 0.5 0.5796875 0.5
5 0.5796875 0.264172715625 0.5793547625000001 0.26357459375 0.550545653125 0.224551175 0.542364384375 0.22135398281250002 0.5257405765625001 0.22837273749999998 0.415839078125 0.1984375 0.35121963906250003 0.1984375 0.2984375 0.2798828953125 0.2984375 0.28802558437500003 0.29921082499999996 0.2933617515625 0.324021959375 0.335229928125 0.32741537656249997 0.335821534375 0.3617900953125 0.29152139843749997 0.3716544046875 0.29111607500000003 0.42153188437500005 0.3157495546875 0.508661015625 0.3691905125 0.5469911484375001 0.3978318359375 0.5796875 0.42693452656249997 0.5796875 0.264172715625
5 0.1648958265625 0.36675993125 0.16058031875 0.4256746921875 0.1984626359375 0.43392427187499993 0.23155987812499998 0.4536916546875 0.26131284843749997 0.4625 0.26873220625 0.4625 0.2779840015625 0.4466142234375 0.2890625 0.4141272671875 0.2890625 0.40183010937499997 0.2839727984375 0.3917596875 0.2567424734375 0.367861396875 0.21806066875000002 0.34678773125 0.1988876859375 0.3410800359375 0.18035964531249998 0.34714115625 0.1648958265625 0.36675993125
12 0.5796875 0.5 0.838901121875 0.5 0.837752715625 0.4974374984375 0.819796709375 0.47304236875 0.8119460390625001 0.45849258125 0.7805499921875001 0.38517676875 0.76106599375 0.352189678125 0.7508577984375 0.3303558921875 0.7201933953124999 0.27345561093750004 0.7060565453125001 0.2519052609375 0.7024217593750001 0.2484375 0.6287998265625 0.2484375 0.5796875 0.274888615625 0.5796875 0.5
12 0.8964058015624999 0.5 0.9046875 0.2639772359375 0.9046875 0.214619903125 0.8695952874999999 0.2194733921875 0.84385538125 0.2247602453125 0.8235281859375 0.2302726484375 0.8023543343749999 0.2378450828125 0.7786945984375 0.250055946875 0.7627621625 0.26273585 0.751494959375 0.2748749625 0.7478862078125 0.282088803125 0.7455593265625 0.2895521125 0.74375 0.30375224218749997 0.74375 0.34869052031250003 0.7443651453125 0.3530110875 0.7559552734375 0.37580727187499996 0.7647988828125 0.3886006140625 0.77224669375 0.3970348921875 0.7826836265624999 0.430627175 0.7972005859375 0.4582873421875 0.8091480624999999 0.4782556578125 0.8223684015625 0.4987303859375 0.8237648953125 0.5 0.8964058015624999 0.5
12 0.600018740625 0 0.5902118140625 0.009587093750000001 0.5796875 0.023132771875 0.5796875 0.172249609375 0.5896894765625 0.17505264843749999 0.6082011046875 0.1833487625 0.6278999703125 0.1950522359375 0.6449051640625 0.209135221875 0.66027044375 0.22532891562500001 0.6730150125 0.2418005859375 0.680366434375 0.255677425 0.685935078125 0.2625 0.7474193796875 0.2625 0.754362378125 0.260234540625 0.761298434375 0.2559917296875 0.7715690421875 0.245951346875 0.788180428125 0.23377275000000003 0.79046121875 0.2282439859375 0.7921318109375 0.217728653125 0.7985521859375 0.19825580468749998 0.8139133281250001 0.16192174374999999 0.821763859375 0.1463801109375 0.8289370343750001 0.1353072984375 0.83847888125 0.1236953484375 0.850100884375 0.112333865625 0.8515625 0.11119094843749999 0.8515625 0.057319829687500004 0.84639243125 0.0461705671875 0.8372493734375 0.0312536578125 0.8240007265625 0.014259659375 0.8095562296875001 0 0.600018740625 0
10 0.2080977328125 0.5 0.206724296875 0.5213327125 0.231246240625 0.54174978125 0.2363751796875 0.564743571875 0.24308554375 0.58183926875 0.2619341734375 0.6157157468750001 0.27780671562500003 0.6375 0.2885017296875 0.6375 0.36439579843750003 0.5827848375 0.4006481296875 0.5703225078124999 0.403196975 0.5680632328125 0.403212140625 0.558495078125 0.405876109375 0.5544476281249999 0.428086584375 0.545439225 0.45884943125 0.5249157703125 0.47748205625000006 0.5061517859375 0.48059684999999996 0.5 0.2080977328125 0.5
5 0.4851321046875 0.676021890625 0.48322837031250004 0.6871121062500001 0.4718729375 0.6882884687499999 0.46609293906250004 0.69505483125 0.4623762828125 0.706639703125 0.463066715625 0.71433135625 0.46627547968750005 0.7197983171875 0.46593423593749994 0.7250807187499999 0.4695749546875 0.728125 0.486919025 0.728125 0.4877121921875 0.727979634375 0.49874136562500004 0.7226639765625 0.51875 0.69480318125 0.51875 0.64758418125 0.5168766859375 0.644104675 0.5086312546875 0.6430871046875 0.5018954171875001 0.646270346875 0.483485834375 0.6647471109375 0.48255292499999997 0.6699987546875 0.4851321046875 0.676021890625
9 0.45809348749999995 1 0.4703125 0.994004578125 0.4703125 0.9815747171875 0.452598746875 0.9853332265624999 0.4518347109375 0.978674515625 0.444959284375 0.9656738859375 0.42080915625 0.9637858406250001 0.41115014843750003 0.9386041859375001 0.41133917656249996 0.9356060640624999 0.4143645359375 0.9345639421874999 0.41356269375 0.928504853125 0.4014636484375 0.9140625 0.385058003125 0.9140625 0.3531759421875 0.919271840625 0.3374213890625 0.9250506578125 0.31733321875 0.943233025 0.305980878125 0.9636856375 0.28516647812499996 0.97460966875 0.2791386234375 0.9857196984375001 0.2777925609375 0.9976807515624999 0.27847815 1 0.45809348749999995 1
10 0.5796875 0.900458925 0.5784488703124999 0.89932595625 0.5752712421874999 0.882268490625 0.57184345 0.8784715046875 0.5431539125 0.8769903640625 0.516556121875 0.8734375 0.456396203125 0.8734375 0.4208051421875 0.8936006937500001 0.4046875 0.9178361453124999 0.4046875 0.9261522140625 0.407431509375 0.9297137750000001 0.40749428125 0.9381637250000001 0.41088295625000004 0.942562025 0.412542275 0.9547144140625001 0.41703442968750004 0.96097969375 0.43160617187500006 0.9629386562499999 0.44170941875 0.9676836078125 0.44691388125 0.9818290296875001 0.45152338593749997 0.9862903578125 0.464005521875 0.9827114124999999 0.4713305109375 0.9830895749999999 0.48685141249999997 1 0.5635179906250001 1 0.5728787640624999 0.9943655296875 0.5796875 0.988706378125 0.5796875 0.900458925
17 1 0.8405424187499999 0.9606269749999999 0.8753961484375001 0.9150341015624999 0.8610273156249999 0.9084396984375 0.8719837484375 0.881893859375 0.8866350546875001 0.8542658609375 0.8859395187500001 0.8142233921875001 0.9208170812500001 0.8521492421874999 0.9496829203124999 0.8563001171875 0.9630084421875 0.8497057124999999 0.9739648781250001 0.8620363953125001 1 0.8694251140624999 1 0.9008203703125 0.9809178484375 0.9221427125 0.9564815953124999 0.9686399828125 0.9381354203125 0.9991684750000001 0.9076352062499999 1 0.9069908906249999 1 0.8405424187499999
4 0.5796875 0.7033690046875 0.585159734375 0.7048619046875 0.5925069109375001 0.7076224359375 0.601304846875 0.704099671875 0.606359596875 0.713228934375 0.6301540515624999 0.7073073671875 0.6317772953125 0.7404525234375 0.6324845984375 0.740625 0.67280340625 0.740625 0.67837583125 0.7374756921875 0.7000170578125 0.7098582656250001 0.7186776531250001 0.6895560062499999 0.7301588046875 0.696279803125 0.725118321875 0.71607613125 0.7434023953125 0.708084165625 0.7596962109375001 0.69854106875 0.7723164390624999 0.6876177046875 0.7838624328125 0.6706673453125 0.7979429328125001 0.672744409375 0.80625 0.665497334375 0.80625 0.6465186203125001 0.8049689171875001 0.6448573515625 0.7957754359375 0.6221229625 0.785740290625 0.599474003125 0.7700460546875 0.583535509375 0.75555075 0.5640625 0.753133790625 0.5640625 0.7461677359375 0.5745637796875 0.721541125 0.59985450625 0.704489509375 0.62437633125 0.6951425656250001 0.6007809390625 0.6846565421874999 0.5948327078125 0.6715177578125 0.5640625 0.66588143125 0.5640625 0.64264285625 0.585072078125 0.6171002296875 0.6148386703125001 0.5828340203125 0.6437375921874999 0.5895721 0.652695990625 0.5796875 0.66341995 0.5796875 0.7033690046875
8 1 0.7078125 0.9965727890625 0.7078125 0.9759097609375 0.7259986859375 0.963004728125 0.7510426828125001 0.9611367843749999 0.75035010625 0.9609099437499999 0.763568025 0.9652749281249999 0.778085359375 0.9543037796875 0.780063971875 0.9087926046874999 0.8030959062499999 0.8587652171875 0.8204224531250001 0.8607184484375001 0.8360610421875 0.8811145984375 0.8524913250000001 0.898550353125 0.8621806984375 0.9356727093749999 0.86989815 0.9453779593749999 0.871875 0.9694478265625 0.871875 0.9843807968749999 0.8597411921875 1 0.8455589765625 1 0.7078125
8 0.6980013375 0.7843336046875 0.6796875 0.7985835796874999 0.6796875 0.7994693640625 0.6850153328124999 0.8068239125 0.6956365140624999 0.79474853125 0.713529253125 0.7989287015625 0.7230218015625 0.8226026203125001 0.7320638468749999 0.8624429359375 0.7476507906250001 0.9 0.750288990625 0.9 0.7554719109375 0.8872940140625 0.754393809375 0.8721264718749999 0.7796875 0.8755641624999999 0.7796875 0.872835928125 0.753770965625 0.8501259093750001 0.7545976765625 0.82204308125 0.7616921421875 0.7907982953125 0.7534310296875 0.783125371875 0.716423621875 0.77743079375 0.6980013375 0.7843336046875
8 0.7375 1 0.7375 0.9388796625000001 0.7365401281249999 0.9335347109375001 0.7102439140625 0.9021097578124999 0.715563240625 0.9365216937499999 0.7057238124999999 0.9296496921875 0.70471490625 0.9096563328125 0.693035659375 0.9117066359375 0.6907334984375 0.9180544359375 0.6438767265625 0.9542279953125 0.6368161296875 0.9724132187500001 0.6319686953125 0.9597961328124999 0.6177537281250001 0.9621018953124999 0.6088533140625 0.9892094234375 0.614849440625 0.993847525 0.62567866875 0.9822722015625001 0.6349763078125 0.9813355250000001 0.6455863109375 0.9924983734375001 0.648918434375 1 0.71864420625 1 0.7123459453125001 0.9569408140625001 0.718491409375 0.9528269156250001 0.726962975 1 0.7375 1
8 0.5796875 0.9245996062499999 0.6018133999999999 0.9346582390624999 0.5870253015625 0.9396478890625 0.6127353656250001 0.959375 0.6397381390625 0.959375 0.65094185625 0.9508196953125001 0.6701625140624999 0.9366075031250001 0.692571590625 0.9159309765625 0.7044030390625 0.9138706687500001 0.7203125 0.9041223375000002 0.7203125 0.8471843343749998 0.6937818671875 0.8455733625 0.7069282593749999 0.8267004374999999 0.6999124218749999 0.8072085093750001 0.689249475 0.8109079625 0.681689625 0.793226315625 0.6476615125 0.7737999234374999 0.6734102890625 0.7378643593750001 0.6530967750000001 0.746040053125 0.626779796875 0.7355006078125 0.6104194390625001 0.7203125 0.5986547484375 0.7203125 0.5796875 0.7435461343750001 0.5796875 0.8260531953125 0.58713788125 0.853596721875 0.604414265625 0.843090659375 0.5796875 0.9188889921874999 0.5796875 0.9245996062499999
1 0.8217881968749999 1 0.793437965625 0.980856771875 0.7414735421875001 0.9484375 0.7381697765624999 0.9484375 0.7375 0.9545867109374999 0.7375 0.9609546468750001 0.7560645796875 1 0.8217881968749999 1