17 0.1625 0.3296875 0.1625 0.31902938125 0.1332079421875 0.289691159375 0.10892849062500001 0.257714615625 0.097952109375 0.246875 0.08926584843749999 0.246875 0.002712415625 0.3296875 0.1625 0.3296875
17 0 0.16354540312500002 0.0006175359374999999 0.1645909890625 0.0033240171875 0.177649903125 0.027177359374999998 0.2327595625 0.0309496 0.24896135625000002 0.0394629421875 0.2640625 0.07049064375 0.2640625 0.0865650390625 0.25657831875000003 0.1133770734375 0.240186659375 0.13453784062500002 0.2325177375 0.14032935 0.228270659375 0.1476914140625 0.21240670156250002 0.1484375 0.21155740937499998 0.1484375 0.18135136875 0.100166959375 0.073274590625 0.093127365625 0.06470140937499999 0.06262725625 0.0752947046875 0.055068871875 0.092610771875 0.053596478125 0.1035016 0.0490670453125 0.10943944531250001 0.0049785484375 0.0992561046875 0 0.10106039062500001 0 0.16354540312500002
17 0.2796875 0.210899415625 0.27347801718750003 0.1975650953125 0.255913515625 0.18450687500000001 0.2340289125 0.1546875 0.227369828125 0.1546875 0.11800697499999999 0.2324964859375 0.0995145671875 0.2533075796875 0.10108813125 0.262980315625 0.1555377375 0.3296875 0.20360520312500002 0.3296875 0.2431371734375 0.296758084375 0.24627078593750001 0.28931664375 0.2796875 0.2669196625 0.2796875 0.210899415625
17 0 0 0 0.09903206406250001 0.039758393749999996 0.1078125 0.050674940625 0.1078125 0.0523215015625 0.1059695265625 0.059488146875 0.068789253125 0.0800193515625 0 0 0
17 0.0771200578125 0 0.0638879015625 0.04269503125 0.058464743750000006 0.0726707734375 0.067676059375 0.0742077109375 0.0871478875 0.069368865625 0.09348174687500001 0.075 0.1988349203125 0.075 0.20342025625 0.07185845625000001 0.2078125 0.071137328125 0.2078125 0.027694353124999998 0.20486449218749997 0.011808715625 0.20479614062499998 0 0.0771200578125 0
17 0.14311078125 0.1765625 0.19638658281250002 0.1765625 0.23473121562500002 0.1545631890625 0.275 0.144061303125 0.275 0.105401725 0.2615680640625 0.0625 0.242517728125 0.0625 0.1446268359375 0.0785327515625 0.12603965156250002 0.0850679265625 0.1161006125 0.10408884062499998 0.1154620921875 0.11431096249999999 0.1336468390625 0.1600825171875 0.14311078125 0.1765625
17 0.2796875 0 0.22319355000000002 0 0.21920791562500003 0.03885996875 0.2258739484375 0.0547122625 0.25197406718750004 0.0609375 0.2796875 0.0609375 0.2796875 0
16 0.8958754640625 0.3296875 0.870813159375 0.291239025 0.8505940750000001 0.275744853125 0.8308237453124999 0.2556809140625 0.7869293328125 0.22915553906250002 0.764792740625 0.221236115625 0.742696978125 0.21688480000000002 0.7211491265625 0.2166291203125 0.680635484375 0.22283325625 0.6475472515625 0.2211487140625 0.6445689234375 0.2235905640625 0.645653075 0.23076237968750002 0.653824696875 0.244300159375 0.684237896875 0.2749324984375 0.6882595484375 0.276094359375 0.7022653437499999 0.27404411562500003 0.7098249 0.27787922656249997 0.728068153125 0.2958508484375 0.7685121546875 0.32734891875 0.7787960875 0.3296875 0.797780153125 0.3296875 0.799099978125 0.3294541875 0.7992611734375 0.3296875 0.8958754640625 0.3296875
16 0.7190695984375 0 0.6878099453125001 0.0276780984375 0.6678175 0.053379471874999994 0.6397406828125 0.0818444703125 0.6103244578125 0.1260011734375 0.603892459375 0.1399918171875 0.59810376875 0.16568190625 0.5860953125 0.1799853515625 0.5852910625 0.1890625 0.598362165625 0.1890625 0.6074688531250001 0.1858092796875 0.6291432015625 0.17387442656250002 0.6417949640625 0.17127043125000002 0.6508706953125 0.1665106796875 0.6730052875 0.1505303578125 0.6764868421875001 0.14455970625 0.6950513078125 0.12693153125 0.713155525 0.11334882187499999 0.7266805421875 0.0985906859375 0.734735390625 0.0932875625 0.7422237 0.0828876953125 0.7531108890625 0.05940656875 0.7756466796875 0.034301776562500004 0.7935737406250001 0.005482053125 0.798224025 0 0.7190695984375 0
16 0.44560073281250007 0 0.4421875 0.0101650984375 0.4421875 0.05307410781250001 0.4440512359375 0.0644335140625 0.449946075 0.082277315625 0.46311908749999997 0.10348855781249999 0.49137175000000005 0.131971753125 0.508436290625 0.13205083281250002 0.513633265625 0.1343078765625 0.5219941703125001 0.14186319687499999 0.5422647765624999 0.15087324062500002 0.55527464375 0.1625 0.5701843921874999 0.1625 0.579503615625 0.151659090625 0.5997196875 0.11138657031250002 0.5991060906250001 0.10306517343749999 0.592808325 0.0950633875 0.6014638078125 0.0834355109375 0.6084951937499999 0.06552581406249999 0.6140625 0.0360816578125 0.6140625 0 0.44560073281250007 0
16 0.7943682046875 0 0.7864704984374999 0.0089638296875 0.7703125 0.033684162499999996 0.7703125 0.0375 0.8203819953124999 0.0375 0.8154602296875 0.02243929375 0.8189750968750001 0.0038258390625 0.8241447125000001 0 0.7943682046875 0
16 0.8160722812500001 0 0.8135185671875 0.001602603125 0.8100508062500001 0.0184561703125 0.8101177765625 0.024294181249999998 0.8144253546875 0.0350570140625 0.81340325625 0.037142859375 0.8029630812499999 0.038895103125000004 0.7673958640625 0.038696285937500005 0.7674323937499999 0.041880654687500005 0.7640625 0.0459697484375 0.7640625 0.05478309218750001 0.7891038546875 0.0617467421875 0.813823346875 0.0737631046875 0.8212459296875 0.082514225 0.8370705749999999 0.0942155203125 0.856056378125 0.115625 0.9163249484375001 0.115625 0.924644203125 0.11429390625 0.9579115125000002 0.0963738328125 0.9776236421875 0.0822177140625 0.9953125 0.0586797140625 0.9953125 0.035875534375000004 0.992754225 0.033415990625 0.987832096875 0.0146737046875 0.9846318562499998 0.0092552203125 0.9845466203125 0.0018250265625000001 0.9850999640625 0 0.8160722812500001 0
16 0.4234375 0.3296875 0.4234375 0.2854212765625 0.41112459999999995 0.2791851875 0.405225596875 0.272182340625 0.40143643281249997 0.26472935625 0.3942455265625 0.23780759218749997 0.38292111875 0.219111184375 0.3538339546875 0.1953125 0.3499729265625 0.1953125 0.3467830375 0.2037417890625 0.3421875 0.20973652656250003 0.3421875 0.2104672796875 0.346112834375 0.2366681265625 0.3471034921875 0.2759279265625 0.35153245312500003 0.292817146875 0.3611775328125 0.3036104359375 0.3718190515625 0.309208065625 0.384527321875 0.31069301562499996 0.40987413906250003 0.3296875 0.4234375 0.3296875
16 0.61193143125 0.3296875 0.6244426453124999 0.32450419531249997 0.638373371875 0.3124063703125 0.6413740515624999 0.301497840625 0.6549836234375 0.306696425 0.659375 0.303567428125 0.659375 0.288950240625 0.6521463734375 0.286666634375 0.6473875359375001 0.2807301546875 0.6406343140625 0.28259071874999997 0.6316076515625 0.2681126328125 0.6236964781250001 0.2599674640625 0.6037276359374999 0.24562929531250002 0.58800235 0.2377339734375 0.585874503125 0.2339878609375 0.57906061875 0.2306015359375 0.5711433781249999 0.22193167656249999 0.570967453125 0.206715696875 0.5645960484375 0.1965267375 0.5648565375000001 0.1739834390625 0.56377745 0.1707986609375 0.55902995 0.1671875 0.5558344078124999 0.1671875 0.5549206468750001 0.17101186562499998 0.5559758359375 0.2172028109375 0.5513625921875001 0.22385886406250002 0.5384563578125 0.2344192671875 0.52513796875 0.2544057484375 0.5086308515625 0.2690354046875 0.5009320031250001 0.27925434375 0.49523966875000003 0.2827256171875 0.48455834218750005 0.30542715625 0.48125 0.3229799125 0.48125 0.3296875 0.61193143125 0.3296875
16 0.3226941859375 0 0.3088925515625 0.012437096875000001 0.3078125 0.016750634375 0.3078125 0.0273580265625 0.30856948906250004 0.029964825 0.32393085781250003 0.043795931249999996 0.34348165625 0.0572438703125 0.38036343906250003 0.0734313640625 0.38991682031249997 0.075 0.4515673578125 0.075 0.452711975 0.07386686718749999 0.44821132187499996 0.047133032812499996 0.4484306421875 0.0205663078125 0.45431122031250004 0 0.3226941859375 0
16 0.39295874531249997 0.1702463734375 0.40010561562499997 0.1705034578125 0.40376221250000005 0.17799391874999998 0.409455425 0.184375 0.4142264421875 0.184375 0.42869903593750003 0.1720576453125 0.43115050781250003 0.1632099890625 0.4373001578125 0.16553375312500002 0.4375 0.16529051875 0.4375 0.1457946234375 0.42977312031250003 0.1316221890625 0.3742955953125 0.0991395984375 0.3253779921875 0.0625 0.3111025578125 0.0625 0.3101159703125 0.06424143125000001 0.30591954062500004 0.0993081953125 0.30604428281249996 0.110351071875 0.31203984687499997 0.14420754375 0.3658255171875 0.1624370625 0.39295874531249997 0.1702463734375
16 0.45544160156249996 0.0799300625 0.4524090671875 0.078308865625 0.42529165156249993 0.07887171093749999 0.396614115625 0.074835553125 0.36032308281250003 0.06396824062499999 0.3417949296875 0.068871915625 0.3277366484375 0.06938825937500001 0.3748491328125 0.10386154218749999 0.41274706562499996 0.123368821875 0.42591729375 0.1329196109375 0.43203499062499995 0.1407080921875 0.43924539218750003 0.1561086578125 0.44532215937499997 0.16036129375 0.4443522421875 0.1633567359375 0.4363414921875 0.1656001125 0.4344250484375 0.1736114859375 0.4365578359375 0.184289575 0.440754528125 0.1890625 0.46485873906249997 0.1890625 0.4687470171875 0.1879440859375 0.47452795625000005 0.1890625 0.509776671875 0.1890625 0.47976691562500007 0.185301425 0.47420434218749996 0.18207667031250002 0.47238074999999996 0.1113245125 0.4708089328125 0.10571526718749999 0.46009273124999994 0.0912014671875 0.45544160156249996 0.0799300625
16 1 0.15110058906249998 0.992473159375 0.1470167578125 0.9863515156249999 0.1386021515625 0.9736818718750001 0.1284174203125 0.9675660734375 0.1205153046875 0.9419524062499999 0.12011507187499999 0.9177347078124999 0.1100312078125 0.9076878421875 0.10967327812500001 0.9072205703125 0.11273032187500001 0.9168293921874999 0.118707753125 0.92144400625 0.12706866875 0.9171450390625001 0.14638223749999998 0.913675396875 0.15035688281249998 0.8834938781249999 0.1456956578125 0.862249325 0.13213174218749998 0.8542293671875001 0.1333828671875 0.8447491406250001 0.138680228125 0.8363379 0.14965077499999999 0.840426790625 0.1559438328125 0.8395448562500001 0.166670340625 0.842629059375 0.1729276046875 0.8326172625 0.175644615625 0.8306488078125 0.17916046562500001 0.8036567078125 0.18998133125 0.802196440625 0.1940275640625 0.8040132718749999 0.22124324999999997 0.8082249140624999 0.23829860468750003 0.8123254937500001 0.2456166453125 0.832559515625 0.258632278125 0.85238471875 0.2798298625 0.8611260749999999 0.2859375 0.8747212046874999 0.2859375 0.875048621875 0.2857601109375 0.891947090625 0.270481390625 0.908787109375 0.2500777640625 0.9201247296874999 0.2315272375 0.9335243343750002 0.21766071406249998 0.9725259109375 0.20316944062500003 1 0.175800721875 1 0.15110058906249998
16 0.6866580546875001 0.17187585 0.6840887359375001 0.168648746875 0.6800285421875001 0.16798010000000002 0.6609298484374999 0.181397865625 0.645743925 0.1824182578125 0.6457675125 0.18450881875 0.649338609375 0.1867271421875 0.6741289531250001 0.1921875 0.6966998249999999 0.1921875 0.6969707078125 0.1879200984375 0.7005307875 0.1921875 0.7034813734375 0.1921875 0.7167236109374999 0.1875866046875 0.7278729296875001 0.18798812812500001 0.73905763125 0.19152549531250002 0.7567362109375 0.18693787343749999 0.77954753125 0.18828180781249998 0.7901428859374999 0.18448395312500002 0.8017812984375 0.183335803125 0.81434483125 0.1743845421875 0.8163837749999999 0.175502828125 0.8144038015625 0.1796109515625 0.8194716734374999 0.17979346093749998 0.8359375 0.17331431875 0.8359375 0.1695992703125 0.8228304796875001 0.1631967109375 0.7894061156250001 0.1640827046875 0.7548915140625 0.15813786875 0.734225284375 0.167319753125 0.688620334375 0.1661998015625 0.6866580546875001 0.17187585
16 0.6726802562499999 0.1500426125 0.667515446875 0.1488255546875 0.66444174375 0.150271221875 0.65625 0.15742726093749998 0.65625 0.16633284375 0.6608626843750001 0.171875 0.6724897593750001 0.171875 0.678054921875 0.1693922078125 0.67742571875 0.15953073906249998 0.6794868453125 0.15960310625000002 0.6847355984375 0.1680731796875 0.6965870796875 0.1684892828125 0.7326448171875 0.16871954218750002 0.75571858125 0.159690284375 0.7835977640625 0.1653298734375 0.8 0.1654600921875 0.8 0.1597907234375 0.779726971875 0.14240805 0.7647178421875 0.1361846 0.7239746046875 0.1316469390625 0.6843158859375 0.1318081109375 0.67260830625 0.143825746875 0.6726802562499999 0.1500426125
16 0.46699108281249996 0.30583673125 0.48517758437499997 0.321875 0.491400409375 0.321875 0.5117192875000001 0.2705684484375 0.5374051078125 0.23989189375 0.553125 0.2243770859375 0.553125 0.2090915421875 0.5386971796875001 0.20133583281249998 0.4725635125 0.1867191828125 0.4360739265625 0.1836766 0.39596961249999996 0.1682240796875 0.315749575 0.14375 0.30396213125 0.14375 0.38441938124999997 0.2204550265625 0.40533985625 0.22821193437499998 0.4074604375 0.26162458593750004 0.44051716562500004 0.26805524531249997 0.45132093281249996 0.3017743828125 0.46699108281249996 0.30583673125
15 0 0.7458879234375 0.0002591984375 0.7457946609375 0.0232111796875 0.7348171453125001 0.0423507953125 0.7235726343750001 0.0636041125 0.7078531218749999 0.0666363203125 0.704212953125 0.0774064125 0.6962348234375 0.0931738953125 0.6773059359375 0.1036244140625 0.669819096875 0.1101644359375 0.6628288984375 0.11876025625 0.6498186328125 0.1348243046875 0.6106205453125 0.139474259375 0.5903993937500001 0.1421875 0.57270226875 0.1421875 0.5296641609374999 0.139087840625 0.513578646875 0.1288304375 0.4856357734375 0.1255033734375 0.46562646875 0.109923678125 0.4332014953125 0.09874292031250001 0.41444001875 0.087917109375 0.40289478125 0.07894599375 0.39687296875 0.074164725 0.3921719265625 0.0588873984375 0.381342275 0.0463907796875 0.3748167265625 0.037706534375 0.36855816875 0.0076226328125 0.35720523593750003 0 0.355434665625 0 0.7458879234375
15 0.2796875 0.3296875 0.0909295515625 0.3296875 0.0897994875 0.3537958953125 0.0915684515625 0.3839471875 0.09002730625000001 0.3959020546875 0.0917404109375 0.40654420468749997 0.109808559375 0.4398864890625 0.1266909171875 0.4664731515625 0.1363960984375 0.48691253593749995 0.14743595781250002 0.516941065625 0.15303434062500001 0.5453064953125001 0.1559784171875 0.5503883249999999 0.16249711875 0.5536665078125 0.1854009859375 0.57143419375 0.20383955 0.5819606734375 0.23074431562500003 0.5946180484375001 0.25348909218750004 0.6036486 0.2652853234375 0.609861675 0.2775836109375 0.61816298125 0.2796875 0.619278809375 0.2796875 0.3296875
3 0.2796875 0.607075428125 0.26374396718750004 0.5981017390625001 0.25520092031249997 0.5922105578125001 0.23816707187500002 0.5841391046875 0.23182565312499998 0.5797253078125 0.22001934531249998 0.574401234375 0.19322685625 0.5595595140625 0.1796597015625 0.54934629375 0.17306260625 0.54279624375 0.166653378125 0.5389073328125 0.1638987046875 0.5355377890625 0.1618186421875 0.53125 0.14130544375 0.53125 0.1378109515625 0.5440480109375001 0.134402015625 0.56631899375 0.1268821640625 0.595718165625 0.1208880859375 0.6133073890625 0.1092545640625 0.6416256046875001 0.10251957656249999 0.6546615296875 0.0828125 0.673527559375 0.0828125 0.6974042890625001 0.09224555 0.7074365140625 0.1074562625 0.7275620093749999 0.1174627890625 0.7385864296875 0.1289667015625 0.7544816421875 0.1400609796875 0.7653170265625 0.155730803125 0.7860041109375 0.16157920312500001 0.7901187609375 0.1690450421875 0.8022902328124999 0.1782011578125 0.8116665843749999 0.18579207343749998 0.8166970296875 0.194217828125 0.8276113359374999 0.1999984171875 0.8322508734374999 0.2040287046875 0.8380925171874999 0.211849175 0.8434037546875001 0.22064010781249999 0.8535490875 0.2307300203125 0.8598128218750001 0.23461413750000001 0.8606129859374999 0.24831139531250002 0.8533581281250001 0.2621548265625 0.8511447515625001 0.2650451203125 0.8534645218750001 0.26899980625 0.8619489515625001 0.2704703625 0.8640625 0.2796875 0.8640625 0.2796875 0.607075428125
3 0 0.934375 0.12848770781250002 0.934375 0.135410215625 0.9312060171875001 0.15484580312500001 0.9174268281250001 0.1625 0.91019545625 0.1625 0.7659492296875 0.161046490625 0.76363993125 0.153207875 0.755780903125 0.107466671875 0.7006007999999999 0.0997538859375 0.6921875 0.071992921875 0.6921875 0.0639528734375 0.6994214265625001 0.0397569671875 0.7169229421875001 0.019635259375 0.7276774015624999 0 0.73551073125 0 0.934375
5 0.9121849640625002 0.8075657421875 0.90626929375 0.8170409218749999 0.877061278125 0.9147361484375001 0.8774832484375 0.9204033359375 0.8955856953125 0.9214855 0.9164493171875 0.9266724875000001 0.9261478171874999 0.9473903578125 0.9297764859375001 0.9515625 0.9370351140625001 0.9515625 0.978125 0.7406613546874999 0.978125 0.72787361875 0.9775852515625001 0.7277656890624999 0.9672629359375 0.73635970625 0.9464268312499999 0.7362534984375 0.9294951140624998 0.7526613906249999 0.9234716453124999 0.7783559109375 0.9121849640625002 0.8075657421875
5 0.345388553125 0.5605952546875 0.3509003671875 0.5770536625 0.39832238281250004 0.649499825 0.4095367296875 0.6630043671875001 0.459256790625 0.66875 0.506653784375 0.66875 0.5068807953125 0.6686608734374999 0.5255371203125 0.654478746875 0.5341591140624999 0.6444312 0.537859875 0.6359582828125 0.5335824046875001 0.628960203125 0.53463761875 0.623540940625 0.55 0.592868775 0.55 0.5390882828125 0.54458419375 0.5303262828124999 0.5378380296875 0.50440754375 0.5342597953125 0.499084928125 0.5266375484375001 0.4934650453125 0.505279071875 0.48202570156249996 0.48864997812500005 0.4699970484375 0.4668118578125 0.4610210078125 0.4489288578125 0.4578125 0.41754915624999994 0.4578125 0.41535039218750003 0.46198539843750003 0.3887297046875 0.4802044078125 0.3738296046875 0.4961617875 0.3603279734375 0.5154700906249999 0.3481566171875 0.5437460656249999 0.345388553125 0.5605952546875
14 0.3890625 0.6280898703125001 0.38609359374999996 0.6243107296874999 0.2828125 0.7025515734375001 0.2828125 0.70625 0.2903465953125 0.70625 0.3890625 0.6347691078125 0.3890625 0.6280898703125001
0 0.3359375 0.8359783046875 0.3359375 0.8393640171874999 0.3379383640625 0.8522285437499999 0.3497819859375 0.8726780875 0.359711378125 0.88125 0.37175064999999996 0.88125 0.37369405625 0.8804666390625 0.3890961703125 0.8803730578125 0.3958041828125 0.8759875828125001 0.40985871874999996 0.8720039609375 0.4203125 0.8637831703125001 0.4203125 0.8448571171874999 0.41690514843750004 0.836602340625 0.41877646718749995 0.8245356609375001 0.41867852812499995 0.7890625 0.41584073593749993 0.7890625 0.4069747046875 0.793215475 0.367562453125 0.80466878125 0.3537351015625 0.8128411828125 0.3464459625 0.8228113531249999 0.338106984375 0.827395640625 0.3359375 0.8359783046875
0 0.6271879171875 0.9735368453125 0.6325911718749999 0.9765625 0.652258309375 0.9765625 0.6640625 0.9647654250000001 0.6640625 0.914888084375 0.6639631328125001 0.914812446875 0.6601933421874999 0.9172885109374999 0.647467203125 0.9346264218750001 0.5961456859375 0.90625 0.59246179375 0.90625 0.591515415625 0.9080732874999999 0.59151663125 0.927377715625 0.5890625 0.9318777359375 0.5890625 0.934386921875 0.6062323453125 0.9468945140624999 0.6271879171875 0.9735368453125
1 0.541113396875 0.8935709203125001 0.5533141015625 0.88421255 0.643624484375 0.9359375 0.6481693578125001 0.9359375 0.65625 0.9227529718749998 0.65625 0.912760071875 0.581692159375 0.8701470062500001 0.5561241156250001 0.856108809375 0.55319509375 0.8540584859374999 0.5265625 0.8698030546875 0.5265625 0.8734260703124999 0.541113396875 0.8935709203125001
8 0.7408244625 0.47918460312499994 0.7155417500000001 0.48560788749999995 0.71051300625 0.48460058281249996 0.6976055 0.47574908281250006 0.682295503125 0.4685050046875 0.6772667578125 0.4674977 0.658996028125 0.4701038890625 0.6524033 0.4771379640625 0.642097271875 0.522068546875 0.6482589390625 0.54680028125 0.6291508609375001 0.5617707375000001 0.617264396875 0.5745325875 0.6095823 0.5844814515625 0.6041354578125 0.599055390625 0.59375761875 0.6121194328125 0.5773452828125001 0.6239747078125 0.5593689640624999 0.6438713640625 0.5507506078125 0.6478888546875 0.521307078125 0.6837643421875 0.5196594765625 0.6949219734375001 0.521643878125 0.7088957984375 0.5261285203125 0.7207596140625 0.5230983046875 0.736339790625 0.526312209375 0.7547372296875 0.530405859375 0.7686113890625 0.5400593875 0.7888209109375001 0.5427562890625 0.8045039562500002 0.5490569328125 0.8177758656249999 0.5552185984375 0.8425076015624999 0.5587669828124999 0.8484400421875 0.577708984375 0.8585003109375 0.58826935 0.86061565625 0.6204945593750001 0.8561051875000001 0.6339320374999999 0.85148651875 0.6421464312499999 0.8656639375000001 0.67419143125 0.88357053125 0.6780471921875 0.8906088765625 0.6868339484375 0.8991571140625 0.6941403421875 0.9126304859375001 0.7155837484375 0.9393789703125 0.727988378125 0.9481297390625001 0.7487501562500001 0.95625 0.7912157546875 0.95625 0.793429253125 0.917898375 0.79897384375 0.9028218515624999 0.8082481843749999 0.8900589328125001 0.8127305046875 0.8643262953124999 0.8308469625000001 0.8517680406250001 0.8349111890625001 0.8416166468749999 0.8311520187500001 0.8152774921875 0.8227703859375 0.8073325703125 0.8126010140624998 0.803206878125 0.8108545015625002 0.79606886875 0.814764459375 0.7759654140625 0.8227256734375 0.7618951296875001 0.8290522546875 0.7427979140625001 0.8309224546875 0.717064209375 0.839330025 0.692640003125 0.8450972125 0.6629874078125 0.8453056796875 0.645797671875 0.8499976265625001 0.6216735250000001 0.8553749796875 0.6128294999999999 0.8529159640625 0.60398226875 0.8453304562499999 0.5946303187499999 0.8414605671875 0.5849783125 0.8609375 0.5843006203125001 0.8609375 0.5463608437499999 0.82859196875 0.527573125 0.8162285703125001 0.5078651203125 0.8052348140625 0.49991913125 0.7779677015625001 0.4923685921875 0.7548908265625001 0.4793914015625 0.7408244625 0.47918460312499994