17 0.1307167671875 0 0.1079365078125 0.024851190625 0.09677579375 0.054613095312500005 0.086855159375 0.0670138890625 0.0608134921875 0.1091765875 0.0632936515625 0.140178571875 0.055853175 0.15133928593749998 0.0422123015625 0.17986111093749999 0.0236111109375 0.1984623015625 0.0112103171875 0.225744046875 0.0050099203125 0.26418650781249997 0 0.27320436406250004 0 0.3097408234375 0.0112103171875 0.296428571875 0.028571428125 0.28774801562499996 0.065773809375 0.25302579375 0.0856150796875 0.20094246093749998 0.10049603124999999 0.14637896875 0.10049603124999999 0.0893353171875 0.12157738124999999 0.0521329359375 0.134043953125 0 0.1307167671875 0
17 0.28154761875 0.19970238125 0.2703869046875 0.1873015875 0.240625 0.16001984062500002 0.1947420640625 0.15381944375 0.14637896875 0.1612599203125 0.084375 0.209623015625 0.0670138890625 0.25426587343749996 0.04345238125 0.28526785781249997 0.0595734125 0.29022817500000003 0.0955357140625 0.2914682546875 0.12281746093749998 0.2951884921875 0.1327380953125 0.27782738125 0.1625 0.275347221875 0.21582341249999998 0.2728670640625 0.2443452375 0.24930555625 0.28154761875 0.19970238125
17 0.177380953125 0.3261904765625 0.20342261874999998 0.275347221875 0.1575396828125 0.275347221875 0.15009920625 0.3075892859375 0.127777778125 0.33239087343749996 0.123835453125 0.3390625 0.164167096875 0.3390625 0.16622023749999998 0.3361111109375 0.177380953125 0.3261904765625
17 0.234424603125 0.11537698437499999 0.1959821421875 0.1203373015625 0.209623015625 0.12529761875 0.2083829359375 0.12529761875 0.20590277812500002 0.12529761875 0.19970238125 0.12529761875 0.197222221875 0.12405753906250001 0.243105159375 0.1587797625 0.26542658750000003 0.1823412703125 0.29022817500000003 0.1984623015625 0.2951884921875 0.172420634375 0.2741071421875 0.15009920625 0.234424603125 0.11537698437499999
17 0.1281204890625 0 0.147619046875 0.013690476562500001 0.17118055625 0.02237103125 0.21334325468749998 0.028571428125 0.26046627031249997 0.028571428125 0.31130952343749996 0.04345238125 0.3361111109375 0.07197420624999999 0.34231150781249997 0.09925595312499999 0.3522321421875 0.07817460312499999 0.3547123015625 0.0645337296875 0.3671130953125 0.0446924609375 0.34231150781249997 0.0310515875 0.3150297625 0.016170634375 0.27782738125 0.013690476562500001 0.25476973593749996 0 0.19237971250000002 0 0.19226190468749998 0.00004960312500000001 0.1921807359375 0 0.1281204890625 0
17 0.2927083328125 0.275347221875 0.2914682546875 0.234424603125 0.29022817500000003 0.2046626984375 0.2741071421875 0.19970238125 0.259226190625 0.22450396874999998 0.243105159375 0.243105159375 0.22822420625 0.2679067453125 0.22698412656250003 0.26418650781249997 0.2232638890625 0.31130952343749996 0.2336712546875 0.3390625 0.297910321875 0.3390625 0.2976686515625 0.328670634375 0.2927083328125 0.275347221875
17 0.127777778125 0.034771825 0.119097221875 0.0645337296875 0.16001984062500002 0.0806547625 0.184821428125 0.0893353171875 0.2046626984375 0.1054563484375 0.24930555625 0.112896825 0.24558531718749999 0.11041666718750001 0.262946428125 0.0918154765625 0.28526785781249997 0.07817460312499999 0.3150297625 0.069494046875 0.3237103171875 0.0608134921875 0.3051091265625 0.0422123015625 0.2741071421875 0.0310515875 0.259226190625 0.028571428125 0.21582341249999998 0.0446924609375 0.1885416671875 0.0422123015625 0.147619046875 0.016170634375 0.13521825468749998 0.0037698406249999997 0.127777778125 0.034771825
17 0.42415674531249997 0.28774801562499996 0.4080357140625 0.26418650781249997 0.39563492031249997 0.240625 0.38819444375 0.21334325468749998 0.3795138890625 0.19226190468749998 0.37703372968750004 0.15257936562500002 0.36835317500000003 0.1265376984375 0.34231150781249997 0.094295634375 0.3237103171875 0.0645337296875 0.3150297625 0.09677579375 0.3137896828125 0.1364583328125 0.3261904765625 0.1699404765625 0.3547123015625 0.21582341249999998 0.3733134921875 0.2418650796875 0.374553571875 0.262946428125 0.38819444375 0.284027778125 0.3919146828125 0.32743055625 0.39947544687500003 0.3390625 0.43769841249999997 0.3390625 0.42911706406250005 0.3261904765625 0.42415674531249997 0.28774801562499996
17 0.3783134921875 0 0.38695436562499996 0.0099702375 0.36339285781249997 0.016170634375 0.3460317453125 0.024851190625 0.3460317453125 0.037251984375000005 0.36835317500000003 0.037251984375000005 0.35967261875 0.055853175 0.3609126984375 0.0670138890625 0.390674603125 0.0806547625 0.425396825 0.102976190625 0.4501984125 0.1327380953125 0.4514384921875 0.127777778125 0.4551587296875 0.10049603124999999 0.44771825468750004 0.0918154765625 0.46011904687499994 0.0794146828125 0.47251984062499996 0.0707341265625 0.41919642812499996 0.0198908734375 0.39930555624999997 0 0.3783134921875 0
17 0.1327380953125 0.16374007968749998 0.13025793593749999 0.164980159375 0.13521825468749998 0.15009920625 0.14637896875 0.12529761875 0.1389384921875 0.10173611093749999 0.1265376984375 0.0769345234375 0.127777778125 0.0397321421875 0.112896825 0.0670138890625 0.10049603124999999 0.0893353171875 0.10049603124999999 0.13521825468749998 0.0955357140625 0.1823412703125 0.086855159375 0.209623015625 0.1141369046875 0.18110119062500002 0.1327380953125 0.16374007968749998
17 0.0347268140625 0 0.0335317453125 0.0645337296875 0.0521329359375 0.0608134921875 0.058333332812500006 0.0794146828125 0.069494046875 0.0831349203125 0.07090268125 0.0850130984375 0.0856150796875 0.065773809375 0.09925595312499999 0.049652778125000005 0.1054563484375 0.0236111109375 0.1265376984375 0.0025297625000000002 0.124730725 0 0.0457074171875 0 0.050892857812500004 0.0074900796875 0.038721478125 0 0.0347268140625 0
14 0.7349609375 0.20234375 0.75205078125 0.20087890625 0.761328125 0.20380859375 0.76279296875 0.2013671875 0.7671875 0.18916015625 0.7603515625 0.173046875 0.76083984375 0.14375 0.7583984375 0.14130859375 0.7310546875 0.1310546875 0.71884765625 0.1232421875 0.7076171875 0.1203125 0.7017578125 0.13056640625 0.70078125 0.1583984375 0.69296875 0.18330078125 0.68466796875 0.22236328125 0.68759765625 0.22578125 0.70517578125 0.23115234375 0.737890625 0.24873046875 0.74423828125 0.21796875 0.73056640625 0.21015625 0.730078125 0.2072265625 0.7349609375 0.20234375
4 0.7564453125 0.301953125 0.74619140625 0.2931640625 0.74228515625 0.27412109375 0.69638671875 0.2521484375 0.68564453125 0.2501953125 0.679296875 0.2521484375 0.67734375 0.24775390625 0.6685546875 0.24189453125 0.64462890625 0.22919921875 0.64072265625 0.2326171875 0.63583984375 0.243359375 0.636328125 0.251171875 0.634375 0.25458984375 0.63779296875 0.27705078125 0.64072265625 0.282421875 0.63681640625 0.298046875 0.63779296875 0.30439453125 0.64609375 0.3048828125 0.64853515625 0.31025390625 0.6587890625 0.31904296875 0.6724609375 0.33515625 0.67718955625 0.3390625 0.779291240625 0.3390625 0.77548828125 0.33173828125 0.7564453125 0.301953125
11 0.9107421875 0.309765625 0.89072265625 0.2921875 0.8638671875 0.2560546875 0.84140625 0.235546875 0.82822265625 0.20869140625 0.79697265625 0.176953125 0.780859375 0.169140625 0.77451171875 0.17548828125 0.7623046875 0.19990234375 0.7583984375 0.204296875 0.7505859375 0.2013671875 0.733984375 0.20234375 0.72958984375 0.2052734375 0.72958984375 0.20869140625 0.73251953125 0.21357421875 0.73935546875 0.216015625 0.741796875 0.219921875 0.737890625 0.23896484375 0.73740234375 0.255078125 0.74130859375 0.26826171875 0.74521484375 0.2951171875 0.7583984375 0.309765625 0.77744140625 0.3380859375 0.7778948109375 0.3390625 0.9314156671875 0.3390625 0.91953125 0.32490234375 0.9107421875 0.309765625
3 0.09883784375 1 0.1140625 0.93701171875 0.12041015625 0.8974609375 0.121875 0.8759765625 0.11943359375 0.8720703125 0.11259765625 0.869140625 0.08330078125 0.87158203125 0.07744140625 0.87646484375 0.0740234375 0.88818359375 0.0662109375 0.896484375 0.0525390625 0.900390625 0.0349609375 0.89892578125 0.03154296875 0.89697265625 0.03154296875 0.89453125 0.03447265625 0.884765625 0.0388671875 0.87890625 0.0310546875 0.8623046875 0.01884765625 0.88818359375 0.0134765625 0.9072265625 0 0.922078284375 0 1 0.09883784375 1
9 0.065234375 0.89794921875 0.075 0.888671875 0.07744140625 0.8779296875 0.0818359375 0.87255859375 0.11015625 0.8701171875 0.12529296875 0.87255859375 0.1296875 0.87060546875 0.13359375 0.865234375 0.1404296875 0.861328125 0.15068359375 0.81884765625 0.15654296875 0.81005859375 0.16240234375 0.8056640625 0.15947265625 0.80029296875 0.1404296875 0.794921875 0.1384765625 0.78759765625 0.12529296875 0.7822265625 0.09599609375 0.7802734375 0.08525390625 0.7822265625 0.0818359375 0.779296875 0.073046875 0.77734375 0.065234375 0.78759765625 0.05693359375 0.81005859375 0.045703125 0.82568359375 0.04326171875 0.8359375 0.03203125 0.857421875 0.03154296875 0.861328125 0.0388671875 0.8798828125 0.03203125 0.88818359375 0.03056640625 0.90087890625 0.05009765625 0.9013671875 0.065234375 0.89794921875
9 0 0.7550023921875 0.02373046875 0.76953125 0.03056640625 0.771484375 0.04814453125 0.75732421875 0.05986328125 0.74560546875 0.06083984375 0.7421875 0.0369140625 0.71435546875 0 0.6657458609375 0 0.7550023921875
9 0.1482421875 0.89892578125 0.15751953125 0.91552734375 0.16337890625 0.92041015625 0.1638671875 0.923828125 0.1599609375 0.92578125 0.16142578125 0.92919921875 0.170703125 0.9287109375 0.17998046875 0.931640625 0.20390625 0.92236328125 0.2087890625 0.9140625 0.22880859375 0.89453125 0.2419921875 0.8720703125 0.25810546875 0.85595703125 0.264453125 0.8544921875 0.27666015625 0.8388671875 0.2830078125 0.8212890625 0.26494140625 0.8125 0.2625 0.8095703125 0.2498046875 0.80615234375 0.244921875 0.796875 0.2419921875 0.79736328125 0.24052734375 0.794921875 0.23662109375 0.79443359375 0.2068359375 0.79638671875 0.19755859375 0.80029296875 0.18779296875 0.80029296875 0.17802734375 0.8037109375 0.16826171875 0.80419921875 0.158984375 0.8076171875 0.15068359375 0.8154296875 0.1365234375 0.86767578125 0.13994140625 0.87353515625 0.13994140625 0.89208984375 0.1482421875 0.89892578125
0 0.7956845234375 0.44737103125 0.79717261875 0.45084325468750003 0.79990079375 0.45282738125 0.8095734125 0.45357142812499995 0.8274305562500001 0.4518353171875 0.8356150796874999 0.449851190625 0.8403273812500001 0.447123015625 0.8537202374999999 0.43000992031249996 0.8713293656250001 0.41512896875000005 0.8772817453125 0.41165674531249996 0.8886904765624999 0.402728175 0.890178571875 0.39975198437500004 0.890674603125 0.386855159375 0.8888117953125001 0.3390625 0.764356653125 0.3390625 0.7798115078125 0.39032738125 0.7956845234375 0.44737103125
1 0.5742063484375 0.41165674531249996 0.5895833328125 0.4451388890625 0.5977678578125001 0.46622023749999997 0.6104166671875 0.49275793593749995 0.6394345234375 0.5612103171875 0.653571428125 0.5912202375 0.6607638890625 0.609821428125 0.665476190625 0.625446428125 0.6739087296874999 0.6361111109375 0.6791170640625 0.640079365625 0.693998015625 0.6452876984375 0.7083829359375 0.6480158734375 0.7240079359375 0.6480158734375 0.74756944375 0.643799603125 0.7835317453124999 0.6309027781250001 0.802876984375 0.6197420640625 0.8165178578125 0.605605159375 0.828670634375 0.58799603125 0.831398809375 0.580803571875 0.831894840625 0.569394840625 0.812053571875 0.5044146828125 0.8046130953124999 0.475148809375 0.7984126984375 0.46125992031249996 0.7924603171875 0.45233134843749995 0.7783234125 0.4084325390625 0.7758432546875 0.39727182499999997 0.769146825 0.378174603125 0.7622023812500001 0.349652778125 0.7613403812499999 0.3390625 0.56875 0.3390625 0.56875 0.3972075265625 0.5742063484375 0.41165674531249996
12 0.6679563484375 0.6462797625000001 0.6632440468749999 0.6554563484375 0.6369543656250001 0.678769840625 0.6302579359375 0.6894345234375 0.6270337296874999 0.6986111109375 0.6275297625 0.7075396828125 0.6332341265625 0.728869046875 0.6349702374999999 0.7422619046875 0.6404265875 0.75243055625 0.6476190468749999 0.7613591265624999 0.6607638890625 0.7727678578125 0.6704365078125 0.778472221875 0.680853175 0.7826884921875 0.6915178578125001 0.7851686515625 0.7071428578125001 0.7859126984375 0.7170634921875 0.7819444437499999 0.7314484125 0.772519840625 0.7525297625 0.74970238125 0.7597222218749999 0.7459821421874999 0.7741071421875 0.7358134921875 0.787251984375 0.718204365625 0.81006944375 0.6919146828125 0.821726190625 0.6710813484375 0.8323908734375 0.658928571875 0.831646825 0.6512400796875 0.8244543656250001 0.6284226187499999 0.821726190625 0.6070932546875001 0.8199900796874999 0.603125 0.81825396875 0.6023809531250001 0.8075892859374999 0.6140376984375 0.796428571875 0.6227182546875001 0.7793154765625 0.6323908734375 0.7607142859375 0.640079365625 0.7421130953125 0.6435515875 0.7165674609375 0.6460317453125 0.691269840625 0.6442956343749999 0.6830853171875 0.6425595234375 0.6771329359375 0.6398313484375 0.6726686515625 0.64032738125 0.6679563484375 0.6462797625000001
12 0.8271825390625 0.49697420625 0.8304067453125 0.5133432546875001 0.8366071421875001 0.533928571875 0.847023809375 0.5527777781250001 0.8552083328125001 0.5631944437499999 0.865625 0.5703869046875 0.8829861109375001 0.5760912703125001 0.9087797625 0.5765873015625 0.9159722218749999 0.575347221875 0.9333333328125001 0.569146825 0.9556547625 0.55575396875 0.972271825 0.5388888890625 0.981696428125 0.5240079359375 0.9851686515625 0.5138392859375001 0.9883928578125 0.49771825468750003 0.9891369046875 0.4796130953125 0.9866567453125 0.46498015937500004 0.9809523812500001 0.45084325468750003 0.974255953125 0.440674603125 0.9650793656250001 0.42281746093750006 0.9511904765624999 0.40768849218750003 0.9368055562500001 0.39950396875 0.9266369046875 0.39627976249999997 0.91200396875 0.3955357140625 0.9010912703124999 0.397023809375 0.887946428125 0.4019841265625 0.878273809375 0.4084325390625 0.86884920625 0.4171130953125 0.856200396875 0.42579365156250004 0.847023809375 0.4354662703125 0.837103175 0.45009920625 0.8328869046875 0.459027778125 0.8291666671875 0.471924603125 0.8271825390625 0.4860615078125 0.8271825390625 0.49697420625
6 1 0.5819146828124999 0.9764880953124999 0.5795634921875 0.9707837296875 0.58055555625 0.9650793656250001 0.584523809375 0.9611111109375001 0.5855158734375 0.9554067453125 0.5803075390625 0.9449900796874999 0.5758432546875001 0.9387896828125 0.574603175 0.931101190625 0.574603175 0.9013392859374999 0.578075396875 0.8576884921874999 0.5790674609375001 0.852976190625 0.58055555625 0.8425595234375001 0.587748015625 0.837351190625 0.5951884921875 0.834375 0.6053571421874999 0.833630953125 0.6123015875 0.834623015625 0.627678571875 0.8383432546874999 0.641071428125 0.8420634921874999 0.647023809375 0.849751984375 0.65322420625 0.8586805562500001 0.6554563484375 0.92862103125 0.6574404765625 0.9449900796874999 0.658928571875 0.9549107140625 0.655704365625 0.9645833328125001 0.6477678578125 0.9678075390625 0.6480158734375 0.9705357140625 0.650744046875 0.9732638890624999 0.6517361109375 0.9807043656250001 0.6522321421874999 0.9883928578125 0.650248015625 1 0.650248015625 1 0.5819146828124999
1 0.7476769187500001 1 0.7604662703125 0.9890376984374999 0.771875 0.9766369046875001 0.7837797625 0.9674603171875 0.8108134921874999 0.9431547625000001 0.828174603125 0.9270337296875001 0.8380952374999999 0.916369046875 0.85967261875 0.8992559531250001 0.8832341265625001 0.8766865078125001 0.8953869046875 0.8667658734374999 0.9355654765624999 0.8303075390625001 0.95987103125 0.8109623015625 0.972271825 0.7980654765625 0.9869047625 0.7851686515625 0.9921130953124999 0.777480159375 0.9953373015625001 0.7630952375 0.9953373015625001 0.7554067453125 0.9926091265625001 0.74325396875 0.981200396875 0.7236607140625 0.9705357140625 0.7102678578125 0.956894840625 0.696626984375 0.93779761875 0.6829861109375 0.9211805562500001 0.6752976187499999 0.90009920625 0.6735615078125 0.883730159375 0.6760416671875 0.868105159375 0.6832341265624999 0.81875 0.715972221875 0.7966765875 0.728125 0.780803571875 0.734325396875 0.758978175 0.746726190625 0.7507936515625 0.75243055625 0.737152778125 0.766071428125 0.7235119046875 0.7767361109375 0.7113591265625 0.784424603125 0.7076388890625 0.7883928578125 0.568998015625 0.87743055625 0.56875 0.8776109312499999 0.56875 1 0.7476769187500001 1