10 0.25 0.6296875 0.25 0.4405014328125 0.228031334375 0.4085579046875 0.2151821890625 0.3952668578125 0.17724329375 0.3656527703125 0.1688774984375 0.3609375 0.1038894953125 0.3609375 0.08488517500000001 0.3689031671875 0.032601942187499997 0.3748843296875 0.0089594515625 0.3734826171875 0 0.37061654375 0 0.48535600468749995 0.008013525 0.4841828671875 0.0217946625 0.4873394578125 0.05848770156250001 0.534719996875 0.076304578125 0.5524967734375 0.10314584687499999 0.5888706609375001 0.12837247499999999 0.614393625 0.14830884375 0.6296875 0.25 0.6296875
13 0.25 0.096875 0.2206217421875 0.096875 0.1724886359375 0.099064875 0.12162946875 0.099107559375 0.0285818078125 0.1051236625 0 0.1110152328125 0 0.3300223625 0.0131024109375 0.3484375 0.0568510296875 0.3484375 0.0718003828125 0.343257375 0.0918707890625 0.339664840625 0.2077720234375 0.32610235468750004 0.25 0.32506508125 0.25 0.096875
14 0.25 0.45604536875 0.1993014359375 0.4612877 0 0.48015517812499997 0 0.4890625 0.022287453125000002 0.4890625 0.24958920624999997 0.4667707359375 0.25 0.4667090359375 0.25 0.45604536875
7 0.25 0.6296875 0.25 0.5903890015625 0.229382728125 0.5628848921875 0.1152164640625 0.4265625 0.114788140625 0.4265625 0.0929329953125 0.4382709125 0.073996321875 0.44107149687499997 0.0556785203125 0.43183748906249997 0.0581692578125 0.4442961328125 0.06868750312500001 0.4824076453125 0.090043065625 0.5212098093749999 0.15048403593749998 0.599216865625 0.1792041921875 0.6296875 0.25 0.6296875
7 0.115604296875 0.4241228171875 0.11543914531249999 0.4282471796875 0.12050557343749999 0.4286680140625 0.12400132500000001 0.4429244 0.1357272265625 0.4547608546875 0.148693496875 0.46101047656249994 0.14895440937499999 0.4625 0.161226240625 0.4625 0.163913428125 0.461757440625 0.1859375 0.4611535296875 0.1859375 0.45413443124999997 0.185584665625 0.45372959375 0.18053888125 0.45279321093749997 0.15713955 0.44050438124999997 0.1420434859375 0.4366641484375 0.129749009375 0.42633225 0.115604296875 0.4241228171875
7 0.25 0.46994609374999996 0.242343928125 0.465625 0.182395134375 0.465625 0.1751565 0.4689302640625 0.1657467046875 0.469205534375 0.1631137296875 0.4825228234375 0.1686898109375 0.4866196140625 0.16733091093750002 0.4943156953125 0.1687861171875 0.49703631093749995 0.17683701406250002 0.504457121875 0.184165171875 0.5040124828125 0.18542953125 0.5114015578125 0.195168890625 0.5158370875 0.20591815000000002 0.5338863093749999 0.22237071406250003 0.5529200140625 0.2281915375 0.5638024796875001 0.2289991015625 0.56959305625 0.2377188484375 0.5734251859375 0.24308287343749999 0.58270915625 0.25 0.589983596875 0.25 0.46994609374999996
13 0.6984305484375 0.6296875 0.708624103125 0.6225708453125 0.7121580140625 0.6179107875 0.7140625 0.6172104218750001 0.7140625 0.53241753125 0.7083665921875 0.4714440578125 0.7023174703125 0.43703938906250006 0.7033302078125 0.3928127265625 0.700296525 0.3532665734375 0.697983228125 0.3515625 0.6241929609375 0.3515625 0.596709478125 0.3523786859375 0.5449755921875 0.3569535265625 0.5322045390625 0.36097792812499996 0.5302200906250001 0.366580390625 0.5264136484374999 0.5640640515625 0.525 0.5959014765624999 0.525 0.6296875 0.6984305484375 0.6296875
13 0.777336415625 0.16503994375 0.7774113328125 0.1715952375 0.7824277171875 0.22032288281249998 0.7840060624999999 0.271715621875 0.7802978640625 0.33745346718749997 0.7825152 0.3580456640625 0.782477803125 0.3953125 0.81537811875 0.3953125 0.8250276062499999 0.392605425 0.8492898 0.39109438124999996 0.8922855984375001 0.3812387625 0.9313826734374999 0.3770943015625 0.9511413828125 0.37173415468750004 0.9575510031250001 0.36894577968750003 0.9619565203124999 0.36422258125 0.9628548390624999 0.3561134328125 0.9565889437500001 0.3281218140625 0.9548380562500001 0.304987803125 0.9595025546875 0.2795696703125 0.9589493140624998 0.23116135781249997 0.9631992296874999 0.2128233203125 0.9709271734375001 0.15196363125 0.9734375 0.14828630625 0.9734375 0.0975883078125 0.9731726296875 0.08830444062500001 0.9706674953124999 0.0858859078125 0.9639054515625001 0.084375 0.940860209375 0.084375 0.8364566015625 0.09195832968749999 0.8168995921875 0.1149673421875 0.805111215625 0.1240327703125 0.79385268125 0.136103171875 0.7802330828125 0.1583613703125 0.777336415625 0.16503994375
0 1 0.0125 0.9547829499999999 0.0125 0.9328185156250001 0.02318703125 0.9140625 0.03969821875 0.9140625 0.08133753437499999 0.9324770640625001 0.0826807703125 0.9494897703125 0.08095168750000001 0.9552006937499999 0.0838217984375 0.96397700625 0.0839806640625 0.9650508265625 0.08755732656250001 0.9636475609375001 0.1445083453125 0.9541159499999999 0.21265278593749998 0.94967695 0.23041936718749997 0.9502472390625 0.2795315671875 0.9449145093750001 0.3092306 0.9500798765624999 0.354017453125 0.9538724578124999 0.3625 1 0.3625 1 0.0125
13 0.2757748640625 0.1660364875 0.30136859375 0.2012121515625 0.32955999375 0.228125 0.42858353906249996 0.228125 0.43069815 0.2279921875 0.43371568906249997 0.228125 0.5096899578125 0.228125 0.514432409375 0.2235221296875 0.559388021875 0.19942504218749998 0.5953125 0.1754943953125 0.5953125 0.138670775 0.5586343874999999 0.089744140625 0.511569128125 0.0202587203125 0.4994251828125 0.0078125 0.484788921875 0.0078125 0.44688061718750005 0.027052510937500003 0.40252248125 0.0583702078125 0.3749457328125 0.07399173125 0.305161625 0.129122859375 0.27569714687499997 0.1593120640625 0.2757748640625 0.1660364875
13 0.7904549859375 0.0109949359375 0.78598715625 0.011179584375 0.7171576828124999 0.07245968593749999 0.6685314578125 0.11980720625 0.6355482328125 0.14535055624999998 0.5824368484375 0.19137218125 0.5696684281250001 0.203989978125 0.565625 0.210421103125 0.565625 0.21442968437499998 0.5694319421875 0.2266686796875 0.583101140625 0.24927643124999999 0.6162695593749999 0.283168396875 0.630388971875 0.301727509375 0.6652429390625 0.340625 0.6824915890625001 0.340625 0.692257634375 0.3263732625 0.78172901875 0.2461049140625 0.7836338515625 0.2389736359375 0.7834432296875 0.222357634375 0.7783919828125 0.17168724375 0.78175720625 0.1619768390625 0.7949180796875 0.1402752484375 0.8066936515624998 0.12769848125 0.8224464031250001 0.1154610984375 0.836629009375 0.09623605156250001 0.8703125 0.0943555765625 0.8703125 0.088304621875 0.8703108359375001 0.0882952203125 0.8607054609375 0.0735795796875 0.8266423906250001 0.04828840625 0.8190573765625 0.036511792187499996 0.8019651890624999 0.0185792953125 0.7904549859375 0.0109949359375
6 1 0.356784171875 0.9768506546874999 0.35808005625 0.9551394953125001 0.3619892125 0.9354806875000001 0.3683375265625 0.8809381515624999 0.377112153125 0.8259310781250001 0.38943721249999996 0.7910591234375 0.3928720625 0.730971196875 0.40338551875000006 0.7178574765625 0.4069453671875 0.7103185765625 0.41128773750000003 0.703820565625 0.41811035781249994 0.6984375 0.4313808703125 0.6984375 0.43159725781249997 0.7054440390625001 0.470513303125 0.713530571875 0.5564557453125001 0.7252039515625001 0.6029007765625 0.7282022546875 0.6046875 0.7498857171875 0.6046875 0.7641453 0.6013186234375001 0.8368941781250001 0.5918042921875 0.8712250953125 0.585364371875 0.9308602531249999 0.579409890625 0.965679246875 0.5714366140625 1 0.5657562406250001 1 0.356784171875
6 0.5314066734375 0.6296875 0.5359375 0.487146634375 0.5359375 0.3315303484375 0.5322362859374999 0.322231496875 0.5246386125 0.31111656249999997 0.5125738203125 0.3011765875 0.506492209375 0.29198676875 0.50586139375 0.28058862812499996 0.5130537359374999 0.2569520109375 0.5108721171875 0.2406500515625 0.5073134093749999 0.23433779375000002 0.5032976046875 0.2315209203125 0.477310675 0.2231402546875 0.44474179375 0.2203125 0.40130501562500004 0.2203125 0.36529694843750005 0.22372013124999998 0.35288507812500003 0.22670810624999999 0.32908555625 0.23512585156250002 0.315753696875 0.24460814375 0.3138558140625 0.2526322703125 0.3145619046875 0.27048426875 0.3211064078125 0.276675153125 0.327743559375 0.2908092515625 0.3278477890625 0.29974536406249996 0.3244454234375 0.3068372765625 0.306229884375 0.3244650671875 0.2993730421875 0.3341808359375 0.29209384531250004 0.3503706921875 0.2897678140625 0.3643724578125 0.289548125 0.388222321875 0.2956300875 0.44012713437500006 0.2969093890625 0.6296875 0.5314066734375 0.6296875
13 0.5969238109375 0.1623857578125 0.5693324859375 0.1799810859375 0.56050075 0.18882489687499998 0.5525804046875 0.1906461515625 0.5111905343750001 0.2167897921875 0.5054220125000001 0.23299229531250001 0.50546819375 0.236981959375 0.5100370375 0.24577581718750002 0.5102448546874999 0.263729303125 0.505347315625 0.2694183 0.505439678125 0.277397625 0.5015227984375 0.28204856562499997 0.5021574484375 0.2939972359375 0.50569945 0.2998394859375 0.5227517109375001 0.315107234375 0.52816523125 0.3234375 0.5905397625 0.3234375 0.603697475 0.3187768578125 0.6090968921875 0.31356625 0.619168715625 0.2832170328125 0.5844814984375001 0.24522123750000002 0.5713230250000001 0.22330771875000002 0.5672098734375 0.211002584375 0.5706017828125 0.20387842812499998 0.586800034375 0.188246603125 0.6226692640625 0.15684070625 0.6615324328125001 0.1268090046875 0.6625 0.1237444609375 0.6625 0.106008928125 0.6573153765625 0.1055271296875 0.594402534375 0.1160871984375 0.570104984375 0.11808033124999999 0.572683640625 0.1264567671875 0.5933356296875 0.1525538421875 0.5969238109375 0.1623857578125
13 0.73322150625 0.29072274062500003 0.7322540125 0.2952920984375 0.7272145828125 0.30103176875000004 0.715034425 0.30756161406250004 0.700379103125 0.3207349234375 0.685296459375 0.34097283906250003 0.6796693375 0.3401920578125 0.634147459375 0.29117803750000004 0.6285084578125 0.28939095937500003 0.61783596875 0.293846696875 0.6124167437500001 0.310676178125 0.6048308734375001 0.31702150625000003 0.5880267265625 0.3212201171875 0.5579145437499999 0.322932875 0.5370325234375001 0.3277986484375 0.5350678343749999 0.3344216109375 0.537394859375 0.358490815625 0.5389441078124999 0.3599387609375 0.5440310546875 0.35822429218749996 0.656852328125 0.35419654375 0.7048608890625 0.3542819765625 0.709544278125 0.3616447140625 0.7060481609375 0.3683291796875 0.7092416984375001 0.3792754765625 0.7086662390625 0.41705274687499994 0.7087615625 0.4171875 0.7218813390625 0.4171875 0.734142553125 0.4120024546875 0.76114435625 0.4063875078125 0.7840385828125 0.398923975 0.784375 0.398734784375 0.784375 0.305753840625 0.7818237015625 0.297831775 0.7761549999999999 0.2935289421875 0.7670733421875 0.3029546796875 0.74742575 0.2826014375 0.7443569515624999 0.2822212984375 0.73322150625 0.29072274062500003
10 0.25 0.6296875 0 0.6296875 0 0.9220286453125001 0.006774951562500001 0.9248970796875 0.04121893125 0.932147259375 0.1112940375 0.9431129687500001 0.126110921875 0.95 0.1715614125 0.95 0.20242734843750002 0.91916124375 0.216979315625 0.9141992812499999 0.2274832375 0.9193056671875001 0.25 0.9400576828125 0.25 0.6296875
0 1 0.6352372468749999 0.9980248671874999 0.634375 0.9478806593750001 0.634375 0.9453999124999999 0.6349572390625 0.9360578359375001 0.64184505625 0.8390625 0.8098331609375 0.8390625 0.8312507640625 0.840914253125 0.8360664953124999 0.8613962796875001 0.8606951687500001 0.8736314437499999 0.8708770703125 0.9026455109375 0.8865113203125 0.9163356437499999 0.890625 0.9694561359375001 0.890625 0.9751493796874999 0.8847865500000001 1 0.8239791265624999 1 0.6352372468749999