17 0 0.189985221875 0.010693203125 0.1984375 0.0177368625 0.1984375 0.024626684375 0.198128940625 0.03287221875 0.1895780046875 0.09193860312499999 0.16177230625 0.1037465375 0.15309803125000002 0.1046875 0.1345447671875 0.1046875 0.10988886406250001 0.06748192343750001 0.0750052671875 0.0532456421875 0.064890834375 0 0.08851602812500001 0 0.189985221875
17 0.104082334375 0.148590371875 0.10819178437500002 0.154922696875 0.1447097734375 0.17859245937499998 0.1526217671875 0.177767496875 0.1728135375 0.1828125 0.1778545015625 0.1828125 0.1951303265625 0.1465401046875 0.21035390625 0.1440844171875 0.2202138703125 0.139334796875 0.22660483125000003 0.13401649531249998 0.228125 0.126743834375 0.228125 0.124103946875 0.1813208921875 0.09122642187499999 0.1663374546875 0.086648159375 0.16310859375 0.079045528125 0.143415303125 0.06732918593750001 0.1051229046875 0.09358908593750001 0.104082334375 0.148590371875
17 0.19651299375 0.1174361984375 0.1759525171875 0.1331636296875 0.17469835 0.1372020203125 0.17719336875 0.13973303125 0.1870933703125 0.139941296875 0.2169134046875 0.1186584875 0.2288414546875 0.1248578671875 0.2251189890625 0.1419309265625 0.226684109375 0.1421875 0.2326320703125 0.1421875 0.263344625 0.0951474625 0.27958223125 0.0956873328125 0.2796875 0.09373946250000001 0.2796875 0.077604696875 0.2219165859375 0.039550193750000004 0.1640376953125 0.07957519843750001 0.16893434062499998 0.0853292359375 0.1990746890625 0.10370950937500001 0.20258373281250003 0.10923607500000002 0.19651299375 0.1174361984375
17 0.14198745937499999 0.1928173765625 0.11710419375 0.261593371875 0.11216759843749999 0.28766270625 0.11126037656250001 0.3101485984375 0.117451228125 0.31682213125 0.14644163906250002 0.3234375 0.1512059453125 0.3234375 0.1564508328125 0.3168494328125 0.1604935203125 0.30265819375 0.20943307656250001 0.271070390625 0.2109375 0.263873065625 0.2109375 0.258654675 0.2086324765625 0.2454752046875 0.193075265625 0.218875603125 0.1783586078125 0.18604780781250002 0.172487978125 0.1822560953125 0.1517673453125 0.17815198593749998 0.14198745937499999 0.1928173765625
17 0.2812926734375 0.6 0.2855312421875 0.5782241531250001 0.3203125 0.4628229015625 0.3203125 0.45855852500000005 0.22344906562500003 0.4287025546875 0.177818621875 0.55137128125 0.175323690625 0.585621534375 0.177031515625 0.588730828125 0.211652015625 0.6 0.2812926734375 0.6
17 0.060678065625 0.5572109390625 0.07204574687500001 0.5675624484374999 0.09063162031250001 0.5769752546875 0.1048278640625 0.582131803125 0.1344838171875 0.5859375 0.1468207046875 0.5859375 0.1522464734375 0.58283191875 0.17606244531249998 0.553491534375 0.1771831796875 0.545187278125 0.1916061625 0.5171364078125 0.192033096875 0.508718415625 0.1984375 0.49245090312500006 0.1984375 0.48550184375 0.07963716562499999 0.41673061875000006 0.012271978125000001 0.49551842031250004 0.0117916875 0.5095863171875 0.0155142421875 0.52929451875 0.023506315625 0.5383853265625 0.060678065625 0.5572109390625
17 0.6890625 0.3734375 0.6866664515625 0.3734375 0.672338896875 0.3747699953125 0.649203409375 0.414831909375 0.6392235921875 0.515051653125 0.6822259359375 0.5327110953124999 0.6890625 0.534717975 0.6890625 0.3734375
17 0.4494135484375 0.3801687640625 0.464970759375 0.40676836562499996 0.467826040625 0.4171390796875 0.5258556859375 0.421875 0.54522413125 0.421875 0.555258275 0.4208620578125 0.5763189078125001 0.421875 0.592067090625 0.421875 0.6109375 0.33909945 0.6109375 0.3386451234375 0.5919894234374999 0.311588415625 0.5851047687500001 0.3048011453125 0.5802481625 0.3040049921875 0.5025824953125 0.2962244140625 0.46437008750000003 0.2956188265625 0.4494135484375 0.3801687640625
17 0.326885165625 0.469256084375 0.317025203125 0.47400570468750003 0.293476184375 0.5486590765625 0.288166009375 0.5774965 0.29718542187499997 0.578975071875 0.3162515875 0.5743199812500001 0.3232296359375 0.5804152265625 0.3384932578125 0.582917425 0.38427551718749997 0.584375 0.40986668281250005 0.584375 0.41996146718749994 0.5835407140625 0.43010161562500004 0.5767150296875 0.43662600781250005 0.5756625921875 0.4375 0.5691866125 0.4375 0.5506278124999999 0.4315157625 0.518945659375 0.431248809375 0.47363266875 0.42954098281249997 0.47052337499999997 0.41288976093749996 0.4677937046875 0.3717687140625 0.46246730625000004 0.326885165625 0.469256084375
17 0.3340256640625 0.321286065625 0.3064470984375 0.3259603625 0.2982148828125 0.3239035078125 0.27123672499999996 0.32938356406249997 0.24252410625 0.35296990781250004 0.2402025578125 0.35966265000000003 0.24101647499999998 0.374650040625 0.2544923703125 0.437689696875 0.3178951234375 0.4565714234375 0.32108394375 0.45921616875 0.3212574171875 0.46843991718750005 0.3224175859375 0.46875 0.33669350468750003 0.46875 0.3571615921875 0.46513045468750003 0.3640625 0.43792131718749994 0.3640625 0.42915343906250003 0.36153773437500003 0.40643198593749996 0.35558702656249996 0.3927245046875 0.35341214062500004 0.35629405625 0.3479417234375 0.3285186765625 0.344432678125 0.322992109375 0.3340256640625 0.321286065625
17 0.123322475 0.43424467812499995 0.12008029687499999 0.4372498375 0.15391647656250002 0.459772634375 0.18020865 0.4734375 0.183739253125 0.4734375 0.203125 0.46564335 0.203125 0.420210271875 0.1943169078125 0.412638359375 0.16836600468750001 0.37372492031250004 0.1674053328125 0.36507945625 0.1221348921875 0.385244109375 0.1246299984375 0.42455637968750004 0.123322475 0.43424467812499995
17 0.1722615078125 0.3688594125 0.1711941296875 0.37151375937500003 0.20425651718750001 0.42078830937499995 0.2061911671875 0.427471446875 0.2042966453125 0.46252745624999997 0.2072554984375 0.4671875 0.208158234375 0.4671875 0.22372298124999998 0.42893081093749996 0.2517952421875 0.4363620828125 0.253125 0.43404423750000004 0.253125 0.431579071875 0.249593721875 0.42114721875 0.2489665921875 0.40477578437500006 0.2317816390625 0.384982659375 0.21354262031250001 0.35723608906250004 0.2122083734375 0.351358709375 0.1722615078125 0.3688594125
17 0.211722675 0.3531878703125 0.2213825296875 0.3604300859375 0.22790692343750002 0.35937764843750003 0.24683965625 0.3504566921875 0.2685609078125 0.3313828921875 0.26875 0.3299817859375 0.26875 0.3275992765625 0.259834996875 0.3172204640625 0.21561843593750002 0.271776040625 0.210934075 0.2703125 0.210814690625 0.2703125 0.156778878125 0.3031555796875 0.1515625 0.34699497031250004 0.1515625 0.34763970624999996 0.1690383265625 0.36875 0.1720932796875 0.36875 0.211722675 0.3531878703125
17 0.58805515 0.6 0.57862525 0.5748770171875 0.57166051875 0.5581739781249999 0.567684503125 0.55610751875 0.5076174078125 0.5703098671875 0.50437523125 0.5733150296875 0.5035747203125001 0.5845011078125 0.49495560781250003 0.5958201265625 0.49474361718750004 0.6 0.58805515 0.6
17 0.6253734515625 0.23483352656249998 0.5848527234375 0.1935316265625 0.5767139 0.19078275 0.544078621875 0.20665272968749998 0.5291619468750001 0.222598028125 0.5175542078125 0.25606173125 0.52507930625 0.26861264375 0.528281534375 0.2974308578125 0.5847595937500001 0.3045674296875 0.6111019484375 0.3375 0.6180445671875 0.3375 0.6339527875 0.32890040468750004 0.639689984375 0.3284262515625 0.647655334375 0.32195138125 0.64498684375 0.31019662187499997 0.652805353125 0.27328241875 0.6253734515625 0.23483352656249998
17 0.426402621875 0.176831040625 0.381052096875 0.1870799265625 0.3682301421875 0.19275864375 0.3625 0.209688746875 0.3625 0.21262612343749998 0.3642408953125 0.23808123593750002 0.3805635234375 0.284375 0.381825134375 0.284375 0.41059221562500003 0.2782169625 0.42257361875 0.2787664359375 0.4327137671875 0.271940753125 0.43721011093750006 0.26489719843750004 0.4766766890625 0.2614643953125 0.49394163437499994 0.2543920328125 0.5125 0.22706396093749998 0.5125 0.2181327375 0.50484216875 0.19464112656250002 0.499251721875 0.18877335 0.4890581296875 0.16446768125 0.48429491718750006 0.1629795046875 0.45829074375 0.166497234375 0.426402621875 0.176831040625
17 0.6890625 0.6 0.6890625 0.5920371906249999 0.6433450796875 0.5859080828125001 0.6406232328125 0.57980323125 0.6407565749999999 0.5472878359375 0.6378479390625 0.5425670265625 0.633084725 0.54107885 0.588601475 0.5606652203125 0.5859375 0.57629000625 0.5859375 0.5882168484375 0.5863867296875 0.5928394078125 0.5887652015625 0.6 0.6890625 0.6
17 0.19346929531249998 0.14827518281250002 0.1809409265625 0.178051303125 0.1788862453125 0.1932757734375 0.20071438593750002 0.23646467656249998 0.210227284375 0.25 0.221720096875 0.25 0.251682078125 0.2476492484375 0.258726796875 0.2374867953125 0.2635699984375 0.21210948125 0.28235598125 0.2095304546875 0.2859375 0.20689941875 0.2859375 0.2047624296875 0.28546472343749996 0.202259428125 0.267345821875 0.1893865140625 0.278459865625 0.14381724375 0.26060782968749996 0.1394760578125 0.201154459375 0.143876371875 0.19346929531249998 0.14827518281250002
17 0.3633919421875 0.240625 0.3646819953125 0.23548408125 0.36094612187499997 0.2263836734375 0.3637479609375 0.20562303437499999 0.3690848578125 0.192351290625 0.400972978125 0.18201748125 0.4163032734375 0.1682619828125 0.41875 0.16217748125 0.41875 0.1598709421875 0.31937115625 0.1035658078125 0.280878653125 0.14181754375 0.2674030234375 0.1891216734375 0.288016946875 0.20452559374999998 0.3611747078125 0.240625 0.3633919421875 0.240625
17 0.2616213125 0.21429240312500003 0.2566180453125 0.2566194390625 0.256604728125 0.2672272296875 0.26545075625000003 0.2962633125 0.28059434843750003 0.320673115625 0.28468864531250004 0.321875 0.287499759375 0.321875 0.30372992499999996 0.3173924640625 0.3134564546875 0.3083769796875 0.3368588984375 0.3136280546875 0.359620896875 0.3131154875 0.392616434375 0.305085215625 0.396875 0.29449505625 0.396875 0.294369246875 0.3956050625 0.282940534375 0.381448859375 0.2827418734375 0.36470415312500004 0.24392296406249997 0.313109334375 0.2163669609375 0.28859947343750003 0.20881234843750002 0.2616213125 0.21429240312500003
17 0.3401272453125 0 0.33371510312499997 0.0499730640625 0.342342821875 0.0546875 0.3476019359375 0.0546875 0.3576378734375 0.0461141265625 0.373528534375 0.028206498437499998 0.412901715625 0.025465717187499997 0.4152805 0 0.3401272453125 0
17 0.3387433296875 0.06649136562499999 0.340117615625 0.07732663125 0.35396700000000003 0.1008169390625 0.362172584375 0.12408937812500001 0.37016465468750004 0.133180184375 0.39365958437500004 0.14375 0.400680475 0.14375 0.40356049531249993 0.1379475046875 0.4135671203125 0.0900746953125 0.4328125 0.0665207265625 0.4328125 0.061414789062499996 0.4240940765625 0.033091875 0.41938422031249994 0.02595379375 0.415314809375 0.0245793546875 0.374554025 0.027092662499999996 0.3508848046875 0.0500911203125 0.3387433296875 0.06649136562499999
17 0.6890625 0.13963355625 0.6038436515625001 0.1327699625 0.59268956875 0.17338135 0.6051779859375 0.1754286015625 0.6140906875 0.1882069875 0.650958553125 0.2265625 0.6632639953125 0.2265625 0.6890625 0.2240209828125 0.6890625 0.13963355625
17 0.5453594765625 0.47214880781249996 0.54874858125 0.5363642390625001 0.5439587359375 0.5560916484375 0.5453531828125 0.559375 0.548977653125 0.559375 0.5701897375 0.5561477625 0.5904967531249999 0.558062071875 0.597114540625 0.5563176125 0.62836221875 0.5402201609375 0.6396631390625 0.5300481078125 0.64375 0.5190416359375 0.64375 0.5177841890625 0.6402368234375 0.5152881875 0.6412774796875 0.4970681625 0.6235187515625 0.45525369531250004 0.614085721875 0.4515853234375 0.5670674124999999 0.46368279687499997 0.5453594765625 0.47214880781249996
17 0.46329903437500003 0.4182607046875 0.45749516406249996 0.43499255625 0.45403956562500003 0.46059734375000005 0.45357268125 0.500838709375 0.44888963437499996 0.546047565625 0.4553473546875 0.5612528265625001 0.49371004375 0.5703125 0.4960575953125 0.5703125 0.50678201875 0.568977290625 0.5235799921875001 0.5653650328125 0.547756225 0.5438643562500001 0.5484375 0.5333958562500001 0.5484375 0.510570209375 0.5443403109375 0.4273019859375 0.540737871875 0.422467440625 0.480083690625 0.425256240625 0.4731456828125 0.4241188796875 0.4669548265625 0.41744534375000003 0.46329903437500003 0.4182607046875
17 0.417968303125 0.16613273125 0.4339657640625 0.17370655156249998 0.462011303125 0.1655721453125 0.48694809687499996 0.164708765625 0.49751526718749994 0.1862463515625 0.5059743125 0.19187705 0.511911703125 0.2161923234375 0.5178545875 0.228125 0.518062540625 0.228125 0.5182893453124999 0.22148181406249998 0.5241199359375 0.22031563906249998 0.5369952484375 0.20898701718749998 0.5543268671875 0.185656953125 0.5625 0.164470790625 0.5625 0.1625930296875 0.5310710875 0.13728268906250002 0.5185426296875 0.1302775515625 0.5037593 0.11370745625 0.4732987296875 0.09244536249999999 0.43947604374999993 0.1328772953125 0.417968303125 0.16613273125
17 0.42344787500000003 0.29599326875 0.4197388109375 0.339239796875 0.43648342968750004 0.3412774453125 0.4455322171875 0.3453125 0.44772627500000006 0.3453125 0.45322804375 0.34331509375 0.4591253078125 0.3258912203125 0.4640218671875 0.29486400156250003 0.525 0.29730241562500004 0.525 0.2649624765625 0.5233284 0.260024353125 0.5150027875000001 0.2586595171875 0.4616601921875 0.259817596875 0.4354692296875 0.26471936875 0.42717034062500003 0.27892020781250004 0.42344787500000003 0.29599326875
17 0.2716832828125 0 0.231481921875 0.0218262828125 0.22884015156249998 0.0256372015625 0.2278928890625 0.0431652046875 0.2549778484375 0.06316659687500001 0.27049306875 0.0703125 0.2718619484375 0.0703125 0.277379584375 0.0548143234375 0.3090008390625 0.0359487875 0.3132570390625 0.035939184375 0.334244540625 0.0485750203125 0.3359375 0.04241105 0.3359375 0.0163568171875 0.3143370046875 0 0.2716832828125 0
8 1 0.30173060937499996 0.9926715046875 0.29282790937500003 0.9818690703125 0.2832883 0.95238870625 0.2641631109375 0.940319859375 0.2340835625 0.9340851593749999 0.22878241875 0.922166965625 0.22450104999999998 0.9024256484375 0.23280943125000003 0.8952786828124999 0.229082390625 0.88244823125 0.2263751203125 0.8766990531250001 0.23265927187500002 0.8632581265624999 0.24100442656249998 0.8619388796875 0.249946809375 0.8541157515625001 0.2625365609375 0.8555332953124999 0.2667566375 0.8856567375000001 0.2932562390625 0.9188449328124999 0.33082971250000004 0.9242133062500001 0.338231703125 0.9263460453124999 0.35667079375 0.9307300421875 0.358802284375 0.941184759375 0.35833683125000004 0.948896265625 0.350484709375 0.9525714921875 0.35050616093750003 0.963859453125 0.37163106875 0.9720367265625001 0.381155353125 0.9927036812499999 0.3828125 1 0.3828125 1 0.30173060937499996
13 1 0.1181412109375 0.999475771875 0.1173042140625 0.9970279203124999 0.107286890625 0.9974546578125001 0.09412749375 0.99484925 0.0883210578125 0.9917321375 0.064611465625 0.988851121875 0.055644565624999996 0.98542531875 0.052465717187500004 0.9818878968749999 0.0540244953125 0.9767817984375 0.0676830578125 0.9670422796875 0.082367521875 0.8880108390625001 0.1629834609375 0.897296965625 0.197258571875 0.909109959375 0.218386540625 0.91653253125 0.225274046875 0.927079115625 0.2258620796875 0.9393188468750001 0.233830653125 0.9520505296875001 0.2654934953125 0.9763921890624999 0.2798504109375 0.987673725 0.28886634375 0.989184665625 0.2890625 0.9929691093749999 0.2890625 1 0.2866828734375 1 0.1181412109375
13 0.927198190625 0.356825765625 0.925157321875 0.3394401625 0.9042350390625 0.3161531203125 0.901130778125 0.3166614765625 0.8667473343750001 0.3496287453125 0.8510027828125001 0.36164578281250004 0.8292729578125 0.3652042796875 0.8202293562499999 0.3577808375 0.8055877062500001 0.340321684375 0.788636009375 0.314425440625 0.7723733312500001 0.2964303515625 0.7713494453124999 0.3027420828125 0.790676403125 0.373929084375 0.8092160484375001 0.42405246874999997 0.8102371890625 0.425 0.8180477625 0.425 0.8241204515625 0.420454134375 0.8374038203125 0.41631986249999997 0.8425820328124999 0.4095059046875 0.8539030765625 0.40693960625000003 0.8550188296875 0.4016813625 0.8595603859375001 0.3996019703125 0.8786191125 0.3955014078125 0.8928868609375 0.396637634375 0.8952823515624999 0.394019240625 0.9216915359375001 0.38996158125 0.9374425125 0.39005351718750003 0.9558843390625 0.3848964015625 0.9716812499999999 0.3855150796875 0.971875 0.3850452359375 0.971875 0.3809493625 0.9647115984375001 0.3717860359375 0.9517107375 0.34907170781249997 0.9481273765625 0.35010374375 0.9399367734374999 0.3584795453125 0.9310571546874999 0.358954190625 0.927198190625 0.356825765625
7 0.7553420828124999 0.045342446875 0.7418749765625 0.04736974375 0.735942059375 0.0515469203125 0.7337762421875 0.056799032812500004 0.7345373734375 0.0715447890625 0.7384684515625 0.0805178171875 0.751029725 0.092173596875 0.7629812015625 0.096875 0.7677589703125001 0.096875 0.7821444484375 0.0939346328125 0.7943056390625001 0.08294963125 0.7953125 0.0782998203125 0.7953125 0.061015734375 0.794680015625 0.057154515625 0.7903157703125 0.049231909375 0.783031003125 0.043924634375 0.7782138421875 0.0428435671875 0.769655765625 0.04700541875 0.7553420828124999 0.045342446875
13 0.6890625 0.2007187375 0.6905577843749999 0.20203548124999998 0.7163234109375 0.23272145000000002 0.739778990625 0.25497032656249996 0.7690163515624999 0.2893618875 0.8229495203124999 0.3602244015625 0.8337978921874999 0.37029075625 0.8340237390624999 0.3703125 0.84080829375 0.3703125 0.8522397203125 0.3651336421875 0.8568469656250001 0.3577898765625 0.903125 0.31616415625 0.903125 0.31175815 0.9019281250000001 0.30909078437500004 0.88737834375 0.2926851203125 0.8635355359375 0.2720134078125 0.8570252296875 0.2635518015625 0.8838809062499999 0.2405436296875 0.8975055718749999 0.2343054484375 0.8982800296875 0.2311511125 0.8356114703124999 0.1744524515625 0.8215867234375 0.1580498515625 0.7907545078125 0.1294402140625 0.7833976265625 0.1172883375 0.7711317140625 0.10300190625000001 0.7654679796874999 0.09823056718749999 0.7556499203125 0.09396145624999999 0.7385209109375 0.0780672140625 0.726149803125 0.08062738281250001 0.6890625 0.097328753125 0.6890625 0.2007187375
9 0 0.9303320375 0.0183982046875 0.9097274109375 0.08963465312499999 0.8162388390625 0.0953573171875 0.8022234203125 0.10653686874999999 0.7602467625 0.11548913593750001 0.7417102265625 0.13371175625 0.717586015625 0.1415896125 0.7100218218750001 0.1578464828125 0.7043529421875 0.164436453125 0.6928183171875 0.171875 0.68543691875 0.171875 0.68525923125 0.0519394703125 0.686653246875 0.037234342187500005 0.6933004421875 0 0.7020595203125 0 0.9303320375
12 0.45616019999999996 1 0.470487865625 0.9671054031249999 0.48857335312499994 0.917077675 0.490303721875 0.90310865625 0.4977044484375 0.8761211765624999 0.5217218296875 0.8080901953125 0.5365473171875 0.7441514515625001 0.5375 0.733674365625 0.5375 0.7306259546875 0.53551884375 0.7257309234375 0.530790009375 0.7208041359374999 0.5049447 0.7191118375000001 0.4974308734375 0.7102320171875001 0.492072234375 0.707803425 0.48458668125 0.7078904296874999 0.4718492203125 0.7130202296875 0.448104675 0.7093108125 0.41710995781250004 0.7012020875 0.40019500781249995 0.700402340625 0.3077436984375 0.684375 0.2789883078125 0.684375 0.16734582343749999 0.6856726265625 0.152620384375 0.7042762625 0.1393315828125 0.7104088203125001 0.12882777343750001 0.7204944109375 0.1083736265625 0.7491281359374999 0.0908939140625 0.8066214531250001 0.085801053125 0.8181386765625 0.0723051453125 0.837724371875 0.068262665625 0.8482330359375 0.06598095312499999 0.8632048140624999 0.0594715640625 0.8827093046875 0.059737340625 0.8966551203125 0.0628927265625 0.9125600515624999 0.066229065625 0.915510325 0.0776023015625 0.9173708328125001 0.08760919375000001 0.9167563484375 0.0957507046875 0.9136726671875 0.1005297234375 0.90813719375 0.11644447656250001 0.8994832390624999 0.11155659843750002 0.8880820203124999 0.10777353125 0.884140590625 0.10842948906250001 0.8811439140624999 0.1336669015625 0.8659053234374999 0.14435590468749998 0.8617956812500001 0.1493462734375 0.861737678125 0.16006355156250002 0.8665948640625001 0.177666975 0.8922953687499999 0.1835769609375 0.8937212015625 0.2528603875 0.875479784375 0.2618692078125 0.8748768984374999 0.27293072500000004 0.8921844640625001 0.279895334375 0.9115323468750001 0.3046224078125 0.9630551640625 0.30470298906250004 0.9710250296874999 0.3023145421875 0.9785254171875 0.290368053125 0.9970967546875 0.2912764796875 1 0.3333557453125 1 0.33315446249999997 0.999090321875 0.3347215453125 0.9597162671875001 0.337896715625 0.9467268078125001 0.3438830390625 0.9371918984375001 0.35231223906250003 0.9286249468750001 0.3625806640625 0.9230256703125 0.381831753125 0.9173219859374999 0.4116693578125 0.918967884375 0.4243566296875 0.9243003453125 0.43294699375 0.9316731265625 0.4403300578125 0.94304534375 0.44285351562499997 0.9519831671875 0.44340910468750006 0.969911015625 0.4461962203125 0.9833293515625 0.4447564 1 0.45616019999999996 1
11 0.5903609734375 0.7265165578125 0.544059396875 0.7439926765625 0.535813271875 0.7490702765625 0.517313575 0.826004278125 0.49807309375 0.8790344828125001 0.491511396875 0.89953593125 0.49172055937500003 0.9 0.5039187703125 0.9 0.5089776890625 0.8993329203125 0.5226609140625 0.8951884781249999 0.5874770421875 0.86703548125 0.6312813125 0.84012305625 0.6465379859375 0.825000471875 0.65903581875 0.8054263765625 0.67277461875 0.8002226671875 0.6765625 0.728026390625 0.6765625 0.720142128125 0.6759839765625 0.7200414296875 0.6585176859375 0.7202444406249999 0.6364010171875 0.7140252265625 0.624397978125 0.7146629140625 0.6057243828125001 0.718865359375 0.5903609734375 0.7265165578125
4 0.766555571875 0.6 0.7672222640624999 0.6572953874999999 0.7673365671875 0.6671185703125 0.76772070625 0.70013148125 0.77217420625 0.7030246250000001 0.790569984375 0.7223912921875 0.8535469421874999 0.7324548546875 0.8840045234374999 0.7333003515625001 0.9090879296875001 0.7365387812499999 0.9253361874999999 0.74016549375 0.93770089375 0.747675759375 0.9445656906250001 0.7467734546875 0.9504195937500001 0.7434039234375 0.961550515625 0.72929175625 0.9674272796875 0.727886859375 0.9724188828125 0.7348202390624999 0.9716365953124999 0.7519993796875 0.9731557937499999 0.7559457984375 0.9884845999999999 0.76496383125 0.9978509140625 0.768019375 1 0.768126990625 1 0.6858754328125001 0.9945264140625 0.693334609375 0.978403890625 0.700513396875 0.9510018515625 0.7090342125 0.937694834375 0.70495063125 0.911965959375 0.6884451921875 0.9025082015624999 0.677531103125 0.8729414953125 0.6688384890625 0.8678013 0.6491349718749999 0.8310611765625 0.61482206875 0.8264750062499999 0.60052701875 0.8264387828125 0.6 0.766555571875 0.6