14 0.3170859359375 0.609375 0.4828125 0.194973740625 0.4828125 0.1938655625 0.4751857765625 0.1736554703125 0.30296158281249996 0.609375 0.3170859359375 0.609375
14 0.6296875 0.30257151250000003 0.3903856984375 0.38244107031249996 0.39652355625 0.39375 0.39835643906249996 0.39375 0.6296875 0.3141241984375 0.6296875 0.30257151250000003
14 0.6296875 0.41360056875 0.562252978125 0.4359513171875 0.55765031875 0.453125 0.5599023765625 0.453125 0.6296875 0.42947839375 0.6296875 0.41360056875
14 0.6296875 0.46305441875 0.4938080203125 0.6027534859375 0.5008858359375 0.609375 0.505312665625 0.609375 0.6296875 0.4801913546875 0.6296875 0.46305441875
13 0 0.458447190625 0.15420758437499998 0.521875 0.1578475375 0.521875 0.2890625 0.24169663749999998 0.2890625 0.23962379375 0.099023275 0.1685570625 0.038799239062500004 0.3269824796875 0 0.3959004875 0 0.458447190625
13 0.6296875 0.2479104265625 0.5070001125 0.223711996875 0.5126947375 0.4009090203125 0.6296875 0.405967696875 0.6296875 0.2479104265625
13 0.3463894515625 0.609375 0.2070926515625 0.41295051406249994 0.01624418125 0.5875980968750001 0.0380841484375 0.609375 0.3463894515625 0.609375
13 0.28093583906249997 0.50696178125 0.4547277703125 0.4999474359375 0.45490724531250004 0.5816201359375001 0.48874656562499996 0.5828125 0.512375490625 0.5828125 0.534750953125 0.5583149890625 0.559375 0.43815679999999996 0.559375 0.432092453125 0.45501310781250004 0.4083061640625 0.3987464328125 0.396338596875 0.354220178125 0.389146565625 0.250874 0.3819840421875 0.24502057968750002 0.4647579765625 0.28093583906249997 0.50696178125
13 0.2141515703125 0.440625 0.50625 0.33664384687500004 0.50625 0.31946172968750003 0.50509068125 0.26184434687499997 0.4797818875 0.184593978125 0.287841565625 0.238738946875 0.20835681250000002 0.42538949531250003 0.21221869375 0.440625 0.2141515703125 0.440625
11 0.6296875 0 0.6296875 0.2735200765625 0.6827774078125 0.325526690625 0.71793313125 0.3665157078125 0.76272989375 0.4107427484375 0.80768246875 0.44300613125000005 0.8661471046875 0.473370521875 0.9557454828124999 0.503033734375 0.9771797609374999 0.524823453125 1 0.5375692609375 1 0.35958659375 0.978815753125 0.31423490468750004 0.9075061156249999 0.21861820937499998 0.8949824906250001 0.18179723125 0.88050145 0.1571931078125 0.861769584375 0.135023590625 0.8291604640625 0.10561842968749999 0.7422540125 0 0.6296875 0
12 0.7391186703125 0 0.8107157875000001 0.0870080546875 0.8453651109375 0.124393853125 0.85616015625 0.1293068859375 0.9081243875 0.13302695 0.9363852984375001 0.15110145625 0.9492036859375 0.1546875 0.9537595046874999 0.1546875 0.9753730781249998 0.1474592734375 0.990715959375 0.1324426203125 1 0.11204348281250001 1 0.08508525312500001 0.9917482171875001 0.0744259578125 0.9651623125000001 0.0551974484375 0.9778027828125 0.040560595312499996 0.9770723953125 0.0222913109375 0.9703122890625 0 0.7391186703125 0
8 0.306004325 0.609375 0.29594001875 0.616253253125 0.220229746875 0.6625704781249999 0.2001406609375 0.6712511234375 0.193230690625 0.6713421078125 0.17883030312499998 0.666566546875 0.1130802546875 0.6332043031250001 0.09319206875 0.625155671875 0.081825803125 0.6244954093749999 0.077542028125 0.6336018 0.0900778140625 0.6446699953125 0.0858026640625 0.654269265625 0.0863658578125 0.658241028125 0.104449821875 0.676032465625 0.1274411359375 0.6921394453125 0.126539025 0.6970108500000001 0.1198015734375 0.70695946875 0.135667265625 0.7108353859375 0.140244328125 0.7184869765624999 0.1487144875 0.7229180515625 0.158380046875 0.7392357046875 0.1643361515625 0.7410588359375 0.18112120781250002 0.7410491140625 0.199569965625 0.7514760296875 0.21196773281249998 0.7546581156250001 0.254502190625 0.7590984546875 0.270401625 0.759375 0.3086123640625 0.759375 0.33739596562499996 0.7565280171875 0.349092521875 0.747852234375 0.3624811609375 0.7230261796875 0.3636704328125 0.7063543203125 0.371875 0.6966219406249999 0.371875 0.6922048796875 0.3529129921875 0.684064671875 0.3503903078125 0.6809638453125 0.3503213 0.6770207906250001 0.3563834171875 0.656692946875 0.36353129375000004 0.6137786625 0.351556990625 0.609375 0.306004325 0.609375
5 0.6296875 0.609375 0.6296875 0.9685918781249999 0.634055009375 0.9619506 0.6589716953125 0.9346809078125 0.6796031015625 0.9052510640625 0.7330812359375 0.7920427265625001 0.7589368328124999 0.71756765625 0.7719681171875 0.6697805171875 0.7826997203125 0.609375 0.6296875 0.609375
5 0.8621741281249999 0.609375 0.8558669906249999 0.6187049796874999 0.8374704718749999 0.6507257296875 0.8040957593750001 0.720414775 0.7854382640625 0.76448721875 0.7684876703125 0.797061121875 0.7397162359375 0.8850025515625 0.7226621546875001 0.92812605625 0.7039579796875 1 0.926709971875 1 0.9411213796875 0.9674331687500001 0.9648230968749999 0.9039384578125 0.9816356625000001 0.8296493593750001 0.9875 0.7450822078125 0.9875 0.7447276515625 0.983582425 0.6724242031250001 0.9720629921875 0.638853671875 0.9569707578125 0.6202341062500001 0.9509630640625 0.609375 0.8621741281249999 0.609375
5 0.7808291890625 0.609375 0.7602070703125 0.7085238609375 0.732670065625 0.789473021875 0.707625909375 0.84186498125 0.6823447609375 0.8917359687499999 0.6632642718749999 0.92071756875 0.649334509375 0.9388237171875 0.6348782671875 0.952388625 0.6296875 0.96027295 0.6296875 1 0.6933771515625 1 0.6974235656250001 0.9917656578124999 0.7141356625 0.9471225765625 0.731821209375 0.9075389203124999 0.77430940625 0.7843977109375 0.7921539531249999 0.7528601734375 0.8069491624999999 0.721718421875 0.8236087609375 0.6775760390625 0.8257881359375 0.6615712265625 0.822417778125 0.626778359375 0.818550965625 0.6110644265625 0.818657721875 0.609375 0.7808291890625 0.609375