15 0.046385554687500004 0.36773110781249996 0.1039792109375 0.36089536093749996 0.12178724062499999 0.3652113375 0.1136430171875 0.383827846875 0.09263964375 0.38770749531250004 0.0989522421875 0.41696304531250006 0.1064811609375 0.4203125 0.115864953125 0.4203125 0.13538666093750001 0.4121343890625 0.1471938171875 0.3909399328125 0.1828489203125 0.3767484828125 0.182303559375 0.32361144531249997 0.195045890625 0.31365234062499997 0.2046875 0.28753810625 0.2046875 0.23734854218749998 0.1528706078125 0.1921875 0.1366765421875 0.1921875 0.1053435609375 0.2142394625 0.10417443281250001 0.24677835468749998 0.09458840156250001 0.27136523437500004 0.04375 0.31109931562500004 0.04375 0.3138770546875 0.046385554687500004 0.36773110781249996
15 0.31875 0.2487103625 0.24635849531249998 0.2759496609375 0.228640859375 0.296740546875 0.2297335265625 0.31011274218749996 0.235285121875 0.31875 0.28691706093749997 0.31875 0.31160896875 0.31410400156249996 0.31875 0.309851090625 0.31875 0.2487103625
15 0.43125 0 0.43125 0.20378185937499999 0.4332360609375 0.21829435937500002 0.45428365625 0.21829435937500002 0.5053992468749999 0.203141796875 0.5520046390625 0.225870640625 0.5565148390625 0.2334469234375 0.5565148390625 0.2470842296875 0.542984240625 0.2622367921875 0.48886185156249995 0.2607215359375 0.46029725624999995 0.2804198671875 0.4497734578125 0.2955724296875 0.44827005781249996 0.30920973749999997 0.46480745625 0.33799960625000003 0.467784428125 0.340625 0.62815770625 0.340625 0.8075825953125001 0.3273928109375 0.8331403890625001 0.3198165296875 0.84375 0.29415265156250003 0.84375 0.22696616249999998 0.8391539890625002 0.168290903125 0.8391539890625002 0.0652534765625 0.8331403890625001 0.0364636078125 0.8226165921875002 0.0213110453125 0.8158202124999999 0 0.43125 0
15 1 0.1667589625 0.971216515625 0.1436417921875 0.8760312109375 0.090625 0.8476959687499999 0.090625 0.8375 0.143328440625 0.8375 0.16105425625 0.8426650484374999 0.23007933125000002 0.9696861406250001 0.2825592640625 0.9835030953124999 0.3015625 1 0.3015625 1 0.1667589625
15 0.8456551125 0.08978125 0.851912375 0.0960349375 0.8800700593750002 0.1038520484375 0.9125299203124999 0.121875 0.9322937718750002 0.121875 0.9484375 0.0930633890625 0.9484375 0.0782800046875 0.9426426875 0.0647665 0.8816343734375 0.0444420171875 0.8390625 0.040040548437500004 0.8390625 0.047196246875 0.8456551125 0.0647665 0.8456551125 0.08978125
15 0.7484375 0.32612534375 0.7484375 0.3315304046875 0.7656262859375 0.340625 0.8046951046874999 0.340625 0.8572872874999999 0.324687975 0.978125 0.307456215625 0.978125 0.284983525 0.9656943671875 0.2761941875 0.843349234375 0.23239334843749998 0.843349234375 0.2887087140625 0.8309598546875 0.31060913437500004 0.8154731281250001 0.3184307125 0.7484375 0.32612534375
17 0.0140625 0.45 0.0140625 0.6783909875 0.0170874328125 0.68125 0.0560611703125 0.68125 0.12491568906249999 0.622068128125 0.1623975953125 0.595672284375 0.2527951296875 0.5043866578125 0.312325215625 0.45709410312500004 0.317302746875 0.45 0.0140625 0.45
17 0.31875 0.45 0.30880341875 0.45 0.2974039125 0.46496364999999995 0.2516038015625 0.4988968515625 0.1829036359375 0.56347939375 0.163275015625 0.58318254375 0.1501892703125 0.6072641703125 0.121836821875 0.6138318859374999 0.095665328125 0.642291990625 0.0760367109375 0.6543328031250001 0.0328125 0.692555859375 0.0328125 0.7034526578125 0.0335080359375 0.7057799140625 0.095665328125 0.7637947421875 0.1567321421875 0.8075795171875001 0.1815195453125 0.834375 0.22819806250000002 0.834375 0.30285630625 0.761605503125 0.31875 0.7487536359375 0.31875 0.45
2 0.5046875 0.623354225 0.5072532046875 0.6708890843749999 0.5168737703125 0.67570639375 0.5297011890625 0.72066795 0.5457354640625001 0.741542959375 0.5617697390625 0.751177578125 0.5808173140624999 0.7578125 0.641228546875 0.7578125 0.6820268 0.7399371890625 0.7 0.7129380046875 0.7 0.5904884453125 0.6884405109375 0.57775443125 0.6451479671875 0.574542890625 0.5922348609375 0.5793602 0.5264943328125 0.6114755984375 0.5046875 0.6114755984375 0.5046875 0.623354225
2 0.31875 0.631142665625 0.3269778734375 0.634375 0.383784521875 0.634375 0.40167797812500006 0.630609209375 0.422241021875 0.600249271875 0.428125 0.5853894281249999 0.428125 0.5329244140625 0.41116861250000003 0.5043757859375 0.381114934375 0.4883968703125 0.3526430265625 0.48360319687500003 0.319425803125 0.4947884359375 0.31875 0.495471125 0.31875 0.631142665625
2 0.4484375 0.45 0.4484375 0.470256121875 0.455865215625 0.491027728125 0.48250258125 0.523891578125 0.494297828125 0.528125 0.5174068921874999 0.528125 0.5940465484375 0.5173188078125001 0.6046875 0.5008146953125 0.6046875 0.45 0.4484375 0.45
2 0.604225034375 0.45 0.6041519624999999 0.450139478125 0.5976666046875 0.49574645312500004 0.5859375 0.5222587015625 0.5859375 0.5253770578125 0.6171226796875 0.533209325 0.6294253718749999 0.540625 0.6439664281249999 0.540625 0.6527921515624999 0.5152923 0.6852189453124999 0.48108706874999996 0.7176457375 0.46968532500000004 0.75980056875 0.46968532500000004 0.7635931328125001 0.45 0.604225034375 0.45
2 0.7955328421875 0.45 0.7867762125 0.48940483125 0.8055555562500001 0.525398571875 0.82589984375 0.5394830796875001 0.8853677624999999 0.5441779140625 0.9166666671874999 0.48783988593750005 0.9166666671874999 0.45967087187500005 0.9069957953125 0.45 0.7955328421875 0.45
2 0.3455494640625 0.45 0.3376369328125 0.45967087187500005 0.332942096875 0.4909697765625 0.356416275 0.49253472187499997 0.40492957812499997 0.5097491203125 0.4174491390625 0.5269635171875 0.4268388109375 0.5770417640625001 0.4565727703125 0.56765209375 0.46752738593750004 0.545742859375 0.46909233125 0.5113140656249999 0.44874804375000005 0.45341109218750003 0.44533695156249997 0.45 0.427364540625 0.45 0.4033646328125 0.451846146875 0.393210825 0.45 0.3455494640625 0.45
2 1 0.761294503125 0.9698748046875 0.750750684375 0.9354460093749999 0.74762079375 0.8978873234375001 0.7617053015625 0.8728482 0.7976990421875 0.8697183093749998 0.8243031109375 0.8853677624999999 0.8696865218750001 0.89945226875 0.8775112484375001 0.9197965578125 0.8775112484375001 0.9354460093749999 0.8931606999999999 0.982394365625 0.8931606999999999 1 0.90049638125 1 0.761294503125
2 0.8039906109375 0.7397960687499999 0.8133802812500001 0.7397960687499999 0.8712832546874999 0.7006724375 0.8869327078125 0.68032815 0.896322378125 0.6521591359375 0.896322378125 0.5973860531249999 0.8869327078125 0.5613923125 0.8587636937500001 0.5394830796875001 0.8243348984375001 0.537918134375 0.810250390625 0.525398571875 0.8055555562500001 0.5488727499999999 0.7946009390625 0.5598273671875 0.802425665625 0.5926912171875001 0.7946009390625 0.61460045 0.7773865421874999 0.623990121875 0.763302034375 0.6412045187500001 0.749217528125 0.6458993546875 0.73982785625 0.6599838609375 0.7789514859375 0.6834580406249999 0.796165884375 0.710062109375 0.8039906109375 0.7397960687499999
2 0.7711267609375 0.6412045187500001 0.7977308296875 0.6192952859374999 0.8055555562500001 0.6020808875 0.8133802812500001 0.5488727499999999 0.810250390625 0.525398571875 0.796165884375 0.49409966718750004 0.76017214375 0.451846146875 0.7476525828125 0.4612358171875 0.6881846640625 0.4674955984375 0.6600156500000001 0.4909697765625 0.638106415625 0.5332232984375 0.650625978125 0.5629572578125 0.6459311421875 0.5739118734375 0.667840375 0.57547681875 0.6913145546875 0.5973860531249999 0.7053990609375 0.6552890265625 0.7413928015625 0.6552890265625 0.7711267609375 0.6412045187500001
2 0.5770735531250001 0.58799638125 0.6474960875 0.578606709375 0.6459311421875 0.552002640625 0.6365414703125 0.537918134375 0.6068075125 0.52226868125 0.56768388125 0.5175738453125 0.52856025 0.525398571875 0.4972613453125 0.54261296875 0.45187793437499996 0.6067757234375 0.45813771562500005 0.66154880625 0.4753521125 0.6834580406249999 0.49413145468749997 0.69441265625 0.5129107984375001 0.6975425468750001 0.5269953046875 0.6897178203125 0.5160406890625 0.631814846875 0.52856025 0.6130355046875 0.5770735531250001 0.58799638125
2 0.5035211265624999 0.7006724375 0.46283255156249997 0.6662436421875 0.431533646875 0.66154880625 0.40179968749999995 0.6693735328124999 0.37989045312499997 0.6897178203125 0.3689358375 0.7131919984375 0.3705007828125 0.744490903125 0.39084507031250004 0.7945691515625001 0.39866979687500004 0.8008289312500001 0.4174491390625 0.8102186031249999 0.46909233125 0.8149134390625001 0.4800469484375 0.8086536578124999 0.48161189374999996 0.74762079375 0.5035211265624999 0.7006724375
2 0.6224569640625 0.8023938765625 0.6334115812500001 0.7554455203125 0.6287167453125 0.7491857390625001 0.5895931140625 0.74762079375 0.5614241 0.736666178125 0.544209703125 0.7210167249999999 0.5301251953125 0.717886834375 0.5363849765625 0.7116270546875001 0.52856025 0.6959776015625 0.520735525 0.6928477109375001 0.4894366203125 0.717886834375 0.4863067296875 0.7319713421875 0.478482003125 0.7382311234375 0.4800469484375 0.8055237671875 0.49256651093750004 0.8336927812500001 0.5097809078125 0.8524721249999999 0.53482003125 0.8618617953125 0.558294209375 0.8618617953125 0.5864632234375 0.849342234375 0.6099374015625 0.8243031109375 0.6224569640625 0.8023938765625
2 1 0.641719303125 0.97143975 0.6161653953125 0.9244913921875 0.605210778125 0.9010172140625 0.60834066875 0.8947574328125001 0.61460045 0.8931924875 0.664678696875 0.8697183093749998 0.7131919984375 0.8712832546874999 0.7319713421875 0.8931924875 0.757010465625 0.9229264468749999 0.750750684375 0.982394365625 0.7538805749999999 1 0.7216035796875 1 0.641719303125
2 0.8055555562500001 0.7538805749999999 0.8039906109375 0.724146615625 0.789906103125 0.69441265625 0.766431925 0.67406836875 0.7413928015625 0.664678696875 0.7085289515625 0.6631137515625 0.697574334375 0.6725034234375 0.6991392796875 0.6928477109375001 0.68661971875 0.7163218890625 0.6521909234375001 0.7460558484375 0.6521909234375001 0.7726599171874999 0.663145540625 0.7883093703125 0.7053990609375 0.8149134390625001 0.749217528125 0.8180433296875 0.7805164312499999 0.8008289312500001 0.7946009390625 0.7836145343750001 0.8055555562500001 0.7538805749999999
2 0.31875 0.8199300671875001 0.3579812203125 0.7976990421875 0.3579812203125 0.777354753125 0.365805946875 0.7617053015625 0.35015649375 0.7491857390625001 0.3689358375 0.7397960687499999 0.372065728125 0.7131919984375 0.38615023437499996 0.6818930953125 0.3705007828125 0.65372408125 0.345461659375 0.6349447375 0.32042253593750003 0.6271200125 0.31875 0.6388277625 0.31875 0.8199300671875001
2 0.5410798124999999 0.8649916859375001 0.5129107984375001 0.8556020156249999 0.478482003125 0.8133484937500001 0.4565727703125 0.8211732203125 0.42370892031250007 0.849342234375 0.41431924843749995 0.875946303125 0.41588419375 0.9150699328125 0.4440532078125 0.9588884 0.46126760625 0.9667131265624999 0.5160406890625 0.9698430171875 0.5833333328125001 0.9041153171874999 0.5755086078125 0.8978555359375001 0.56768388125 0.8649916859375001 0.5410798124999999 0.8649916859375001
2 0.31875 0.98286540625 0.32981220625 0.9823625781249999 0.36737089218749996 0.99175225 0.37989045312499997 0.96514818125 0.4174491390625 0.9354142218749999 0.4174491390625 0.9119400437500002 0.4111893578125 0.8743813578124999 0.39866979687500004 0.849342234375 0.37989045312499997 0.8336927812500001 0.3470266046875 0.8321278359375001 0.3313771515625 0.836822671875 0.31875 0.8524562875000001 0.31875 0.98286540625
2 0.909794859375 1 0.896322378125 0.9541935640624999 0.8728482 0.9244596046875 0.8603286390625 0.9166348781250001 0.8415492953125 0.9166348781250001 0.79303599375 0.9463688375 0.7711267609375 0.9729729062499999 0.7617370890624999 0.9964470859375 0.76209238125 1 0.909794859375 1
2 0.8822378718749999 0.8540370703125 0.8697183093749998 0.8227381656249999 0.8571987484375001 0.8086536578124999 0.8243348984375001 0.7914392609374999 0.796165884375 0.789874315625 0.7413928015625 0.8352577265625 0.7288732390625 0.8602968499999999 0.72730829375 0.8806411390625 0.7351330203125 0.9025503718749999 0.7539123625 0.9228946593749999 0.7742566515625 0.9369791671875 0.8039906109375 0.941674003125 0.861893584375 0.9150699328125 0.8728482 0.9041153171874999 0.8822378718749999 0.8775112484375001 0.8822378718749999 0.8540370703125
2 0.72730829375 0.849342234375 0.7147887328125 0.8274330015625001 0.6553208140625 0.7851794796875 0.6396713609375 0.78048464375 0.6287167453125 0.786744425 0.6068075125 0.8289979453124999 0.578638496875 0.8587319046874999 0.578638496875 0.9119400437500002 0.591158059375 0.9307193859375001 0.6130672921875 0.9448038921874999 0.689749609375 0.943238946875 0.724178403125 0.9025503718749999 0.7147887328125 0.8915957546875 0.724178403125 0.8837710296874999 0.72730829375 0.849342234375
2 0.7459217375 1 0.7413928015625 0.9901873046875 0.7116588421875 0.9604533453125 0.677230046875 0.941674003125 0.6365414703125 0.9385441125 0.6115023468749999 0.9463688375 0.59428795 0.9604533453125 0.58220425 1 0.7459217375 1