1 0.18178674374999998 0 0.20237021562500002 0.011294820312499999 0.2463290421875 0.0423731359375 0.3161322625 0.049991565625 0.3184874375 0.073690890625 0.31257648437499996 0.0858706828125 0.3210761484375 0.0875 0.32605563125 0.0875 0.34995770937500004 0.0725703046875 0.3790969328125 0.079149559375 0.3859375 0.0733181421875 0.3859375 0.060226668750000004 0.3857808796875 0.05916996249999999 0.3419766515625 0.026531684374999996 0.3589090359375 0 0.18178674374999998 0
1 1 0 0.7132755484375 0 0.7095332843750001 0.0124864671875 0.6950326765625 0.07953836875 0.6750267078125 0.1478760328125 0.6643279390625001 0.2012708625 0.66125605625 0.2263534765625 0.6564690578125 0.239563815625 0.6545911296875 0.2561104953125 0.6573841984375 0.2644372015625 0.6612900234375 0.267721234375 0.6682093124999999 0.2698502703125 0.705008084375 0.2714081765625 0.7842501765625001 0.2672497828125 0.8168415234375 0.2784986171875 0.8409604484375001 0.2901920609375 0.8607447671875 0.2956334046875 0.9084614500000001 0.29861208281249996 0.9408444171875001 0.297411146875 1 0.301114046875 1 0
4 0.5703830187500001 0 0.5695258671875 0.1211078328125 0.57178534375 0.1523902390625 0.5766643078125 0.178052471875 0.5763279125 0.19252454531250002 0.5854138796875 0.22992828125 0.5989852484375 0.2670966390625 0.600951653125 0.26875 0.6067101625 0.26875 0.6150957421875 0.259273215625 0.639250296875 0.2266046765625 0.6585946546875 0.208144553125 0.663335253125 0.1969303609375 0.6679834703124999 0.1682760296875 0.6674855078124999 0.146869746875 0.6725736875 0.142116878125 0.67827624375 0.1323474890625 0.6851263515625 0.116038315625 0.69308963125 0.07325402656249999 0.6983750093750001 0.060017532812499996 0.70667426875 0.0241936078125 0.7143642328124999 0 0.5703830187500001 0
13 0.51875 0 0.51875 0.1767601375 0.51935531875 0.1764519359375 0.5444245984375 0.19008921875 0.5498951546875 0.1903005671875 0.5511935078125 0.1772733 0.5491424125 0.1584406640625 0.532535628125 0.0591280703125 0.5331384046875 0.05461058437500001 0.542410803125 0.041164862499999996 0.5546875 0.0142699921875 0.5546875 0 0.51875 0
13 0.5548965921875 0 0.5503819984375 0.011906370312500001 0.5359706 0.060844034375 0.5309094890625 0.06443248124999999 0.539871725 0.10715927968750001 0.548872625 0.148222621875 0.550841828125 0.20626924062500002 0.5800103125 0.2234375 0.58125 0.2234375 0.58125 0.21902153906250002 0.5749501218749999 0.16845270625 0.5673011484375 0.1406098375 0.5579028874999999 0 0.5548965921875 0
8 0.51875 0.309375 0.4752248921875 0.309375 0.46853844218749996 0.31166733281250003 0.46151631093749995 0.31803306875000004 0.4465896390625 0.3384309640625 0.435668728125 0.3472655515625 0.3996479671875 0.360622053125 0.369588996875 0.37745312656249996 0.3537161796875 0.3953938703125 0.3466796328125 0.40816561562500003 0.3479672125 0.41268100781249994 0.3674744015625 0.43288135937500005 0.381840309375 0.4390625 0.395483925 0.4390625 0.41695520156250004 0.43573608124999996 0.42041277343749994 0.437100440625 0.43357462187499995 0.432035390625 0.45728711874999994 0.4288895359375 0.4720996046875 0.4207891015625 0.5018315531249999 0.395493778125 0.51875 0.393589253125 0.51875 0.309375
8 0.51875 0.392102184375 0.510902171875 0.393168203125 0.5049259640625 0.3960996421875 0.49544172656249996 0.4200877578125001 0.49533474687499995 0.42918221249999994 0.5001436390625 0.4451855390625 0.5113555296875 0.460830228125 0.5082959171875 0.4748506859375 0.5090982765625001 0.4796875 0.51106103125 0.4796875 0.51875 0.47622087031250004 0.51875 0.392102184375
8 0.2782495296875 0.4390625 0.2931382109375 0.4295065421875 0.3162387828125 0.42916478125 0.319810546875 0.41823167968749997 0.32498249375 0.42668422968749997 0.3351423875 0.41001560000000004 0.3421875 0.3967399140625 0.3421875 0.3940490421875 0.342186140625 0.39404084687499996 0.335100275 0.390283009375 0.3344246171875 0.3829635234375 0.33552099062499996 0.35710818906249997 0.3421875 0.33156090625 0.3421875 0.3286736109375 0.340089353125 0.3262112046875 0.32865629375 0.331958434375 0.2893187109375 0.396742340625 0.27599222343749996 0.43652588281250004 0.2764130125 0.4390625 0.2782495296875 0.4390625
8 0.43664532187500005 0.42984653906250003 0.41880926093750004 0.4359524078125 0.406871259375 0.43540927187499995 0.385492265625 0.439636221875 0.378833190625 0.43845118124999993 0.3712989125 0.44172955781249995 0.3707723453125 0.445048209375 0.3751760703125 0.44886972031249994 0.3679616 0.46381535312499994 0.36871540937499997 0.47485240156249997 0.3609887921875 0.486710675 0.3666728875 0.498250584375 0.38146375 0.499759165625 0.3850438625 0.5015625 0.3909630875 0.5015625 0.4149586703125 0.49390146718750005 0.43268775000000004 0.4968900546875 0.465625 0.4879573421875 0.465625 0.4877980359375 0.4633514328125 0.48045789375000003 0.4649311265625 0.4705019375 0.4631386046875 0.4596961828125 0.4496220390625 0.4301583828125001 0.447203178125 0.428562728125 0.43664532187500005 0.42984653906250003
1 0.301175325 0.478788634375 0.3086026234375 0.48460471250000003 0.3507990359375 0.4921875 0.35908546406249997 0.4921875 0.3639598578125 0.490419446875 0.36240899375 0.4875633796875 0.369530896875 0.47530619375 0.36817237187499996 0.46387022968749997 0.3759061984375 0.448808953125 0.37089775937499997 0.444588525 0.37385760156250003 0.43645951875 0.3648722328125 0.4309903796875 0.3478692625 0.4129002375 0.34770575312499996 0.408668115625 0.35465694062500003 0.39538180624999997 0.3648949859375 0.3824307421875 0.3832648171875 0.3698032171875 0.4140625 0.35618726875 0.4140625 0.3551997859375 0.3827465921875 0.33096824062499997 0.3777237390625 0.3331538265625 0.365223134375 0.3519443703125 0.3348143953125 0.4088708328125 0.305202709375 0.4576163109375 0.301175325 0.478788634375
15 0.51875 0.7906022890625 0.57802734375 0.85263671875 0.6029296875 0.87607421875 0.61123046875 0.88046875 0.62138671875 0.88125 0.6245167265625 0.88125 0.68154296875 0.86240234375 0.68984375 0.8619140625 0.69765625 0.8658203125 0.7083984375 0.87509765625 0.7211763828125 0.88125 0.7322265625 0.88125 0.7357421875 0.8794921875 0.738671875 0.87265625 0.7390625 0.862109375 0.7390625 0.858356584375 0.7357421875 0.82041015625 0.72841796875 0.7818359375 0.72353515625 0.7720703125 0.6986328125 0.73984375 0.64833984375 0.691015625 0.6361328125 0.6763671875 0.60146484375 0.64267578125 0.51875 0.555787253125 0.51875 0.7906022890625
15 0.51875 0.309375 0.51875 0.5468967906250001 0.5248046875 0.55205078125 0.54677734375 0.5681640625 0.57021484375 0.59013671875 0.61904296875 0.62578125 0.637109375 0.63408203125 0.65322265625 0.63212890625 0.67763671875 0.6189453125 0.699609375 0.62041015625 0.70888671875 0.61748046875 0.75234375 0.590625 0.80849609375 0.54716796875 0.81923828125 0.53203125 0.82314453125 0.5173828125 0.8216796875 0.49736328125 0.8138671875 0.479296875 0.80654296875 0.46904296875 0.78115234375 0.4431640625 0.7298828125 0.40263671875 0.7220703125 0.38115234375 0.71083984375 0.36650390625 0.676171875 0.33720703125 0.6371465265625 0.309375 0.51875 0.309375
6 0.91025390625 0.348291015625 0.90146484375 0.353173828125 0.8990234375 0.356591796875 0.8892578125 0.359521484375 0.86826171875 0.360009765625 0.82578125 0.354150390625 0.81015625 0.354150390625 0.7974609375 0.356591796875 0.7544921875 0.373193359375 0.72958984375 0.385400390625 0.72470703125 0.391259765625 0.72470703125 0.396630859375 0.7271484375 0.402490234375 0.737890625 0.412744140625 0.7701171875 0.438134765625 0.80234375 0.466943359375 0.8174035906249999 0.4890625 0.8306518562499999 0.4890625 0.84580078125 0.485498046875 0.858984375 0.480615234375 0.86826171875 0.474755859375 0.89169921875 0.449853515625 0.905859375 0.438623046875 0.9166015625 0.434228515625 0.9302734375 0.432763671875 0.9400390625 0.428857421875 0.97470703125 0.422021484375 0.9810546875 0.418603515625 0.99619140625 0.402978515625 0.9984375 0.3958658859375 0.9984375 0.38045654375 0.99521484375 0.366357421875 0.9869140625 0.359033203125 0.9751953125 0.339501953125 0.96640625 0.334130859375 0.9546875 0.332177734375 0.91025390625 0.348291015625
12 1 0.5934536046875 0.98720703125 0.58896484375 0.9447265625 0.58017578125 0.92080078125 0.5796875 0.8939453125 0.58310546875 0.87880859375 0.58310546875 0.8177734375 0.57431640625 0.78017578125 0.57236328125 0.76845703125 0.5767578125 0.7455078125 0.59384765625 0.70595703125 0.61826171875 0.6966796875 0.62119140625 0.68984375 0.6314453125 0.6830078125 0.6587890625 0.68203125 0.67685546875 0.68349609375 0.6880859375 0.69033203125 0.7076171875 0.70888671875 0.73154296875 0.740625 0.7671875 0.773828125 0.7955078125 0.78359375 0.808203125 0.79384765625 0.82822265625 0.81142578125 0.8521484375 0.8294921875 0.86923828125 0.8626953125 0.8951171875 0.8822265625 0.90634765625 0.9046875 0.91513671875 0.9263316765624999 0.9203125 0.9609600359375001 0.9203125 0.98623046875 0.9146484375 1 0.91005859375 1 0.5934536046875