14 0.56875 0.120512440625 0.55856791875 0.0453125 0.5328125 0.0453125 0.5328125 0.04763516875 0.5596114578125 0.23355096562500002 0.56875 0.37726300625000003 0.56875 0.120512440625
14 0.014016648437500001 0 0.025739475 0.150713290625 0.021329790625 0.509375 0.04826841875 0.509375 0.053125 0.29916713281249996 0.053125 0.11358808437500001 0.0418648734375 0 0.014016648437500001 0
14 0.010372559375 0 0 0.09585088593749999 0 0.4196262125 0.0028544359375 0.509375 0.02162889375 0.509375 0.021875 0.4924815265625 0.021875 0.234802490625 0.0192013984375 0.1745224234375 0.021875 0.1543622359375 0.021875 0.0999143265625 0.0134110984375 0 0.010372559375 0
14 0.05967894687500001 0 0.0661748109375 0.1569719765625 0.0509483140625 0.509375 0.07964549374999999 0.509375 0.096875 0.18851953906250002 0.096875 0.1269862625 0.088746140625 0 0.05967894687500001 0
14 0.094465884375 0 0.10158723437499999 0.509375 0.1338235765625 0.509375 0.124835925 0 0.094465884375 0
14 0.123528040625 0 0.1325934765625 0.509375 0.1580125046875 0.509375 0.146042740625 0.15203009375 0.14291377656249998 0 0.123528040625 0
14 0.161751678125 0 0.15369654531250002 0.149759678125 0.1701710390625 0.509375 0.1970908421875 0.509375 0.1843925890625 0.1467396078125 0.1867157828125 0 0.161751678125 0
14 0.18556033593750001 0 0.18141860781250002 0.1652029859375 0.2058251125 0.509375 0.23802230937500002 0.509375 0.2112346890625 0.16104950468749998 0.21144561875 0 0.18556033593750001 0
14 0.2109375 0 0.2109375 0.199666034375 0.2351664 0.509375 0.2582927171875 0.509375 0.231448778125 0.1701279328125 0.23474010937499998 0 0.2109375 0
14 0.24082257812500002 0 0.23819501875000001 0.1600271046875 0.260146709375 0.509375 0.28791511718749996 0.509375 0.2529541 0 0.24082257812500002 0
14 0.254299228125 0 0.288727671875 0.509375 0.31042140156250003 0.509375 0.3085098609375 0.38960681875000003 0.2916785 0.1720896328125 0.28551368906249996 0.0858763390625 0.2691765640625 0 0.254299228125 0
14 0.273643625 0 0.301326725 0.16779481406250002 0.309532953125 0.509375 0.3359422546875 0.509375 0.327228109375 0.1671004484375 0.29740915 0 0.273643625 0
14 0.29664078125 0 0.333858415625 0.2039230171875 0.36040432187500004 0.509375 0.38600704218750004 0.509375 0.3583861203125 0.19949813593750002 0.3212526359375 0 0.29664078125 0
14 0.4165410484375 0.509375 0.391514296875 0.18175775156250001 0.38241666093750004 0.015625 0.35681097500000003 0.015625 0.36662067343750004 0.215653 0.3888401640625 0.509375 0.4165410484375 0.509375
14 0.43869908750000003 0.509375 0.417001203125 0.20108027343749998 0.41414603124999994 0.0421875 0.39271496875 0.0421875 0.39164623593750003 0.1970420828125 0.4159748859375 0.509375 0.43869908750000003 0.509375
14 0.41861999218749996 0 0.415625 0.18967134375 0.415625 0.1987770359375 0.4375079875 0.509375 0.4558161421875 0.509375 0.4414069828125 0.1946300421875 0.4416299828125 0 0.41861999218749996 0
12 0.56875 0.484375 0.6051609578125 0.484375 0.6109934906250001 0.48159226874999994 0.6239161515625 0.47429222812500005 0.6393759625 0.4628207390625 0.6545292125 0.448742090625 0.677509359375 0.41954193125000006 0.7018049625 0.37600240937499996 0.714129484375 0.34940940625 0.721356925 0.32985572812499997 0.721875 0.32770493125 0.721875 0.230108453125 0.72004748125 0.22504801093750001 0.69495856875 0.1783799015625 0.6804588578125 0.15517620468749999 0.668417525 0.1382296828125 0.656010403125 0.1152867 0.6429523890625 0.0999044734375 0.60936290625 0.0746150484375 0.601752771875 0.0722686078125 0.595951446875 0.0688793046875 0.585759825 0.0671875 0.56875 0.0671875 0.56875 0.484375
11 0.9887954578125001 0.509375 0.981559346875 0.490706003125 0.9758778718750001 0.4786681640625 0.9694419343749999 0.46820047656249997 0.961154625 0.45616263593750006 0.9257238171875001 0.41167496718749996 0.9013726375000001 0.38995451718749996 0.8673298468749999 0.36535545156250004 0.8510144921875 0.3561962265625 0.82741190625 0.3475603859375 0.7868954718750001 0.32531655000000004 0.7630641406249999 0.3185125546875 0.74794121875 0.3179891703125 0.7351999328125001 0.319559321875 0.72197841875 0.3234847078125 0.7126747484375 0.3279334734375 0.706795046875 0.3344757765625 0.69267543125 0.3616917625 0.6809010640625 0.38890775 0.6796875 0.393253875 0.6796875 0.48247745468750003 0.6881395421875001 0.509375 0.9887954578125001 0.509375
11 0.5972373859375 0 0.6071416734375 0.013163179687500002 0.615549003125 0.029429646875 0.6365977218750001 0.0643238484375 0.6461447578125 0.085837565625 0.6588273171875 0.10682655781249999 0.688351975 0.161922665625 0.732334121875 0.2345970515625 0.753746853125 0.2603085671875 0.768806209375 0.2823470078125 0.7985393640625 0.31934010625 0.8052051140625001 0.32589916875 0.8187483515625 0.3361313015625 0.8388658546875 0.3476752484375 0.8552413874999999 0.3550213953125 0.8913763171875001 0.36840187812499997 0.8970623765625 0.371875 0.9249487578125001 0.371875 0.9381150546875 0.35869446875 0.9591736515625 0.33403240312500004 0.9640625 0.3266243125 0.9640625 0.18847600312499999 0.9567049093750001 0.177402046875 0.9465501 0.1661204640625 0.9314070812499999 0.1543141546875 0.906264778125 0.140146584375 0.8941233000000001 0.1351616984375 0.8688470171875 0.1283402765625 0.85046651875 0.1262413765625 0.8205692906250001 0.1249295640625 0.809733521875 0.1196823171875 0.8028057140625 0.11312325781250002 0.7759963421875 0.07849141875 0.7587673546875 0.052255176562500005 0.7459416703125 0.0380876078125 0.7381636578124999 0.0278554734375 0.728459771875 0.012376090624999999 0.721662578125 0 0.5972373859375 0
4 0.7616679078125 0 0.760387303125 0.0033316531250000003 0.7532780062500001 0.011153125 0.74867935625 0.0145424296875 0.72447048125 0.0210603234375 0.7182742109375 0.02184246875 0.7171875 0.0226344859375 0.7171875 0.027157853125 0.7176199265625 0.028881792187499998 0.7229528468749999 0.0380068421875 0.7290258640625 0.04504616875 0.7502911109375 0.062774834375 0.7581888734375 0.07059630624999999 0.7912149562499999 0.09510358437500001 0.79700213125 0.10057861406249999 0.799934109375 0.1055322125 0.8016175390625 0.113092965625 0.8009632515625 0.12013229218749999 0.798034484375 0.1303002046875 0.802727978125 0.13238592968750001 0.8255063406250001 0.1329073625 0.8592241484375001 0.13760024375 0.8691105546875001 0.14072883281249998 0.8860597875 0.14828958750000001 0.9022553703125 0.157153921875 0.9203208671875001 0.1694075609375 0.927941821875 0.1761861703125 0.9393371453124999 0.190625 0.9758450953125 0.190625 0.9883146109375 0.18113976874999999 0.9985694640624999 0.1756647390625 1 0.17640206875 1 0.119805971875 0.9938315281250001 0.11126795781250001 0.9867461234375 0.1055322125 0.981834534375 0.105792928125 0.9778811375 0.101621475 0.9764564515625 0.0940607203125 0.97430973125 0.089628553125 0.9422973499999999 0.048956903125 0.9356481328124999 0.038528275 0.9135434296875001 0.0171495859375 0.9001542062500001 0 0.7616679078125 0
4 0 0.94708439375 0.0054994515624999995 0.9377887749999999 0.02563421875 0.9124194796874999 0.0570170859375 0.8351910968749999 0.058302554687499994 0.818404809375 0.056363757812500005 0.7826356234375 0.056738564062499997 0.7302291734375 0.059375 0.724339965625 0.059375 0.66968704375 0.0533871953125 0.6625 0.039633364062499996 0.6625 0.035359103125 0.6700407171875 0.02856705 0.6772854015625 0.014227489062500001 0.688065025 0 0.702794721875 0 0.94708439375
6 0.101078021875 0.63722951875 0.080759571875 0.642570421875 0.068653215625 0.6501347749999999 0.061249596875 0.6578620609375 0.0557223109375 0.6684486890625 0.05326474531249999 0.679997078125 0.0537198421875 0.694554765625 0.0584142375 0.72214746875 0.0417306625 0.7347427046874999 0.040625 0.7381854046875 0.040625 0.7617374140625 0.040685993749999996 0.7620225109375001 0.040625 0.762553725 0.040625 0.8034550234375001 0.0415093171875 0.8195914234374999 0.0412570484375 0.8775222609375 0.0485422640625 0.9054898640625 0.0526167734375 0.9138429421875 0.07432431874999999 0.93820428125 0.08689617968749999 0.9453125 0.1655796453125 0.9453125 0.178373525 0.93411060625 0.1874809609375 0.917831253125 0.2014648765625 0.8448077656249999 0.21270803749999997 0.814345621875 0.2140625 0.796687571875 0.2140625 0.7651713515624999 0.2133214140625 0.7585373015625001 0.2140625 0.7488757968749999 0.2140625 0.69666975625 0.2130477875 0.6938020125 0.1944492296875 0.6698905546875 0.1482309296875 0.6440526953125 0.1308489453125 0.638432071875 0.11789485156249999 0.636557575 0.101078021875 0.63722951875
6 0 1 0.20949377187499998 1 0.20811067187500001 0.9768283125 0.19936058125 0.9638182125 0.18585501875 0.9526658874999999 0.18067953125 0.9515625 0.173105096875 0.9515625 0.1323159140625 0.9555755234374999 0.1098215671875 0.96148004375 0.079798453125 0.965266675 0.0313757421875 0.975044528125 0.019137481249999998 0.9809135078125 0.0070988921875 0.9908931828124998 0 0.9915515859374999 0 1
15 0.56875 1 0.56875 0.7110385296875 0.566044471875 0.712772459375 0.528258053125 0.7154529953125 0.514873009375 0.7221898687499999 0.5044196171875 0.7242457906249999 0.49544754375 0.7203886359375 0.47925479375 0.7032256359375 0.4727899671875 0.7002434890625 0.4293179625 0.6964802515625 0.3379437703125 0.68125 0.3011035609375 0.68125 0.276151415625 0.6864810125 0.25108654375 0.6843710390625001 0.240008240625 0.6878682406250001 0.227332871875 0.6987937796875 0.2151356796875 0.7169385140625 0.209472884375 0.7304151 0.2025748546875 0.7937601609375 0.190625 0.8427334562500001 0.190625 0.9642600640625 0.1972790796875 0.9911397328125 0.1981020578125 1 0.56875 1
7 0.4125105578125 1 0.432238375 0.9554036984375 0.44361545781249995 0.922934228125 0.443129815625 0.9156269421874998 0.446075753125 0.91812126875 0.446875 0.9180409874999998 0.446875 0.9051775140625 0.44346704531250003 0.8975833906249999 0.432082859375 0.8892147265624999 0.42638690625000003 0.8816698187500001 0.418269846875 0.8784266203125 0.4307042984375 0.866270365625 0.44235506406249997 0.8643391312500001 0.44444726718750005 0.8506851328125 0.4434445125 0.8433029609375 0.44176790625000006 0.8378909046875 0.4309714859375 0.8218534765625 0.4206215234375 0.8136345859375 0.39934154374999997 0.8115867124999999 0.37246712656250003 0.8211348718749999 0.372858971875 0.8160223625 0.3767530484375 0.8129678171875 0.3777403765625 0.80690769375 0.37332147187500003 0.8031662046875001 0.36206255 0.7999849343750001 0.3556458515625 0.7882002484375 0.3570719171875 0.7832375140625001 0.3557164484375 0.7828125 0.3527756171875 0.7828125 0.3361600296875 0.790030678125 0.3180058703125 0.8085955703125001 0.30997489218749996 0.8110510171875 0.2901910265625 0.8304137484374999 0.284267684375 0.8326574921875001 0.2662079328125 0.8295251890625 0.2666935765625 0.8368324765625001 0.265625 0.8382584140624999 0.265625 0.865531121875 0.27227136406249997 0.8800281218749999 0.2812736265625 0.8921872453125002 0.28263675625 0.9016893078124999 0.287376853125 0.9080619375 0.2871102765625 0.918361840625 0.290573325 0.9209310546874999 0.298847121875 0.9221292515624999 0.30115839375000003 0.926082440625 0.305491215625 0.9241252859374999 0.311978571875 0.9281663250000001 0.3117434640625 0.9312338296875 0.3055066453125 0.9375675796875 0.3037671015625 0.9466203203125 0.2996771015625 0.95223111875 0.29330669062500003 0.9807733171875 0.2950616625 0.9851628703124999 0.301227828125 0.98657276875 0.3075430140625 0.9792165140625 0.31128035625 0.9782069718749999 0.3147042203125 0.9812874375 0.3163885390625 0.9934206421875 0.309704475 1 0.3301281375 1 0.3342915515625 0.9985979484375 0.3358666453125 0.9848690640625 0.3453943453125 0.9697072359375 0.3708504078125 0.9718429546875 0.37419590468749997 0.975945921875 0.3773531921875 0.9893262875 0.36312458125 0.9976042374999998 0.3638214 1 0.4125105578125 1
3 1 0.8370700578125 0.9982057203124999 0.8380368453125 0.9788114421875 0.8452587390625 0.9607487562499999 0.849240553125 0.9364735453125 0.8457311890625 0.932341790625 0.8460548124999999 0.9286046703124999 0.8530494843750001 0.9241684046875001 0.8565942234375001 0.9164936687499999 0.85914753125 0.90975906875 0.859890228125 0.902000565625 0.8687523953125 0.8925158312499999 0.8741835921875 0.881140896875 0.87791826875 0.879173678125 0.8797478421875 0.8807391234375 0.893013765625 0.8873057953125001 0.9238725671874999 0.9002958124999999 0.9599925515625 0.904414071875 0.96523445 0.9194320390625 0.9744799953125 0.9262734421874999 0.9861644421874999 0.93243911875 0.99415118125 0.9375844624999999 0.9993741187499999 0.9384786484375001 1 0.9766632828125001 1 0.9802737171875 0.9951849984375001 0.98323466875 0.9882664953125001 0.9849275484375 0.9866274953125 0.9924383156250001 0.9858086328125001 1 0.9857803281249999 1 0.8370700578125
4 0.56875 0.509375 0.56875 0.6984375 0.616168215625 0.6984375 0.61858209375 0.6982332578125 0.62136364375 0.6970457421875 0.62262738125 0.6950013265624999 0.621022809375 0.681195703125 0.621412796875 0.677145615625 0.6260500828125 0.6649956765625 0.62499538125 0.6593292984375 0.6208075625 0.6529616421875 0.620511765625 0.6477237140625001 0.6277009046875001 0.6312318125 0.6343050640625 0.620815046875 0.6389179781250001 0.6089182375 0.6419676390625 0.6049462890624999 0.6466049265625 0.5927963515625 0.65 0.5881427984375 0.65 0.5536198484375 0.6486320937500001 0.541274284375 0.6464008171875 0.5312071781250001 0.6392785921875 0.5109948296875 0.639434565625 0.509375 0.56875 0.509375
13 0.635561303125 0.509375 0.6427150125 0.5450710875 0.6453686671875001 0.5740365390625 0.6476906062500001 0.5793759703125 0.6472207265625001 0.584333759375 0.6436603703125 0.5893484609375 0.6307979343750001 0.6165581203125 0.6257208140625 0.6240134578125 0.6138315921874999 0.6463797890625 0.6132510078125 0.6497930109375 0.6169722453125 0.6539312515625 0.626230134375 0.65932855 0.672435953125 0.6736344046875 0.699054225 0.6796875 0.7240802765625001 0.6796875 0.736611590625 0.6502433625 0.74822604375 0.60907536875 0.75 0.59864634375 0.75 0.5633382734375 0.749921584375 0.5613468296875 0.7468418453125001 0.5287392375 0.743540315625 0.5120348296875 0.7414397765625 0.5097845359375001 0.740030796875 0.509375 0.635561303125 0.509375
13 0.7205366359375 0.6816804640624999 0.7178411546875 0.684975571875 0.7078715984375 0.684013471875 0.6875 0.6784183265625 0.6875 0.679535425 0.6889277625 0.679970921875 0.69172330625 0.68399231875 0.697279946875 0.6868174453125 0.7111887765625 0.6964890968749999 0.7228134328125 0.705120921875 0.7261515203125001 0.7090050640625 0.732720659375 0.7123206671875 0.7437917703125 0.7203125 0.7607086265625 0.7203125 0.7615130765625 0.7186002968749999 0.7768912218749999 0.6960442078125 0.781204071875 0.686864675 0.7909251109375 0.6737037578125 0.800086384375 0.6580712671875 0.811393628125 0.64214475 0.815730671875 0.6327102203124999 0.820935046875 0.6252961453125 0.8233783265625 0.619078340625 0.8315615515625 0.6081730328125 0.8365206921875 0.5949724328125 0.84375 0.5853080937499999 0.84375 0.5677725515625001 0.83867075 0.5639412874999999 0.8312998968749999 0.560704065625 0.8254910546875 0.5549562421875 0.807428484375 0.5472064890625 0.8025111640624999 0.543224125 0.789162103125 0.5360240484375 0.7844797609375 0.5323555468750001 0.7640190203125 0.521977121875 0.745389303125 0.5109375 0.7409734234375 0.5109375 0.740821375 0.51253996875 0.7451473656250001 0.5367063875 0.7483599875 0.5921394328125 0.746348528125 0.604967625 0.7322277125000001 0.6533375203125 0.7205366359375 0.6816804640624999
13 0.8710964140625 0.635072175 0.8679840765625 0.639837725 0.86231813125 0.6435047296875 0.8340262875000001 0.6753920156250001 0.8229719093749999 0.68539335625 0.8174377234375001 0.6932574546875 0.815625 0.6976338 0.815625 0.7080587296875 0.8219825109375 0.712517390625 0.82833524375 0.7183821375 0.8425118515625 0.7286212234375 0.8631210640625 0.7410967484375 0.8806958296874999 0.753125 0.9040386984375001 0.753125 0.9081217265625 0.74867145625 0.913305521875 0.7389049078125 0.9210013406249999 0.727883396875 0.926594409375 0.7249812734375001 0.9284229421875001 0.7225298828125 0.9392101046875 0.7153331093749999 0.9479468000000001 0.704547046875 0.9565307421875 0.698154175 0.9867552875000001 0.6599322265625001 0.99375 0.6498430468749999 0.99375 0.6345913624999999 0.9734676109375 0.615253625 0.9696684906249999 0.6104874203125 0.9346191515625 0.5793786234375 0.9310657296875 0.578125 0.9302553937500001 0.578125 0.921587184375 0.5850257953125 0.9057862765625 0.6002043921875 0.89765689375 0.6046164375 0.8938054859375001 0.611558909375 0.8807039390625 0.6263062859375 0.8710964140625 0.635072175
0 0.78636265625 0.5357305734375 0.7883739656250001 0.5389352359374999 0.7908023875 0.5404811515625 0.8195366968750001 0.5471755500000001 0.8429834843750001 0.5579410140625 0.846666428125 0.5625218734375 0.8466863921875 0.5730400875 0.839229109375 0.5916441812500001 0.8328886375 0.60399023125 0.8255862203125 0.6156198984375 0.8196293296875 0.621293140625 0.8162118218749999 0.6300391453125 0.8142136890625 0.640104771875 0.8108668328124999 0.648115640625 0.8091648640625 0.649736565625 0.80251185625 0.6492458437499999 0.799730190625 0.651375615625 0.7802246109375 0.680044390625 0.7730970218750001 0.69521784375 0.7622022703125 0.7120497265625 0.760998040625 0.7165358765625001 0.7569003999999999 0.7591738359375 0.7569506953125 0.7666949265625 0.76049234375 0.772746059375 0.765941121875 0.7777229312499999 0.773226384375 0.7823606765625 0.7836329859375001 0.7866971203124999 0.8070226953125001 0.792693571875 0.8152256281250001 0.79375 0.8495971671875001 0.79375 0.8510779171875 0.7928108171874999 0.8545289531249999 0.789078871875 0.8557331828125001 0.784592721875 0.8601034375 0.733755109375 0.859030525 0.7315118765624999 0.8566256546875 0.7297209140625001 0.8509884796874999 0.7267044109375 0.8196780609375001 0.703912003125 0.8181712734375001 0.7008204874999999 0.8184303203125 0.6981249859374999 0.8209497421874999 0.690679534375 0.8242427156250001 0.6859108328125 0.8673100250000001 0.6399966703125 0.8703125 0.6101180765625001 0.8703125 0.5579607828125 0.8589198875000001 0.5530038578124999 0.8370505343750001 0.54459476875 0.8121708046875 0.5380138328124999 0.7898775578125 0.53401556875 0.7864804046874999 0.5345053453124999 0.78636265625 0.5357305734375
3 1 0.7098514843749999 0.9775424906249999 0.6791322546874999 0.970627728125 0.667335484375 0.96843114375 0.667888528125 0.9657763156250001 0.6704371859375 0.94787449375 0.6923679625 0.93740211875 0.701021403125 0.9306268281250001 0.7102482078125 0.91167236875 0.7235442078125001 0.8951730890625 0.7476288453125 0.8921875 0.754697528125 0.8921875 0.80822029375 0.8961298718750002 0.8247285 0.8972348140624999 0.8412471171875 0.900405840625 0.8484375 0.9917097078125 0.8484375 0.9972487328125 0.8462753859374998 1 0.8446485625000001 1 0.7098514843749999
14 0.56875 0.8265210890624999 0.633647165625 0.7601197171875 0.6890625 0.6766926390625 0.6890625 0.6711654921875 0.6868718609375 0.6700535796875 0.677942028125 0.667889653125 0.674678290625 0.6671875 0.6661839203125 0.6671875 0.5748045078125 0.7962590078125 0.56875 0.8113945453125 0.56875 0.8265210890624999
6 1 0.509375 0.9187815828125 0.509375 0.9117467984375001 0.5176141875 0.8993433359375 0.536672425 0.8915688093749999 0.5432405171875 0.8855951624999999 0.555946228125 0.8784737187499999 0.5751618374999999 0.8721472828125 0.597161921875 0.8673063859375001 0.634375 0.87808940625 0.634375 0.8834366046875001 0.62888948125 0.8984810796874999 0.609909928125 0.9074792953124999 0.6044008078124999 0.91963375625 0.5907544796875001 0.9287287859375001 0.5842257296875 0.932455240625 0.58403 0.947495625 0.5957768999999999 0.9539147828125 0.6034836328125001 0.9690519765625 0.6142109 0.975844434375 0.62356478125 0.9790453984374998 0.6261141859375 0.9818730578124999 0.6270164421875 0.9839057078125 0.625134225 0.9991819515625 0.5981348359374999 1 0.5960158359375 1 0.509375
14 0.56875 0.9453125 0.5735688328124999 0.9453125 0.578827296875 0.936313353125 0.5908153921875 0.9233297609375001 0.5955582140625 0.9102864671875001 0.6075429765625 0.8889415062499999 0.687548715625 0.754852303125 0.7125381859375001 0.715526696875 0.7234375 0.70265324375 0.7234375 0.6860854078124999 0.7193246828125 0.6828125 0.6980965859375 0.6828125 0.6911392968750001 0.6950442359375 0.67929138125 0.7093656578124999 0.6728485125 0.7233334609375 0.6460957703125 0.7698398453124999 0.6319201265625 0.7972244640625 0.6197286281250001 0.8151264890625001 0.610713015625 0.8251199390625 0.5989562 0.8412907078125 0.580970321875 0.8719998453125001 0.56875 0.8901262750000001 0.56875 0.9453125
14 0.56875 0.8737434921875 0.58016776875 0.861826784375 0.58817275 0.8485990140624999 0.6165980125 0.8198599 0.6336648265625 0.7959388125 0.6471984765625 0.7709614046875 0.663645409375 0.745369890625 0.6708644828125 0.7322188453124999 0.6765625 0.724490115625 0.6765625 0.7125 0.675852234375 0.7125 0.6752550968750001 0.71332684375 0.6655971 0.7221001484375 0.6540995625 0.7365755593750001 0.634458353125 0.7548133218749999 0.6075506328125 0.7867013140625 0.585775215625 0.808279603125 0.574362496875 0.8163999515625001 0.56875 0.823109703125 0.56875 0.8737434921875
3 0.6686871015625 0.82634079375 0.7113808500000001 0.8262458609374999 0.7324559640625 0.8277144421875 0.7450955984375 0.8269625890625001 0.7500071359375 0.8304708453125 0.7573693718750001 0.8329686234375 0.7712599109375 0.8356652171875 0.776762828125 0.835626115625 0.7828433359375 0.8378264999999999 0.8214213656249999 0.8623054218749999 0.8344641781250001 0.868489890625 0.8552452265625 0.8759434640624999 0.8558887828125 0.8765625 0.8966079921875 0.8765625 0.9022798203125 0.8742238812500001 0.9078125 0.8703123453125 0.9078125 0.851344275 0.9068364375 0.850541878125 0.9032374546874999 0.844179965625 0.9003665390625001 0.8356183312500001 0.8951917593750001 0.8349440171874999 0.8851634468749999 0.8357753953125 0.7774332921875 0.8086737718749999 0.7645373109375 0.8093661437499999 0.74942994375 0.8084926828124999 0.7451438578125 0.80670865 0.741288528125 0.8002872609375 0.7386362421875 0.7978295765625 0.7342134640625 0.7946979093750001 0.7301358609374999 0.7934886171875 0.7065690796874999 0.7906523578125 0.6908293640625 0.7909480953125 0.6859528546875 0.790625 0.67213271875 0.790625 0.6711965984375 0.7908669109375 0.67015399375 0.790625 0.6664267921875 0.790625 0.660993875 0.796395125 0.64725666875 0.8174206296875 0.6440949375 0.8232666156249999 0.6434556953125 0.827329234375 0.6477657140625 0.8288556375 0.6686871015625 0.82634079375
3 0.8467857953125 0.7973010203124999 0.8287973843750001 0.7974369609374999 0.8086659703125001 0.794741334375 0.77008405 0.7858110328125 0.7646914328125 0.78329375625 0.7589032046875 0.776509734375 0.7554192140625 0.7652822593749999 0.7558854515625 0.7408421234375 0.75733198125 0.7257613140625001 0.7565266421875 0.7229691984375 0.7484832203125 0.7201174140625 0.7435984046875 0.7151030796875 0.7276902421875 0.704739571875 0.7209599609375 0.7021828453125 0.7184001625 0.703696596875 0.70639944375 0.7169281609375 0.695876428125 0.731536221875 0.6739548328125 0.7670835046875 0.670232321875 0.7751250171875 0.6625 0.7865970609375 0.6625 0.803925721875 0.6626364609375 0.8039688234375 0.681650871875 0.8043245359375 0.6868614749999999 0.8031452921875001 0.69616568125 0.7984468921875 0.7071786359375001 0.7983102953125 0.718282603125 0.8000219578125 0.7300518640625 0.8031886890625 0.7328181953125 0.8051158515625 0.736792534375 0.8112311859375 0.7405358265624999 0.8141612140625 0.7569659203125 0.8162862875 0.773017859375 0.8167596937500001 0.8129864765624999 0.8252182296875 0.8491032453124999 0.834375 0.9 0.834375 0.9 0.7890405328125001 0.8986188234375 0.7799638 0.8985174265625 0.772629771875 0.9 0.7619093703125 0.9 0.7596583296875 0.8968859625000001 0.7560740015625 0.865857521875 0.7355240234375 0.8628950546875 0.735641715625 0.8565313140624999 0.7880016921874999 0.8515692125000001 0.794981325 0.8467857953125 0.7973010203124999
3 0.6189042 0.6715645640625001 0.6174710375 0.6730227515625 0.617291746875 0.6803719171875 0.620472140625 0.690522915625 0.6168689828125 0.6930170718750001 0.6107544828125 0.6946858859375 0.6069720328125 0.7045292062499999 0.60254419375 0.704797421875 0.5985283015625 0.7252903171874999 0.5920652453125 0.747011040625 0.588870821875 0.7615747796875001 0.5799870421875 0.7890625 0.5823207515625 0.7890625 0.6027323359375 0.760136965625 0.6625 0.6734929484375 0.6625 0.66712180625 0.63039996875 0.6568481109375 0.6283246328125001 0.6568862890625 0.6270503109375001 0.65939985625 0.6252248703125 0.6704522359375 0.622247040625 0.6718143328125 0.6189042 0.6715645640625001