0 0.459375 0.09922829375 0.4236422484375 0.0988299265625 0.3759033796875 0.0959170375 0.3634499328125 0.10072162968750001 0.3582208171875 0.1084864984375 0.35288620000000004 0.1227110421875 0.347847778125 0.1444450828125 0.3420184765625 0.1959522796875 0.3419192328125 0.21834835312499998 0.3493202078125 0.27810272343750003 0.3584999 0.3082163390625 0.3644464578125 0.3194711109375 0.3709924328125 0.324332403125 0.37983684375000004 0.32601587187500003 0.442623790625 0.3284558328125 0.459375 0.3299203640625 0.459375 0.09922829375
0 0.34160820625 0.1344220140625 0.291985884375 0.130260696875 0.2405129375 0.1298352203125 0.2233508578125 0.13151875 0.21174692187500002 0.13793116875 0.204173259375 0.14936566874999999 0.200010915625 0.1617553953125 0.19631591875 0.1851634640625 0.19595330312499998 0.2050343046875 0.2015239609375 0.2416359828125 0.21729573750000003 0.2761190875 0.22174100000000002 0.27671491718749996 0.2463251234375 0.2705483734375 0.26577235312499997 0.2711630828125 0.2810376953125 0.2737071953125 0.3058125171875 0.2815098203125 0.32634805 0.2921875 0.3418224125 0.2921875 0.3515625 0.2916834015625 0.3515625 0.2786575359375 0.348276928125 0.25533052343749996 0.3497657046875 0.23411667343749998 0.34497188125 0.21056675937499997 0.349326453125 0.1374484875 0.34802913750000003 0.13528265625 0.34160820625 0.1344220140625
11 0.36024456250000003 0.41875 0.364259321875 0.39859269531249997 0.365625 0.380458765625 0.365625 0.3583912671875 0.365057228125 0.3474070734375 0.3582283375 0.3295602203125 0.3504444390625 0.3165652203125 0.34054654218749997 0.3047808234375 0.331221496875 0.2975550859375 0.315659959375 0.28750148124999997 0.2901278453125 0.27710741875 0.26118311250000004 0.271875 0.238160190625 0.271875 0.21843709531250002 0.2789518625 0.1969282359375 0.29499234375 0.17741458906250002 0.32175796874999996 0.15774230625000002 0.3768875375 0.13911384531249998 0.41875 0.36024456250000003 0.41875
18 0.680613790625 0.41875 0.6810884609375 0.39857050156249996 0.6868393640624999 0.37993513437500004 0.717509734375 0.379041809375 0.7244412953125 0.3739151515625 0.7304068640625 0.3577359140625 0.7387799015625001 0.355029653125 0.7375992453125 0.3415209421875 0.7227551203125 0.312404721875 0.706745353125 0.2980967421875 0.6496067 0.2775995640625 0.6091218109375001 0.2787787546875 0.5712590546875 0.2958870515625 0.5730837046875 0.31676415156250004 0.5665814765625 0.3268030671875 0.5613210765625001 0.3651232015625 0.5622870671875 0.37617578281249997 0.5751530515625001 0.396731284375 0.6037991234375 0.40082168281249997 0.628121103125 0.41875 0.680613790625 0.41875
18 0.903350484375 0.41875 0.90019781875 0.37248952343749997 0.8881293187499999 0.346986028125 0.855373475 0.33809057187499997 0.8397930359375 0.32869484843749996 0.77076940625 0.32701170625 0.76149155 0.33343789375 0.7566454640625 0.348353334375 0.7314190140625 0.3552440515625 0.7103635109375 0.3817123359375 0.7430270390625 0.4176966828125 0.7435460375 0.41875 0.903350484375 0.41875
5 0.8274175546875 0.327824115625 0.855158809375 0.335634440625 0.9133557703124999 0.3400953109375 0.9439188078124999 0.3379739203125 0.962903853125 0.33003380625 0.9784081015625 0.2963400640625 0.762489796875 0.204133775 0.7132948546875 0.17601808125 0.680646340625 0.1683506859375 0.631573746875 0.16978000625 0.62576166875 0.173642865625 0.622203571875 0.20329508281250003 0.6425989515625 0.239636759375 0.664052640625 0.2599421296875 0.7453744484375 0.31790185000000004 0.7670889625 0.32711890625 0.8274175546875 0.327824115625
5 0.459375 0.41875 0.6296959375 0.41875 0.6087063828125 0.4006787515625 0.5824066078125 0.3952888203125 0.5637285484375 0.37859617968750003 0.49849269375 0.3780339015625 0.463298234375 0.3975268609375 0.459375 0.4019558484375 0.459375 0.41875
18 0.459375 0.2967057453125 0.4654334828125 0.299995390625 0.471529090625 0.3111037609375 0.46740124375000003 0.3225099109375 0.49051895312500005 0.3290185140625 0.47989925624999996 0.336509775 0.4899948046875 0.346475653125 0.5072467734374999 0.3562330828125 0.5354377484375 0.3738798375 0.542006528125 0.3552206484375 0.551961653125 0.3518527109375 0.549597653125 0.33653168125 0.563156478125 0.33921473281250003 0.5670159953125 0.324738425 0.5703003859375 0.3154088296875 0.5585179234375 0.309596059375 0.5806007734375 0.2925369828125 0.5805497953125001 0.2802265578125 0.570505225 0.2825711078125 0.5661859765624999 0.2683330203125 0.5830676578125 0.25039944062499997 0.587412859375 0.2297530328125 0.59980891875 0.2191320515625 0.6116808265625 0.225968209375 0.6241663281250001 0.21637061875 0.61789183125 0.20321547031249998 0.623348821875 0.183562671875 0.6073875296875 0.17684562343750002 0.595336734375 0.16796269218749998 0.6028384156250001 0.1482503375 0.58732434375 0.14665022656249999 0.5732825796875 0.13331091718750002 0.459375 0.1366286671875 0.459375 0.2967057453125
18 1 0.24235785468749999 0.9924916328125001 0.2323183296875 0.9817315140625 0.2264757828125 0.9775017078125 0.2132610796875 0.9665627015624999 0.2053717578125 0.9474833953124999 0.1864336203125 0.91636580625 0.182210009375 0.9079696859374999 0.19168849062499999 0.8695677671875 0.1979369734375 0.8799191328125 0.18737555 0.8927624093750002 0.18187150624999998 0.8682520640625 0.14770166875 0.8826928125 0.13702113437500002 0.8651034984375 0.1248111453125 0.7677398375 0.1276470265625 0.765161521875 0.1291585140625 0.7493021859375 0.1470623109375 0.7374427890625 0.163823615625 0.74563406875 0.18718285625 0.768534428125 0.20293172343750002 0.825223175 0.23000835625 0.9199685750000001 0.27034041875 0.9775902249999999 0.2963638859375 0.9798647828124999 0.3106615296875 1 0.29631067187500004 1 0.24235785468749999
18 1 0.41875 1 0.35732211875000003 0.9838262546875001 0.3208060703125 0.9785231265625001 0.295310721875 0.9619607546874999 0.32862488437500004 0.9454753140625 0.33936497499999996 0.9310730312499998 0.33875847187499997 0.937219615625 0.3621772703125 0.9530655124999999 0.40275542656249996 0.9592373500000001 0.41875 1 0.41875
8 0.1360656734375 0.41875 0.13388671875 0.431201171875 0.13046875 0.438037109375 0.1265625 0.440966796875 0.12119140625 0.439501953125 0.11484375 0.440478515625 0.1041015625 0.460986328125 0.1021484375 0.474169921875 0.09580078125 0.479541015625 0.09384765625 0.483935546875 0.0962890625 0.494677734375 0.1001953125 0.501513671875 0.10751953125 0.506884765625 0.1158203125 0.516650390625 0.12021484375 0.573291015625 0.124609375 0.579638671875 0.13583984375 0.584033203125 0.13583984375 0.594287109375 0.1392578125 0.600146484375 0.17490234375 0.598681640625 0.18369140625 0.592333984375 0.18955078125 0.591357421875 0.19345703125 0.593310546875 0.19931640625 0.606982421875 0.208408203125 0.609375 0.208728028125 0.609375 0.21396484375 0.607470703125 0.24228515625 0.587939453125 0.25693359375 0.583544921875 0.26962890625 0.577197265625 0.27353515625 0.573291015625 0.27158203125 0.559130859375 0.27744140625 0.553271484375 0.28623046875 0.535693359375 0.30625 0.513720703125 0.33017578125 0.496142578125 0.35263671875 0.469775390625 0.36142578125 0.465869140625 0.3734375 0.44969951874999997 0.3734375 0.43271484375 0.37314453125 0.425830078125 0.3700903796875 0.41875 0.1360656734375 0.41875
8 0.1716668375 0.41875 0.1720703125 0.426416015625 0.17646484375 0.436181640625 0.190625 0.447900390625 0.2091796875 0.456201171875 0.21259765625 0.461083984375 0.2228515625 0.464990234375 0.23958955624999997 0.48125 0.241092121875 0.48125 0.2892578125 0.466943359375 0.3185546875 0.476220703125 0.3341796875 0.472802734375 0.34248046875 0.473779296875 0.3615234375 0.465478515625 0.3703125 0.456201171875 0.3734375 0.449326171875 0.3734375 0.436630859375 0.37275390625 0.434716796875 0.372265625 0.421044921875 0.3707356765625 0.41875 0.1716668375 0.41875
4 0.459375 0.5511935765625 0.439697265625 0.55556640625 0.433349609375 0.55166015625 0.412353515625 0.53017578125 0.409912109375 0.52578125 0.409423828125 0.49892578125 0.410888671875 0.4916015625 0.416259765625 0.484765625 0.417236328125 0.47939453125 0.395263671875 0.4505859375 0.389404296875 0.4447265625 0.385498046875 0.44375 0.372802734375 0.4515625 0.361572265625 0.46279296875 0.352294921875 0.46669921875 0.327392578125 0.49697265625 0.303955078125 0.5150390625 0.283935546875 0.5375 0.278076171875 0.55068359375 0.271240234375 0.558984375 0.272216796875 0.5638671875 0.289306640625 0.5931640625 0.295654296875 0.59951171875 0.307373046875 0.61806640625 0.319091796875 0.62978515625 0.329345703125 0.65224609375 0.336181640625 0.6732421875 0.340576171875 0.676171875 0.35419921875 0.6796875 0.358837890625 0.6796875 0.367431640625 0.67861328125 0.391357421875 0.65859375 0.416748046875 0.63173828125 0.459375 0.5932904406249999 0.459375 0.5511935765625
8 0.459375 0.45020751875 0.40986328125 0.429736328125 0.37275390625 0.420947265625 0.37177734375 0.436083984375 0.37470703125 0.443896484375 0.37421875 0.449755859375 0.38544921875 0.443408203125 0.3888671875 0.444384765625 0.40791015625 0.463427734375 0.4171875 0.479052734375 0.409375 0.493212890625 0.40888671875 0.521533203125 0.41083984375 0.528857421875 0.42451171875 0.544482421875 0.43693529218749994 0.5546875 0.44762369843750005 0.5546875 0.459375 0.551162109375 0.459375 0.45020751875
8 0.508058746875 0.41875 0.503911953125 0.42355155 0.503911953125 0.42720118593749995 0.510846259375 0.43815009062500004 0.5294593984375 0.45274863125 0.5626710765625 0.4998289234375 0.5874885953125 0.5286610390625001 0.5977075734375 0.54398950625 0.6108462593749999 0.5578581203125 0.6130360406250001 0.5622376828125 0.6112112234375 0.5728216234375 0.6126710765625 0.5786610390625 0.619970346875 0.5830406015625 0.648088590625 0.5921875 0.65351505 0.5921875 0.658656478125 0.5910697984375 0.6644958937500001 0.5772011859375 0.68493385 0.563332571875 0.688218521875 0.5501938859375001 0.685663778125 0.5410697984375 0.69624771875 0.5166172437500001 0.693692975 0.512967609375 0.6838389593749999 0.5067632296875 0.6750798359375001 0.496909215625 0.6663207124999999 0.49216468906250005 0.6604812953125 0.4870552 0.654276915625 0.48450045625 0.6484375 0.4793909671875 0.656466696875 0.46479242656249997 0.6696053828125 0.4490989953125 0.681284215625 0.44143476249999997 0.6893134125 0.4330406015625 0.6984074328125001 0.41875 0.562137571875 0.41875 0.5623061140625 0.4202668796875 0.567415603125 0.4239165140625 0.563401003125 0.42537636875 0.560846259375 0.43194571093749995 0.547342609375 0.43596030937499997 0.5283645078125 0.43596030937499997 0.5205186312500001 0.41875 0.508058746875 0.41875
4 0.6402999546875 0.59825501875 0.62716126875 0.589860859375 0.61803718125 0.5803718078125 0.60234375 0.5723426109374999 0.5986941140625 0.578182025 0.597599225 0.5843864062499999 0.603803603125 0.5865761875000001 0.607818203125 0.589860859375 0.6238765984375 0.591685675 0.62935105 0.595700275 0.6457744062499999 0.601539690625 0.6432196625 0.603729471875 0.6027087140624999 0.6121236328124999 0.6030736765625 0.630736771875 0.6067233125 0.6292769171874999 0.607818203125 0.6303718078125 0.6114678375 0.6296418796875 0.613880015625 0.63125 0.62567861875 0.63125 0.649059078125 0.6289119515625 0.6607379109375 0.6252623187499999 0.6609375 0.6239982546875 0.6609375 0.6154182796875001 0.6603729484375 0.6135834859375 0.6607379109375 0.5986199828125 0.65927805625 0.592050640625 0.6486941140625 0.5938754578125 0.6424897359375 0.59825501875 0.6402999546875 0.59825501875
10 0.459375 0.6373653109375 0.4596031015625 0.637408759375 0.4625228109375 0.6399635031249999 0.4661724453125 0.6501824812500001 0.472376825 0.653467153125 0.47894616718750005 0.6527372265625 0.4833257296875 0.648722628125 0.493909671875 0.6428832109375 0.5004790140625001 0.6355839421875 0.540625 0.6198905109374999 0.546464415625 0.614781021875 0.5468293796875 0.606751825 0.5388001828125 0.578649634375 0.544274634375 0.5706204375 0.5497490875000001 0.5505474453125 0.5632527375 0.5428832109374999 0.566902371875 0.533029196875 0.566537409375 0.5301094890625 0.5585082109374999 0.5264598546875 0.553033759375 0.5198905109374999 0.557778284375 0.5118613140624999 0.5617928828125 0.49835766406250004 0.55668339375 0.49069343125 0.5537636859375 0.49215328437499994 0.550843978125 0.48886861249999997 0.550843978125 0.483029196875 0.5428147812499999 0.46952554687500003 0.5380702562499999 0.46843065624999997 0.516902371875 0.479744525 0.5136177 0.47864963437499997 0.5132527375 0.471715328125 0.516902371875 0.46587591249999993 0.5161724453125001 0.45492700781249995 0.52018704375 0.450912409375 0.5216468984375 0.4472627734375 0.5114279203125001 0.4414233578125 0.5099680656250001 0.43850365 0.5085082109375 0.4392335765625 0.5092381390625 0.44288321093749994 0.50668339375 0.44288321093749994 0.505588503125 0.43850365 0.507413321875 0.4355839421875 0.5037636859375 0.43412408750000003 0.500843978125 0.4388686125 0.500843978125 0.44288321093749994 0.4982892328125 0.443248175 0.49573448906250006 0.44762773750000007 0.48551551093749995 0.456751825 0.4683622265625 0.4677007296875 0.4650775546875 0.4826642328125 0.459375 0.48849639062500005 0.459375 0.6373653109375
1 0.48296076718750003 0.6483576640625 0.48150091249999993 0.6611313875 0.49171989062500004 0.66806569375 0.49755930625 0.6757299265625 0.50631843125 0.680474453125 0.5231067515625 0.6928832109374999 0.527851278125 0.692153284375 0.5289461671875 0.689598540625 0.5322308390625 0.689598540625 0.5344206203125 0.6947080296875 0.5355155109374999 0.689598540625 0.537340328125 0.6881386859375 0.53843521875 0.6917883218750001 0.5402600359375 0.6925182484375 0.5497490875000001 0.6914233578125 0.550843978125 0.6965328468750001 0.5585082109374999 0.7005474453125 0.5617928828125 0.6972627734375 0.56580748125 0.7023722625 0.5690921531249999 0.7016423359375 0.5716468984375 0.698722628125 0.5785812046875 0.6983576640625 0.593909671875 0.6731751828125001 0.5997490875 0.66149635 0.5993841234375 0.65930656875 0.5982892328125 0.65894160625 0.5913549265625 0.664781021875 0.585880475 0.6655109484375 0.5811359484375 0.6633211671874999 0.5774863140625 0.6560218984375 0.572376825 0.6541970796875 0.5672673359375 0.6560218984375 0.56106295625 0.65456204375 0.55193886875 0.6439781015625 0.5475593062499999 0.635218978125 0.54719434375 0.63193430625 0.548654196875 0.629744525 0.5398950734375 0.628284671875 0.534785584375 0.635218978125 0.5318658765625 0.635218978125 0.5289461671875 0.6312043796875 0.5260264593749999 0.6315693437500001 0.5227417890625 0.6348540140625 0.5220118609375 0.6381386859375 0.519092153125 0.6403284671874999 0.51544251875 0.6355839421875 0.5103330296874999 0.6341240875 0.5099680656250001 0.6326642328125001 0.4997490875 0.6348540140625 0.4935447078125 0.6425182484375 0.48296076718750003 0.6483576640625