8 0.005944245312500001 0.23330617031249998 0.0082366265625 0.2431817046875 0.0084283234375 0.27567755156249996 0.0163574328125 0.29426938125 0.0242378015625 0.3045995515625 0.031520709375 0.30833001250000003 0.0484113953125 0.3311742359375 0.0529376734375 0.3410113125 0.0590906375 0.34255789375 0.071347825 0.33738939375 0.0798191609375 0.353217721875 0.09219006874999999 0.3673264234375 0.13602163437499998 0.3765625 0.165625 0.3765625 0.165625 0.3566283703125 0.160804409375 0.3529252671875 0.1444851921875 0.33227453906250004 0.13664056093750002 0.32800291718749996 0.13716979375 0.323036309375 0.1432675234375 0.3152196765625 0.14378700625000002 0.308600734375 0.1279385390625 0.2730694125 0.11499616093750001 0.256767215625 0.097650971875 0.2515574734375 0.08247144687499999 0.23474295781249999 0.0940954328125 0.2169161984375 0.10357000000000001 0.2134481015625 0.1073785953125 0.1963067125 0.10400500625 0.19250895625 0.0978585421875 0.19206393125000001 0.0855266234375 0.18456455624999998 0.0781917296875 0.1720216609375 0.052656565625 0.1484375 0.039011168750000005 0.1484375 0.0333838359375 0.1507596859375 0.006125825 0.169406409375 0.0022489953125 0.17498147656250002 0.001291253125 0.20198878437499998 0.008697628124999999 0.226648775 0.005944245312500001 0.23330617031249998
4 0 0.1142950140625 0.0753577828125 0.097882696875 0.090326390625 0.09268226406249999 0.0969403265625 0.08378208125 0.10679336406249999 0.058901262499999996 0.1140625 0.027758537500000003 0.1140625 0.015625 0.10461889687499999 0.015625 0.0948764234375 0.0162748 0.0710332234375 0.0238248703125 0.00220986875 0.03434755 0 0.035059082812499996 0 0.1142950140625
4 0 0 0 0.013539289062500001 0.017746220312499998 0.0135636890625 0.019472578125 0.0201030203125 0.028412917187499998 0.028125 0.07317125468749999 0.028125 0.0881171859375 0.0249581265625 0.09375 0.0223250984375 0.09375 0.0051673625 0.088002128125 0 0 0
4 0.124624434375 0 0.11893785937500001 0.0249552625 0.0872704546875 0.0912284 0.0797033390625 0.0978781921875 0.0711193171875 0.1164949109375 0.061496268750000006 0.143276934375 0.0610288984375 0.1563205640625 0.0609375 0.1566201421875 0.0609375 0.16763495781249999 0.0802216375 0.18694488125 0.087848796875 0.19061379375 0.10586029062499999 0.20496438281249998 0.1151202625 0.20914794531249997 0.12337281093750001 0.22692770625 0.1304346328125 0.2268044703125 0.13047887656249998 0.2344077234375 0.11591946718749999 0.2531287203125 0.11217383437499999 0.262970690625 0.1143909484375 0.270536025 0.12205603281249999 0.2807220125 0.1401876203125 0.31571000625 0.20796737968749998 0.353125 0.2778052671875 0.353125 0.291394746875 0.346203121875 0.301118928125 0.3367999671875 0.31351494999999996 0.319746159375 0.3408935046875 0.26332446875 0.3504501875 0.22513756406250002 0.3671875 0.2059792578125 0.3671875 0.138991009375 0.3645323859375 0.1244100421875 0.3369986109375 0.0607994546875 0.32767859062500004 0.046297190625 0.31565828906250004 0.034557771875 0.302576834375 0.027182029687499998 0.2835389546875 0.023169103125 0.26769400625 0.007694415625000001 0.22038671718749997 0.0003728015625 0.2187245140625 0 0.124624434375 0
7 0.5 0 0.5 0.1203125 0.5736382734375 0.1203125 0.634627725 0.1040630328125 0.6394293234375 0.086281971875 0.6487313109375 0.0769043640625 0.65518069375 0.009542090625000001 0.6619299328125 0 0.5 0
7 0.857965659375 0 0.8520030953125 0.007685934375 0.7943912671875 0.06180412656249999 0.67741915 0.161822334375 0.632326309375 0.224474475 0.61875 0.23714605625 0.61875 0.2789225140625 0.622914834375 0.2796875 0.636993175 0.2796875 0.6483597 0.2725848796875 0.6758804953124999 0.2216679375 0.697089340625 0.20187244999999998 0.708174590625 0.1994751421875 0.7262012390624999 0.1605302234375 0.7465358546875001 0.13662564531250002 0.8719005875000001 0.0341311875 0.894700534375 0.0239104140625 0.8993689265625001 0.018602671874999997 0.8976204656250001 0.010384496875 0.9129020234375 0.0067490625 0.9136849328124999 0 0.857965659375 0
7 1 0.16037525156250002 0.9981309796875 0.161938446875 0.989772265625 0.17646950781249998 0.985178425 0.20454348906250003 0.9755589953125 0.2069482453125 0.9618811 0.22132349375000002 0.919724865625 0.22814823281250002 0.924595021875 0.25515616875 0.9501323578124999 0.278125 0.9835163250000001 0.278125 0.9976646765625 0.2693859125 1 0.26673310156249996 1 0.16037525156250002
7 0.5948016484374999 0.1329224328125 0.5990126453125 0.1079289921875 0.5927810546875 0.105102396875 0.5665642203125 0.1162312015625 0.54724118125 0.1923373125 0.5022507984375 0.2967735890625 0.541117115625 0.297913146875 0.5463921796875 0.29013615625 0.5948016484374999 0.1329224328125
7 0.6628145046875 0 0.6527877265625 0.0288671890625 0.6449260625 0.10795322656249999 0.6204921062500001 0.1376415015625 0.6017633640625 0.18600424375 0.582389396875 0.19468979687500002 0.5762427046874999 0.20244123281249998 0.5627267687499999 0.22848379218749998 0.547309090625 0.28223138593749997 0.538153571875 0.2978262546875 0.576573796875 0.2989527328125 0.6108984953125 0.26558862968749997 0.6536876359375 0.20206802656249997 0.6679846406250001 0.191911675 0.704406346875 0.14935545781249998 0.78134189375 0.0855140828125 0.8119904625000001 0.0361788859375 0.8217368796875 0.0087038609375 0.8215953375 0 0.6628145046875 0
7 1 0.0322697078125 0.9985646625000001 0.033717575 0.9902785093750002 0.05991347500000001 0.9371316921874999 0.0543893859375 0.9114582109375 0.0721438359375 0.9052266203125001 0.06931723906250001 0.89913086875 0.042699664062499997 0.8741365828125 0.0432887765625 0.861690378125 0.06010910625 0.8417051343749999 0.0740645046875 0.8192747953125 0.1090992953125 0.76699394375 0.13003944375 0.76140758125 0.1668900390625 0.81156595 0.1868678734375 0.8504327390625 0.22502183125 0.888043028125 0.22876844687500003 0.9258740546875 0.21930211093750002 0.9614807265625 0.21770221250000002 0.9985816265625 0.15798065781249998 1 0.156904953125 1 0.0322697078125
7 0.7929560734375001 0.18896611875 0.7763328375 0.1739373578125 0.7491821140624999 0.1704974171875 0.711741621875 0.1879068578125 0.6706334843749999 0.23693538125 0.6582042578125 0.276229228125 0.66094649375 0.3014265359375 0.7213267140624999 0.30319687968750003 0.724748146875 0.3019752515625 0.7259027734375 0.30333105 0.765649121875 0.304496409375 0.7680466734375 0.3019228203125 0.7900864765625 0.258944928125 0.7958086812499999 0.1983033515625 0.7929560734375001 0.18896611875
7 0.8611979421875 0.22269358125 0.83589801875 0.2259176171875 0.8152335828125 0.2570383546875 0.8137223734375001 0.292686490625 0.8087303078125 0.30179372031249996 0.810233021875 0.3058036078125 0.8849753328125001 0.307995046875 0.8980950703125 0.3004480609375 0.9147692484375 0.2811078125 0.9169087078124999 0.26266334687500004 0.9120524828125 0.24797959687499999 0.9159578421875001 0.22562108125 0.8611979421875 0.22269358125
5 0 1 0.0132929625 1 0.021626634375000002 0.9767625390625 0.0276727046875 0.9758061687499999 0.0428937140625 0.9829644953125001 0.055072909375 0.9816006890625001 0.0625340609375 0.9753561312500001 0.061397234375 0.9575293796875 0.063449009375 0.9527031843749999 0.07241740468749999 0.9524099703125 0.09131180312500001 0.957861828125 0.10010608750000001 0.9564707421875 0.09929016562500001 0.9442202859375 0.09144325625000001 0.9302684671874999 0.09112234999999999 0.9246921734375 0.0935223453125 0.92206171875 0.104662 0.9248012859374999 0.1251233859375 0.9401339765625 0.1309680328125 0.9414602875 0.1348428484375 0.9374711343750001 0.13478310625 0.9335416468750001 0.1291620796875 0.9158615031250001 0.1255433171875 0.9108068656250001 0.1310397453125 0.9099374375 0.1405902140625 0.9168673218750001 0.1596262921875 0.916107009375 0.17209908437500002 0.9237000500000001 0.2055777890625 0.9358482406250002 0.20884833125000002 0.9387071390624999 0.21278288750000002 0.938647475 0.2114446375 0.9231034078124999 0.2070150671875 0.9164889078125 0.1653685453125 0.8848126000000001 0.153243971875 0.8794153 0.1525475328125 0.8750238187499999 0.15954609375 0.8694151375000001 0.169151190625 0.8695839187499999 0.2140307125 0.8861184812499999 0.2220739359375 0.8870970249999999 0.23662581562499999 0.8864833171875001 0.23850348124999998 0.8805592531249999 0.2367948109375 0.87689059375 0.2194571734375 0.8599383765624999 0.1865281109375 0.847703240625 0.15883431406249998 0.832951871875 0.1316082171875 0.828255221875 0.11913542656250001 0.82066218125 0.11100515156249999 0.819134703125 0.10865978437499998 0.8150040515625001 0.11236048750000001 0.8099170296875 0.1284418140625 0.8011835156250001 0.1941651140625 0.7857230234375 0.19624420468749998 0.777516275 0.1909765109375 0.7727224671874999 0.18440810937500002 0.7703852265625001 0.1495740671875 0.767454709375 0.13799913749999998 0.7619704671875001 0.1362904703125 0.75830180625 0.21763425 0.67791015 0.2346305265625 0.646523690625 0.24550390000000002 0.636925859375 0.2542930734375 0.6248441796875 0.2634902078125 0.6188877296874999 0.2703125 0.609509740625 0.2703125 0.5870293703125 0.254887115625 0.5966149390625001 0.24658784531250003 0.6046801875 0.224694296875 0.619397428125 0.2005424375 0.6305329515625 0.1606028390625 0.6593588359375 0.1383883875 0.668499784375 0.1124459125 0.6861083078125001 0.10475091406249999 0.68732550625 0.0943896390625 0.678835759375 0.08290176406250001 0.6739004515625 0.06719085625 0.67075855625 0.0498037078125 0.6712580406249999 0.044710125 0.667562103125 0.043202878125 0.661610759375 0.045015689062499996 0.641066609375 0.0351784875 0.579036946875 0.0302439375 0.5625 0.0237248046875 0.5625 0.019074959375 0.6018416046875 0.003138684375 0.6718870703125 0 0.6779012671875 0 1
5 0.21234244531250002 0.6667503640625 0.1481943875 0.726110578125 0.1407587265625 0.7350277593750001 0.140625 0.7354934484375001 0.140625 0.7485327859375 0.14807037812499999 0.7637238890625 0.169030275 0.7703565171875 0.177608584375 0.7756324687499999 0.175594690625 0.780374121875 0.1617387015625 0.7836736734375 0.1556919953125 0.7873953031250001 0.1570591578125 0.796024409375 0.1665237703125 0.8138755375000001 0.177804578125 0.829227709375 0.18636109843749998 0.8483283140625 0.19448536249999998 0.8542290062500001 0.2079727515625 0.8520935125000001 0.21271595156249998 0.85410675 0.23010712500000002 0.8801012625 0.23298051718749999 0.8912561203125 0.237526015625 0.8955120546875002 0.2386368359375 0.9025232031249999 0.243240971875 0.9106397890625001 0.25338415 0.922302146875 0.264541434375 0.9296875 0.2699776703125 0.9296875 0.27048213125 0.9289933968749999 0.2684045765625 0.9193710734374999 0.2431304265625 0.8575838687499999 0.22478426875 0.794146884375 0.194959603125 0.717600425 0.198196575 0.7170879046875 0.201379928125 0.7232180546875 0.2055836359375 0.7253167109375 0.22399516249999998 0.7472797328125 0.2426312015625 0.7636787249999999 0.2631739 0.7886214031250001 0.2948483 0.8140129593750001 0.30567004062500003 0.8194865515625 0.31097954687499996 0.8180930343749999 0.313789284375 0.8148839203125 0.3155468359375 0.8085243140625 0.31400877656250004 0.798816571875 0.2891987125 0.7574112671875 0.28245838437500004 0.73581170625 0.27217613906250004 0.7302526953124999 0.24664393437499998 0.7226854640625 0.23221160156249998 0.708385128125 0.22985089531249997 0.700466184375 0.23183798281249998 0.6990458671875001 0.251152584375 0.7092560906250001 0.27188294687500003 0.7109494296875 0.31374410468749997 0.7203540421875 0.3442708359375 0.7210491453125 0.3636926734375 0.7179740359375 0.365625 0.7165928609375 0.365625 0.7127046734375 0.36562112343750003 0.712693065625 0.35837814687499997 0.70886423125 0.30805595625 0.701904975 0.300839790625 0.694754809375 0.298820875 0.6889931375 0.2952421125 0.68734838125 0.2800507890625 0.689200815625 0.2643467796875 0.6878173343749999 0.24741969375 0.682204721875 0.2358875640625 0.6757379109375 0.23546032656250002 0.6730413171875 0.2379869078125 0.6715355796875 0.2468751796875 0.6717868203125 0.2773482921875 0.6791245921875 0.28453262968750004 0.6790927734375 0.292539615625 0.677272159375 0.295263903125 0.6735237281249999 0.29057431875 0.6648678218749999 0.2812588078125 0.661919984375 0.2767987578125 0.658203371875 0.2641608265625 0.6552287343750001 0.27489210000000003 0.6496596875 0.27537295624999997 0.6457136171875 0.2601447859375 0.62988074375 0.253068175 0.625 0.2350539578125 0.625 0.2310656453125 0.627850740625 0.2203393921875 0.643923109375 0.21202244375 0.6507684359375 0.20864640625000003 0.6573843015625 0.2133628 0.6627188703125 0.21234244531250002 0.6667503640625
5 0 0.5512332578125 0.002967028125 0.55530536875 0.0112657703125 0.5613443625000001 0.018921020312500002 0.5561693171875 0.023738703125 0.5616289218749999 0.029259779687499998 0.5822537078125001 0.039559148437500004 0.64738496875 0.0385870359375 0.6769611 0.042881025 0.6791089453125 0.061966939062500004 0.67834444375 0.0765295328125 0.6811265343749999 0.09280526875 0.6875975000000001 0.0978344953125 0.6921875 0.110688571875 0.6921875 0.13851255468749998 0.6729911671875 0.1501999421875 0.6683080859375 0.18366363125000001 0.64772275 0.1910570328125 0.640891825 0.22098489531249998 0.6265254625 0.234375 0.615410565625 0.234375 0.6152109796875 0.228749684375 0.6077536921875 0.2025818578125 0.5994571375 0.191178575 0.5916474125 0.17707465625000002 0.5774764375 0.171296859375 0.565945275 0.1717007609375 0.561354753125 0.19377142187500002 0.554458696875 0.209583359375 0.561569046875 0.234375 0.5609911546874999 0.234375 0.5476007453125 0.22155485625 0.5443931625 0.202758171875 0.5434143640625 0.19518507812500002 0.53839186875 0.2132955015625 0.4993072984375 0.214714284375 0.493989975 0.213028525 0.48690191718750003 0.20844530468750003 0.486497371875 0.1988201921875 0.4970771671875 0.18840953124999998 0.5026893218749999 0.1810709015625 0.5027218859375 0.1764329109375 0.5091157046875 0.1736775015625 0.5095528140625001 0.1720516390625 0.5064158984375 0.17262497968749999 0.4921797921875 0.1700116234375 0.48637049999999993 0.1669070828125 0.48459977031249996 0.1357897734375 0.4985890171875 0.131523171875 0.493041990625 0.1280866296875 0.4641652359375 0.13451992031249999 0.45126274843749997 0.144030365625 0.4435301765625 0.1425556171875 0.4375 0.0811465828125 0.4375 0.0804163546875 0.43777912499999994 0.075052715625 0.44315644374999996 0.0753795875 0.45951296875000003 0.07340972343749999 0.46491771562500006 0.0667967390625 0.46596677656249996 0.057919532812499994 0.4634143875 0.0435041203125 0.4651353953125 0.040459478125 0.4673158046875 0.039477109375 0.47539293125000004 0.03660703125 0.47867726250000003 0.030632414062500002 0.48019086250000004 0.024510615625000003 0.47720136249999995 0.014040057812500001 0.478862378125 0 0.48286331562499996 0 0.5512332578125
5 0.3043579984375 0.7738574765624999 0.3061529375 0.785181965625 0.3119232421875 0.7936661234375 0.316128209375 0.79576455625 0.3220644375 0.794825040625 0.3313727 0.776768165625 0.3316777328125 0.76124179375 0.342470878125 0.7595335796875 0.3424272859375 0.7871799359375 0.3407278609375 0.7973991015624999 0.3372653359375 0.8034750015625001 0.334047478125 0.8459962578125001 0.326416846875 0.8676571375 0.32011190625 0.8697605890624999 0.3126053171875 0.85381218125 0.3043076734375 0.8468336015624999 0.2754712140625 0.8359194015625 0.2659015140625 0.8418562953125001 0.2567055453125 0.8571314515624999 0.248754815625 0.8628121109375 0.24898441718750003 0.8677508750000001 0.26422719687499996 0.9045864531250001 0.27324548593750003 0.9335625421875001 0.261170240625 0.9271818343749999 0.2328365796875 0.8984988078124999 0.226189746875 0.8984452125000001 0.2115067109375 0.9035330171875 0.186281928125 0.9014446187499999 0.182760746875 0.903660278125 0.1835300078125 0.9085136312500002 0.195920328125 0.9203723640625 0.203993390625 0.93291438125 0.197602975 0.93447856875 0.161863265625 0.9218929906250001 0.1390267140625 0.9244017140625 0.134375 0.928889278125 0.134375 0.9299552234374999 0.1349977140625 0.9338840000000002 0.1524477359375 0.95323378125 0.156602253125 0.95625 0.2428935078125 0.95625 0.25007708281249996 0.954918615625 0.2601277875 0.9450360734375 0.27148740625 0.9399214718749999 0.2730477234375 0.935805 0.2796090828125 0.935319334375 0.2944898828125 0.9279890734375 0.29886077499999997 0.9206638312500001 0.315387365625 0.909756359375 0.3239313875 0.8973483312500001 0.3419964953125 0.896147565625 0.348867909375 0.890637725 0.352699146875 0.88339789375 0.353404728125 0.8738888078125001 0.3504986359375 0.8555539218749999 0.35202209375 0.83375403125 0.348827740625 0.8066201421875 0.35365281875 0.7986702265625001 0.35625 0.7875759015625 0.35625 0.7507320171874999 0.35183779375 0.7453369453125 0.3553003203125 0.7392610484375 0.35625 0.7319438296875 0.35625 0.7294080484375 0.3533344328125 0.7268580375 0.3456937578125 0.7275145234375 0.3315235609375 0.7358378968749999 0.31889188281249997 0.7538679734375 0.3088411828125 0.7637505156250001 0.3043579984375 0.7738574765624999
5 0.2667517203125 0.6483418203125 0.2831374875 0.6663238609375 0.29162075 0.67201984375 0.3004698484375 0.686863515625 0.3069500046875 0.6901692203125 0.327107403125 0.6875181109375 0.3455389484375 0.6808082859375 0.3605705015625 0.6628886062499999 0.34223753437500004 0.54713880625 0.340637078125 0.5472907609375 0.3244235625 0.5406531 0.316499721875 0.5419081140625 0.3054637609375 0.547446590625 0.283444340625 0.5520171406250001 0.27241329687500004 0.5678434859375 0.2581241328125 0.5733557125 0.24592174218750001 0.5817864734375 0.2419516125 0.59432845 0.2436774640625 0.5983871640625 0.2473752578125 0.5978014890625 0.25974498125 0.5904272421875 0.26405469843749996 0.59028615625 0.2568887796875 0.6065833406250001 0.2456067328125 0.62082491875 0.2454968140625 0.6235498671874999 0.2521443046875 0.627912084375 0.2667517203125 0.6483418203125
17 1 0.41875 0.9918027046875 0.41875 0.9894221953125001 0.4209660171875 0.9306174390624999 0.8062594640625 0.9274291609375 0.8446437218749999 0.930451215625 0.8515625 1 0.8515625 1 0.41875
17 1 1 1 0.84375 0.636749821875 0.84375 0.5924417046875 0.8483629953125 0.564625865625 0.8564177687499999 0.530718215625 0.8719597203125 0.518699215625 0.884089140625 0.519769684375 0.9144847796875 0.503125 0.9270116703125 0.503125 1 1 1
17 0.74375 0.8415358921875 0.74375 0.84380671875 0.7455189531249999 0.8453125 0.9328768484375001 0.8453125 0.965625 0.5811413203125 0.965625 0.4722987328125 0.9315553453125001 0.4595635546875 0.9279471843749999 0.43956349531249994 0.9262357921875001 0.4390625 0.8512273406249999 0.4390625 0.8457985593749999 0.45427982499999997 0.822815090625 0.4548309453125 0.8071960234375 0.46025671562500003 0.78973136875 0.48084100625000004 0.747319628125 0.7962583578125 0.74375 0.8415358921875
1 0.7080250640625 0.41875 0.7046875 0.45710074375 0.7046875 0.4806543234375 0.7212279328125 0.5033285375000001 0.763750459375 0.5106266359375 0.764496053125 0.5109375 0.7833158 0.5109375 0.7918299796875 0.49332934531249995 0.8057021750000001 0.479528375 0.8210051328125001 0.473242475 0.8416324968750001 0.47173103593750004 0.8550065953124999 0.4504313265625 0.8970853515625 0.44929538124999996 0.9117907703124999 0.4532978015625 0.920628565625 0.4618787765625 0.9263875468750001 0.459170825 0.9364054203125001 0.41875 0.7080250640625 0.41875
17 0.6453545625 0.8558119671875 0.66677168125 0.849770275 0.69696536875 0.8502976828125 0.720159115625 0.8452035656250001 0.7392666999999999 0.8473704125000001 0.7440546625 0.8437878765625001 0.781556446875 0.5456501515625 0.7681870281250001 0.5078383875 0.72404675 0.49515231875000004 0.71574979375 0.48034271406249995 0.685929140625 0.47340602656249997 0.6482559 0.47549759687500004 0.6424996859375 0.4799797609375 0.6390087390625 0.49275037499999996 0.6123683140625 0.4941181171875 0.5876734109374999 0.509267978125 0.5836405375 0.51561333125 0.5710984 0.605215396875 0.5646322171875 0.6848416281249999 0.5553596953125 0.84415801875 0.5575274046875001 0.8698590671875 0.592935378125 0.8594790484375 0.6453545625 0.8558119671875