9 0.0938538640625 0 0.0880425265625 0.0133989375 0.0796568390625 0.04880763125 0.07707811249999999 0.0696226 0.07840927812500001 0.0810393375 0.08364390625 0.091588984375 0.0947305109375 0.1051035625 0.1340802390625 0.142066603125 0.1400672640625 0.159069190625 0.1394241890625 0.1621401484375 0.132749078125 0.169288171875 0.13275685625 0.1823341484375 0.1897126109375 0.17700407812500002 0.186394346875 0.1743038328125 0.18514678125 0.16789723125 0.1829346046875 0.16609706875000002 0.161070071875 0.1545947109375 0.146054284375 0.1374334671875 0.137591421875 0.120662578125 0.1337394015625 0.0919188796875 0.1404273734375 0.067708578125 0.145584825 0.026078640625 0.157208703125 0 0.0938538640625 0
9 0.15190570625 0 0.1453098 0.01806418125 0.1450332828125 0.0371583125 0.150062125 0.05023619687500001 0.1379015890625 0.07044246875 0.1322939828125 0.091039090625 0.134519021875 0.11441528906250001 0.142338809375 0.134257140625 0.1529302484375 0.14781805312500002 0.165039340625 0.1572225765625 0.1870517796875 0.16570031406250002 0.20053061875 0.1739730578125 0.20496578125 0.175 0.21100522812500003 0.175 0.3747780609375 0.15967370625 0.383922578125 0.1497856078125 0.3897552640625 0.1397056390625 0.407684175 0.11745415937499999 0.4498827140625 0.084400928125 0.467110675 0.064724028125 0.46932928125 0.057993053125000006 0.4734375 0.019521321875 0.4734375 0.0121183125 0.471827128125 0 0.15190570625 0
13 0.6796875 0.309375 0.7509703437499999 0.309375 0.7762017890624999 0.28993389375 0.8254951609375001 0.2470011515625 0.8765625 0.21958214687500002 0.8765625 0.21556701875 0.8760417078125 0.210288765625 0.8526235375000001 0.1775480359375 0.7970111578125 0.059227553125 0.772873090625 0.013635803125000002 0.766081509375 0.0077577546875 0.7528620921875 0.0117236953125 0.6796875 0.0533702921875 0.6796875 0.309375
13 1 0 0.7669877734374999 0 0.7651169296875 0.00331641875 0.7670843109375001 0.0084429984375 0.7980139578125 0.05991279687499999 0.8235842281250001 0.11261352656250001 0.8865157765625 0.21623659687500002 1 0.15291547656249999 1 0
3 0.45958129531249997 0.7566727421875 0.46649031875 0.7634652015625 0.47428865 0.7640625 0.49666628125 0.7640625 0.5084151640625 0.7622261390625 0.5127875640624999 0.7556384703125001 0.5092362968749999 0.7369062890625 0.5194063140625 0.7164230765624999 0.53125 0.632194775 0.53125 0.6307975640625 0.525462825 0.6075269015625 0.4900965859375 0.5988844578125001 0.478483046875 0.6043406234375001 0.46503372656249997 0.6297645875000001 0.4471518578125 0.6911101140625 0.45958129531249997 0.7566727421875
3 0 0.9515990734375 0.08216337812499999 0.9704881234375 0.13544063906249998 0.9921875 0.15831786406249998 0.9921875 0.1789132203125 0.9915788171875001 0.1972605703125 0.984578128125 0.2125 0.91531521875 0.2125 0.9092943046874999 0.21108384687499998 0.9018243984375001 0.13318867968749998 0.8764090390625 0.030290803124999998 0.8525399265625001 0.013543875 0.8605697250000001 0 0.8892755093750001 0 0.9515990734375
8 0.10723102343749999 0.7331428421874999 0.11770961718749999 0.7810024 0.1239936890625 0.7859375 0.1400362390625 0.7859375 0.1493676859375 0.7849106015625 0.1593807984375 0.7784253265625 0.1759708203125 0.784393465625 0.1984375 0.774134425 0.1984375 0.7322481187500001 0.1963527 0.69175823125 0.188096915625 0.6852746765625 0.1660413921875 0.6875411265625 0.12479908125000001 0.69979319375 0.1125997671875 0.7095723046875 0.10723102343749999 0.7331428421874999
3 0.38811995781249997 0.45806172812499996 0.36270668125 0.4722678968749999 0.343695103125 0.4905905 0.345410590625 0.5292904765625 0.3908867015625 0.5467835953125 0.407827140625 0.5694257 0.4385673203125 0.5833178 0.439316 0.5602320546875 0.458822903125 0.55411520625 0.4790297234375 0.55605073125 0.49075893906249995 0.576931475 0.48779344843750005 0.5538763531249999 0.46757370624999994 0.5361750031250001 0.43868761406249995 0.5246500234375 0.38811995781249997 0.45806172812499996
3 0.6796875 0.597847146875 0.634488559375 0.6012084453125001 0.6328096828125 0.6071783078124999 0.6233823468749999 0.6093406390625 0.6240648796875 0.620353646875 0.61573064375 0.6208690625 0.610011478125 0.6277656359374999 0.6101082375 0.6431015859375 0.6282202296875 0.657097803125 0.644127715625 0.652052934375 0.65421928125 0.6385686890625 0.6796875 0.6375820578125 0.6796875 0.597847146875
3 0.196403746875 0.640258640625 0.19970135312499998 0.6576528078124999 0.21529502812499998 0.6806038171875001 0.2490791515625 0.71055206875 0.2835876515625 0.6998445249999999 0.2785144109375 0.67308426875 0.251796215625 0.6359305328125 0.22029505 0.6180243953125 0.20856645000000001 0.58580969375 0.183563740625 0.5873559375 0.1737075328125 0.579843275 0.1653916 0.6026936078125 0.19300938437499998 0.6075285234375001 0.1765161203125 0.616896334375 0.1765945734375 0.6098973671875 0.1723006234375 0.6094860671875 0.16759610625000002 0.62173469375 0.1723973796875 0.6248220171875 0.197732203125 0.61761481875 0.210457146875 0.6328466515625 0.22384631875 0.6367565749999999 0.2235142046875 0.64241753125 0.20735305468749998 0.6461243859375 0.2045627734375 0.6314062453125 0.196403746875 0.640258640625
13 0.6180842156249999 0.410899996875 0.609514621875 0.43241231718749995 0.6211464656250001 0.44929107031250004 0.6269205421875 0.509399253125 0.6370304124999999 0.5182499296875 0.6709531359375001 0.5118653249999999 0.6747397625 0.5096006 0.6642428609375 0.4394061234375 0.66742540625 0.41912942031250006 0.648787784375 0.3801222578125 0.6241171890625 0.37600754687500004 0.6146114 0.3851688484375 0.6180842156249999 0.410899996875
16 0.6796875 0.9477567703125 0.6946610062499999 0.9518002796874999 0.70647570625 0.9503110359375 0.7147656687499999 0.9627443578125 0.7393441109375 0.9657226828125001 0.7677759265625 0.9827334890625 0.7987519703125 0.9852520390624999 0.8247940203124999 0.9903092484375 0.8286775015625001 0.990625 0.8328125 0.990625 0.8328125 0.9890827125000001 0.8155121109374999 0.9792651828124999 0.8091516921874999 0.9733583671874999 0.8028513468749999 0.9571670453125 0.777506940625 0.916888675 0.7579225640625 0.9010871921875001 0.738855615625 0.88091804375 0.6962193375 0.8534428796875 0.6796875 0.846847209375 0.6796875 0.9477567703125
16 0.7313552171875 0.6653844281250001 0.727013021875 0.65082223125 0.7305577859375 0.6334715 0.7537727375000001 0.617230109375 0.74702075625 0.5941424796874999 0.7391366609375 0.5964412765625 0.730234871875 0.6045369765624999 0.7005307796875 0.6369097609375001 0.684156484375 0.6610569015625 0.6851284093750001 0.6630958078125 0.702817565625 0.66649393125 0.7244573484375 0.667273440625 0.7313552171875 0.6653844281250001
16 0.8903014 1 0.8907622625 0.997806096875 0.8903306499999999 0.9874816203125001 0.8864515328125 0.9778567812500001 0.8820435468750001 0.974558559375 0.878570296875 0.979665840625 0.8741394281250001 0.9802855234375001 0.85255399375 0.970200990625 0.8441925171874999 0.9700111187499999 0.841253859375 0.9678123046875001 0.8328523375 0.9744787671874999 0.820059990625 0.9749085828125 0.8068160078125001 0.9684420828124999 0.8126704390625001 0.9767576171875 0.8195254000000001 0.9822146734375 0.8313000515625 0.9875817640625 0.8312828890624999 0.9905201921875001 0.8047491546875 0.985423009375 0.7703313281249999 0.9826246203124999 0.7561039796875 0.9760781703125 0.74336884375 0.9667132203125 0.7320744296874999 0.963345059375 0.714856934375 0.96341508125 0.695609775 0.97409943125 0.6836868390624999 1 0.8903014 1
16 0.6796875 0.6763409046875 0.68110340625 0.6784476109375 0.7056532437499999 0.686323315625 0.728702284375 0.6984867328125001 0.73554008125 0.70688221875 0.7502305078125 0.7183660265625 0.7717272671875 0.7436324421875 0.78105780625 0.7463509562499999 0.8322500749999999 0.7407137984375 0.8638207828125001 0.7256417546875 0.8825848437499999 0.7134482140625 0.90686325625 0.6835741093750001 0.9039589250000001 0.6754984390625 0.89760136875 0.6691018812499999 0.8932763390625 0.65160125625 0.89035484375 0.6464640140625 0.8903948921874999 0.63960768125 0.893399340625 0.6305425203125 0.8909866937500001 0.6225068265625 0.8679548140625 0.6074049796875001 0.85175215 0.6021678359375 0.81785175 0.59500178125 0.7868528218749999 0.5964011390625 0.77597571875 0.60580614375 0.7295829984375 0.6319223296875001 0.7260496812499999 0.6473141109375 0.7260182140625 0.6527012296875 0.72989446875 0.6628158078124999 0.7288996625 0.66469480625 0.7190545546875 0.6658542187500001 0.6856143703125 0.664115259375 0.6855972078125 0.6670536874999999 0.6796875 0.67367410625 0.6796875 0.6763409046875
16 0.6796875 0.521746078125 0.6839683437499999 0.5248297640625 0.691840996875 0.52448991875 0.7027095203125 0.5165541265625 0.71760304375 0.4932665328125 0.7276798531249999 0.45243833593750005 0.7308730984375 0.4110504625 0.7393232515625 0.39605845156249997 0.741335753125 0.38838255 0.7403724109375001 0.3848744296875 0.735967284375 0.3810864703125 0.710428359375 0.3741102875 0.69227040625 0.36675428125 0.6883369390625 0.366434465625 0.6796875 0.3700283671875 0.6796875 0.521746078125
16 0.8759252375 0.7566693015625 0.85084653125 0.7551202140625 0.8272972234375 0.744386034375 0.8174635578125 0.7435864953125 0.8169547109374999 0.746484946875 0.8262652296875 0.7526316265624999 0.8306446093750001 0.7608272281249999 0.8261107593749999 0.7790774828125 0.8226460937500001 0.782715546875 0.7931651203125 0.7768887624999999 0.7725859359375 0.7629662781250001 0.7647104234375 0.7637958609375 0.7553369765625 0.7684234171875 0.746915428125 0.778518046875 0.75081456875 0.7847147203125 0.7497711296875 0.7949192671875001 0.752686903125 0.8010359843749999 0.7428360749999999 0.8031748734375 0.7408493171874999 0.8064431328125 0.714232628125 0.8155483499999999 0.712734696875 0.8193463234374999 0.7140581375 0.8454223734374999 0.71789720625 0.8619035453125001 0.721790625 0.86907969375 0.741389303125 0.8824324859375 0.760450528125 0.9035811125000001 0.7746549921875 0.914045465625 0.7825476703125 0.9102774562499999 0.7993535781250001 0.8964547921874999 0.8161880890625 0.8777347500000001 0.8276026453125 0.8605339093750001 0.8409581875000001 0.8479006218750001 0.8793981593750001 0.8358369453125001 0.9140162234375 0.8043536687499999 0.9145393734375 0.7990065265624999 0.909165184375 0.7926899234375 0.9077187390624999 0.7876726109375001 0.8998746921875 0.783115075 0.894020259375 0.77479954375 0.8817825296875 0.7644950953125 0.8759252375 0.7566693015625
16 0.6796875 0.8114270328125001 0.6877005890625 0.8122560203125001 0.6980488234375 0.8091776312500001 0.70936611875 0.8086278874999999 0.7217096921875 0.8008120265625 0.723670703125 0.8019514109374999 0.7216810859375 0.8057094078125001 0.72659791875 0.8061091781249999 0.7468055625 0.7994226859375 0.7301312375 0.7907173984375 0.6976687 0.7900378703125 0.6796875 0.7862024812499999 0.6796875 0.8114270328125001