1 0.26223958281250004 0.3455729171875 0.19765625 0.33151041718749996 0.1502604171875 0.32421875 0.1299479171875 0.409114584375 0.107552084375 0.40755208437499996 0.11067708437499998 0.41536458437499996 0.11796875 0.424739584375 0.12786458437499998 0.43046875 0.155989584375 0.43515625 0.16640625 0.445052084375 0.1893229171875 0.45026041718750004 0.2065104171875 0.45859375 0.2414062515625 0.46640625 0.301027959375 0.4859375 0.3102724703125 0.4859375 0.3375 0.4249276671875 0.3375 0.4212133984375 0.3190104171875 0.374739584375 0.3143229171875 0.37109375 0.2971354171875 0.365364584375 0.2835937515625 0.36328125 0.2736979171875 0.3502604171875 0.26223958281250004 0.3455729171875
0 0.20208333281250002 0 0.20052083281250002 0.0026041671875 0.18125 0.0458333328125 0.15729166562500002 0.08854166718749999 0.15729166562500002 0.0916666671875 0.1598958328125 0.09375 0.1703125 0.09635416718749999 0.18802083281249998 0.07864583281250001 0.19583333281249998 0.0760416671875 0.2 0.078125 0.2046875 0.090625 0.2130208328125 0.1 0.221354165625 0.1010416671875 0.2359375 0.0661458328125 0.2421875 0.0395833328125 0.25052083281250004 0.0296875 0.25885416562499997 0.0369791671875 0.2598958328125 0.0401041671875 0.283854165625 0.0494791671875 0.296875 0.0515625 0.3015625 0.02897726875 0.3015625 0.022708334375 0.294791665625 0.014583332812499999 0.283854165625 0.010416667187500001 0.2788722828125 0 0.20208333281250002 0
1 0.4078125 0.23020833437500002 0.4036458328125 0.23020833437500002 0.3807291671875 0.25625 0.3645833328125 0.267708334375 0.284375 0.344270834375 0.2958333328125 0.3635416671875 0.3177083328125 0.3734375 0.3239583328125 0.3890625 0.3395833328125 0.4046875 0.34088541875 0.4046875 0.3494791671875 0.398958334375 0.45677083281249997 0.29635416718749996 0.471875 0.2697916671875 0.47083333281249995 0.266145834375 0.4421875 0.248958334375 0.4078125 0.23020833437500002
1 0.4890625 0.0719561125 0.43567708437499997 0.08333333281250001 0.43411458437499995 0.0848958328125 0.432552084375 0.1203125 0.41171875 0.128125 0.41015625 0.16458333281249998 0.44177556874999996 0.1921875 0.45046874531250003 0.1921875 0.46171875 0.190625 0.4830729171875 0.183854165625 0.4890625 0.1828559015625 0.4890625 0.0719561125
1 0.3440104171875 0.40651041718750003 0.337239584375 0.40703125 0.33828125 0.42317708437499996 0.3174479171875 0.47317708437499995 0.35546875 0.5049479171875 0.35442708437500003 0.5106770843749999 0.34765625 0.520052084375 0.34921875 0.5236979171875 0.4091634125 0.53125 0.4159237953125 0.53125 0.45078125 0.48255208437499997 0.460677084375 0.463802084375 0.4828125 0.3984019890625 0.4828125 0.3952835640625 0.44140625 0.35234375 0.42369791718750005 0.33515625 0.41901041718750004 0.3330729171875 0.37057291718749996 0.37734375 0.3486979171875 0.39921875 0.3440104171875 0.40651041718750003
1 0.4890625 0.5390625 0.4890625 0.3825520875 0.485416665625 0.3721354171875 0.47864583281249995 0.363802084375 0.45520833281249995 0.34713541718749996 0.44427083281249996 0.3361979171875 0.4302083328125 0.32890625 0.426041665625 0.33098958437500003 0.426041665625 0.3361979171875 0.48020833281249997 0.391927084375 0.48333333281249996 0.3955729171875 0.48333333281249996 0.40078125 0.45677083281249997 0.471614584375 0.42447916562500004 0.5205729171875 0.4265625 0.53046875 0.42916666562500005 0.5341145843749999 0.43645833281249996 0.5361979171875 0.44479166562500005 0.535677084375 0.45208333281249996 0.538802084375 0.4544704765625 0.5390625 0.4890625 0.5390625
1 0.4890625 0.0436041671875 0.4859375 0.0432291671875 0.465625 0.0359375 0.43541666718750005 0.0416666671875 0.43541666718750005 0.06302083281250001 0.4375 0.0666666671875 0.43489583437499996 0.06979166718749999 0.43489583437499996 0.0817708328125 0.4890625 0.072403665625 0.4890625 0.0436041671875
10 0.350546875 0 0.34609375 0.04453125 0.355989584375 0.058072915625 0.3614583375 0.059375 0.36730746875000003 0.059375 0.38046875 0.014322915624999998 0.38203125 0.012760415624999999 0.4018229171875 0.011197915625 0.403125 0.00859375 0.403125 0.0074062468749999995 0.400231934375 0 0.350546875 0
1 0.34427083281250004 0.40520833281249996 0.3411458328125 0.40625 0.33541666718749996 0.40208333281249997 0.33125 0.403125 0.3375 0.42447916562500004 0.3171875 0.472916665625 0.3234375 0.48020833281249997 0.3557291671875 0.5052083328125 0.3557291671875 0.5098958328125 0.346875 0.5203125 0.3484375 0.5244791656250001 0.40621528749999997 0.53125 0.4158604453125 0.53125 0.4427083328125 0.49427083281249995 0.4614583328125 0.4614583328125 0.4828125 0.40052083281249995 0.4828125 0.3953125 0.4223958328125 0.334375 0.4171875 0.333854165625 0.39791666718749996 0.3505208328125 0.35885416718749996 0.390625 0.35 0.396875 0.34427083281250004 0.40520833281249996
0 0.4890625 0.26248768437500003 0.49745329531250004 0.269324628125 0.5678758296875001 0.269324628125 0.6908579593749999 0.2890625 0.7474924171875 0.2890625 0.7587991484375 0.2834091359375 0.7775784921875 0.263064846875 0.7916629984375 0.22081132656250002 0.79375 0.1822017796875 0.79375 0.1602266421875 0.7838382734375 0.1347393390625 0.685246721875 0.09561570781249999 0.64142825625 0.083096146875 0.61325924375 0.083096146875 0.592914953125 0.097180653125 0.513102746875 0.0987455984375 0.4890625 0.10727600781249999 0.4890625 0.26248768437500003
0 0.4890625 0.5390625 0.6253035953125 0.5390625 0.6421875 0.5005671953124999 0.6421875 0.4942321140625 0.6334568171875 0.43020710937500006 0.6052878046875 0.40203809531249995 0.5771187890625 0.3973432609375 0.54268999375 0.37856391718750004 0.5051313078125 0.37699897187500003 0.4890625 0.382182459375 0.4890625 0.5390625
0 1 0.342253521875 0.999332453125 0.336913146875 0.9852479468750002 0.30404929687500004 0.9539490421875 0.2711854453125 0.9101305749999999 0.250841159375 0.88352650625 0.24771126875 0.866312109375 0.2602308296875 0.8631822187499999 0.277445228125 0.8537925468750001 0.283705009375 0.8569224375000001 0.3087441328125 0.8506626562499999 0.3259585296875 0.7833700125 0.3071791875 0.7724153953125 0.32282863906250003 0.7051227499999999 0.324393584375 0.6534795578125 0.35412754375 0.6362651609375 0.3760367765625 0.6425249421875 0.41516040781249997 0.6597393390625 0.44802425625 0.69103824375 0.4714984359375 0.7379865999999999 0.48714788750000004 0.8541837765625001 0.503125 0.871430790625 0.503125 0.9257800281249999 0.49497261249999996 0.9351696984375 0.48871283125 0.9382995890625001 0.47462832656250004 0.960208821875 0.4542840375 0.94925420625 0.42767997031249994 0.9852479468750002 0.422985134375 0.9946376171875 0.41203051718749995 1 0.3905809859375 1 0.342253521875
1 0 1 0.15909158437499998 1 0.165283203125 0.97001953125 0.168212890625 0.9451171875 0.16875 0.9320922843750001 0.16875 0.8839477531250001 0.162353515625 0.82158203125 0.154541015625 0.77763671875 0.147705078125 0.70732421875 0.142333984375 0.6990234375 0.135498046875 0.69560546875 0.101806640625 0.68876953125 0.085693359375 0.68828125 0.060302734375 0.69853515625 0.027587890625 0.70244140625 0 0.7229425 0 1
10 0.3995573625 0.5390625 0.391064453125 0.557666015625 0.383251953125 0.566943359375 0.377880859375 0.577685546875 0.369091796875 0.585009765625 0.366162109375 0.594287109375 0.362255859375 0.599169921875 0.322705078125 0.614306640625 0.301708984375 0.630419921875 0.290966796875 0.643603515625 0.272900390625 0.672412109375 0.255322265625 0.688037109375 0.241650390625 0.715869140625 0.213330078125 0.791552734375 0.200146484375 0.839892578125 0.185986328125 0.872119140625 0.182568359375 0.889697265625 0.175244140625 0.904833984375 0.170361328125 0.924365234375 0.169384765625 0.954150390625 0.172802734375 0.967333984375 0.180126953125 0.979052734375 0.181591796875 0.999560546875 0.1817044765625 1 0.307666015625 1 0.310009765625 0.996630859375 0.323681640625 0.984912109375 0.330029296875 0.961962890625 0.337841796875 0.951708984375 0.350537109375 0.941943359375 0.367626953125 0.941943359375 0.372021484375 0.939013671875 0.382275390625 0.915087890625 0.391064453125 0.903369140625 0.404736328125 0.890673828125 0.414990234375 0.870654296875 0.423291015625 0.844775390625 0.423779296875 0.823291015625 0.426708984375 0.808154296875 0.433544921875 0.792529296875 0.439404296875 0.785205078125 0.450634765625 0.764208984375 0.461865234375 0.729541015625 0.464794921875 0.701220703125 0.463818359375 0.682666015625 0.458935546875 0.656298828125 0.459423828125 0.638232421875 0.472607421875 0.602587890625 0.474072265625 0.591357421875 0.484326171875 0.566455078125 0.484326171875 0.557666015625 0.480908203125 0.548876953125 0.4700032546875 0.5390625 0.3995573625 0.5390625
7 0.36302000625 1 0.36310064531249997 0.9998270437500001 0.3675149828125 0.990499271875 0.369967390625 0.983135246875 0.3703125 0.9814080765625001 0.3703125 0.96453416875 0.3680054578125 0.957606625 0.36849593125 0.9487697984375 0.353155403125 0.9526059921875 0.317291628125 1 0.36302000625 1
1 0.4890625 0.7221576390625 0.49482421875 0.72841796875 0.51142578125 0.74404296875 0.52705078125 0.76357421875 0.5587890625 0.7884765625 0.6564453125 0.8421875 0.6936848953125001 0.859375 0.69619140625 0.859375 0.70283203125 0.8578125 0.70673828125 0.8548828125 0.71845703125 0.82705078125 0.73359375 0.80654296875 0.7345703125 0.8021484375 0.72626953125 0.78408203125 0.6994140625 0.76552734375 0.6974609375 0.75771484375 0.70380859375 0.75234375 0.7248046875 0.74599609375 0.7375 0.73916015625 0.74921875 0.7279296875 0.7501953125 0.7220703125 0.7677734375 0.70595703125 0.77900390625 0.66787109375 0.78876953125 0.621484375 0.79658203125 0.59462890625 0.7984375 0.57533203125 0.7984375 0.569091796875 0.7931640625 0.5677734375 0.77265625 0.57412109375 0.70771484375 0.58046875 0.688671875 0.584375 0.63203125 0.601953125 0.614453125 0.60537109375 0.58271484375 0.6068359375 0.5685546875 0.6 0.55732421875 0.5873046875 0.55439453125 0.578515625 0.5568359375 0.56484375 0.5509765625 0.56484375 0.52998046875 0.58095703125 0.5001953125 0.6107421875 0.4890625 0.6222123578125001 0.4890625 0.7221576390625
4 1 0.5390625 0.7987925390624999 0.5390625 0.8001953125 0.544580078125 0.80263671875 0.561669921875 0.80556640625 0.566552734375 0.81337890625 0.570947265625 0.820703125 0.606591796875 0.82607421875 0.616357421875 0.8587890625 0.717919921875 0.8666015625 0.756005859375 0.8646484375 0.776025390625 0.87099609375 0.793115234375 0.874658203125 0.7953125 0.878651646875 0.7953125 0.9017578125 0.789208984375 0.92421875 0.788232421875 0.9310546875 0.782861328125 0.94521484375 0.777978515625 0.97353515625 0.769677734375 1 0.765476965625 1 0.5390625
4 0.99833984375 0.772119140625 0.9978515625 0.767236328125 0.99541015625 0.765283203125 0.99052734375 0.765283203125 0.94951171875 0.777978515625 0.92705078125 0.782373046875 0.91435546875 0.787744140625 0.88994140625 0.793115234375 0.87822265625 0.799951171875 0.87138671875 0.798486328125 0.8630859375 0.772607421875 0.8650390625 0.756494140625 0.86015625 0.721337890625 0.83623046875 0.647119140625 0.8142578125 0.589990234375 0.809375 0.572900390625 0.80400390625 0.560693359375 0.80205078125 0.559716796875 0.7712890625 0.695947265625 0.7576171875 0.738916015625 0.74931640625 0.784326171875 0.73955078125 0.796044921875 0.729296875 0.819482421875 0.717578125 0.826318359375 0.71025390625 0.851220703125 0.71025390625 0.857080078125 0.71171875 0.859521484375 0.7244140625 0.864404296875 0.752734375 0.870751953125 0.76787109375 0.872216796875 0.83232421875 0.888818359375 0.84697265625 0.890283203125 0.9264094421875001 0.915625 0.9365855828124999 0.915625 0.93974609375 0.911279296875 0.94365234375 0.889794921875 0.95927734375 0.875146484375 0.975390625 0.852685546875 0.9939453125 0.789208984375 0.99833984375 0.772119140625
4 0.7867787671875 1 0.775537109375 0.987451171875 0.761376953125 0.967919921875 0.726708984375 0.934228515625 0.712060546875 0.914697265625 0.702294921875 0.896630859375 0.697900390625 0.893212890625 0.679345703125 0.886865234375 0.655908203125 0.882958984375 0.607568359375 0.879052734375 0.559228515625 0.878076171875 0.517724609375 0.873193359375 0.497216796875 0.867822265625 0.494775390625 0.868798828125 0.496728515625 0.874169921875 0.523095703125 0.908349609375 0.551416015625 0.923974609375 0.622705078125 0.983056640625 0.6415310328125 1 0.7867787671875 1
4 1 0.7671862484374999 0.9990234375 0.76748046875 0.99658203125 0.77138671875 0.98681640625 0.812890625 0.97314453125 0.855859375 0.9453125 0.8919921875 0.93798828125 0.9115234375 0.93359375 0.91494140625 0.9267578125 0.91494140625 0.85009765625 0.89150390625 0.8330078125 0.8900390625 0.81201171875 0.883203125 0.76416015625 0.87294921875 0.75634765625 0.8734375 0.75830078125 0.883203125 0.7646484375 0.8900390625 0.78271484375 0.92275390625 0.8193359375 0.97646484375 0.828125 0.99453125 0.8317708328125001 1 0.9417129734374999 1 0.96484375 0.97548828125 0.98583984375 0.949609375 1 0.9350327437499999 1 0.7671862484374999
4 0.8332870484375 1 0.829052734375 0.99267578125 0.822216796875 0.9765625 0.786572265625 0.92578125 0.761181640625 0.8837890625 0.755810546875 0.87158203125 0.751904296875 0.8681640625 0.747021484375 0.869140625 0.742138671875 0.86572265625 0.713330078125 0.859375 0.707470703125 0.85400390625 0.671337890625 0.8818359375 0.665966796875 0.88916015625 0.666455078125 0.89208984375 0.693310546875 0.90185546875 0.714306640625 0.9208984375 0.728466796875 0.9384765625 0.753857421875 0.9619140625 0.781689453125 0.99755859375 0.784228515625 1 0.8332870484375 1