15 0.3172893015625 0.6204733671875 0.641047765625 0.38740788125000003 0.640253278125 0.3806483875 0.6323322484375 0.37661390156249996 0.3013993171875 0.6192805046875 0.3172893015625 0.6204733671875
15 0.68951220625 0.4145077125 0.683494515625 0.40393355781249995 0.475791903125 0.5087429609375 0.418587953125 0.5528784812499999 0.68951220625 0.4145077125
15 0.6883204453125 0.39065068125 0.6829977953124999 0.381084390625 0.5671593140625 0.4451242296875 0.5834465718749999 0.4502932484375 0.6883204453125 0.39065068125
15 0.6421894921875 0.382918728125 0.6673020359375 0.367114975 0.663269328125 0.354384709375 0.2752475375 0.5904487984375 0.2791035046875 0.602349034375 0.573120825 0.421594303125 0.6319242453125 0.3775313265625 0.638993553125 0.37817457499999996 0.6421894921875 0.382918728125
15 0.2853784953125 0.5445614234375 0.3607460765625 0.5232352687499999 0.37410234375 0.5076385390625 0.2822101890625 0.533308828125 0.28156241406250004 0.5397869109375 0.2853784953125 0.5445614234375
15 0.5709484390624999 0.2732701171875 0.560157453125 0.2660977234375 0.3413476546875 0.549335934375 0.3677422125 0.5333713640625 0.5709484390624999 0.2732701171875
15 0.570939828125 0.273210965625 0.56804866875 0.27928802343750003 0.636280059375 0.2182281203125 0.6342562125 0.2121510671875 0.6296303828125 0.2078103125 0.564366584375 0.2657826921875 0.570939828125 0.273210965625
15 0.6698174890625 0.204916478125 0.615701109375 0.237946365625 0.5596643218749999 0.28825890625 0.6755998078125 0.21446613281250002 0.6698174890625 0.204916478125
15 0.5531063453125 0.27465385625 0.2964382015625 0.5002899453125 0.318904871875 0.4965042765625 0.5089772390625 0.33066015000000004 0.5531063453125 0.27465385625
15 0.320923840625 0.42914914375 0.314001625 0.4418516078125 0.30332989062500004 0.4418516078125 0.289773903125 0.45108974999999996 0.2935234203125 0.46003920625 0.47032824375000004 0.3468269234375 0.532301540625 0.29111450625 0.320923840625 0.42914914375
15 0.7110196906249999 0.4913540875 0.714271921875 0.485494646875 0.7143964406250001 0.4738391796875 0.338314003125 0.3985797625 0.331809540625 0.4083454796875 0.7110196906249999 0.4913540875
15 0.6202824609375 0.45522092187499996 0.67069204375 0.464661121875 0.7438672453125 0.46140588125 0.7441924390625 0.4574996171875 0.7425663234375001 0.4503380625 0.6257447578125 0.45350622500000004 0.6202824609375 0.45522092187499996
15 0.7344357453125 0.43113215625 0.7360618609375 0.423970628125 0.7344357453125 0.41778566718750004 0.6761704843749999 0.42138015624999997 0.6449993875 0.43699158593750004 0.7344357453125 0.43113215625
15 0.279703225 0.5154119515625 0.455332746875 0.4801816609375 0.48848023593749995 0.4595134859375 0.2757524640625 0.5046271671875 0.2757524640625 0.5114575218749999 0.279703225 0.5154119515625
3 0.21180555625 0.3387896828125 0.21676587343749998 0.349950396875 0.231398809375 0.37549603125000003 0.24330357187499999 0.39012896874999997 0.2514880953125 0.40575396875 0.2638888890625 0.42609127031250005 0.2705853171875 0.43303571406249997 0.2772817453125 0.437748015625 0.2854662703125 0.440476190625 0.2956349203125 0.44171627031250005 0.30803571406249997 0.44196428593750003 0.312748015625 0.440228175 0.3144841265625 0.4384920640625 0.3296130953125 0.41195436562500004 0.33258928593750003 0.4050099203125 0.34275793593750004 0.390625 0.349950396875 0.38392857187499996 0.358630953125 0.3814484125 0.3792162703125 0.37946428593750003 0.3859126984375 0.377480159375 0.40823412656249997 0.36383928593750003 0.4320436515625 0.353670634375 0.45386904687499996 0.3425099203125 0.4893353171875 0.3196924609375 0.497271825 0.312251984375 0.4950396828125 0.3105158734375 0.48239087343750003 0.3077876984375 0.459821428125 0.30803571406249997 0.43402777812500004 0.30580357187499996 0.365575396875 0.29340277812500004 0.283978175 0.291170634375 0.2601686515625 0.2946428578125 0.24330357187499999 0.2986111109375 0.2333829359375 0.3023313484375 0.2264384921875 0.3082837296875 0.2224702375 0.3142361109375 0.21304563437500001 0.33407738125 0.21180555625 0.3387896828125
3 0.4826388890625 0.5711805562500001 0.4861111109375 0.5763888890625 0.49553571406249997 0.5882936515625 0.5106646828125 0.6029265875 0.51240079375 0.6076388890625 0.515873015625 0.6259920640625001 0.52157738125 0.6361607140625 0.528521825 0.6428571421875 0.5381944437499999 0.6483134921875 0.5458829359374999 0.6512896828125 0.5538194437499999 0.65302579375 0.5729166671875 0.661954365625 0.5818452375 0.6631944437499999 0.5920138890625 0.6607142859375 0.627976190625 0.643601190625 0.65575396875 0.6321924609375 0.674603175 0.6195436515625 0.6758432546875001 0.615079365625 0.67237103125 0.5992063484375 0.6651785718750001 0.575148809375 0.6584821421875 0.556795634375 0.631200396875 0.503472221875 0.6212797625 0.48784722187499996 0.619295634375 0.4858630953125 0.6078869046875 0.48090277812500004 0.5890376984375 0.4789186515625 0.5729166671875 0.47569444375 0.559771825 0.48065476250000005 0.4789186515625 0.52157738125 0.4623015875 0.531498015625 0.46180555625 0.5352182546875001 0.46552579375 0.5448908734375 0.478174603125 0.5607638890625 0.4826388890625 0.5711805562500001
3 0.375248015625 0.624751984375 0.3764880953125 0.6388888890625 0.377976190625 0.6423611109375 0.3814484125 0.6453373015625 0.3834325390625 0.6490575390625 0.38616071406249997 0.658978175 0.3893849203125 0.662450396875 0.3978174609375 0.6649305562500001 0.443700396875 0.666170634375 0.4578373015625 0.6676587296875 0.465773809375 0.6698908734375 0.4766865078125 0.67509920625 0.502728175 0.693700396875 0.5138888890625 0.7041170640625001 0.515625 0.7083333328125 0.5143849203124999 0.71279761875 0.514880953125 0.716021825 0.5210813484375 0.7142857140625 0.5233134921875 0.716021825 0.5391865078125 0.736855159375 0.5523313484375 0.7509920640625001 0.5580357140625 0.763144840625 0.559523809375 0.7646329359374999 0.5672123015625 0.7698412703125 0.57762896875 0.775049603125 0.5954861109375 0.781001984375 0.5957341265625 0.7822420640625001 0.59052579375 0.7864583328125 0.591021825 0.791170634375 0.6009424609375 0.7981150796875001 0.60615079375 0.796626984375 0.6183035718750001 0.781001984375 0.6237599203124999 0.771825396875 0.6455853171875 0.7289186515625 0.6540178578125 0.70907738125 0.6582341265625 0.6949404765625 0.65947420625 0.68700396875 0.659226190625 0.6679067453124999 0.656498015625 0.65947420625 0.653521825 0.6552579359374999 0.6490575390625 0.6515376984375 0.6354166671875 0.6443452375 0.6297123015625 0.643353175 0.6165674609375 0.6480654765625 0.59052579375 0.6609623015625 0.58134920625 0.6631944437499999 0.5766369046875 0.6629464281249999 0.5664682546875001 0.658978175 0.5543154765625 0.6522817453124999 0.5446428578125 0.6495535718750001 0.531994046875 0.64384920625 0.521329365625 0.634920634375 0.51884920625 0.6304563484375 0.516369046875 0.624255953125 0.512648809375 0.6076388890625 0.5106646828125 0.60342261875 0.48660714218749995 0.57490079375 0.48115079375 0.565476190625 0.46825396875 0.547619046875 0.4595734125 0.540674603125 0.45089285781250005 0.537450396875 0.4449404765625 0.5389384921875 0.42906746093750003 0.547619046875 0.42137896875 0.552579365625 0.41617063437499996 0.5575396828125 0.3953373015625 0.5890376984375 0.3769841265625 0.6195436515625 0.375248015625 0.624751984375
0 0.3958333328125 0.706101190625 0.396329365625 0.72842261875 0.3945932546875 0.7539682546875001 0.3945932546875 0.7708333328125 0.3955853171875 0.781001984375 0.39732142812500004 0.7834821421875 0.40228174531249994 0.7859623015625 0.40699404687499996 0.7862103171875 0.5054563484375 0.7735615078125 0.553075396875 0.7740575390625 0.55927579375 0.7723214281249999 0.55654761875 0.7700892859375 0.528769840625 0.7571924609375 0.5235615078125 0.7539682546875001 0.5198412703125 0.750248015625 0.5091765875 0.7361111109375 0.5101686515625 0.72197420625 0.513144840625 0.7123015875 0.515873015625 0.7070932546875001 0.515376984375 0.703869046875 0.5079365078125 0.6954365078125 0.49578372968749995 0.6862599203124999 0.48660714218749995 0.6808035718750001 0.48214285781250005 0.6805555562500001 0.4580853171875 0.6832837296875 0.4518849203125 0.6860119046875 0.4360119046875 0.6884920640625001 0.40426587343750003 0.6922123015625 0.39732142812500004 0.697420634375 0.396329365625 0.6991567453124999 0.3958333328125 0.706101190625
13 0.25099206406249996 0.7239583328125 0.2542162703125 0.76240079375 0.25694444375000003 0.778273809375 0.2619047625 0.796875 0.268105159375 0.8115079359375 0.2720734125 0.8172123015625001 0.2775297625 0.8216765875 0.28472222187499996 0.822420634375 0.2914186515625 0.81845238125 0.297123015625 0.813244046875 0.30555555624999997 0.8087797625 0.3164682546875 0.8070436515624999 0.3514384921875 0.7986111109375 0.3658234125 0.796626984375 0.3727678578125 0.7924107140625 0.377728175 0.78125 0.3799603171875 0.765625 0.380704365625 0.747271825 0.3802083328125 0.7197420640625001 0.375248015625 0.6666666671875 0.3700396828125 0.643105159375 0.3702876984375 0.6336805562500001 0.3673115078125 0.6259920640625001 0.359375 0.61904761875 0.3554067453125 0.6178075390625 0.327380953125 0.619295634375 0.3045634921875 0.619295634375 0.2983630953125 0.618799603125 0.28819444375000003 0.6160714281249999 0.2832341265625 0.61259920625 0.27777777812500004 0.6116071421875 0.27157738125 0.6145833328125 0.266369046875 0.6202876984375 0.26116071406249997 0.630704365625 0.25694444375000003 0.6453373015625 0.25347222187499996 0.6646825390625 0.2517361109375 0.6832837296875 0.25099206406249996 0.7239583328125
6 0.8234126984374999 0.22867063437500001 0.815228175 0.2289186515625 0.8077876984374999 0.231398809375 0.8020833328125001 0.237351190625 0.796130953125 0.24107142812500001 0.778521825 0.24479166718749998 0.7408234125 0.2554563484375 0.7123015875 0.2616567453125 0.6976686515625 0.268353175 0.678075396875 0.28075396874999997 0.661954365625 0.2864583328125 0.6584821421875 0.28720238125 0.65029761875 0.2867063484375 0.64112103125 0.284226190625 0.627976190625 0.28224206406249996 0.6130952375 0.27777777812500004 0.5984623015625 0.2757936515625 0.584325396875 0.2765376984375 0.57490079375 0.280505953125 0.55927579375 0.290674603125 0.553075396875 0.29737103125000003 0.5265376984375 0.3328373015625 0.49578372968749995 0.3710317453125 0.4893353171875 0.3804563484375 0.462549603125 0.412946428125 0.4580853171875 0.419146825 0.45510912656249997 0.42559523749999995 0.45907738125 0.4273313484375 0.471230159375 0.428571428125 0.5089285718750001 0.4360119046875 0.5238095234375 0.43700396875 0.5295138890625 0.4360119046875 0.5389384921875 0.43154761875 0.5691964281249999 0.4117063484375 0.5853174609375 0.40302579375 0.6304563484375 0.374255953125 0.646329365625 0.36607142812500004 0.6550099203124999 0.36036706406249996 0.659226190625 0.359126984375 0.6644345234375 0.362103175 0.6651785718750001 0.36532738125 0.6614583328125 0.3712797625 0.6458333328125 0.3799603171875 0.625 0.4010416671875 0.6183035718750001 0.40426587343750003 0.606894840625 0.4117063484375 0.5984623015625 0.419394840625 0.597222221875 0.4231150796875 0.5959821421875 0.42410714218749995 0.5959821421875 0.42559523749999995 0.5979662703125 0.42559523749999995 0.6011904765625 0.4228670640625 0.606646825 0.421875 0.6237599203124999 0.4139384921875 0.6269841265625 0.4112103171875 0.6609623015625 0.3923611109375 0.674355159375 0.38392857187499996 0.6765873015625 0.3814484125 0.6783234125 0.37400793593750004 0.681299603125 0.3668154765625 0.684027778125 0.3630952375 0.6884920640625001 0.359375 0.709325396875 0.3519345234375 0.7261904765625 0.3477182546875 0.7735615078125 0.3231646828125 0.8045634921874999 0.3050595234375 0.813244046875 0.3010912703125 0.8298611109375 0.296875 0.8370535718750001 0.293898809375 0.8447420640625 0.287450396875 0.8603670640625 0.2867063484375 0.8665674609374999 0.2829861109375 0.875 0.28075396874999997 0.875 0.2165178578125 0.8683035718750001 0.21031746093749998 0.85987103125 0.20833333281250002 0.8358134921874999 0.21701388906250002 0.8318452375 0.21949404687500002 0.828125 0.22470238125000003 0.8234126984374999 0.22867063437500001