0 0 0.35 0.07308446406249999 0.35 0.07672286406249999 0.3489068796875 0.10429464375 0.3453786546875 0.1313558359375 0.3378181703125 0.1579064390625 0.3342899453125 0.1711817390625 0.32723349218750003 0.1734375 0.320029153125 0.1734375 0.2435208171875 0.1584170265625 0.2173544609375 0.14871584531249998 0.2113060734375 0.11756994531250001 0.213322203125 0 0.22666535937500001 0 0.35
15 0 0.2335365140625 0.0050570734375 0.232912778125 0.0174833921875 0.226935428125 0.028915606249999996 0.2080071578125 0.03786255625 0.2010335828125 0.073153303125 0.20202980781250002 0.0885619390625 0.197048684375 0.1049646796875 0.198044909375 0.11540278749999999 0.193561896875 0.121367421875 0.193561896875 0.12385268593750001 0.195554346875 0.1352848984375 0.194060009375 0.1390625 0.1801792765625 0.1390625 0.152378828125 0.13081142343750002 0.14375065468749998 0.13081142343750002 0.13727519375 0.1367760578125 0.105396 0.1390625 0.0824828265625 0.1390625 0.0729522796875 0.1352848984375 0.059071545312499994 0.1263379484375 0.042135721875 0.10198236406250001 0.0237055625 0.089058990625 0.0197206640625 0.054265296875 0.019222551562500002 0.047803610937500005 0.015735764062499998 0.0343831875 0.015735764062499998 0 0.011312296874999999 0 0.2335365140625
13 0.7930744765625001 0 0.7875 0.0542850734375 0.7875 0.068177375 0.7953772375 0.073574375 0.8336009078125001 0.0837578234375 0.868510940625 0.0857915609375 0.9246674609374999 0.09650267812499999 0.9487809453124999 0.1022448390625 0.9543418609375 0.103125 0.9953125 0.103125 0.9953125 0 0.7930744765625001 0
13 0.74291078125 0.007056159375 0.7340269312500001 0.006797006249999999 0.69553025625 0.0056740140625 0.661263571875 0.0115951078125 0.6427501640625 0.016987071875000002 0.6193012875 0.0222350640625 0.5895864375000001 0.043118996874999996 0.5888809578125 0.050019109375 0.5863219796875 0.059831165625 0.5889800890625 0.076716103125 0.5817672515625001 0.09331309374999999 0.61572786875 0.15263531875 0.6695944890625001 0.265625 0.6754065328125 0.265625 0.8453125 0.1822686609375 0.8453125 0.1772528859375 0.8422954484374999 0.172097275 0.8215075687500001 0.1457854375 0.803238434375 0.1086717 0.785773915625 0.0913548421875 0.7431067171875 0.0070618734375 0.74291078125 0.007056159375
13 0.45 0.312123746875 0.5095807421874999 0.2924944046875 0.6465239765625 0.2375237609375 0.5717761921875 0.06237946875 0.5580196046875 0.037409459374999995 0.45 0.08243782656250001 0.45 0.312123746875
13 0.8441470796875 0.1803920296875 0.7826644578125 0.2110294578125 0.78492555 0.242543415625 0.9070266109375 0.23234636718749999 0.95204586875 0.2307112390625 0.9861909703125 0.22679343593749998 0.9920787000000001 0.22696517031250002 0.9959110531250002 0.104233171875 0.79595665625 0.07481488281250001 0.7938057578125 0.0993209 0.8441470796875 0.1803920296875
13 0.7767645703125 0 0.7772495968750001 0.0054767171875 0.749893521875 0.0076270421875 0.7770653125 0.0732811078125 0.7946270703125 0.0954138546875 0.794848475 0.0767480578125 0.7919660390625 0.054060728125 0.793589021875 0 0.7767645703125 0
13 0.6501221156250001 0.012578906249999999 0.6110705734375 0.0163535984375 0.563147446875 0.0188867765625 0.5460656140625 0.008561029687500001 0.5048915218750001 0.0083428109375 0.4954914265625 0.0631026421875 0.5436202375 0.0448514609375 0.5599421859375 0.0364827875 0.5825489234375001 0.0862796953125 0.5892179687500001 0.0815604671875 0.5857941796875 0.0696675984375 0.5850742906249999 0.051957096875 0.5922846890625 0.03644340625 0.6501221156250001 0.012578906249999999
9 0.45 0.35 1 0.35 1 0.23088265 0.9994793546875 0.2306206578125 0.9890934046875 0.2283522203125 0.9588462437499998 0.2318923453125 0.9108517265625 0.2329493125 0.858069590625 0.23681488593750002 0.7951214703125 0.2438235640625 0.7691311750000001 0.2435568515625 0.737371740625 0.2460701171875 0.7110706578125 0.25021671562500003 0.6791804078125001 0.261570915625 0.6674021625 0.2612273671875 0.6569162265624999 0.2564991375 0.6412118984374999 0.256041071875 0.60902169375 0.26001589687500004 0.5747176375 0.2722824421875 0.552642590625 0.28392293281250003 0.5378489609375 0.293810309375 0.5218630078125 0.3105421609375 0.5056170921875001 0.32087855 0.4688300734375 0.32029691875 0.45 0.3230339921875 0.45 0.35
13 0.19077260468749999 0.506655921875 0.1578125 0.5253226484375 0.1578125 0.553765253125 0.1855927 0.5833871281249999 0.19558996875 0.5997198875 0.22394130781250002 0.6359375 0.3277530109375 0.6359375 0.37265441250000003 0.618908275 0.42108414843749997 0.605879571875 0.446875 0.5939828171875 0.446875 0.5735013078125 0.4335604359375 0.5584848140625001 0.40928974843750004 0.5212596609375 0.3976197359375 0.5003069046874999 0.391403896875 0.4823335375 0.37522996875 0.45941464062500004 0.36650183125 0.440464240625 0.3520006453125 0.42216534375 0.346676071875 0.41875 0.332255378125 0.41875 0.328843309375 0.41959642812500003 0.27537623125 0.45448291718749995 0.24976536875000002 0.46801781093749995 0.2341841125 0.47976722499999996 0.2107470828125 0.49221643281249994 0.19077260468749999 0.506655921875
4 0.45 0.6345577984374999 0.4035072890625 0.625 0.3263950875 0.625 0.3126969796875 0.6295926843749999 0.278631440625 0.625 0.255967328125 0.625 0.19325437343750002 0.7933774453125 0.161072328125 0.8623227468749999 0.158028221875 0.8736741828125 0.1626011375 0.885873834375 0.18701966406249998 0.9232492578125001 0.224250684375 0.937252546875 0.314229515625 0.9813060828125 0.340408159375 0.9921875 0.3693714890625 0.9921875 0.3702718078125 0.9912822515624999 0.379796109375 0.9761907109374999 0.41204243749999997 0.91237145 0.42114913437499996 0.8844707859375 0.4314308515625 0.8314178390624999 0.449676621875 0.7986896734375 0.45 0.7978573718749999 0.45 0.6345577984374999
17 0.23354762343750002 1 0.16463236406249998 0.8826951078124999 0.1576385609375 0.8658395562500001 0.142909303125 0.8406554640625 0.1351302234375 0.8328285109374999 0.046712865625 0.842407075 0.0320337921875 0.8452535828125001 0.026698246874999998 0.8493830390625 0.0256075859375 0.8619227609374999 0.0282880140625 0.8768770281249999 0.0289053421875 0.898386975 0.026668182812500003 0.9469943921875 0.0373021921875 1 0.23354762343750002 1
5 0.0465177640625 0.7880760546875 0.0361834328125 0.7818781765625 0.026641753125 0.7835865859375 0.0248956765625 0.7865990953125 0.0171685625 0.8184783843750001 0.01405431875 0.8428206265625 0.0215218578125 0.85354304375 0.025528000000000002 0.8529543203125 0.028611481249999998 0.8459482375 0.0536823859375 0.8418964890625 0.0564005296875 0.8334130281250001 0.0566479796875 0.813595325 0.053576625 0.7978174046875 0.0465177640625 0.7880760546875
5 0 0.7460746703125001 0.024486550000000003 0.7459941750000001 0.029291409375 0.7419197375 0.038325162499999996 0.72338303125 0.040758579687500004 0.72382158125 0.046932049999999996 0.7380412656249999 0.04949548125 0.7369908890625 0.04537145 0.7162845328125 0.046064851562499995 0.708343590625 0.04875829375 0.7058042875 0.04816369375 0.6899686078125 0.0405661421875 0.6807351171875 0.02659100625 0.6766033375 0.0072289859375 0.6775501640625 0 0.6822719875000001 0 0.7460746703125001
5 0.14523516875 0.801128184375 0.1398110078125 0.795311096875 0.1248451703125 0.791202421875 0.12316713125 0.7877744640625 0.1128700765625 0.7924722796875 0.10587318906250001 0.7876824671875 0.0913780015625 0.78950639375 0.0710872546875 0.7954278593749999 0.06849912500000001 0.8024223921875 0.0678243609375 0.81581118125 0.0711371046875 0.8231634031249999 0.077551965625 0.8289573859375 0.096437271875 0.8334699578125001 0.11741535781250001 0.8309995499999999 0.12711175 0.8218580578125 0.1293778796875 0.8128898421875 0.14458510468750002 0.8085728187499999 0.14523516875 0.801128184375
5 0.11745824687499999 0.7908793875 0.12485123437500001 0.77981041875 0.1260646875 0.7659137687500001 0.121073903125 0.7551335921875 0.1120956125 0.7503899859375001 0.09025683749999999 0.7513945703125 0.080715159375 0.753102978125 0.0750062734375 0.7562079015625 0.07168746875000001 0.7602476828125 0.0722200953125 0.771131825 0.0693719390625 0.7811042109375 0.0737373609375 0.793384865625 0.0836443765625 0.7931538312499999 0.10132835625 0.7887790484375 0.1072725671875 0.7886404296875 0.111879375 0.7924953828125 0.11745824687499999 0.7908793875
10 0.155129609375 0.7840573015625 0.1702501609375 0.7807328953125 0.18899894374999998 0.7585025437499999 0.1874630421875 0.73080165625 0.16559305468750002 0.7095185453124999 0.14034273749999998 0.7269475328125 0.1310303203125 0.7430142453125 0.124429984375 0.7619895031249999 0.129247415625 0.774754915625 0.13595957812499998 0.7884667390625 0.155129609375 0.7840573015625
5 0.152440884375 0.6563330421875 0.1544222875 0.6562868359375 0.1546077625 0.6315175937499999 0.141480740625 0.612011790625 0.133765753125 0.6211070734374999 0.1279082171875 0.620253078125 0.1154997453125 0.626486025 0.1032152234375 0.64262205 0.113419540625 0.6503088546875 0.12103572968750001 0.6649901921875 0.12215038125 0.6748701640625001 0.13322145000000002 0.672630790625 0.1491593515625 0.67126851875 0.152440884375 0.6563330421875
5 0.053109790625 0.5823735328125 0.0414692703125 0.602456925 0.050460134375 0.62404038125 0.0675620890625 0.62066976875 0.086472096875 0.6192381859375 0.09173503125 0.6042565046874999 0.0912271046875 0.58742820625 0.088564425 0.5726313515625 0.06901041718749999 0.5701155671875 0.053109790625 0.5823735328125
5 0.1425702421875 0.5882120625 0.1531585359375 0.602824090625 0.16082412343750002 0.6056171171875 0.18041540625000002 0.6190285953125001 0.20260694531249998 0.6026615359375 0.1999936671875 0.5759763703124999 0.1819504109375 0.5674817765625 0.1652818328125 0.565889296875 0.14908390625 0.570229425 0.1397342125 0.5754004453125 0.1425702421875 0.5882120625
5 0.12045325312499999 0.6263705078124999 0.13294840000000002 0.6191449421874999 0.14281814375 0.6080182140625 0.1458396484375 0.5960605921875001 0.125728315625 0.588604821875 0.093803109375 0.6032176781249999 0.08845349999999999 0.6191919796875001 0.1022739234375 0.630756840625 0.105890028125 0.6346348984375 0.12045325312499999 0.6263705078124999
5 0.23587045 0.6633028109375 0.22872491250000002 0.6545540781250001 0.23725725468749997 0.6474209265624999 0.2153378671875 0.638026125 0.204006771875 0.6432433515625 0.2128736859375 0.6549237328124999 0.1898275234375 0.6584329656250001 0.18788339375000002 0.6693748656249999 0.19899173750000002 0.6780311859375 0.20919605468750002 0.6857179906249999 0.20832930312500003 0.6956441703125 0.22650863281250003 0.6912578375 0.23587045 0.6633028109375
5 0.21554939062499998 0.726184290625 0.2291340390625 0.6951589968749999 0.2134561625 0.6935434171875 0.2050104984375 0.6996839515625 0.2092827296875 0.684725371875 0.1968369828125 0.6800626281250001 0.185295265625 0.676369396875 0.172020040625 0.692528525 0.167277159375 0.7015545 0.1718345640625 0.7172977656249999 0.1944846296875 0.7296473156250001 0.21554939062499998 0.726184290625
5 0.0803311828125 0.7461777578125 0.10050404531249998 0.7189612109375 0.09978549375 0.6932224578125 0.0809621609375 0.6936614234375 0.05244243750000001 0.70324188125 0.0461515265625 0.7073509734375 0.0464861 0.7261645046874999 0.047898053125 0.7439623171875 0.0500528078125 0.7419308734375 0.061805153125 0.7545345640625001 0.0803311828125 0.7461777578125
5 0.10442867656249999 0.6287254 0.086558771875 0.6182455671875 0.064416634375 0.6227243140625001 0.042534520312500004 0.624225209375 0.02637386875 0.6394610281249999 0.0165414015625 0.6614834484375001 0.01631865 0.6753569953125 0.0380274125 0.6758413375 0.04861570625 0.6904533640625 0.061965479687500005 0.696085625 0.0723925453125 0.6898988828125 0.07412605 0.6700465265625001 0.0750794765625 0.6591277296875 0.0866705953125 0.6509326484375 0.1021378484375 0.6436377703125 0.10442867656249999 0.6287254
5 0.1887501453125 0.6594486875 0.2066694515625 0.6580402078125 0.20383342031249999 0.6452285874999999 0.21542454218749998 0.6370335078125 0.2394120078125 0.64538948125 0.2319197703125 0.6406112203125 0.2302477921875 0.6257912625 0.21935007343750001 0.6260454 0.22185152656249998 0.6200434859375 0.211300509375 0.6163271515625001 0.21595671875 0.6082937953125 0.1992014640625 0.6076939375 0.1806260328125 0.6279390515625 0.17265101875 0.640012190625 0.1608865484375 0.65019250625 0.148775378125 0.664343296875 0.149927303125 0.6851189625 0.134670678125 0.7013242953125 0.13768005625 0.7121506796875 0.16585308125 0.7065406921875 0.18034175624999998 0.6764849140625 0.1978276859375 0.680039525 0.1887501453125 0.6594486875
5 0.090720078125 0.6498476156249999 0.0781382578125 0.6580657999999999 0.0745967 0.67597913125 0.075835303125 0.6957621765625 0.0969000625 0.69229915 0.10442957500000001 0.7079731046875001 0.10071466874999999 0.7278716703125 0.128194290625 0.730202628125 0.15370463437499998 0.7097957859375 0.16645980625 0.6995923671875 0.182236484375 0.677431325 0.177976378125 0.6696059 0.16427990312500002 0.6679441125000001 0.142137765625 0.672422859375 0.11818757499999999 0.6749625781249999 0.119401028125 0.661065928125 0.11350621718750001 0.6493162375 0.09808836562499999 0.644722803125 0.090720078125 0.6498476156249999
5 0.14317696875000002 0.5812637390625 0.1359941578125 0.5616193109375001 0.12450183749999999 0.5460377703125 0.1049851046875 0.554417678125 0.09494201249999999 0.5675296421875 0.10519572968749999 0.5633281375 0.1160934484375 0.5630739984375 0.0951526375 0.5764400984375 0.0976792390625 0.6041178828125 0.1150412203125 0.5977694171875 0.1292577453125 0.593475496875 0.147387675 0.600977475 0.14317696875000002 0.5812637390625
5 0.14942117500000002 0.8267860765624999 0.129223165625 0.8203229234375 0.1371860546875 0.8310337890625 0.1332232484375 0.8311262046875001 0.14299418749999998 0.8437760984375 0.1594400171875 0.8592421218750002 0.16776173125 0.8431985125000001 0.14942117500000002 0.8267860765624999
5 0.18059055468750002 0.775538771875 0.16637402968749998 0.7798326921875 0.15641761406250002 0.7919520375 0.1514147046875 0.803955865625 0.1451237921875 0.8080649578125 0.1362447515625 0.8191685812500001 0.1616935703125 0.8334340578125001 0.1741020421875 0.8272011093749999 0.19691243125 0.781101721875 0.18059055468750002 0.775538771875
5 0.18117212968750002 0.7349107500000001 0.1832774828125 0.74476761875 0.18192795781249999 0.771545196875 0.1962684328125 0.777154353125 0.2092090796875 0.7421816921875 0.2062863734375 0.730362690625 0.19232987343750002 0.7316787578125 0.18117212968750002 0.7349107500000001
5 0.1103616609375 0.7306184890624999 0.095761159375 0.7279871874999999 0.07485762343749999 0.75224898125 0.07623230156250001 0.7591511015625 0.10492537500000002 0.74758540625 0.12296863124999999 0.756080003125 0.1302996453125 0.7400594968750001 0.128194290625 0.730202628125 0.1263862375 0.7282636 0.1103616609375 0.7306184890624999
5 0.028181921874999998 0.6414000578125 0.046323978125 0.6261180312500001 0.046682803125 0.5993635546875 0.0371224875 0.5956241171875 0.025927468749999998 0.587960415625 0.01829915625 0.5960630828125 0.006064034375 0.6003107953125 0.009928040624999999 0.623995003125 0.0046278312500000005 0.62808099375 0.01844825625 0.6396458562499999 0.028181921874999998 0.6414000578125
5 1 0.407818784375 0.9979635953125001 0.40683620937500004 0.9833510265625 0.4054612546875 0.9723141234374999 0.4131597171875 0.9684769984375 0.41874538906250003 0.9659884953125001 0.4179183078125 0.961433240625 0.40821210625 0.9588920187500001 0.408391528125 0.946717371875 0.418476725 0.9420345984375 0.4305399109375 0.940625 0.44054676875 0.940625 0.44321318125 0.9419597953124998 0.45130279531250006 0.9497722625 0.46649488125000005 0.9542990171875001 0.4670777734375 0.9611012593750001 0.46288720312500004 0.9650723203125 0.464411834375 0.960492846875 0.464835446875 0.9613669953125001 0.467481240625 0.9708443984375 0.47022154687499995 0.9854548296874999 0.4619699375 0.9945610578124999 0.4621292171875 1 0.466765290625 1 0.407818784375
5 0.7538789421875001 0.630036184375 0.7443141499999999 0.6388432671875 0.7308681015625 0.6637010765625 0.7194853734375 0.6973460296875 0.714257740625 0.719743084375 0.711198690625 0.748935121875 0.712762003125 0.7671850140625 0.7162527875 0.7776585593750001 0.7265081999999999 0.7844829828125001 0.7676266328125 0.796875 0.800576075 0.796875 0.8083829453125 0.794432403125 0.8153581046875 0.7867989671875 0.8196888609374999 0.7718084109375 0.8197393578125001 0.7612854890625 0.825 0.7457062624999999 0.825 0.7166989125000001 0.8152009015624999 0.67496705 0.8089078234375 0.6601246187500001 0.7974617859375 0.6471314375 0.777374146875 0.6350408015625 0.761965775 0.630065625 0.7538789421875001 0.630036184375
5 0.9444651656249998 0.78930790625 0.9595853265625 0.7862789343750001 0.9617484562499999 0.783079221875 0.9613808015625 0.771110996875 0.9637775734375001 0.763470821875 0.98634344375 0.7137118671875 0.9794302625 0.6934539265625 0.9648531609375001 0.6766840109375 0.947018384375 0.6649603562499999 0.9129148749999999 0.6496611828125 0.8775350968750001 0.63966225 0.8342577546874999 0.6375918078125 0.8235178796875001 0.642672396875 0.8169765703125 0.6532582984374999 0.8160139328125 0.662075728125 0.8184668375000002 0.6723243984374999 0.8269699140625001 0.6907992875 0.8417827656250001 0.7125665453125001 0.854534221875 0.72612216875 0.9003746281249999 0.7647811640625 0.9201648546874999 0.7772521890624999 0.9394056984375 0.78120868125 0.9444651656249998 0.78930790625
13 0.8425496734374999 0.8780701046875 0.84934426875 0.834236934375 0.8390695718749999 0.8209987921875002 0.8294221374999999 0.8147950265624999 0.8204517750000001 0.8052010640624999 0.6984352203124999 0.7736657874999999 0.6890235328125 0.7724593671875 0.6859475796875 0.77405193125 0.68164728125 0.7799579671875 0.6774529296875 0.7933282703125 0.6725274765625 0.8016377343750001 0.6694038140625 0.8230926828125 0.6704745062499999 0.831177328125 0.6768642671875 0.8424273484375 0.6994946953125 0.848308465625 0.7657160953125001 0.8597772140625001 0.8340767703124999 0.8779774437500001 0.8425496734374999 0.8780701046875
5 0.8585286312499999 0.8681972390624999 0.8691148515624999 0.875514765625 0.874693525 0.8737462953125 0.8855912671875 0.8751432031250002 0.8894740953125 0.8676935171875 0.8930194406249999 0.866657834375 0.90237920625 0.868851025 0.9095996984374999 0.8643127328125001 0.9048517531249999 0.8502928890625 0.9093618421875 0.8498775828125 0.9176509171875 0.843986128125 0.9178586 0.84003905 0.9136600343750001 0.8345337390625 0.9208784187500001 0.8205576421874999 0.9265868937499999 0.816322246875 0.9286700359375001 0.805164884375 0.9200392640625001 0.7985947265625 0.909766675 0.794794390625 0.9012158906250001 0.7961818859375 0.8923774359374999 0.79355880625 0.8833832203124998 0.7938960374999999 0.8794484703125001 0.802332490625 0.877287446875 0.8149700093749999 0.8832856984374999 0.8241829953125 0.8717887609375001 0.8246961296875 0.8588597968750001 0.8334698156249999 0.8491407984375 0.8570596281250001 0.8509664453125 0.8602739203125 0.8558420828125 0.86238903125 0.8585286312499999 0.8681972390624999
5 0.923133921875 0.7776909875 0.9230041203125001 0.780157909375 0.9165645453125 0.7793324640625 0.90746438125 0.7722054265625 0.9080895359374999 0.7698019984375 0.9025368234375 0.7710770828125 0.8961211015625 0.760320446875 0.8895776859375001 0.7614685390625 0.8900751437500001 0.7709698406250001 0.8936225953125 0.7793719640625 0.9030104265624999 0.790509578125 0.9111977671875 0.79602946875 0.9279878140625 0.799175096875 0.9394847500000001 0.7986619625 0.9436812078125 0.794729465625 0.9436271812499999 0.7862784296875 0.9409406328125 0.7804702203125 0.925141290625 0.777451584375 0.923133921875 0.7776909875
13 1 0.8777081031249999 0.99000036875 0.8622009406250001 0.9762020765624999 0.8306294828125 0.9532776593750001 0.7924243703125 0.9512962515625001 0.7921703859375 0.9366735484375 0.8047006624999999 0.9288019437500001 0.8121357687499999 0.9254663875 0.8186621796875 0.921373771875 0.8206211374999999 0.9142851890625 0.8321303125 0.9140515468749999 0.8365707734375001 0.917311328125 0.8409623234375001 0.9166082937500001 0.84484590625 0.9053730671875 0.8498630015625 0.9052173046875 0.852823309375 0.9592640093749999 0.981942459375 0.9712589390625 1 0.9945810375 1 1 0.9970335562500001 1 0.8777081031249999
3 0.571825771875 0.7897228875 0.5948477078125001 0.7976410406250001 0.60170896875 0.8188857500000001 0.6175384828125 0.8402866140625 0.6411357609375 0.8562259140624999 0.655892478125 0.860104328125 0.6688754703124999 0.8597816796875 0.6772164671875001 0.85290345625 0.6779714218749999 0.8480331046875001 0.673744790625 0.8335833718749999 0.6518152890625 0.8143808671875 0.653941928125 0.76448550625 0.664076290625 0.7330015390625 0.6797395125 0.7101736765625001 0.6853420390625 0.698474015625 0.6953964140625001 0.6590323953125 0.7182001390625 0.6237085890625 0.7287042640625 0.61363065625 0.7304758828125 0.6083939109375001 0.7274497453125 0.5995618984375 0.7180233140625 0.5322908296875 0.70944025 0.5058582875 0.7046382796875 0.48338740625 0.69342269375 0.45959769687499996 0.6883393734375 0.4614296609375 0.644683159375 0.513949025 0.6349620546875 0.5281010281249999 0.62420043125 0.5525506171875 0.605262 0.6186693484375001 0.5899425828125 0.663396628125 0.5830160796875 0.700258915625 0.5758341875 0.7609306640625 0.5705691453125 0.7662163234375 0.568771565625 0.7719464515625 0.5694528515625 0.7874318687499999 0.571825771875 0.7897228875
3 0.5560773484375 0.35 0.616154821875 0.41343323749999994 0.673208709375 0.4664441375 0.6818654421874999 0.47252091093750004 0.694692671875 0.47515857031250003 0.7120882296875 0.5047075765625 0.7229600125 0.5065978703125 0.7282271609375 0.5107500171874999 0.7440524640625 0.51327526875 0.7526032484374999 0.5118877734375 0.7629256515625 0.5052635328124999 0.7699103921875 0.49572789687499996 0.77228120625 0.488581109375 0.773789009375 0.4694025984375 0.7702394515625001 0.45156266718750004 0.759493259375 0.42832983750000003 0.7563071453125 0.4035825203125 0.7442524046875001 0.35782989375 0.7402797140625 0.35 0.5560773484375 0.35
13 1 0.6791094687499999 0.9984851734374999 0.681988496875 0.985067175 0.7190121062499999 0.9649499984375 0.7601441203125 0.962057875 0.7677207968750001 0.9609135156249999 0.779991921875 0.9610755953125001 0.805345034375 0.9756807640625 0.8310593718749999 0.9875755296875 0.8608966921875 1 0.877330075 1 0.6791094687499999
5 0.824176734375 0.79127388125 0.8223553015625 0.8069352015625 0.8312997031249999 0.8170225500000001 0.8439971328125001 0.8221271343750001 0.85400590625 0.81198570625 0.8660501140625 0.8105492968749999 0.8673523421875 0.8047556703125001 0.8656564984374999 0.799074453125 0.8787952515625002 0.795791496875 0.8896649265625001 0.788243984375 0.8923234093750001 0.78510776875 0.8926608937499999 0.778693765625 0.8859034749999999 0.75547551875 0.8747440234375 0.7495746515625 0.8632990062499999 0.7491010171875001 0.8542009515625001 0.7514117859375 0.8550078265625001 0.7455546625 0.8494010859374999 0.7383787109375 0.83915445625 0.7340849890625 0.8291954968749999 0.73380184375 0.8224443984375001 0.7388970140625 0.81924075 0.752394309375 0.8123079296875 0.760943175 0.8135603421875001 0.765574125 0.8121023546874999 0.7743280609375 0.8154659765625001 0.776746071875 0.8200539453125 0.7748506093749999 0.8312393578125 0.7802580906250001 0.8316049078125 0.7827885109375 0.8280595625 0.7838241953125 0.824176734375 0.79127388125
15 0.9375519328124999 0.418370953125 0.946633384375 0.41953504375 0.9605783125 0.407249028125 0.9656218765624999 0.42196904843750005 0.9772198453125001 0.4068986328125 0.9771297999999999 0.3928135703125 0.955617771875 0.3751547140625 0.9470987921875 0.3633006203125 0.8041027546875 0.3640115671875 0.8051481875000001 0.3757355328125 0.8078015265625 0.388493459375 0.8114102546874999 0.3988902859375 0.8228854421874999 0.41774615 0.8494340140624999 0.41866566875 0.8793281984375 0.4191861875 0.90096651875 0.418648440625 0.9375519328124999 0.418370953125
5 1 0.4735713296875 0.986791278125 0.4619360484375 0.9723236343749999 0.4683600796875 0.9619371453125 0.46040587187500004 0.9400392249999999 0.46587746562500004 0.929353375 0.47940909375 0.922665659375 0.49593677812500003 0.9253189984375 0.508694703125 0.928058871875 0.5198080125 0.9464381109375001 0.518024653125 0.9649939328125001 0.5286817390625 0.9789856374999999 0.5313030953125 0.9952810328125 0.5375311640625 1 0.5302213109375 1 0.5173857765625 0.9941022890625 0.5125444453125001 0.9909695 0.493102228125 1 0.48507349843750003 1 0.4735713296875
5 0.9103132765625 0.44633787031249994 0.9235659281250002 0.447208784375 0.9362093296874999 0.44386233124999996 0.9398145453125 0.43852948124999996 0.9353369656249999 0.42884913437499994 0.9248639421875 0.42253954374999997 0.9093941328125 0.41641730312499997 0.8921901265625 0.4274577046875 0.8852392968749999 0.43318955625 0.87355479375 0.449904590625 0.8816375921875 0.4542520859375 0.8804225999999999 0.46154703125 0.89345540625 0.45079980625000005 0.9103132765625 0.44633787031249994
5 0.9118849359375 0.47965349375 0.9190988781249999 0.48471747187499997 0.918925809375 0.4880067046875 0.9311762968749999 0.476331346875 0.9491626234375001 0.46621907968750004 0.9439459890624999 0.4547882921875 0.9301706203125001 0.4480553953125 0.9094444218749999 0.44705435156249995 0.8926298203125 0.45069398125 0.8835951453125 0.464437259375 0.8921573921875 0.47546904687499997 0.9094479328125 0.46278403125 0.9118849359375 0.47965349375
5 0.9121983359375001 0.5210863734375 0.9121550703124999 0.52190868125 0.9140190687499998 0.5022791171875001 0.9090187703125 0.48673678750000005 0.8945043484374999 0.47825344843749995 0.8804225999999999 0.46154703125 0.8686948296875 0.47908437187499997 0.8807324906249999 0.48725023125 0.8886422187499999 0.49488695937500005 0.895030578125 0.4998451109375 0.8976406484375001 0.51342534375 0.8996847359375 0.5219659015625 0.9104606296875 0.5225193375 0.9121983359375001 0.5210863734375
5 0.8671734578125001 0.47640579531250005 0.8587913015625 0.4935441359375 0.8612715703125 0.509591290625 0.8754831234375 0.5238307859375 0.8942985453125001 0.529554025 0.8974675796875001 0.516714575 0.891641696875 0.5010664203124999 0.8824701984375001 0.48581726718749996 0.8671734578125001 0.47640579531250005
7 1 0.57936573125 0.9885955062499999 0.5697883546875 0.9666508046875 0.5603525781250001 0.949483046875 0.539111315625 0.9284937328125 0.52731444375 0.90846331875 0.5288861484374999 0.8902138812499999 0.528202584375 0.8709657843749999 0.530702425 0.859537375 0.5267539328125 0.8493707328125 0.5304178640625 0.84089853125 0.533471140625 0.8332951843749999 0.5358079359375 0.8319936578125 0.5447474984375 0.8425964828125 0.5485901640625 0.8505062109375 0.556226890625 0.8475535125 0.5649548 0.853029746875 0.5714517406249999 0.8549007671875 0.58328153125 0.8575108390625001 0.596861765625 0.8657667046874999 0.5979200296875 0.868852715625 0.6024548734375 0.874631821875 0.6031956578125 0.8808903765625 0.6106207343750001 0.8900150968750001 0.610962515625 0.89909655 0.61212660625 0.8988334359374999 0.601330775 0.8961368296875001 0.5893951578125 0.9067794109375 0.5766858390625 0.9347663296875 0.5976582296874999 0.938717684375 0.5857469140625 0.9549663015625001 0.5770676124999999 0.98920826875 0.5897354015625 0.998686146875 0.614958075 0.9988849406250001 0.6156931453125 0.9907366609375 0.6238733328125 0.9909997734375 0.6346691625 1 0.6333324015625 1 0.57936573125
7 0.7493157296875 0.5838208171874999 0.7558806640625 0.601219415625 0.7715668109375 0.6032301171875 0.8014574859374999 0.5880209578125 0.8101495343749999 0.59658581875 0.814493803125 0.5930034109375001 0.8230525390625001 0.58830551875 0.8408260390625 0.5980344703125 0.8457327812500001 0.5837620593749999 0.8411686656249999 0.575726328125 0.850163584375 0.578535034375 0.8522474296875 0.57052360625 0.8450767515625 0.564637321875 0.8504196765625001 0.5578715078125001 0.843335534375 0.55034060625 0.8342540828124999 0.549176515625 0.8176125484375 0.5495269125 0.8080949140625 0.5408562234375001 0.8006611234375001 0.5241741078125 0.7764559999999999 0.5103093140625 0.764638184375 0.5137615921875 0.7589491234375 0.52710586875 0.748566146875 0.5348813406249999 0.7403102796875001 0.5338230765625 0.732057925 0.5484944921875 0.7344516609375 0.566186265625 0.751179728125 0.564191253125 0.7493157296875 0.5838208171874999
7 0.78104231875 0.4231446671875 0.78856264375 0.4381821640625 0.803682803125 0.4351531921875 0.8192824140624999 0.438808509375 0.8261934875 0.44962864218750004 0.8380148140625 0.4619060421875 0.822851384375 0.46575732343750004 0.8171623234375 0.4791016015625 0.82142356875 0.49289348749999995 0.8387573765624999 0.4793861625 0.8471898218749999 0.49288487343750004 0.8515808687499999 0.504209834375 0.8577493796875 0.497549846875 0.861657465625 0.48646084062499995 0.8503155906250001 0.48086773125000004 0.868565028125 0.4815512953125 0.8732121671874999 0.47221273124999996 0.8771635203125001 0.46030141718749995 0.876337934375 0.460195590625 0.8692105265624999 0.453486996875 0.8654719968750001 0.44555709375 0.8594332874999999 0.4497501578125 0.845135203125 0.437155278125 0.8205406734375 0.43069125625 0.815976559375 0.42265552656249994 0.8168851687500001 0.4053870578125 0.8065852140625 0.39578823281250003 0.7925502421875 0.3939891859375 0.7852497640625 0.390569825 0.7713481046874999 0.40203353125 0.78104231875 0.4231446671875
7 0.8178616203125 0.49740402968749997 0.8188134984375001 0.4793132546875 0.8148983890625001 0.45894290312499997 0.816026846875 0.45329257500000003 0.8111563499999999 0.43528332187499996 0.7934728953125 0.4396394328125 0.778961984375 0.4468857703125 0.7695776609375 0.4514778375 0.7736225703125 0.46938126249999995 0.7711493218750001 0.4847934625 0.7610727234375 0.5025424562499999 0.7805839328124999 0.5108384453125 0.78606016875 0.5173353875 0.7995759343750001 0.5290021296875 0.8053117750000001 0.5305652234375 0.8114837953125 0.5396349140625001 0.8221587015624999 0.5468763359375 0.823781059375 0.542866925 0.8261280171875001 0.5456513281250001 0.8375529171875 0.5338701421875001 0.8329455359375 0.526656721875 0.8450662203124999 0.5174482859375 0.8304219984374999 0.5114318703125 0.8204284234375001 0.5118065703125 0.8283744000000001 0.48716163437500004 0.8178616203125 0.49740402968749997