13 1 0.2806652265625 0.9062317765625 0.259375 0.9045650546874999 0.259375 0.8806732484375001 0.2969094484375 0.7928414765625 0.4897340984375 0.7991563828125 0.5008391375000001 0.8131274140624999 0.51085955625 0.9337194171875 0.5390625 0.9359955656250001 0.5390625 0.9746081640625001 0.44966165937499997 1 0.3988200171875 1 0.2806652265625
17 0.7484972546875001 0.433571628125 0.7597301046875 0.4421875 0.7625617765625 0.4421875 0.790502278125 0.4163954375 0.850012540625 0.334031496875 0.8771082187499999 0.30541947343750003 0.9078125 0.25234588593749996 0.9078125 0.25104799375 0.803027490625 0.1699830296875 0.7583111875 0.19412376874999998 0.7026578359375 0.29336015937500004 0.7390158640625 0.3087249671875 0.733484253125 0.41092500000000004 0.7484972546875001 0.433571628125
17 0.72333824375 0.2515625 0.7339745078125001 0.24343328749999998 0.7601030296875 0.1959910921875 0.770976996875 0.1855476484375 0.801169740625 0.1773994890625 0.8365894562499999 0.1913488828125 0.853125 0.0472884140625 0.853125 0.035036278125 0.8486486796874999 0.02319375 0.726881696875 0.0195414578125 0.7033211671874999 0.23035699843750002 0.7093079828125 0.24886313906250002 0.7189512671875 0.2515625 0.72333824375 0.2515625
17 1 0.1483289953125 0.9349668999999998 0.1143652203125 0.8706443015625001 0.219474778125 0.9077910187499999 0.2486629328125 0.907894678125 0.259873725 0.9214339562500001 0.26608445625 0.9850857218750001 0.2765625 0.9887490546875 0.2765625 1 0.25801370156250003 1 0.1483289953125
17 0.4761228453125 0 0.44671995468750003 0.029751445312500003 0.40219385 0.1173472546875 0.38346817031249997 0.16490196875000002 0.3876531703125 0.1743733171875 0.4070756078125 0.1878793921875 0.5977134703125 0.2638370921875 0.6181201828124999 0.255139859375 0.6475702046875 0.2095496328125 0.6732381296875 0.14088298593749998 0.701571365625 0.08887051562500001 0.7257944171874999 0.021182734375 0.7385852875000001 0 0.4761228453125 0
13 0.2890625 0 0.2890625 0.1351903125 0.442010625 0 0.2890625 0
13 0.2890625 0.4863946515625 0.5661891609375 0.543895415625 0.5812481249999999 0.5429233171875001 0.6644063984375 0.5593998015625 0.6811635203125 0.5562517046875 0.6942881703125 0.5176192609375 0.7085926859375 0.42075685468749996 0.7234903015625 0.373744446875 0.7308066046875 0.3216126921875 0.6631390500000001 0.3079738015625 0.6403203 0.29881972343749996 0.384127671875 0.25189030625000003 0.2890625 0.23746334062500002 0.2890625 0.4863946515625
17 0.2890625 0.23571978124999998 0.30046283906250004 0.23780809687499999 0.42222982187499997 0.2414603890625 0.41147663437500004 0.2220811453125 0.4085291921875 0.18920935156250002 0.3846684734375 0.16742906562499998 0.38103600000000004 0.13194471875 0.366857653125 0.0995027140625 0.2890625 0.1671340140625 0.2890625 0.23571978124999998
1 0 0.9299996609375001 0.013483490625 0.9363717812499999 0.016660465625000002 0.9448406703125001 0.0282588625 0.9524154390625 0.07639660000000001 0.972318815625 0.1180474625 0.9875 0.12418211875 0.9875 0.1273297796875 0.9843187125 0.151404015625 0.97319054375 0.1517504515625 0.9667465921874999 0.146158740625 0.9398977093750001 0.14619301093749998 0.9200581796874999 0.1494967484375 0.9126566031250001 0.1791734265625 0.8862176015625 0.1875 0.864491253125 0.1875 0.853491896875 0.1864386765625 0.8357102296875001 0.178871990625 0.830662309375 0.12019870156250001 0.8061725046875001 0.0716220328125 0.78874401875 0.06300406562500001 0.7812038890624999 0.056245868750000004 0.76822939375 0.0517983515625 0.7691697 0.031328459375 0.7857957390625 0.0188988671875 0.8064832046875001 0.012094840625 0.8128521046875001 0.0022872625 0.8181941046875 0 0.820745775 0 0.8357867999999999 0.0007165312499999999 0.8360317796875 0.0111480265625 0.8361530140625 0.041287170312499996 0.8295593140624999 0.049720153125 0.8291613250000001 0.05175335 0.8311689453125 0.0464626609375 0.8385474296875 0.0386189109375 0.8429202515625001 0.0014791890625 0.8474486015625 0 0.8483007640625001 0 0.9299996609375001
8 0.1855362828125 1 0.1784772953125 0.990418990625 0.175176325 0.9705407015624999 0.16982906250000002 0.9541814750000001 0.178047265625 0.9415227484375001 0.1913319515625 0.9331743171875001 0.2020748390625 0.9070821234374999 0.212108103125 0.8809816859375001 0.1916941328125 0.887830125 0.1707522171875 0.902466684375 0.1581936765625 0.9115321250000001 0.15055296406250002 0.9185290125 0.1504214234375 0.9433273906250002 0.15444853593750002 0.9639226890625 0.1553893953125 0.973853584375 0.14131250312500002 0.9786499656250001 0.12598152499999998 0.9905174593750001 0.122866878125 1 0.1855362828125 1
3 0.6318884015625 0.8095889109375 0.6176620375 0.8135093 0.6109501734375 0.8022325484374999 0.603878765625 0.80094363125 0.5928158890624999 0.8074937859375 0.581092115625 0.8115163359374999 0.5706453781249999 0.8120901343749999 0.55895368125 0.8166141187499999 0.5566756125 0.8200220046875 0.5422694781249999 0.8289363125 0.54191665625 0.8234205250000001 0.5472619859375 0.8211381031249999 0.5471016125 0.818630928125 0.5435338328125 0.817485034375 0.540819396875 0.821875359375 0.536879396875 0.8227147734375 0.5346975515625 0.8276269624999999 0.530821703125 0.829469246875 0.5282676374999999 0.83636674375 0.52395541875 0.83919146875 0.502195159375 0.865810090625 0.491761096875 0.8743864171875 0.48384902656249995 0.8755638109374999 0.4791839859375 0.87287275 0.470566271875 0.8630185749999999 0.43798858906250004 0.8141767734375 0.4179939703125 0.7903547843750001 0.40180433125 0.7791912609375 0.3484994984375 0.757510378125 0.34362261250000004 0.7593117984375001 0.339528196875 0.7811501859375001 0.3270920609375 0.7896447859375 0.31692727187499997 0.8102351203125 0.3180692859375 0.8202842515625001 0.335176415625 0.8379868609375001 0.3355933859375 0.844505515625 0.3307097765625 0.8618105546875 0.327963265625 0.86569944375 0.3070377140625 0.8663456078125 0.30285379375 0.871176071875 0.3000558078125 0.8820646171875 0.30126196875 0.89311661875 0.3068250984375 0.909847859375 0.30743451875 0.9193751234375 0.3021250703125 0.938356584375 0.30273494375 0.9514508046875001 0.3062723421875 0.9558368515625 0.3160387890625 0.9602365374999999 0.3190672515625 0.9763641843749999 0.4593213203125 0.9915919515624999 0.51283671875 0.9953125 0.538343484375 0.9953125 0.5537910109374999 0.9934478421874999 0.57589736875 0.987848625 0.641266884375 0.9640104468749999 0.6503597640625 0.9578799984374999 0.6517844953124999 0.948935896875 0.6468956984374999 0.9037250218749999 0.6414929421875 0.8895009578125 0.6350637953125 0.8592309734375 0.625419690625 0.8333308781250001 0.6256636109375 0.8293398296875001 0.6272487140624999 0.822902903125 0.631836928125 0.81658856875 0.637926696875 0.810335528125 0.64386876875 0.809577840625 0.669728634375 0.8236367453125 0.6804125703125 0.83457551875 0.6831202875 0.8456888156249999 0.6895949531250001 0.8454529953125001 0.690625 0.8431339546875 0.690625 0.8389971624999999 0.6887610109375 0.832415684375 0.6674893609375 0.8120424453125 0.6561251328125 0.8060771593750001 0.6480526890625 0.804747378125 0.6351995828125 0.8067233250000001 0.6318884015625 0.8095889109375
3 0.6406751390625001 0.8096423343750001 0.6332441875000001 0.8183412515625001 0.6256334640625 0.8320340890625 0.6423161328125 0.8977314312499999 0.6463329578125 0.905897415625 0.64785143125 0.921875 0.6482149453125 0.921875 0.651299346875 0.9211039187499999 0.7025006921875 0.878682853125 0.7022761703125 0.875172809375 0.687902878125 0.8455787828125001 0.6881982718749999 0.8345880781249999 0.6795164078125 0.8237310328125 0.6765326968750001 0.8161073484375001 0.6618446109375 0.805005121875 0.65823208125 0.795355265625 0.6571844484375 0.7953125 0.65512940625 0.7953125 0.645731796875 0.8028469953125 0.648619284375 0.808966375 0.65375276875 0.811176434375 0.6502812125 0.8115348453125 0.6451156546875 0.8088233515625 0.6406751390625001 0.8096423343750001
3 0.69391561875 1 0.6900943390625 0.9980606046875 0.6806038859375001 0.99017130625 0.6708889109375 0.9787719625 0.6530440640625 0.9495363484375 0.6501498531250001 0.9589205890624999 0.5794670843749999 0.9855426250000001 0.5772852374999999 0.9904548156249999 0.5770542890625 1 0.69391561875 1
3 1 1 1 0.9976068437500001 0.9996630906250001 0.9978382046875 0.9899607921874999 0.9944413921875 0.9527366984375 0.9744171999999999 0.9380165390624999 0.9628135359375 0.9241176453125 0.95624465625 0.8977505406249999 0.9576689390625 0.8481671375000002 0.9551447453125 0.8002456656250001 0.955189021875 0.7946884890625 0.9619639296875 0.7776162484375 1 1 1
3 1 0.7647669015625 0.9878283 0.7737989390625 0.9511934609375 0.8098128703124999 0.9487035453124999 0.817713240625 0.950467653125 0.8452921625 0.9477718453125 0.8811911609375 0.9428173671875001 0.9129969515624999 0.935963759375 0.9307217 0.9312405265624999 0.9505339156249999 0.9320617890625 0.9555686953125001 0.9502341078125 0.9743150406249999 0.9765944890625 0.9883943765625001 0.9826327859374999 0.9891409937500001 0.987009153125 0.9873191421874999 1 0.9797236187499999 1 0.7647669015625
3 0.8237469812499999 0.8231149656250001 0.8284440953125 0.8263074609375 0.8473354984375 0.8250781343749999 0.889802740625 0.8178094484375 0.8980482359374999 0.82964893125 0.9081869031250001 0.8320633109375001 0.9100412796875 0.8376403906250001 0.90807128125 0.838060096875 0.9082958046874999 0.8415701421874999 0.9251328937500001 0.8862685109375 0.9308369984375 0.9130080218749999 0.9313181187499999 0.9205295437500001 0.9268388046875 0.9363507125 0.9285581609375001 0.9554256734375001 0.9324981609375002 0.9545862578125 0.9322930359375 0.9435751218749999 0.9349754000000001 0.9386833625 0.946423175 0.9381504281249999 0.953251428125 0.904420625 0.9546060531249999 0.8709675046875001 0.951995328125 0.8223487437500001 0.9518424421875 0.7653281828124999 0.944131078125 0.6759910328125 0.9445294171875 0.6510010125 0.9389662874999999 0.634269771875 0.9351739859375 0.629613834375 0.9305730953125 0.6279256421875 0.9230973921875 0.6281205984375 0.9144408828125 0.6332686078124999 0.8698111921875 0.637948390625 0.8175901781250001 0.6488199171875 0.8035756609375 0.6482478234375 0.8001361812500001 0.6491076703124999 0.7964207062499999 0.6534571296875 0.7904465578125001 0.6537133828125 0.7856338218750001 0.656517671875 0.79106193125 0.6867467921875 0.80285580625 0.7072332625 0.8161892671875 0.751788609375 0.821457003125 0.7795105546875 0.8237469812499999 0.8231149656250001
3 0.7793984703125 1 0.8003739640624999 0.9571947625 0.8913400234375001 0.9589076296875 0.9216471265624999 0.95664393125 0.9294629750000001 0.9539622328125 0.9323706296874998 0.9135707515625 0.92587733125 0.882297896875 0.913782109375 0.8492959859375 0.9119150546875 0.835716378125 0.90796238125 0.828553265625 0.8961938593750001 0.8240718515625 0.890771703125 0.817348878125 0.887236 0.8167044203125 0.813588915625 0.8282016796875 0.7757867125 0.838161425 0.75534228125 0.8463291156249999 0.7254327515625 0.862612559375 0.6862184953125 0.8895189375000001 0.6474212093749999 0.9229439671874999 0.6517199828125 0.951126484375 0.671695203125 0.9824495656250001 0.6882055906250001 0.9986274390624998 0.6906638421875 1 0.7793984703125 1
3 0.7832303390625001 0.8374650359375 0.8166241015625001 0.8288257046874999 0.819839059375 0.8244558156250001 0.8191848875 0.8064245875000001 0.8212130828124999 0.783501603125 0.812255990625 0.7371244031249999 0.8065004124999999 0.7173845515625 0.789772225 0.682193015625 0.7655235828125 0.638692471875 0.74796740625 0.613969771875 0.7474817359375 0.6134498203125001 0.6856464531249999 0.6109256125 0.645835521875 0.632806375 0.616689828125 0.6376181125 0.6095990234374999 0.6438302874999999 0.6106448109375 0.6523751140625 0.6014236328125 0.6564998234375 0.67698021875 0.7841154359375 0.678334078125 0.789672084375 0.6750997218749999 0.8015430671875 0.67672285625 0.8191137234375001 0.6855971656250001 0.8329793765625 0.6886577046875 0.849608459375 0.6967875765625 0.8674447296875 0.7001755828125 0.873584540625 0.705373215625 0.8767974703125001 0.7540010984375 0.8487749953125 0.7832303390625001 0.8374650359375