5 0.3463541671875 0.11184895937499999 0.3619791671875 0.102734375 0.3515625 0.080598959375 0.3359375 0.0897135421875 0.3033854171875 0.098828125 0.26953125 0.11705729218750001 0.2526041671875 0.157421875 0.23307291718749998 0.2108072921875 0.247395834375 0.274609375 0.2643229171875 0.325390625 0.298177084375 0.368359375 0.33645833125 0.3875 0.3417245375 0.3875 0.378125 0.35473958437499997 0.378125 0.28556547656250003 0.360677084375 0.239453125 0.34765625 0.2029947921875 0.3502604171875 0.1639322921875 0.3515625 0.139192709375 0.337239584375 0.1287760421875 0.3463541671875 0.11184895937499999
5 0.30950520937500003 0.422916665625 0.3264322921875 0.46328125 0.34440105 0.4640625 0.3576078859375 0.4640625 0.39934895937500003 0.446354165625 0.43580729218750003 0.42942708281249997 0.452734375 0.3942708328125 0.453125 0.3833333421875 0.453125 0.35876736249999996 0.426692709375 0.3864583328125 0.3928385421875 0.403385415625 0.34856770937500003 0.41640625 0.312109375 0.422916665625 0.316015625 0.42161458281249997 0.30950520937500003 0.422916665625
5 0.5890625 0.3604166703125 0.583203125 0.3381510421875 0.5571614578124999 0.3420572921875 0.542838540625 0.319921875 0.531119790625 0.284765625 0.507682290625 0.269140625 0.49205729062500003 0.284765625 0.466015625 0.269140625 0.438671875 0.276953125 0.4165364578125 0.3029947921875 0.41393229062500003 0.269140625 0.37747395781250004 0.261328125 0.37747395781250004 0.2639322921875 0.380078125 0.3186197921875 0.374869790625 0.362890625 0.34622395781250004 0.3850260421875 0.32278645781250004 0.3772135421875 0.292838540625 0.358984375 0.273307290625 0.335546875 0.25 0.3394314234375 0.25 0.33962296406250003 0.309765625 0.417578125 0.32669270781250004 0.42018229218750003 0.36966145781250004 0.41497395781249996 0.40221354062500003 0.40065104218750003 0.430859375 0.3733072921875 0.454296875 0.3615885421875 0.4595052078125 0.40065104218750003 0.4282552078125 0.43580729218750003 0.4282552078125 0.444921875 0.4591796859375 0.4671875 0.491796875 0.4671875 0.536328125 0.456640625 0.575390625 0.43190104218750003 0.5766927078124999 0.386328125 0.5890625 0.3640624984375 0.5890625 0.3604166703125
7 0.5890625 0.17474724218749998 0.56875 0.167578125 0.5475446421875 0.1385602671875 0.5453125 0.136328125 0.53359375 0.179296875 0.5265625 0.22265625 0.5265625 0.2501302171875 0.5270833328125 0.265234375 0.5453125 0.284765625 0.5635416671875 0.296484375 0.5890625 0.29746594531250004 0.5890625 0.2181699796875 0.5765625 0.20794270781250002 0.5890625 0.1954427078125 0.5890625 0.17474724218749998
7 0.3515625 0.11985242968750001 0.3515625 0.12012648906250001 0.387890625 0.1408854171875 0.423046875 0.1486979171875 0.45690104062500003 0.1578125 0.4640625 0.1399088515625 0.4640625 0.1378038203125 0.44518229062500003 0.12395833437499999 0.43736979062500003 0.0822916671875 0.407421875 0.0901041671875 0.37356770781250004 0.0940104171875 0.369682803125 0.092067965625 0.3515625 0.11985242968750001
7 0.3326822921875 0.4576822921875 0.3352864578125 0.5084635421875 0.330078125 0.5279947921875 0.306640625 0.541015625 0.3335937484375 0.55 0.3639787953125 0.55 0.3704427078125 0.5319010421875 0.4029947921875 0.5358072921875 0.4381510421875 0.5279947921875 0.465625 0.494276753125 0.465625 0.49049479218750003 0.4563802078125 0.47200520937499996 0.435546875 0.451171875 0.4186197921875 0.443359375 0.3678385421875 0.458984375 0.333984375 0.4615885421875 0.3326822921875 0.4576822921875
7 0.416015625 0.22057291562499998 0.4173177078125 0.221875 0.4381510421875 0.24140625 0.4602864578125 0.25052083281250004 0.490234378125 0.2625 0.5178385265625 0.2625 0.5240885421875 0.26223958281250004 0.5201822921875 0.2466145828125 0.5305989578125 0.21276041562499998 0.5319010421875 0.18411458281249998 0.541015625 0.14375 0.54375 0.121875 0.54375 0.111328125 0.5240885421875 0.091666665625 0.494140625 0.09296875 0.4889322921875 0.1125 0.4694010421875 0.138541665625 0.435546875 0.190625 0.416015625 0.22057291562499998
7 0.35390625 0.1415364578125 0.3513020828125 0.1415364578125 0.3453125 0.1882552109375 0.3453125 0.19388020625 0.3565104171875 0.22747395781250002 0.3760416671875 0.2587239578125 0.41119791718750004 0.269140625 0.416293025 0.2984375 0.41705729218750004 0.2984375 0.43723958281249997 0.2782552078125 0.45625 0.25164062343750004 0.45625 0.25072206406249997 0.428125 0.24049479218749997 0.41510416718750004 0.214453125 0.428125 0.194921875 0.41119791718750004 0.183203125 0.3786458328125 0.167578125 0.35390625 0.1415364578125
9 1 0.1616989703125 0.9415408578125 0.1616989703125 0.9291037171875001 0.1664458078125 0.9232904749999999 0.1775217546875 0.8913241796874999 0.3404964390625 0.9012600265625 0.3499901109375 0.9139572828125001 0.3848002359375 0.94044000625 0.390625 0.9433580390625 0.390625 0.9839069859375 0.3579015015625 1 0.3214031359375 1 0.1616989703125
9 0.5890625 0.3474147328125 0.6072913828125001 0.35486550625 0.635664034375 0.386511075 0.6683413453125 0.40866297500000004 0.6797669109375 0.409375 0.694652821875 0.409375 0.725559125 0.38018196249999997 0.7296875 0.361424365625 0.7296875 0.3552742921875 0.6525098328125 0.272587025 0.612068525 0.2535996828125 0.5890625 0.22987363749999998 0.5890625 0.3474147328125
9 0.76768425625 0.39446202656249996 0.7619793734375 0.37389240625000003 0.7681957625 0.3375 0.7018484296875 0.30585443125 0.6975437703125 0.31534810156250004 0.7276460890625 0.350158228125 0.7316949953125 0.3691455703125 0.7003095421875 0.40870253281249996 0.6863638203125 0.415031646875 0.664064528125 0.4118670890625 0.6627033375 0.41661392499999994 0.7071198609375 0.45300632968750004 0.7670643828125 0.4830696203125 0.7949948609374999 0.5052215203125 0.875838453125 0.5083860765625 0.8991166203125001 0.5234375 0.913240434375 0.5234375 0.9203125 0.503427371875 0.9203125 0.49979993437500003 0.8968849171875 0.48465189999999997 0.8701682390624998 0.4545886078125 0.8633969531249999 0.44509493750000007 0.8622178203124999 0.41977848125 0.84488645 0.4213607578125 0.76768425625 0.39446202656249996
9 0.5890625 0.5003383875 0.5938441828125 0.49953520625000003 0.600944921875 0.4821301421875 0.63615819375 0.45681368750000007 0.6429641484374999 0.433079509375 0.6625 0.4142362890625 0.6625 0.4133914671875 0.6606249671875 0.404598496875 0.6146998609375001 0.3697883703125 0.594572415625 0.37928204062500004 0.5890625 0.3798648890625 0.5890625 0.5003383875
9 0.6329246390625001 0.59583663125 0.64293418125 0.6069125796875 0.658535878125 0.60216574375 0.6686807031249999 0.6078125 0.6706709140625 0.6078125 0.680540384375 0.5990011875000001 0.6931986125 0.5990011875000001 0.6984375 0.58901955625 0.6984375 0.578691325 0.692713046875 0.486659415625 0.6977156359375 0.45817840312499997 0.6953963984375 0.4423556171875 0.6658483921875 0.415625 0.6646616937500001 0.415625 0.6562425828125 0.41703916249999995 0.64115675625 0.432861946875 0.6343508015625 0.456596125 0.62077355625 0.47083663124999997 0.6157709687499999 0.49931764375 0.6329246390625001 0.59583663125
12 0.5890625 0.1542523734375 0.6062449390625 0.1542523734375 0.6085988421875 0.136847309375 0.609409496875 0.1542523734375 0.6775211671875 0.1558346515625 0.6811625640625 0.132100475 0.6854325593749999 0.1558346515625 0.7216038765625 0.1510878171875 0.724989521875 0.1558346515625 0.8104325593749999 0.1558346515625 0.82934620625 0.1542523734375 0.8273217515625 0.144758703125 0.836520640625 0.1384295890625 0.8399756171874999 0.076720728125 0.6023390609375 0.0703916140625 0.5890625 0.07150230468749999 0.5890625 0.1542523734375
12 0.5890625 0.227563471875 0.6141260281250001 0.255518196875 0.6591667828125 0.27134098125 0.7337549593749999 0.2760878171875 0.76985258125 0.269758703125 0.7977440265625 0.257100475 0.8135277828125 0.2222903484375 0.8236066578125 0.16691060156249998 0.5890625 0.16691060156249998 0.5890625 0.227563471875
9 0.7630509890624999 0.3615308546875 0.7628689296875 0.3915941453125 0.836980265625 0.4200751578125 0.856041303125 0.42165743593749994 0.8733336406250001 0.38526503125 0.8809849171874999 0.3457080703125 0.90637070625 0.2792523734375 0.92266596875 0.187480221875 0.9202730375 0.1700751578125 0.91214055625 0.16532832343749998 0.8441762781250001 0.16691060156249998 0.81827461875 0.2222903484375 0.7823634171875 0.2665941453125 0.7851248281250001 0.29191060156250004 0.7630509890624999 0.3615308546875
4 0.355872678125 0.66875 0.355872678125 0.6951357109375 0.354041846875 0.7002620375 0.34525385625 0.7020928671875 0.34269069218750003 0.7042898671875 0.3386628640625 0.7130778546875 0.339395196875 0.7398079921875 0.3441553578125 0.754088475 0.33390270312500003 0.75958096875 0.3371982 0.76690429375 0.35257718125 0.78521260625 0.3569711765625 0.7932682625 0.356605009375 0.7965637593749999 0.343423025 0.810478075 0.3346350359375 0.825490890625 0.3350012015625 0.8284202203125 0.3386628640625 0.833546546875 0.3371982 0.839771375 0.3309733734375 0.842700703125 0.3214530515625 0.842700703125 0.31449589218749996 0.8522210250000001 0.2994830765625 0.8580796859375 0.283737928125 0.8811481593749999 0.268358946875 0.8932316453125001 0.266528115625 0.9009211359375 0.25810629218750003 0.9115399578125001 0.23064382343749998 0.955113740625 0.229911490625 0.9606062328125 0.231009990625 0.9631693984374999 0.239065646875 0.9737882171875001 0.24322707187499998 0.9765625 0.24396354531250003 0.9765625 0.2529799640625 0.9737882171875001 0.259204790625 0.9697603890625001 0.2808085984375 0.9474242484375001 0.2976522453125 0.93350993125 0.3331703703125 0.9130046234375 0.34745085468750003 0.9031181343749999 0.3734486578125 0.8763879984375 0.38187048125 0.86064285 0.385898309375 0.8470946984375001 0.38809530625 0.80425325 0.3924893015625 0.7822832734375 0.3902923046875 0.754454640625 0.3910246359375 0.7346816625 0.4038404546875 0.7042898671875 0.4075021171875 0.6867138875000001 0.41366882499999996 0.66875 0.355872678125 0.66875
8 0.211976821875 0.66875 0.2044758109375 0.671607528125 0.191293825 0.6840571796875 0.175548678125 0.7126181468749999 0.1546772015625 0.7393482828125 0.1532125375 0.7455731078125 0.157240365625 0.7503332687500001 0.1685915203125 0.7525302671875 0.172619346875 0.7561919296874999 0.1784780078125 0.7723032437499999 0.1909276609375 0.7986672125000001 0.192758490625 0.8041597062499999 0.192026159375 0.8092860343750001 0.1909276609375 0.8107506984375 0.18287200312500002 0.811849196875 0.1748163453125 0.815510859375 0.160902028125 0.8169755249999999 0.1557757015625 0.8199048546875 0.151015540625 0.8283266781249999 0.15211403750000002 0.8404101640625001 0.150649371875 0.8444379921875 0.14222755 0.8513951515624999 0.13783355625 0.8572538109375 0.1235530703125 0.8865471109375 0.106343259375 0.904123090625 0.0887672796875 0.917305075 0.0887672796875 0.9268253953125001 0.0946259390625 0.9271915609375 0.1004846 0.9297547265624999 0.1103710859375 0.9260930625 0.1129342515625 0.922065234375 0.12135607500000001 0.917305075 0.1294117328125 0.917671240625 0.13783355625 0.923896065625 0.1407628859375 0.9337825546874999 0.15760653125 0.935979553125 0.16639452187499998 0.940373546875 0.1825058375 0.966005184375 0.20234519374999999 0.9796875 0.20833378281249998 0.9796875 0.21619313125 0.970399178125 0.22168562500000003 0.96637135 0.22424878750000002 0.9616111890625 0.2326706109375 0.95245703125 0.2425570984375 0.93634571875 0.251345090625 0.9180374062500001 0.2674564046875 0.8938704359375 0.266724071875 0.8902087734374999 0.26233007656249996 0.8843501125 0.256471415625 0.8810546171875 0.2491480921875 0.8803222843749999 0.2432894328125 0.8704357953125001 0.22754428437500002 0.8671403 0.22241795468749997 0.8634786375000001 0.22022095937500002 0.8590846421875 0.22131945625 0.845170325 0.2180239625 0.8385793328125001 0.21839012656249998 0.83235450625 0.2462187625 0.8312560078125 0.25537291875 0.8253973484374999 0.2692872359375 0.8217356859375 0.2806383875 0.8158770265624999 0.2927218734375 0.8026950421875 0.298580534375 0.800131878125 0.3081008578125 0.7997657109375 0.323846003125 0.8015965421875 0.331535496875 0.8045258734375 0.3373941546875 0.8045258734375 0.35350546875 0.7986672125000001 0.35625 0.7947028921875 0.35625 0.7907655390625 0.35167463906249996 0.7829220640625 0.3322678265625 0.7620505890625 0.31908584375000004 0.755459596875 0.2941865390625 0.7378836171875001 0.25940074687500003 0.7243354656250001 0.253908253125 0.718110640625 0.253175921875 0.7118858140625 0.27258272968749997 0.70492865625 0.281370721875 0.6987038296875 0.290158709375 0.6899158390625 0.2941865390625 0.6895496734375 0.3081008578125 0.7005346609374999 0.321282840625 0.7063933203125 0.3330001609375 0.7056609875000001 0.35204080625 0.701999325 0.3553363015625 0.6994361625 0.356068634375 0.6968729984375 0.3558760109375 0.66875 0.211976821875 0.66875
8 0 0.8821611890625001 0.0324577765625 0.8987212781249999 0.0547939171875 0.9327747390625 0.078470184375 0.9484375 0.0842223734375 0.9484375 0.0976353671875 0.9364364015625 0.0994661984375 0.9327747390625 0.0983677 0.930577740625 0.087016546875 0.9225220843749999 0.0848195484375 0.9177619234375 0.0994661984375 0.9097062656249999 0.1159436796875 0.8946934499999999 0.118873009375 0.8899332890625 0.12363317031250001 0.8730896421875001 0.1221685046875 0.8664986499999999 0.11447901406250001 0.8577106593749999 0.10788802187499999 0.8525843328124999 0.10166319531250001 0.8525843328124999 0.09543837031249999 0.8547813296875001 0.09141054062500001 0.8547813296875001 0.090678209375 0.8533166640625 0.09653686875 0.845993340625 0.109718853125 0.822192534375 0.11667601093749999 0.8053488874999999 0.1232670046875 0.7819142484375 0.125097834375 0.7804495828125 0.12912566406249998 0.78081575 0.13571665625 0.7826465812500001 0.14303998125 0.787040575 0.1576866296875 0.7892375734375 0.1661084546875 0.7841112453125 0.180755103125 0.7844774125 0.18125 0.7833638953125 0.18125 0.7783130171874999 0.173431778125 0.7551841125000001 0.16940395 0.751156284375 0.163545290625 0.7515224500000001 0.156221965625 0.760310440625 0.14560314531250002 0.7614089390625 0.14303998125 0.7595781078125 0.1441384796875 0.7526209484375 0.15951746093750002 0.7313833078125 0.1591512953125 0.7302848078124999 0.1521941375 0.7302848078124999 0.145236978125 0.727355478125 0.12107000625 0.7222291515625 0.106057190625 0.7134411609375 0.0873827125 0.6965975140625 0.077862390625 0.693668184375 0.0756653921875 0.68964035625 0.0712713984375 0.688175690625 0.0676097359375 0.6830493640624999 0.062849575 0.6808523656250001 0.0551600828125 0.687809525 0.042344265625 0.7050193375 0.024035953125000002 0.721862984375 0.0214727890625 0.7262569796875 0.027697615624999998 0.7390727984375001 0.0408796 0.7537194484375 0.046738259375 0.75701494375 0.046372093749999996 0.76067660625 0.029528446874999996 0.7786187515625 0.0115863015625 0.801687225 0 0.8129789593750001 0 0.8821611890625001
5 0.13167210468749999 0.834375 0.1424332328125 0.8306758625 0.1537843875 0.8211555390624999 0.163304709375 0.8101705515625 0.165625 0.805529971875 0.165625 0.792941565625 0.15195355625 0.791862240625 0.139503903125 0.7871020796874999 0.1328075734375 0.7859375 0.1307194765625 0.7859375 0.12046325937499999 0.7944254046875 0.11167526875 0.8167615453125 0.11094293749999999 0.8270142 0.1157030984375 0.8336051921875001 0.1174351671875 0.834375 0.13167210468749999 0.834375
17 0.5890625 0.66875 0.5890625 0.9123536109374999 0.7442595625 0.9026257171875001 0.89727040625 0.8824209249999999 0.9015207734375 0.8716472515625 0.9015625 0.8679343062499999 0.9015625 0.7518595375 0.8967528640625 0.66875 0.5890625 0.66875
17 1 1 1 0.9825885624999999 0.9911399328125 0.906945140625 0.9865564375 0.8825199359375 0.978410096875 0.8725321875000001 0.74440601875 0.9023206312500001 0.6211973562499999 0.9075366546874999 0.5890625 0.9106302 0.5890625 0.9348628921875001 0.5949036734375001 0.9345373015625 0.6684546296875 0.9387720046875 0.7045862921875 0.9441432234375 0.733046503125 0.9621115328125001 0.7454432093750001 0.96132560625 0.7510142828124999 0.98432883125 0.7510555046875 1 1 1
1 1 0.66875 0.8989304593749999 0.66875 0.9055739953125 0.7233029265625001 0.9229416703125001 0.7556917453125 0.9332379984375001 0.7905061328125 0.9478555765625 0.8082398312500001 0.9642522093749999 0.862192946875 0.9876162328125 0.879742871875 1 0.9553190421875 1 0.66875