14 0.1552654109375 0.1568763390625 0.3203125 0.1806988015625 0.3203125 0.16003729375 0.1622813078125 0.13521509062499998 0.156310946875 0.1378400375 0.1536155984375 0.142605421875 0.151265765625 0.14603151718750002 0.151242690625 0.14801448749999999 0.1552654109375 0.1568763390625
12 0 0.1292330828125 0.00120566875 0.131953884375 0.0015054578125 0.148792965625 0.005387134375 0.156025475 0.0147193875 0.1634680609375 0.025084106249999998 0.1673864328125 0.042923932812499996 0.1679386734375 0.060313904687499996 0.1645486578125 0.065262678125 0.1652807609375 0.0882702625 0.1903486359375 0.091050209375 0.2070577390625 0.098311759375 0.22204478437500003 0.1136261046875 0.228125 0.14116069375 0.228125 0.1448463921875 0.22753767656249999 0.1682753234375 0.21639523437500002 0.186824740625 0.1985683046875 0.203511240625 0.17042869375 0.2055646296875 0.16437232968749999 0.2016194609375 0.1625961703125 0.166983815625 0.1569754078125 0.1595144828125 0.1598455046875 0.15167609375 0.1518289015625 0.15074175 0.146920575 0.1592897265625 0.136558009375 0.1731728453125 0.1363261546875 0.202848171875 0.1422068765625 0.21227277500000002 0.1417129515625 0.2137781859375 0.14014686875 0.2140625 0.125853884375 0.2140625 0.0782862765625 0.21109670781249998 0.0723724921875 0.18999821562500002 0.053649046874999995 0.1707280125 0.048214475 0.159786453125 0.0512665453125 0.14529186875 0.0614450296875 0.051605357812499995 0.06090190937499999 0.0442283734375 0.0558355 0.0373012421875 0.054711346875 0.0239083875 0.055413237500000004 0.010982703125 0.058569289062499995 0 0.06506586875 0 0.1292330828125
1 1 0 0.7027300265624999 0 0.7307724640625001 0.2024142109375 1 0.22465526875 1 0
6 0.0732018390625 0.41875 0.07168274531249999 0.42227916875 0.07238846875 0.4325508328125 0.07928187656249999 0.44985986562499997 0.112860459375 0.50356168125 0.1151918703125 0.5152203656250001 0.1220663734375 0.519767046875 0.1283107671875 0.5272923203125 0.15575837812499999 0.5744446796875 0.1742962234375 0.591140028125 0.18361555937500001 0.608321209375 0.190684421875 0.6125 0.2205792984375 0.6125 0.23144723125 0.608254871875 0.2390625 0.60197946875 0.2390625 0.5893993421875 0.2339865703125 0.571303690625 0.22193885781249997 0.5390484625 0.2014728671875 0.4679650515625 0.1984609375 0.45045145625 0.20063481875 0.44395521562500007 0.1995258234375 0.43861378125000006 0.19120329062500002 0.41875 0.0732018390625 0.41875
6 0.1912018375 0.41875 0.1925321203125 0.42292797968749996 0.1967570125 0.4284683484375 0.20027007812500003 0.43404622968749995 0.20277559531249997 0.44327910625 0.20138909843750002 0.449835584375 0.2004647671875 0.45420656875 0.1983664453125 0.46080056249999995 0.24506471875 0.6161023671875 0.25200763125000003 0.6265421390625 0.2582015609375 0.6305379796875 0.2659023625 0.6351747796874999 0.27201306875000003 0.6384546249999999 0.279297771875 0.6395114640624999 0.293072125 0.6409466625 0.30429490000000003 0.6389144421875 0.3206297421875 0.6315701546875 0.32695295468749996 0.6305165296874999 0.3191213453125 0.575460125 0.31461854375 0.5490434265624999 0.30540781875 0.4328275265625 0.30244493906250003 0.41875 0.1912018375 0.41875
9 0.5390625 1 0.5390625 0.8690375421875001 0.52673749375 0.8424473750000001 0.488962375 0.7904394187499999 0.4458754265625 0.7431294859375 0.40582561406249995 0.7177499046875 0.35536007812500003 0.6909556609375 0.331485196875 0.6745415859375 0.281763190625 0.6457445640625 0.2620533375 0.6315654765625001 0.24194021562499998 0.62231661875 0.2170886640625 0.6142992859375 0.20165096249999998 0.611676596875 0.1919472640625 0.612188003125 0.18737896406250001 0.61488325 0.1399127609375 0.660092946875 0.13573513125 0.6745491593749999 0.138085446875 0.6989701937499999 0.1417841953125 0.7139931015625001 0.154065046875 0.73985436875 0.2329863734375 0.8392745375 0.289664803125 0.91532205 0.321806734375 0.944063784375 0.3475341390625 0.9638165109374999 0.3840490328125 0.9839825125000001 0.40513252499999997 0.9931802281250001 0.4265823609375 1 0.5390625 1
9 0.301623021875 0.41875 0.3024401390625 0.42578014375000006 0.3121219359375 0.527563646875 0.3209893453125 0.5976934125 0.3306324609375 0.6375263984374999 0.3327501234375 0.6619076625 0.332029390625 0.6741920828125 0.4084088 0.7213136062500001 0.42309857656250005 0.730624725 0.4492979453125 0.7465330484375 0.4631466140625 0.7609311468750001 0.46967342343749996 0.7677909546875 0.486387209375 0.7575451828124999 0.489622365625 0.742246734375 0.497461359375 0.72958716875 0.4962219640625 0.706600371875 0.49439111875 0.6908485328125 0.4917191640625 0.680183675 0.48980509687499996 0.6637158421875 0.48780781093750003 0.64653201875 0.4896653796875 0.6255431437500001 0.49658895000000003 0.6050076578125 0.49983301406249997 0.5774623046875 0.5015760640625 0.42609095 0.5020862265625 0.41875 0.301623021875 0.41875
13 1 0.5828498265625 0.980359140625 0.5757590203125 0.9429314359374998 0.553581834375 0.9342885781250001 0.555403 0.9313573421875001 0.569412659375 0.9074765703125 0.6162605250000001 0.8457146421875 0.7148194671875 0.835505446875 0.7426614734375001 0.8205448484375001 0.7529198359375 0.80063140625 0.7836265765625 0.8130401625000001 0.8036963140625 0.825094821875 0.808535509375 0.8254236265625 0.8226781562500001 0.9238824937500001 0.8549530015624999 0.946665746875 0.88125 0.9482883609375001 0.88125 0.9622451203125 0.8706471390625001 0.997927621875 0.817759509375 1 0.8155664687499999 1 0.5828498265625
13 0.5390625 0.8537934500000001 0.6377717921875 0.9133346765624999 0.748083884375 0.9884807406250001 0.778251009375 0.9435196093750001 0.8164101578124999 0.8920915890625001 0.8027634203125 0.8888177453124999 0.5768639125 0.74510331875 0.5390625 0.8091173578124999 0.5390625 0.8537934500000001
13 0.7347185203125 1 0.74265048125 0.9882591 0.6875260515624999 0.9520459375 0.632464853125 0.9185525140624999 0.5594921687500001 0.8734597953125001 0.5390625 0.85686015625 0.5390625 0.9771121859375 0.5774573390625 1 0.7347185203125 1
13 0.763715440625 0.41875 0.7707546171875 0.44597348906249995 0.7320896140625 0.475643590625 0.6762402875 0.5249914046875 0.625824365625 0.5745608625 0.575503290625 0.628209925 0.6241521265625 0.6777447359375 0.6642714640625 0.71062864375 0.6862896218750001 0.7237540390625 0.6838574625 0.735882046875 0.7169637375 0.7589698140625 0.7553441984375 0.717060884375 0.797483553125 0.661719484375 0.8119827875000001 0.6432908218750001 0.8455937812500001 0.6297175171875 0.8853642078125 0.5892238671875 0.929083225 0.5434569687499999 0.9409922218750001 0.5303569625 0.93498973125 0.505657665625 0.9258290515625 0.520228359375 0.86097485625 0.47410823593749996 0.8469803390624999 0.45587582187500003 0.8279318124999999 0.45374020625 0.8015856781250001 0.4295696203125 0.7682604125 0.41875 0.763715440625 0.41875
13 0.8067729671875 0.7694262546875 0.8199454671874999 0.7523020499999999 0.8359295171875001 0.7393682796875 0.8416147125 0.6920498859374999 0.8629057015624999 0.6738982765625 0.8796790140624999 0.6365422578125 0.8873232625 0.6151168015625 0.900116371875 0.5816741624999999 0.8707068937500001 0.6008531796875001 0.8509639515625 0.6272194203125 0.8200696593749999 0.640903546875 0.7919869171875 0.6587781046875 0.7711385515625 0.6959678921875 0.742266546875 0.7382646968750001 0.7728458140625 0.7694008625000001 0.7847231953125 0.7549409875 0.8067729671875 0.7694262546875
13 0.649971490625 0.41875 0.637383315625 0.42966430625 0.5989712390624999 0.4702133671875 0.5539254875 0.517284725 0.5390625 0.5334601328125 0.5390625 0.5956793671875 0.5648577984375 0.63728573125 0.5949300734375 0.5882449890625 0.609271228125 0.5630169781250001 0.622095953125 0.53093420625 0.6642036906250001 0.47423293906249997 0.703830621875 0.41875 0.649971490625 0.41875
13 0.812051696875 0.938105521875 0.8217814656249999 0.9480124828125 0.8507167015625001 0.9084354187500001 0.87810389375 0.8606437249999999 0.8656890421875 0.8519858109375 0.8222861859374999 0.9113514078125 0.812051696875 0.938105521875
13 0.797780653125 1 0.811768290625 0.9842856843749999 0.8234559765625 0.9616665906249999 0.8149264781250001 0.9450156906250001 0.7988159671874999 0.9525099843749999 0.777999215625 0.9910596421874999 0.7713047093750001 1 0.797780653125 1
13 0.8830641937499999 0.8988863109375 0.88357005 0.920644228125 0.89491109375 0.941485559375 0.9092838656250001 0.9176174171875001 0.9052076765624999 0.8590321937500001 0.8877704281250001 0.8678309468750001 0.8830641937499999 0.8988863109375
13 0.86141731875 1 0.8767478140625 0.9774262953124999 0.8934262796875 0.9359906703124998 0.8816109937500001 0.8947512906250001 0.8539076453125001 0.9289442874999999 0.82667853125 0.9835353296874999 0.8326313515624999 1 0.86141731875 1
13 0.8992902390624999 1 0.917624803125 0.9845280890625 0.93073406875 0.964684146875 0.9690829140624999 0.921415346875 0.9369872156250001 0.8834244203124999 0.9196132 0.8949429125 0.9106106 0.91631295625 0.9041982375 0.9323543421875 0.8897306171875 0.9521428734375 0.8715357218750001 0.98672374375 0.89520838125 1 0.8992902390624999 1
13 0.9364908859375 1 0.9515835703125 0.98591335 0.94406465 0.9543592921874999 0.913644596875 0.9884414671874999 0.9014826718750001 0.9906625124999999 0.8961317937500001 1 0.9364908859375 1
13 1 0.9562881093750001 0.98838436875 0.9344299203125 0.9468762 0.9585497234375 0.9551843828125002 0.9656815359375 0.9515519546875 0.9845534796875001 0.9342397546875001 1 0.9754534734375 1 0.976318428125 0.9991495671875 0.991038975 0.99023999375 1 0.9854150515625001 1 0.9562881093750001