17 0.35 0.07948411718750001 0.32553461875 0.0819241328125 0.28301609375000003 0.089274034375 0.2796875 0.0920070671875 0.2796875 0.10761539375 0.280185921875 0.1099937140625 0.283612190625 0.11411985468750001 0.2989526125 0.126204784375 0.3063438953125 0.12969397656249998 0.315482596875 0.2539730421875 0.316957478125 0.261010740625 0.3311773046875 0.2873053234375 0.3370145953125 0.31026995468749996 0.339772778125 0.3332096015625 0.3389442296875 0.3634804453125 0.3409606921875 0.390625 0.35 0.390625 0.35 0.07948411718750001
6 0.26620265 0.5 0.2828125 0.461507046875 0.2828125 0.434458771875 0.27913460625000003 0.4216269546875 0.27187811562499997 0.4085318953125 0.26174010000000003 0.398447 0.1886424765625 0.4015428140625 0.171655834375 0.40427444687499997 0.16624448593750002 0.407182075 0.12809300625 0.44540669062499993 0.11469826406250001 0.45571040937499996 0.099101903125 0.47706465937500003 0.088970859375 0.4837874015625 0.083840071875 0.5 0.26620265 0.5
6 0 0.5 0.0895508390625 0.5 0.0933861265625 0.4890591984375 0.1000778953125 0.47922636875 0.10593890937499999 0.4752023703125 0.1161419953125 0.45758825156249994 0.1264392328125 0.44770114687499996 0.13251275625 0.44467578124999996 0.13723635781250001 0.4377349609375 0.14375 0.43165889375 0.14375 0.40340708437500006 0.1435314640625 0.403125 0.07825648125 0.403125 0.027951879687499997 0.4049598078125 0.017652303124999998 0.403125 0 0.403125 0 0.5
9 0 0.241903628125 0.0021531375 0.2421875 0.1140625 0.2421875 0.1140625 0.1563321984375 0.0996520296875 0.1472528765625 0.024826054687499998 0.11945065937499999 0 0.1092648375 0 0.241903628125
6 0 0.4042546015625 0.0045802828125 0.4078125 0.114521646875 0.4078125 0.1753967375 0.40244322187500003 0.26912818125000004 0.40013805625 0.315180421875 0.39627950625 0.32469038281249996 0.39112491562499996 0.335290515625 0.37908565156249996 0.34315471249999996 0.358718421875 0.34375 0.35577541562500004 0.34375 0.29827070624999996 0.342224928125 0.2886950046875 0.32702890625 0.25916886250000004 0.3198334875 0.2536282515625 0.30884256250000003 0.249219321875 0.2802750796875 0.245081675 0.1506347390625 0.2418601625 0.0647015 0.242900328125 0.0325049484375 0.240625 0.0061594140625 0.240625 0 0.2423262765625 0 0.4042546015625
0 0.1139969671875 0.1998474 0.1171346015625 0.23471290625000002 0.1153147046875 0.2484375 0.1274105328125 0.2484375 0.128277003125 0.24822960312500003 0.133880621875 0.2484375 0.2863899875 0.2484375 0.2875 0.2479214296875 0.2875 0.13556964062500002 0.282664028125 0.12677935468749998 0.277924675 0.1234375 0.21299285 0.1234375 0.1468902875 0.128565209375 0.1230802 0.133980115625 0.10936828437499999 0.133018934375 0.10243703281250001 0.13466212187499998 0.10196587343750001 0.13737751250000002 0.1139969671875 0.1998474
10 0.45771738125 0.2176252 0.42804002656249995 0.229368990625 0.40660638125000004 0.2562119390625 0.4018179953125 0.421875 0.4354314921875 0.421875 0.4544198953125 0.405525840625 0.4725560578125 0.41559194687499995 0.4906922171875 0.3870713140625 0.5104771203125 0.39378205 0.5234375 0.37326755624999997 0.5234375 0.3671465 0.4972871859375 0.3233193109375 0.48079976718750006 0.2964763625 0.5055308953125 0.2713110984375 0.5104771203125 0.22601362187500001 0.4906922171875 0.212592146875 0.45771738125 0.2176252
4 0.557888796875 0.5 0.5778364 0.49687213906250005 0.63371019375 0.479880665625 0.6760388265625 0.44589772187500004 0.7082085875 0.434003690625 0.75053721875 0.4051181890625 0.774241253125 0.41361392500000005 0.7793206890625 0.3864275703125 0.8013315765625 0.36943609843749997 0.8470464984374999 0.34224974218750004 0.8639779515625001 0.313364240625 0.88260255 0.28617788437499997 0.9328125 0.2950698734375 0.9328125 0.29132119375 0.87582996875 0.25219494062500003 0.8436602093750001 0.2538940890625 0.8622848062500001 0.2878770328125 0.81318359375 0.3456480375 0.8148767390625 0.3269574171875 0.8335013374999999 0.2742838546875 0.79286585 0.2623898234375 0.7590029453125 0.23690261562499998 0.7048222953125001 0.2267077328125 0.6689033765625 0.2109375 0.6291314359375 0.2109375 0.5913815640625 0.225008584375 0.53550776875 0.2538940890625 0.49583979375 0.303654828125 0.5016448625 0.3065676515625 0.4962267984375 0.30520833281250004 0.50841744375 0.313364240625 0.5253488984375 0.34224974218750004 0.510110590625 0.347347184375 0.5185763156250001 0.36433865625 0.4965654265625 0.38812671718749997 0.47963397499999993 0.37453353906250003 0.45931623125000004 0.4051181890625 0.4484375 0.43787007187500004 0.4484375 0.482109684375 0.4670074171875 0.5 0.557888796875 0.5
4 0.965625 0.5 0.965625 0.3991663359375 0.9069756203124999 0.409811203125 0.88396243125 0.42643354375 0.84286745 0.4164601390625 0.8132790640625001 0.4164601390625 0.7787592796875 0.4214468421875 0.7590336890625 0.42310907656249996 0.75081469375 0.413135671875 0.716294909375 0.43640694843750005 0.6669809328125 0.45967822343750003 0.6521867390625 0.476300565625 0.6538305375 0.476300565625 0.6571181375 0.4713138625 0.660405734375 0.4713138625 0.6590359015624999 0.472976096875 0.662049534375 0.472976096875 0.6636933328125 0.47962503281249996 0.6587619359375 0.47962503281249996 0.6521867390625 0.4812872671875 0.6505429390625 0.48294950156249994 0.6586613921875 0.5 0.965625 0.5
5 0.347935728125 1 0.34371949687500003 0.9989611015625 0.3360393765625 0.994010475 0.2933050453125 0.9865387609375 0.26698456875 0.9843625734374999 0.190329159375 0.9852137031249999 0.1628026578125 0.991080925 0.1484375 0.9966433859375 0.1484375 1 0.347935728125 1
5 0.35 0.517839359375 0.32490615312500004 0.529279965625 0.3014899265625 0.55436620625 0.27753975937500003 0.5919837343750001 0.2609361109375 0.624421371875 0.24510442968750001 0.67637015625 0.24024749375 0.7030238953125 0.23857490937499998 0.7185864046875 0.24126391875 0.7460645765624999 0.24542608906250002 0.7519759109375 0.254078515625 0.75377588125 0.26407544375 0.7500360468749999 0.289408715625 0.732916825 0.3219212484375 0.7006066296875 0.332941028125 0.692836790625 0.35 0.67072335 0.35 0.517839359375
5 0.35 0.667170515625 0.3440251359375 0.6770534359375 0.3295315203125 0.693417546875 0.2846868703125 0.7350306265625 0.26970434375 0.7428934546875 0.26390175312499997 0.7485378703125 0.25037952343750003 0.7518596765625001 0.2412060203125 0.745565184375 0.23905094999999998 0.7055557234375 0.2369280515625 0.7000972859375001 0.23433553749999997 0.69915661875 0.22801187031249998 0.700306509375 0.21571834843749998 0.6970897296875 0.1958724515625 0.7015614265625001 0.17829098125 0.71699649375 0.174405434375 0.73060793125 0.178561171875 0.7450321734375001 0.1867697203125 0.755856065625 0.204589215625 0.772463434375 0.22381111250000002 0.784030390625 0.2624092953125 0.7956434234375 0.2902900484375 0.80049744375 0.309048765625 0.8080692656250001 0.3495768578125 0.8106235093749999 0.35 0.8105259796875 0.35 0.667170515625
5 0.14408529375 0.5 0.13794942187499998 0.5061257265625 0.129605784375 0.519841775 0.1279653640625 0.531397525 0.11931937343750001 0.5596424265625 0.11384486875 0.5938219140625 0.1125952640625 0.685864115625 0.12059956875 0.7549050265625 0.12391901406250001 0.7578316359375 0.12694897031250002 0.7582612875000001 0.12876308593750002 0.7482037125 0.1373897796875 0.7454975312500001 0.1413267921875 0.74089839375 0.1516711046875 0.740154909375 0.1531892984375 0.7361132796875001 0.156656703125 0.736031915625 0.1582327953125 0.7324896796875 0.16202185 0.7308985171875 0.1638616953125 0.7253470906249999 0.1690467171875 0.727228421875 0.173215321875 0.724626853125 0.1889054796875 0.7057309109375 0.19068742968750002 0.6996800921874999 0.20278795624999998 0.688379640625 0.2030838765625 0.6823636921875 0.2006972203125 0.67891444375 0.1990439328125 0.6689382312500001 0.2098642859375 0.655164065625 0.2124117640625 0.638579528125 0.22137940625 0.6088248249999999 0.220317953125 0.5868167171875001 0.21530018593750003 0.556388690625 0.2047693125 0.5341020359375 0.1943799671875 0.5173203156249999 0.184305840625 0.5075417015625 0.1651675734375 0.5009802859375 0.1537167796875 0.5007482343749999 0.15255307812500002 0.5 0.14408529375 0.5
5 0.155888571875 0.5 0.15613559999999999 0.5001907234375 0.175975065625 0.504231934375 0.186518803125 0.5094927765625 0.1930997921875 0.5148466015625 0.20706590625 0.5410586515625 0.219436625 0.5577938765625 0.2605565578125 0.586874 0.27060495156250003 0.5921464640625 0.27969482343749996 0.5934354171875 0.2948317421875 0.5740517078125 0.3045777796875 0.555295246875 0.319187190625 0.5399299203125001 0.320210040625 0.5358999171875001 0.3184666890625 0.5294310703125 0.302313346875 0.5057740984375 0.2943397828125 0.5 0.155888571875 0.5
15 1 0.6122191906250001 0.989496621875 0.6051746 0.9753629078125 0.60418025 0.9585945625000001 0.607106671875 0.8497017515625 0.61535696875 0.831265196875 0.6191925578124999 0.8089011906250001 0.6186457109375001 0.6755238390625 0.6369785609375 0.6623658640625 0.6396457171875001 0.6583707875 0.6424442484374999 0.65 0.6658097281249999 0.65 0.70485433125 0.7529035875 0.749181790625 0.7773536328125 0.7578125 1 0.7578125 1 0.6122191906250001
15 0.46452616874999997 0.846427659375 0.48398150624999997 0.8797043484374999 0.512970865625 0.9188812703125 0.5325835140625 0.9511226984375 0.5416896906249999 0.9632706921875 0.5460903187499999 0.965625 0.6953125 0.965625 0.6953125 0.937935228125 0.6862244265624999 0.921617271875 0.6689023359374999 0.881166146875 0.6519580140625 0.8553896578125 0.62421763125 0.8011290562500001 0.588142121875 0.746806946875 0.580495853125 0.7284835828125 0.576773075 0.7234375 0.5157928015625 0.7234375 0.49309502812500006 0.7270612859375 0.42798117187500007 0.740280978125 0.41635799375 0.744697165625 0.4109375 0.74951495625 0.4109375 0.770578909375 0.46452616874999997 0.846427659375
15 0.4928042515625 0.59642040625 0.4996034046875 0.6075658796875001 0.5101125265625 0.6152385203125 0.5161466531250001 0.6279303374999999 0.52083623125 0.6319936328125 0.523285278125 0.6328125 0.5507581546875 0.6328125 0.5790983703125001 0.6291554015624999 0.6140625 0.6213366828125 0.6140625 0.5908097578125 0.598331478125 0.5234375 0.5658113203124999 0.5234375 0.4961517750000001 0.5358509140625001 0.484375 0.5435549046875 0.484375 0.55788199375 0.487310878125 0.5661652078125 0.4846605484375 0.5766464109375 0.4928042515625 0.59642040625
15 1 0.547416978125 0.8769767734375 0.529101534375 0.86990345625 0.532703453125 0.8675012609374999 0.5386924093750001 0.86652474375 0.5519704062499999 0.8603279828125 0.5530680453125 0.8570308640625001 0.548212246875 0.8598363156249998 0.5294177343750001 0.8578040484375 0.5261923734375 0.7892428078125 0.5140625 0.78070055625 0.5140625 0.77499221875 0.5151454156249999 0.7614705390625 0.53163460625 0.745971690625 0.584945546875 0.736784515625 0.60944485625 0.7328325375 0.6291842484375 0.7515411390625 0.62846665 0.8060896171875 0.6200407375 0.8321840093749999 0.6203638953125 0.844804996875 0.6166447406250001 0.9271343406250001 0.61071590625 0.9778974390624999 0.6040731906250001 0.989338578125 0.6048901499999999 0.9945071375000001 0.607312709375 1 0.6133656937499999 1 0.547416978125
15 0.7358414718749999 1 0.73695703125 0.9991787015625 0.7997283671875001 0.9236452671875 0.859948665625 0.8418971484375 0.8685007875 0.8248989250000001 0.8695535734375 0.8179326187499999 0.867914028125 0.81228511875 0.8651373921874999 0.8075632125000001 0.8551109546875001 0.80132419375 0.8089346421875 0.7769457656250001 0.762448428125 0.74801940625 0.688978546875 0.7161841296875 0.6799809546875 0.7130350578125 0.6739855968749999 0.7131151109375 0.6567457828125 0.7315121890625 0.651144634375 0.7421808796875 0.647808559375 0.744460075 0.6388531203125 0.7443313578125 0.6309926203125 0.7402566875 0.6286250250000001 0.7295288671875 0.6011628421874999 0.7099906015624999 0.5945567828125 0.707513096875 0.5846089250000001 0.7304476453125 0.5840494890625 0.7374487453125 0.592830590625 0.7486289015625001 0.594930434375 0.757829146875 0.627146025 0.8118996578125 0.6332256890625001 0.8178603140625 0.6511787203124999 0.8211381078125001 0.6572162328125 0.824078409375 0.67405949375 0.84789670625 0.7024662171875 0.8644842078125 0.7098846328125 0.8780827406249999 0.713891771875 0.8944580609375 0.7245380171875 0.9097929390624999 0.7250404703125 0.9163660390625001 0.7204260140625001 0.9271043203125 0.7243818937500001 0.9339209828125 0.7308375546875 0.9373936734375 0.71406376875 0.9362106390625 0.704070375 0.9264536734375 0.692915953125 0.9276785546875 0.691026871875 0.9335800843750001 0.6965801453125 0.9430238937500001 0.6978436953125 0.9511593609375 0.694333284375 0.9644899953125 0.668077665625 0.966661396875 0.664891990625 0.9679454046875 0.663721853125 0.9723889484375 0.6851043703125 0.9859665578125 0.7161810734375 1 0.7358414718749999 1
15 1 0.7725671203125 0.98928875625 0.7745790031249999 0.93018056875 0.7829826000000001 0.927262640625 0.7857941859375 0.9240530265625001 0.797134446875 0.9224316953125001 0.8045635484375 0.924146440625 0.8097134562499999 0.9546472859375001 0.858634059375 0.9745679781250001 0.8851838890625 0.9840440859375 0.9049623109375 0.9959026203124999 0.9188740015625001 1 0.9252566906249999 1 0.7725671203125