1 0 0.5240916421875 0.035677084375 0.5533978171875 0.091480653125 0.5968005953125 0.1346974171875 0.603125 0.1456721234375 0.603125 0.1981274796875 0.58563988125 0.21052827343749997 0.48519345312500006 0.225 0.3850973484375 0.225 0.3816362546875 0.14976438593750002 0.2656994046875 0.0703993046875 0.13921130937499998 0 0.13650364375 0 0.5240916421875
1 0.172036209375 0.196428571875 0.159635415625 0.2733134921875 0.1546875 0.27578745 0.1546875 0.2758039859375 0.162115575 0.2819940484375 0.196837796875 0.33159722187499996 0.2265997015625 0.38616071406249997 0.2836433515625 0.41592261875 0.34936755937499997 0.455605159375 0.399148259375 0.478125 0.40304080468750003 0.478125 0.43741319375 0.455605159375 0.47213541562500005 0.4283234125 0.49817708281249995 0.39112103125000003 0.5180183515625 0.368799603125 0.5375 0.34201233750000004 0.5375 0.3402791609375 0.5266989078125001 0.303075396875 0.43121279687499997 0.2460317453125 0.3456473203125 0.1951884921875 0.24644097187499997 0.1393849203125 0.20055803437500003 0.169146825 0.172036209375 0.196428571875
4 0.56103670625 0.3107266875 0.52879464375 0.349169146875 0.5114335328124999 0.3727306546875 0.4953125 0.407452878125 0.47423115156250006 0.44217510000000004 0.4655505953125 0.4669766875 0.44322916718750005 0.47317708437499995 0.4333085328125 0.4930183515625 0.4159474203125 0.50417906875 0.38866567500000004 0.5091393859375 0.37998511874999996 0.5339409734375 0.37254464375 0.5624627984374999 0.398586309375 0.5599826390625 0.39951636874999996 0.5544022828124999 0.4171875 0.542621528125 0.43454861093749997 0.5252604171875 0.4866319453125 0.5339409734375 0.5399553578125 0.491778275 0.5721974203125 0.45457589374999996 0.6056795640625 0.42977430625 0.6515625 0.4384548625 0.65625 0.4122048625 0.65625 0.403925775 0.5994791671875 0.41117311562500003 0.6540426593750001 0.3652901796875 0.63916170625 0.30328621093749997 0.6131200406249999 0.27724454375 0.5883184531250001 0.27848462343749997 0.56103670625 0.3107266875
1 0.388226525 0.66875 0.38993055625 0.6426215281250001 0.34900793750000003 0.6314608140625 0.30436507968750004 0.6116195453125 0.2572420640625 0.585577878125 0.1952380953125 0.5868179578125 0.2076388890625 0.6513020843749999 0.21100603125 0.66875 0.388226525 0.66875
0 0.5604199750000001 0.66875 0.5787078375 0.6438120046875 0.5796875 0.6085441640625 0.5796875 0.5988273515625 0.560106646875 0.57312748125 0.5377852187500001 0.5619667671874999 0.48570188593749997 0.538405259375 0.44725942500000004 0.51608383125 0.428658234375 0.5297247031250001 0.396416171875 0.55700645 0.365625 0.5705545640625 0.365625 0.570647321875 0.3703745046875 0.570647321875 0.3740947421875 0.570647321875 0.4385788703125 0.641331846875 0.47542201406249995 0.66875 0.5604199750000001 0.66875
1 0 0.66875 0.093575434375 0.66875 0.1452380953125 0.6367683515625 0.1921875 0.60217405625 0.1921875 0.6016410359375 0.18492063593750002 0.5846850203125 0.1353174609375 0.6070064484375 0.074553571875 0.5933655765625 0 0.6404520437500001 0 0.66875
8 0.7918488296875 0 0.805431546875 0.032824900000000004 0.83643353125 0.07002728281250001 0.869526346875 0.1092483953125 0.8686755953125 0.1109499015625 0.8686755953125 0.1121899796875 0.892237103125 0.11343006093750001 0.9257192453125 0.11343006093750001 0.974082340625 0.11591021718750001 1 0.1201416734375 1 0.0691268765625 0.9902033734375 0.057626489062499994 0.9468005953125 0.017943948437500003 0.9238323390625001 0 0.7918488296875 0
8 0.908940971875 0.2401041671875 0.8890997015625001 0.2314236109375 0.8444568468749999 0.25498511874999996 0.802294146875 0.2785466265625 0.7725322421875 0.2996279765625 0.7489707343750001 0.3120287703125 0.78369295625 0.3703125 0.8146949421875 0.40999503906249996 0.8444568468749999 0.45091765937500006 0.864298115625 0.4732390875 0.8791790671875 0.4968005953125 0.912661209375 0.46827877031250004 0.9374627984374999 0.445957340625 0.965625 0.42514180156250003 0.965625 0.42474350000000005 0.9188616062499999 0.40751488125 0.868018353125 0.3901537703125 0.8890997015625001 0.32938988125 0.901500496875 0.28350694375 0.909851409375 0.2405593859375 0.908940971875 0.2401041671875
8 1 0.2492005 0.9684183234375 0.24739583281250002 0.9138548312499999 0.2374751984375 0.900213959375 0.2870783734375 0.8865730859375001 0.332961309375 0.869211975 0.39248511875 0.8989738796875001 0.398685515625 0.9299758640625001 0.4123263890625 0.9646980859375001 0.423487103125 1 0.4315561109375 1 0.2492005
11 1 0.12237451875000001 0.9838665671874999 0.11985366875 0.9362475187499999 0.11464533750000001 0.9154141859375 0.1131572421875 0.8747395828125001 0.1121651765625 0.8690352171875 0.1131572421875 0.8625868046875 0.11613343281249999 0.8548983124999999 0.123077875 0.84795386875 0.1322544625 0.845721725 0.13349454375 0.81670386875 0.12977430625 0.8040550578125 0.12630208125 0.7995907734375 0.12630208125 0.7936383921875 0.1277901765625 0.789918153125 0.1317584328125 0.7844618046875 0.14267113125 0.7822296609375 0.1498635921875 0.7817336296875 0.17044890937499999 0.7847098203125 0.1826016875 0.7876860109375 0.18458581406250002 0.7938864078125001 0.18582589375 0.8211681531250001 0.1890501 0.8370411703125 0.19227430625 0.838529265625 0.1940104171875 0.8417534718749999 0.20566716093749998 0.8477058515625 0.21409970312499998 0.8529141859375 0.2193080359375 0.8615947421874999 0.223028271875 0.8804439484375 0.2279885921875 0.9015252984375 0.2351810515625 0.9459201374999999 0.2438616078125 0.9647693453125001 0.249069940625 0.9821304546875 0.251798115625 1 0.25371957031250003 1 0.12237451875000001
0 0.3867860796875 0.66875 0.3843177625 0.6821493296875001 0.3636420421875 0.77158141875 0.36167845781249996 0.7837526875 0.3635133078125 0.7921655453125 0.36871245625000004 0.8027002 0.373285584375 0.8100859281249999 0.3782687125 0.8154509703125001 0.38484355937500003 0.820452321875 0.3906898875 0.8228099203125 0.41395363906249993 0.8278520281249999 0.416826953125 0.828125 0.42610959375 0.828125 0.42964973124999994 0.8277984671875 0.4507088640625 0.8200158656250001 0.467324478125 0.8079493015624999 0.47382603593750006 0.8008433328125 0.478546965625 0.7925383796875 0.4986818515625 0.741930534375 0.525795634375 0.67937043125 0.529348953125 0.66875 0.3867860796875 0.66875
6 0.0170744734375 0.66875 0.0216899796875 0.674525975 0.035516940625 0.6874250171875 0.05969601718749999 0.7128929875 0.07063899375 0.726290409375 0.0785412640625 0.7334775062500001 0.11716527343750001 0.7762799546875 0.14195130312499998 0.800003403125 0.15313443437500002 0.8147109140625 0.1641960046875 0.8250301484375001 0.17203093125 0.835042846875 0.1872878140625 0.8496224640625 0.22873861093749998 0.8772461953124999 0.256330259375 0.897116915625 0.2699412015625 0.9048463484375 0.27731649062499997 0.9078125 0.287426665625 0.9078125 0.2896437015625 0.9074904953124999 0.29930455624999996 0.9035166640625001 0.3363240765625 0.893131065625 0.3507168828125 0.8870322375 0.3542239109375 0.8822163218749999 0.3556669515625 0.8738574187499999 0.3587288234375 0.868741759375 0.36679498593750004 0.8576651609375 0.3724252953125 0.8548531453124999 0.37946943593750004 0.8562947203125001 0.382782484375 0.8586691 0.3827613203125 0.8699950859375001 0.38429671718749997 0.87863695 0.3862933625 0.88500554375 0.389684771875 0.890734278125 0.3953261015625 0.8941022171874999 0.4084567265625 0.8992114734375001 0.417494540625 0.8995551781250001 0.4194962578125 0.8971708015625 0.42272796875 0.8887243687499999 0.428125 0.8610137453125001 0.428125 0.8527720390625 0.42726418749999995 0.846417884375 0.4239752796875 0.8401839765625001 0.42238863281250005 0.8317947 0.4167040984375 0.8273928375 0.3971121453125 0.8229570125000001 0.3888350359375 0.82011103125 0.3809166734375 0.8154969515625 0.37258534062500004 0.8054370937499999 0.36327431250000003 0.785243440625 0.357905321875 0.778039559375 0.3399775015625 0.7616614703125 0.3143282703125 0.7409454671875 0.3018880296875 0.7286930734375 0.284491771875 0.714682575 0.2626198140625 0.7015341453125 0.20112789062499997 0.66875 0.0170744734375 0.66875
6 0 1 0.07804158125 1 0.08429833437499999 0.988359053125 0.1174604703125 0.9196797421875 0.12469264375 0.8989980953125001 0.1400684640625 0.846908309375 0.1484375 0.8136281734375 0.1484375 0.80539985625 0.1474454640625 0.8030695218750001 0.11887411875000001 0.7730650046875 0.1029992640625 0.754049953125 0.0933083234375 0.7469503828125 0.07854784687500001 0.7324179265625 0.075250890625 0.727470528125 0.0694126078125 0.7238264234375 0.06468065625 0.7259514234375 0.05773394375 0.7327576484375 0.051626293749999996 0.7404159484375 0.048453875 0.747323284375 0.03582140625 0.7896329734374999 0.0055441296875 0.8814998015625001 0.001972734375 0.8966077765625 0 0.9087114671875 0 1
7 0.19394381249999998 1 0.1923802359375 0.9934926187500001 0.1941981171875 0.9807925984375 0.1984375 0.9765978843750001 0.1984375 0.9731632187500001 0.1832822515625 0.9710021125000001 0.1637606140625 0.9712071468750001 0.142477415625 0.9751066453125 0.1274827328125 0.9741970234374999 0.1153046875 0.9756146265625001 0.09929305000000001 0.978470209375 0.0931663328125 0.9812350640625 0.0920900890625 0.9865393625 0.09831423125 0.9920223046875 0.10307329375 0.9935042453125 0.10393946875 0.9979632593750001 0.10507685 1 0.19394381249999998 1
18 0.21321315625 0.8668028031249999 0.20845409531249998 0.8653208640625 0.20177674843750001 0.8608246828125001 0.182154709375 0.84531545625 0.173669625 0.8360133578125 0.1705022796875 0.8341677265625 0.165621653125 0.8282975109375 0.16373852656250001 0.8276037031250001 0.1629075109375 0.8254651171875 0.159141259375 0.824077496875 0.158337353125 0.8255458515624999 0.1590146234375 0.8284421906249999 0.156875246875 0.829011309375 0.153554153125 0.8279234343749999 0.15285274843750002 0.828886615625 0.152289 0.83166505625 0.1535139234375 0.8343559734375001 0.15227588281249999 0.8417045359375 0.1553597921875 0.848948784375 0.161462371875 0.8500434515625 0.1640549484375 0.848487571875 0.1659893234375 0.8489287984375 0.165520028125 0.852488575 0.168091440625 0.8622586812499999 0.16665941875 0.8767975390625 0.167482390625 0.88022263125 0.1714023890625 0.8808524953125 0.169530284375 0.8863386390624999 0.172740834375 0.8892181921875 0.172956853125 0.8943878046875 0.1762889671875 0.9016556328125 0.1744198359375 0.9146082375000001 0.175353353125 0.9162416499999999 0.178571946875 0.9178346984375001 0.1771610890625 0.92104756875 0.1700928109375 0.923465521875 0.1685794546875 0.9271835656249999 0.165781878125 0.9297497890624999 0.165158834375 0.934067321875 0.1616005578125 0.9391358203125 0.1581096203125 0.9413787171875001 0.1551824328125 0.9408431765625 0.15437048281250002 0.9435980359375 0.1567419671875 0.9456255140625001 0.15470806718750002 0.9531559218750001 0.1525013515625 0.956550640625 0.1387426078125 0.964511890625 0.13658714375 0.9676540234375001 0.13667355 0.969721865625 0.13819792656250002 0.9721837750000001 0.1414677703125 0.9735242375000001 0.1508050359375 0.9736389359375 0.160055890625 0.9716857890625 0.17709549687499998 0.97124495625 0.186578465625 0.97188840625 0.20344018749999998 0.9760648546875 0.2166652671875 0.9819554468749999 0.22032097187500002 0.9851347484375002 0.22428417500000003 0.986798534375 0.22728972343749998 0.9906884296874999 0.23282855468750002 0.9945615390625001 0.24116403593750002 0.996875 0.2479721484375 0.996875 0.2494581625 0.996141390625 0.25036456875 0.9941678656249999 0.253501828125 0.9849401015625 0.2531913546875 0.9789891515625 0.2550393234375 0.9773625328125 0.26247142343749996 0.9644235109375 0.2828125 0.9146995562499999 0.2828125 0.9139126812499999 0.2789506 0.910636365625 0.2723596640625 0.9082080296875 0.25890247187500004 0.8997208390625 0.25386809375 0.89460838125 0.24233723125 0.8878489234375 0.21321315625 0.8668028031249999
10 0.9188988078125 0.66875 0.9182043640625001 0.66944444375 0.8983630953125001 0.6706845234375 0.86612103125 0.684325396875 0.8537202374999999 0.69424603125 0.8351190468749999 0.69424603125 0.8251984125 0.7202876984375 0.8041170624999999 0.737648809375 0.7892361109375 0.762450396875 0.771875 0.784771825 0.7681547609375 0.8194940468749999 0.7669146812500001 0.8480158734375 0.7830357140624999 0.8765376984375 0.7979166656250001 0.893898809375 0.81651785625 0.9497023812500001 0.8214781734375001 0.98194444375 0.8305059515625001 1 0.8886072125 1 0.9033234125 0.968303571875 0.9318452374999999 0.9373015875 0.9554067453125 0.893898809375 0.9814484125 0.89141865 1 0.8601128453125 1 0.8522619109375 0.9950892843750001 0.8306547625 0.987648809375 0.7959325390625 0.9901289671875 0.7649305546875 0.97276785625 0.7413690468749999 0.96904761875 0.706646825 0.9578869046874999 0.696726190625 0.953515625 0.66875 0.9188988078125 0.66875
10 0.7 0.66875 0.7 1 1 1 1 0.67115654375 0.9999336484375 0.671289246875 0.99905043125 0.66875 0.7 0.66875