15 0.31304564687499997 0.45 0.3140625 0.44861172656250003 0.3140625 0.42448245937499995 0.3084131765625 0.3703321171875 0.29183192812500003 0.29937449531250004 0.12379704531249999 0.3075134625 0.10960168906250001 0.312212253125 0.10854551406249999 0.319684171875 0.127015675 0.45 0.31304564687499997 0.45
15 0.3155658046875 0.4125 0.335091953125 0.4125 0.36547646093749997 0.40428472031249996 0.37580350625 0.3793045984375 0.43812899375000003 0.374901871875 0.521875 0.3407654765625 0.521875 0.327936640625 0.5146459328125 0.3116682703125 0.45261221718750005 0.301126934375 0.3376167296875 0.2607490953125 0.2899505296875 0.2995594765625 0.3058538484375 0.39916935468750003 0.3155658046875 0.4125
15 0.36975713125 0.26135568125 0.37073418125 0.27056120156249996 0.4139815578125 0.289822115625 0.5193642609375 0.3121989421875 0.5253683484375 0.3359375 0.5395745953125 0.3359375 0.540625 0.3346938734375 0.540625 0.29849514374999997 0.5262260703125 0.23568373125000003 0.49569718749999997 0.2303791953125 0.470645403125 0.2413871109375 0.436788934375 0.24002226875 0.3803261140625 0.25505991093749997 0.36975713125 0.26135568125
15 0.563989890625 0.45 0.5605300703125 0.44622181093749996 0.459253303125 0.4264144109375 0.3330526265625 0.423767709375 0.3328125 0.42440275156249996 0.3328125 0.437023178125 0.3394951640625 0.45 0.563989890625 0.45
15 0.61875 0.30060895 0.46494123906249996 0.36654276874999997 0.3690705515625 0.3769799921875 0.3581526234375 0.4150523578125 0.3536720671875 0.4079040546875 0.3292179875 0.405883809375 0.3171875 0.42337301250000003 0.3171875 0.4291105453125 0.36302230625 0.42590430156250003 0.5206591328125 0.4353970125 0.5327735921875 0.4390625 0.5657499453125 0.4390625 0.548148515625 0.342067925 0.5904359218749999 0.3185900828125 0.61875 0.3106276625 0.61875 0.30060895
17 0.6734375 0 0.6734375 0.0220902421875 0.6778354875 0.1082272375 0.6734375 0.13258921562499998 0.6734375 0.17958390468750002 0.6778354875 0.1995955296875 0.6782443859375 0.2 0.889298740625 0.2 0.9515625 0.13694420937500001 0.9515625 0.035993490625 0.9495082609375001 0.034774296875 0.94311643125 0 0.6734375 0
17 0.8790395015625 0.45 0.8895454953125 0.446870534375 0.9234375 0.426679421875 0.9234375 0.3621936046875 0.923377403125 0.3620060671875 0.8966680031250001 0.1852050890625 0.6883346687499999 0.1834370796875 0.659844640625 0.1905091203125 0.65094150625 0.23824538281250002 0.659844640625 0.4185823796875 0.6680102734375 0.45 0.8790395015625 0.45
17 1 0.2054155421875 0.9812105562500001 0.2073717953125 0.9331005890625 0.18685897499999998 0.9227913125 0.166346153125 0.9107638203124999 0.16121794843749998 0.8884270515624999 0.1800213671875 0.8884270515624999 0.2125 0.917636671875 0.36292735 0.9210730999999999 0.4125 0.914200246875 0.4398504265625 0.9185724859375 0.45 0.9383715640625001 0.45 1 0.44411401093749997 1 0.2054155421875
0 0.0296875 0.6722760484375 0.0296875 0.6771351296875 0.030530098437499997 0.6950652421875001 0.03936298125 0.713578375 0.048195864062499996 0.7218064328125 0.061704978125 0.7295202375000001 0.062350232812499996 0.7296875 0.1081436875 0.7296875 0.1110652046875 0.7274632234375 0.11366311093749999 0.7223206859375 0.1261330625 0.71717815 0.1583471046875 0.6760378578124999 0.159375 0.6738335875000001 0.159375 0.593988878125 0.1526317109375 0.5860434671875 0.13548552656249999 0.5767869015625 0.12903761875 0.575 0.09651652187500001 0.575 0.08456655625000001 0.578843915625 0.063783303125 0.6076421203125 0.05650916406249999 0.614841671875 0.054950420312500005 0.6194699546875 0.04040214375 0.63541181875 0.0296875 0.6722760484375
5 0.1527580140625 1 0.189900090625 0.9892729046875001 0.213818359375 0.9778382453125001 0.26115659999999996 0.9455229046875001 0.268631059375 0.9370712000000001 0.271875 0.925419690625 0.271875 0.8487360578124999 0.265142978125 0.8257075640625 0.2501940609375 0.8023410859375 0.2322553578125 0.783449040625 0.2043507109375 0.7620712000000001 0.1774426578125 0.751630859375 0.1460499296875 0.7421848359375 0.11341387031250001 0.7390625 0.1042952921875 0.7390625 0.0797763921875 0.740693359375 0.0678172578125 0.7436763140625 0.027455178125 0.7620712000000001 0.0120079625 0.7725115406249999 0 0.7835336328125 0 0.95772218125 0.0120079625 0.9703808593750001 0.0249636921875 0.9798268828125 0.0668206625 0.9997132453125002 0.068286459375 1 0.1527580140625 1
5 0.1888515625 0.6462000875 0.1834267578125 0.651630859375 0.17109765625 0.6619986984375 0.1646865234375 0.66446723125 0.1607412109375 0.6718728296875 0.15531640625 0.6723665359375 0.152357421875 0.6768098953124999 0.14939843749999998 0.6768098953124999 0.140521484375 0.686684028125 0.1212880859375 0.714331596875 0.120794921875 0.7251931421875 0.108958984375 0.731611328125 0.1064931640625 0.7380295140625 0.152357421875 0.749384765625 0.2006875 0.7686393234375 0.2013508296875 0.76875 0.21368725156249999 0.76875 0.21745507812499998 0.76271484375 0.23520898437499999 0.7474099390625 0.2357021484375 0.740004340625 0.24211328124999998 0.7340798609375 0.24309960937500003 0.7266742625 0.2640625 0.6886067203125 0.2640625 0.6635640031250001 0.26036035156250004 0.661504990625 0.26036035156250004 0.6590364578125 0.2640625 0.6546563781250001 0.2640625 0.64262926875 0.2633193359375 0.6407693140624999 0.2640625 0.6396002000000001 0.2640625 0.6337888484375 0.2564150390625 0.6294140625 0.2347158203125 0.6274392359375 0.2100576171875 0.633363715625 0.20167382812499998 0.63830078125 0.19082421875 0.637807075 0.1888515625 0.6462000875
5 0.2905078125 0.585355659375 0.27421317031250003 0.6128291625 0.258427734375 0.6347062125 0.2569001109375 0.714074109375 0.2650474328125 0.733407315625 0.27551859218749997 0.7453125 0.3210942125 0.7453125 0.32258789062500004 0.7451089921875 0.36892578125000003 0.7100039609375 0.42239257812500003 0.659127103125 0.44988978749999997 0.6275834515625001 0.45600027968749995 0.6179168484375 0.46261997812500005 0.6123203937499999 0.46923967656250004 0.5960398 0.484375 0.5761420703125 0.484375 0.5328577125 0.48400669687500003 0.532443728125 0.46923967656250004 0.522777125 0.44836216562500003 0.515145596875 0.4181006796875 0.5125 0.402649875 0.5125 0.3882756703125 0.515145596875 0.3587416296875 0.52532096875 0.3383733265625 0.5360051078125 0.305784040625 0.567039990625 0.3006919640625 0.5756890578125 0.2905078125 0.585355659375
5 0.61875 0.7546630859375 0.6154296875 0.750927734375 0.61201171875 0.740673828125 0.60419921875 0.730419921875 0.59931640625 0.720166015625 0.59296875 0.714306640625 0.58125 0.696728515625 0.55146484375 0.668896484375 0.524609375 0.651806640625 0.516796875 0.643994140625 0.49873046875 0.635205078125 0.4904296875 0.627392578125 0.4650390625 0.609814453125 0.4591796875 0.603466796875 0.45478515625 0.602490234375 0.4474609375 0.607861328125 0.4220703125 0.642041015625 0.37568359375 0.689892578125 0.37421875 0.699658203125 0.376171875 0.707470703125 0.38837890625 0.718701171875 0.39423828125 0.727978515625 0.399609375 0.730419921875 0.40498046875 0.738232421875 0.41767578125 0.748974609375 0.423046875 0.757763671875 0.4298828125 0.760693359375 0.43330078125 0.766552734375 0.4416015625 0.772900390625 0.44599609375 0.782177734375 0.4552734375 0.784619140625 0.46455078125 0.795849609375 0.47431640625 0.796826171875 0.4806640625 0.805126953125 0.51337890625 0.818310546875 0.520255534375 0.8265625 0.542314453125 0.8265625 0.54609375 0.826123046875 0.5744140625 0.826123046875 0.5822265625 0.823681640625 0.59638671875 0.823193359375 0.60078125 0.820751953125 0.606640625 0.808544921875 0.61875 0.801017471875 0.61875 0.7546630859375
5 0.5471395453125 1 0.545071815625 0.990625 0.5375531484375 0.9871251640625001 0.5395581265625 0.9776256078125 0.532039459375 0.9741257718749999 0.5330419484375 0.9656261703125001 0.5300344828125 0.96162635625 0.5300344828125 0.9571265671875 0.518505859375 0.9426272453125 0.504972259375 0.9306278062499999 0.505473503125 0.9221282046875 0.5004610578124999 0.9181283921875 0.4979548359375 0.9076288828125 0.4829175015625 0.8951294671875001 0.47389510156250003 0.8906296781249999 0.46437145625 0.8746304265625 0.45224108906250005 0.8734375 0.4210739015625 0.8734375 0.4087333203125 0.8771303093749999 0.4002121640625 0.8906296781249999 0.37815740781249996 0.89162963125 0.3711399859375 0.8951294671875001 0.370638740625 0.898629303125 0.3936959859375 0.9351275968749999 0.40773083125 0.968126053125 0.41925945468750003 0.9891250703125 0.422206078125 1 0.5471395453125 1
5 0.3370528875 0.7446676453125 0.32783298906249997 0.7319561921875 0.308880975 0.7319561921875 0.294538909375 0.7395830640625001 0.2853190109375 0.7395830640625001 0.28019684375 0.7421253546875001 0.273538028125 0.7309392750000001 0.26380591249999996 0.7044994515624999 0.2576593140625 0.7019571609374999 0.2479271984375 0.7106009484375 0.2381950828125 0.7263631515625001 0.236146215625 0.735006940625 0.23051183437499997 0.741616896875 0.22846296718749998 0.7512776015625 0.2299996171875 0.759921390625 0.228125 0.765503975 0.228125 0.7681850296875 0.228975184375 0.7787343421875 0.228125 0.779859603125 0.228125 0.7844024609375 0.228975184375 0.7889035062499999 0.24587833125 0.8087333749999999 0.2643181296875 0.8402577796875 0.2709769453125 0.8468677359375001 0.273538028125 0.8550030671875 0.281221278125 0.86059610625 0.28480679375 0.8687314374999999 0.28736787656249996 0.8682229796875 0.2940266921875 0.8722906437500001 0.3032465921875 0.8875443890625 0.31605200624999996 0.8951712609375001 0.31814588593750004 0.8984375 0.39082943124999997 0.8984375 0.3953125 0.8947545968749999 0.3953125 0.843883134375 0.3836645984375 0.8204279124999999 0.36573701718749996 0.7924627125000001 0.3636881515625 0.7863612156249999 0.35805376875 0.7777174265625 0.34883386875 0.7690736375 0.3370528875 0.7446676453125
5 0.3484172953125 0.747789996875 0.3669804015625 0.7587126359375 0.3675107765625 0.7613132640625 0.37440564374999996 0.7607931390625 0.3919080015625 0.769635275 0.40136969687499996 0.771875 0.4328125 0.771875 0.4328125 0.7600236828125 0.4247912171875 0.7587126359375 0.42426084375000006 0.75091075 0.41630522656249996 0.74518936875 0.414714103125 0.7410283625 0.408349609375 0.737907609375 0.40675848593749997 0.7321862265625001 0.4030458640625 0.728545346875 0.39562062187499997 0.7249044671875 0.3908472515625 0.714501953125 0.384482759375 0.7113811984374999 0.3855435078125 0.7067000671875 0.383952384375 0.7030591875 0.3813005125 0.7009786859375 0.37493601875000004 0.7009786859375 0.3696322734375 0.6968176796875 0.36919374843749997 0.6953125 0.366036728125 0.6953125 0.334375 0.72198918125 0.334375 0.7308900390625 0.33993130312500003 0.7327063515625 0.3415224265625 0.74518936875 0.34417430000000004 0.743108865625 0.3484172953125 0.747789996875
5 0.46727641875000003 0.7931866546874999 0.45979800624999995 0.7841352328125 0.4488296671875 0.7796095203125001 0.4413512546875 0.7680438140625 0.43636564531250005 0.7675409578125001 0.4214088203125 0.77810095 0.39697933750000003 0.7891638000000001 0.375541221875 0.8127980703125001 0.3785325859375 0.8293923453125001 0.3899994859375 0.8510151875 0.39398797343749997 0.8721351734375 0.395020934375 0.8734375 0.422947928125 0.8734375 0.42489874531250005 0.870626603125 0.432377159375 0.8721351734375 0.4423483765625 0.8655980359375001 0.449328228125 0.8711294593750001 0.4533167140625 0.86258089375 0.45979800624999995 0.8655980359375001 0.4627893703125 0.8615751812500001 0.465282175 0.8615751812500001 0.4707663453125 0.865095178125 0.47176346562499993 0.8590608968750001 0.476749075 0.8600666109375 0.481236121875 0.858558040625 0.4842274875 0.8605694671874999 0.48821597499999997 0.8550380421875001 0.4912073390625 0.858558040625 0.4941987046875 0.8580551828124999 0.496691509375 0.8515180453125 0.5091555296875 0.8520209015625 0.51264545625 0.841963765625 0.5221181125000001 0.8434723359374999 0.5236137953125 0.83944948125 0.5265625 0.838599734375 0.5265625 0.835532378125 0.5256080390625 0.8303980578125 0.5265625 0.8301092515625002 0.5265625 0.8244170171875 0.515636821875 0.8122952140624999 0.5076598484375 0.8127980703125001 0.49170590000000003 0.803243790625 0.483230365625 0.80072950625 0.47575195312499996 0.79419236875 0.46727641875000003 0.7931866546874999
5 0.481640625 0.85595703125 0.47724609375 0.85986328125 0.466015625 0.8642578125 0.43134765625 0.8740234375 0.42890625 0.876953125 0.45966796875 0.87451171875 0.45478515625 0.89208984375 0.45966796875 0.89404296875 0.4640625 0.90771484375 0.48212890625 0.9111328125 0.48310546875 0.9169921875 0.4865234375 0.91943359375 0.48408203125 0.9287109375 0.485546875 0.9306640625 0.489453125 0.93017578125 0.48896484375 0.93701171875 0.4904296875 0.9384765625 0.4962890625 0.93994140625 0.50556640625 0.9228515625 0.51142578125 0.91943359375 0.520703125 0.921875 0.52265625 0.9169921875 0.5275390625 0.91552734375 0.53291015625 0.9052734375 0.548046875 0.89599609375 0.5509765625 0.890625 0.55634765625 0.88916015625 0.55732421875 0.88330078125 0.56025390625 0.880859375 0.5578125 0.8720703125 0.5666015625 0.869140625 0.56953125 0.8623046875 0.5685546875 0.85400390625 0.57197265625 0.849609375 0.5705078125 0.84423828125 0.5744140625 0.84326171875 0.5880859375 0.82763671875 0.5880859375 0.82568359375 0.58515625 0.82421875 0.56318359375 0.82373046875 0.555859375 0.82568359375 0.5529296875 0.83056640625 0.532421875 0.83740234375 0.52265625 0.84326171875 0.51923828125 0.8427734375 0.5119140625 0.84716796875 0.50751953125 0.8466796875 0.50654296875 0.84912109375 0.493359375 0.8525390625 0.489453125 0.85546875 0.481640625 0.85595703125
5 0.42270150468749995 1 0.419140625 0.98876953125 0.40791015625 0.9697265625 0.391796875 0.95361328125 0.38154296875 0.94970703125 0.372265625 0.939453125 0.35810546875 0.9326171875 0.352734375 0.927734375 0.32978515625 0.91455078125 0.30732421875 0.89599609375 0.29365234375 0.880859375 0.2873046875 0.87841796875 0.28388671875 0.8818359375 0.284375 0.88916015625 0.27900390625 0.8935546875 0.27509765625 0.9140625 0.26826171875 0.92578125 0.26142578125 0.92919921875 0.25751953125 0.9375 0.25751953125 0.9443359375 0.262890625 0.953125 0.2560546875 0.958984375 0.253125 0.96435546875 0.2541015625 0.96875 0.26044921875 0.9765625 0.25703125 0.98095703125 0.2599609375 0.98779296875 0.25947265625 1 0.42270150468749995 1
6 0.799265228125 0.6138987515625 0.7672436390625 0.58311214375 0.7195909265625 0.544136621875 0.706974590625 0.5244835609375 0.7009162890625 0.505664115625 0.6839912078125 0.48665604062499995 0.6714477249999999 0.48211962656249996 0.6540988453125001 0.4825382578125 0.6463197109375 0.4860021234375 0.6365950203125 0.49375090000000005 0.6328125 0.5014996109375 0.6328125 0.5141894234375 0.6617835671875 0.5596881234375 0.6775573171875 0.6117860984375 0.7116732453125 0.6548453234375 0.72455843125 0.665865690625 0.7892230375 0.703125 0.809375 0.703125 0.809375 0.686052253125 0.8031029671875001 0.6729873375000001 0.800170271875 0.658540828125 0.8004770890625 0.650628571875 0.8068863359374999 0.6349046656249999 0.799265228125 0.6138987515625
6 0.797553365625 0.569765565625 0.8003982000000001 0.5959051421874999 0.7991412953125 0.6286814859375001 0.8053490734375 0.634008378125 0.8303809109374999 0.6307206640625 0.8454531890625001 0.6354577359375 0.8557984328125 0.649056853125 0.8693027359375 0.6806014609375 0.9017866359375001 0.706515865625 0.9116652734375 0.7111617734375001 0.9231315656250001 0.721875 0.9365633062500001 0.721875 0.9375 0.71820506875 0.9375 0.65784675 0.9307772968750001 0.6369554078124999 0.9219159515625 0.6233823359375 0.9103201125 0.6142337765625 0.8893963218750001 0.5825589375 0.8657380390625 0.555308609375 0.8398602203125 0.49969342499999997 0.8332721703124999 0.49375 0.7928296265625 0.49375 0.7856590765625 0.497996628125 0.7796875 0.5080527187499999 0.7796875 0.509201696875 0.783660225 0.5307599515625 0.792871525 0.551047928125 0.797553365625 0.569765565625
6 1 0.554184084375 0.9826715546875 0.5232182671875 0.98015130625 0.516024128125 0.980757059375 0.5003044546875 0.9754167265625 0.4801908453125 0.9662727203125 0.46930594843750006 0.955320571875 0.46482456875 0.93258565 0.4672874921875 0.9250563015625 0.47359107500000003 0.9212526265625 0.48281978593749997 0.923279559375 0.5078805984375 0.9288478109374999 0.5187030359375 0.9306498671875 0.5394698499999999 0.9215625734374999 0.6115272921875 0.9238518625000001 0.6415977671875 0.9384825390625 0.678125 0.9413763609375 0.678125 0.948504321875 0.64846349375 0.947979609375 0.638444165625 0.941658728125 0.62689356875 0.9416273281249999 0.599007565625 0.9496469515625 0.5884224765624999 0.9579664109374999 0.5835627156250001 0.9800986203125 0.5832343 0.9957164703125001 0.5949472953124999 1 0.605664790625 1 0.554184084375
6 1 0.596754534375 0.9991494640624999 0.5942998453125 0.9921258078124999 0.5860206296875 0.98036218125 0.5796875 0.9630294062499999 0.5796875 0.9531388453125 0.5831079625 0.9447220890625001 0.5903731140625 0.9408596484375 0.6006842156250001 0.9422049546875 0.626656259375 0.9490333062499999 0.645311340625 0.9350057171875001 0.71401190625 0.9375841359375 0.7496436624999999 0.9491589859375 0.7750549859375 0.953790175 0.7795850515625 0.9561473250000001 0.7685059875 0.9632894109375 0.764925221875 0.9622100484375 0.75823374375 0.9547988999999999 0.7566200999999999 0.9544529656249999 0.749941575 0.9603619390624999 0.736701096875 0.9680068296875 0.728680934375 0.97684639375 0.729578425 0.9736820625 0.7250742640625 0.9927127359375 0.7246689749999999 1 0.7283867609375 1 0.596754534375
6 0.80964468125 0.7604459218749999 0.8159795609374999 0.78201769375 0.82603533125 0.7895931093749999 0.8441921687499999 0.795829284375 0.8536212953125 0.8056139703125 0.86825208125 0.829550165625 0.9169301000000001 0.8511181875 0.9221801468749999 0.8546875 0.943098834375 0.8546875 0.944837290625 0.8308819078124999 0.9453125 0.8295294421874999 0.9453125 0.7732207359375 0.9321022421875 0.73001289375 0.890512134375 0.6878465703125001 0.8726702 0.6734752578125001 0.8648092609375 0.6511368953125001 0.8559678093749999 0.6384022046875 0.8443470109375 0.6293194625 0.8326660515625001 0.6265625 0.8173117187500001 0.6265625 0.815975371875 0.626605940625 0.8043514140625 0.6315842015625 0.79375 0.6440141859375 0.79375 0.6685813203125 0.8052771515625 0.691544803125 0.80964468125 0.7604459218749999
6 0.66299019375 0.6869062203125 0.689788615625 0.7693217156250001 0.6964505437499999 0.7821024359375001 0.7072940890625 0.7889957984375 0.7704812734375001 0.809375 0.798766228125 0.809375 0.8051343687499999 0.7988903687500001 0.815625 0.7911861968749999 0.815625 0.7253855875 0.8094497234375 0.724465346875 0.8048786031249999 0.7087409453125 0.7943916640625 0.6944037796875 0.717855346875 0.6483742859375 0.7083925828125001 0.6392699109375 0.699286425 0.6227217312500001 0.6828051265624999 0.6082804390625001 0.6811418390624999 0.6078125 0.6436564640625 0.6078125 0.6344543859375 0.6141455421875 0.6296875 0.6214694609375 0.6296875 0.647870734375 0.639964771875 0.6619212531249999 0.6571953671874999 0.6763755609375 0.66299019375 0.6869062203125
6 0.61875 0.8093841171874999 0.6478158609375 0.8336931015625 0.680740275 0.9078437359375 0.7060619234375001 0.933783075 0.71934835625 0.9421875 0.81875 0.9421875 0.81875 0.9322415265625 0.8139947828124999 0.9145475046874999 0.81052494375 0.862037828125 0.8003892828125 0.8487481390625 0.7958403875 0.8311855203124999 0.78398421875 0.8127665093750001 0.7609164265625 0.8021642328125 0.71068600625 0.7859871921874999 0.6720512640624999 0.755444021875 0.6593413015625 0.7515625 0.6373386328125 0.7515625 0.6234239734375 0.7560495671874999 0.61875 0.7619148140625001 0.61875 0.8093841171874999
6 0.7870608515625 0.8362820734374999 0.7971157078125 0.8533673468749999 0.8005279265624999 0.8647000828125 0.8037833125 0.9133724765625001 0.814936615625 0.9424546734374999 0.96912224375 0.9451459937500001 0.9623835828124999 0.9147317078124999 0.9532926578125 0.9025952765625 0.9463203874999999 0.8771089296875001 0.9353385578125 0.8557800343749999 0.9154475999999999 0.839227646875 0.87569964375 0.8202149328124999 0.8508751546875001 0.7901895328125 0.8428220765625 0.784412378125 0.8320959625000001 0.781406859375 0.8152076749999999 0.7818166468750001 0.8013989718750001 0.7872122015625 0.791190284375 0.79407974375 0.7820194421875 0.8073065640625 0.7870608515625 0.8362820734374999
6 1 0.7230469906250001 0.9923064578125 0.7193825828125 0.9725972953124999 0.71974313125 0.9494329593749999 0.7348394125000001 0.94653516875 0.7467665796875 0.9500153078124999 0.78628344375 0.9371985 0.8374935906250001 0.9382703078125001 0.8579449296874999 0.9569236312499999 0.9315461687500001 0.9658667203124999 0.9408617265625001 0.9764449984375 0.9410463703125 0.982436721875 0.9453783984375 1 0.9456849671875001 1 0.7230469906250001