18 0.40098882812500003 0.7349562203125 0.367172403125 0.632299215625 0.329732790625 0.49341032656249995 0.31765549531250004 0.4656325484375 0.2850468 0.337613225 0.2778004234375 0.3170818234375 0.2681385875 0.3146663640625 0.2198294078125 0.3219127421875 0.2282835140625 0.3786760265625 0.2198294078125 0.3895455921875 0.1630661234375 0.4088692640625 0.1497810984375 0.41853109843749997 0.09301781406250001 0.4209465578125 0.0845637078125 0.42577747656250003 0.083355978125 0.4173233703125 0.07127868281250001 0.41853109843749997 0.0736941421875 0.44268568906250005 0.11475694375 0.5525890703125 0.122003321875 0.5574199875 0.142534721875 0.6371301328125 0.16185839375 0.6842315828125 0.17040519999999998 0.76875 0.3512711359375 0.76875 0.38166515625 0.7518644328125 0.40098882812500003 0.7349562203125
18 0.47345259687499996 0.3025890703125 0.3997810984375 0.3110431765625 0.3937424515625 0.2748112921875 0.380457428125 0.2603185390625 0.3707955921875 0.25669535 0.35751056718749996 0.259110809375 0.35147192031249996 0.26514945624999997 0.34422554375000003 0.29896588125 0.339394625 0.3037968 0.2947086359375 0.31828955312499996 0.29108544687500004 0.33278230625 0.3200709546875 0.45355525312499995 0.3357714375 0.49461805625000005 0.3768342390625 0.652830615625 0.397365640625 0.720463465625 0.40461201718749995 0.7325407609375 0.409442934375 0.7325407609375 0.43359752343749997 0.708386171875 0.557993659375 0.6709465578125 0.56875 0.6723807374999999 0.56875 0.5755610890625 0.48794535000000006 0.3062122578125 0.47345259687499996 0.3025890703125
18 0 0.3849780265625 0.020554045312499998 0.3895455921875 0.0507472828125 0.4040383453125 0.100264190625 0.41853109843749997 0.1207955921875 0.41853109843749997 0.1872207125 0.4040383453125 0.2137907609375 0.39196105000000003 0.2246603265625 0.3847146734375 0.22707578437499998 0.37384510937500004 0.20412892500000002 0.31225090624999996 0.1630661234375 0.250656703125 0.0869791671875 0.178192934375 0 0.20781627500000002 0 0.3849780265625
18 0 0.20865765625 0.09422554375 0.1769852046875 0.12804196875 0.216840278125 0.164273853125 0.24824124374999998 0.164273853125 0.1769852046875 0.1546120171875 0.1516228859375 0.0954332734375 0.08761322499999999 0.0821482484375 0.0670818234375 0.05799365937499999 0.0441349640625 0.0507472828125 0.0441349640625 0 0.059641078125000004 0 0.20865765625
18 0.10351541093750001 0 0.1195878625 0.0779513890625 0.150988828125 0.140753321875 0.15823520468750002 0.140753321875 0.1534042875 0.1093523546875 0.155819746875 0.085197765625 0.3019550125 0.06587409375 0.2983318234375 0.015149456250000002 0.294965278125 0 0.10351541093750001 0
18 0.30582890156250003 0 0.3152400359375 0.026019021875 0.33818689687500003 0.0707050125 0.3490564609375 0.1262605671875 0.386496075 0.1262605671875 0.3792496984375 0.085197765625 0.3828728859375 0.0743282 0.5000226453125001 0.057419987500000005 0.512437778125 0 0.30582890156250003 0
18 0.2137907609375 0.2385794078125 0.21258303125000003 0.23133303125000002 0.2198294078125 0.22167119531249999 0.24036080937499998 0.21321708906249998 0.25968448125 0.21442481875000002 0.274177234375 0.222878925 0.33094051874999997 0.28568085781249997 0.3406023546875 0.2880963171875 0.34543327343749997 0.28205766875 0.36113375625 0.18664704062499998 0.346641003125 0.132299215625 0.339394625 0.0743282 0.333355978125 0.0634586359375 0.32369414218750003 0.0634586359375 0.15219655781250002 0.0888209546875 0.155819746875 0.149207428125 0.167897040625 0.19751660625 0.20412892500000002 0.29775815156249996 0.21499849062499998 0.3110431765625 0.2343221625 0.3146663640625 0.29350090624999997 0.3134586359375 0.318863225 0.3062122578125 0.3019550125 0.2832653984375 0.2693463171875 0.28205766875 0.2137907609375 0.2385794078125
18 0.5543704703125 0.0501736109375 0.54712409375 0.0501736109375 0.37804196874999996 0.076743659375 0.3961579109375 0.20838617187500003 0.39495018125 0.29534269375 0.40098882812500003 0.30983544687500003 0.5048535625 0.29534269375 0.501230375 0.2808499390625 0.4915685390625 0.269980375 0.47224486718750003 0.26394172656250003 0.4323897953125 0.225294384375 0.4323897953125 0.2108016296875 0.454128925 0.19751660625 0.46982940781250004 0.19751660625 0.490360809375 0.212009359375 0.515723128125 0.26514945624999997 0.5314236109375 0.2663571859375 0.541085446875 0.25790307968750004 0.56875 0.20168156874999998 0.56875 0.11950011093749999 0.5592013890625 0.0586277171875 0.5543704703125 0.0501736109375
15 0.27659269375 0.2265021140625 0.26330766875 0.21925573593749997 0.23311443281250002 0.2180480078125 0.21741395 0.225294384375 0.2137907609375 0.237371678125 0.231906703125 0.25186443281250004 0.2367376203125 0.26152626875 0.2753849640625 0.2868885875 0.3019550125 0.29171950468749996 0.3043704703125 0.3050045296875 0.3285250609375 0.3062122578125 0.3369791671875 0.3001736109375 0.3369791671875 0.2880963171875 0.27659269375 0.2265021140625
15 0.456544384375 0.203555253125 0.4323897953125 0.21442481875000002 0.43480525312499996 0.22770984374999997 0.4444670890625 0.23133303125000002 0.47224486718750003 0.26152626875 0.4891530796875 0.26514945624999997 0.507269021875 0.29534269375 0.515723128125 0.2941349640625 0.5181385875 0.290511775 0.48069897343749995 0.225294384375 0.47586805625000006 0.20717844218749998 0.456544384375 0.203555253125
14 0.62578125 0.57587890625 0.63505859375 0.5763671875 0.63798828125 0.5734375 0.64384765625 0.5744140625 0.6482421875 0.57099609375 0.655078125 0.57197265625 0.67216796875 0.56708984375 0.6765625 0.56416015625 0.6912109375 0.56171875 0.6951171875 0.55830078125 0.71953125 0.551953125 0.7361328125 0.54462890625 0.73857421875 0.54169921875 0.73564453125 0.51826171875 0.72734375 0.48798828125 0.713671875 0.415234375 0.70341796875 0.376171875 0.69365234375 0.31025390625 0.6853515625 0.3009765625 0.6755859375 0.3 0.64580078125 0.30439453125 0.59794921875 0.3068359375 0.5916015625 0.31171875 0.58818359375 0.30830078125 0.580859375 0.31025390625 0.57841796875 0.3126953125 0.57939453125 0.32685546875 0.59501953125 0.40400390625 0.61455078125 0.52705078125 0.62236328125 0.56708984375 0.62578125 0.57587890625
14 0.7703125 0.22236328125 0.780078125 0.21943359375 0.780078125 0.1173828125 0.776171875 0.1115234375 0.68583984375 0.1095703125 0.6345703125 0.1056640625 0.57451171875 0.10615234375 0.56875 0.1049502578125 0.56875 0.22053527812499998 0.61162109375 0.221875 0.7703125 0.22236328125
14 0.57744140625 0.3 0.5818359375 0.30341796875 0.592578125 0.305859375 0.61748046875 0.305859375 0.6814453125 0.30048828125 0.795703125 0.284375 0.83525390625 0.27509765625 0.8552734375 0.27509765625 0.85625 0.24091796875 0.84501953125 0.17548828125 0.8416015625 0.17158203125 0.8298828125 0.17109375 0.7810546875 0.17646484375 0.77861328125 0.18037109375 0.77763671875 0.18916015625 0.7771484375 0.21162109375 0.7791015625 0.2169921875 0.77275390625 0.22041015625 0.65654296875 0.21943359375 0.5876953125 0.22138671875 0.57255859375 0.23603515625 0.56875 0.24195963593749997 0.56875 0.245556640625 0.5740234375 0.2697265625 0.57744140625 0.3
14 0.7478515625 0.57392578125 0.75908203125 0.5802734375 0.8123046875 0.57880859375 0.8259765625 0.56611328125 0.8484375 0.52998046875 0.850390625 0.508984375 0.83818359375 0.4669921875 0.83623046875 0.4416015625 0.8328125 0.4279296875 0.82939453125 0.39716796875 0.819140625 0.3439453125 0.811328125 0.3166015625 0.80986328125 0.301953125 0.807421875 0.29951171875 0.8015625 0.29951171875 0.78642578125 0.30390625 0.74931640625 0.309765625 0.70537109375 0.31416015625 0.70048828125 0.31611328125 0.69658203125 0.321484375 0.7029296875 0.368359375 0.715625 0.42060546875 0.7244140625 0.47333984375 0.7341796875 0.5119140625 0.74296875 0.56318359375 0.7478515625 0.57392578125
5 1 0.11695033437499999 0.987109375 0.11787109375 0.97392578125 0.12177734375 0.96123046875 0.12861328125 0.94658203125 0.14130859375 0.92119140625 0.1740234375 0.9109375 0.19404296875 0.9021484375 0.2169921875 0.89580078125 0.24482421875 0.89140625 0.28291015625 0.89140625 0.30634765625 0.8953125 0.33076171875 0.89921875 0.3361328125 0.9138671875 0.33955078125 0.955859375 0.33662109375 1 0.3287153109375 1 0.11695033437499999
7 1 0.331310096875 0.998828125 0.33173828125 0.93779296875 0.33759765625 0.9236328125 0.356640625 0.92265625 0.3615234375 0.9294921875 0.36396484375 0.93193359375 0.37080078125 0.93828125 0.37763671875 0.948046875 0.38251953125 0.96123046875 0.3859375 0.96318359375 0.3888671875 0.96953125 0.3908203125 0.971484375 0.3947265625 0.98662109375 0.3986328125 0.99345703125 0.3947265625 1 0.384912109375 1 0.331310096875
7 1 0.383828125 0.9890625 0.395703125 0.98466796875 0.3966796875 0.9666015625 0.39423828125 0.95927734375 0.39619140625 0.96171875 0.4083984375 0.951953125 0.4220703125 0.94462890625 0.42646484375 0.9412109375 0.42646484375 0.9265625 0.4181640625 0.8982421875 0.4171875 0.88408203125 0.41328125 0.8767578125 0.403515625 0.85966796875 0.368359375 0.85478515625 0.352734375 0.84599609375 0.34345703125 0.834765625 0.33955078125 0.8328125 0.34052734375 0.8318359375 0.35126953125 0.83671875 0.380078125 0.86259765625 0.42353515625 0.87041015625 0.42744140625 0.877734375 0.42841796875 0.901171875 0.44306640625 0.9138671875 0.44794921875 0.91875 0.45478515625 0.92998046875 0.4591796875 0.9333984375 0.4630859375 0.9333984375 0.46650390625 0.928515625 0.473828125 0.9177734375 0.49921875 0.90654296875 0.52998046875 0.901171875 0.5392578125 0.903125 0.54560546875 0.9080078125 0.54951171875 0.91533203125 0.56220703125 0.91923828125 0.56416015625 0.9294921875 0.56318359375 0.9353515625 0.55146484375 0.94072265625 0.548046875 0.944140625 0.54853515625 0.95439453125 0.5568359375 0.95830078125 0.55732421875 0.96953125 0.5451171875 0.97734375 0.532421875 0.9890625 0.52802734375 1 0.529441675 1 0.383828125
15 0.0270738453125 0.8582529624999999 0.201508340625 0.9639903484375001 0.20070833124999998 0.946797196875 0.07748899375 0.8728246953125 0.03527795 0.8472567874999999 0.02987715625 0.851401984375 0.0270738453125 0.8582529624999999
15 0.11257775156250001 0.9349408718750001 0.11090894062500001 0.9425443375 0.173693546875 0.9718168953124999 0.201130315625 0.978411015625 0.11682062343749999 0.93120028125 0.11257775156250001 0.9349408718750001
15 0.173516184375 0.9630162421874999 0.13837459531250001 0.8473084125 0.1332543796875 0.8438652296875 0.1244542625 0.8475916046874999 0.15237356875000002 0.95126944375 0.173516184375 0.9630162421874999
15 0.22413749843750003 0.985121425 0.3751614265625 0.9929960453125 0.3493789375 0.980873990625 0.3035757796875 0.9769578984375 0.22096886875 0.9690585515624999 0.2175457078125 0.979803834375 0.22413749843750003 0.985121425
15 0.2048901796875 0.8947304718750001 0.20335163750000002 0.9004981265625001 0.20540478125 0.9068058578124999 0.20677783593750002 0.906003546875 0.20673359531250002 0.9067281312500001 0.28528908125 0.966302440625 0.29478516875 0.9554239546875 0.21206474531250002 0.8948023062500001 0.2048901796875 0.8947304718750001
15 0 0.8473199203125 0.38101933125 0.9912190203125 0.3872410953125 0.99058179375 0.3916983703125 0.9832764484375 0.39049285624999996 0.9758016953125 0 0.8263906375 0 0.8473199203125
15 0.198130125 0.9359476921875001 0.199897965625 0.9349973625000001 0.2117433640625 0.93446130625 0.22215790468750002 0.9699705125 0.22856725312499998 0.9699705125 0.20209360312500002 0.9022287468749999 0.15072663749999998 0.76875 0.131161109375 0.76875 0.195666309375 0.9320405671875 0.198130125 0.9359476921875001
15 0.14274256875 0.7994194828125 0.08962400625 0.76875 0.053925253124999996 0.76875 0.152928671875 0.8245839328125 0.14274256875 0.7994194828125
15 0.416299403125 0.84848466875 0.2748595625 0.9733235234375 0.2971142453125 0.9774176375 0.4255720171875 0.86149025625 0.4231977234375 0.853805565625 0.4165522046875 0.84795336875 0.416299403125 0.84848466875
15 0.2198636203125 0.8257537546875 0.1604711625 0.7795767375 0.1563538484375 0.7814460609375 0.1645732578125 0.8028419281250001 0.32662072656249996 0.9289362359375 0.4015184703125 0.9881492453125 0.3979129453125 0.964375840625 0.2198636203125 0.8257537546875
15 0.31760765625 0.8470950171875 0.30670163437500003 0.8432561046875 0.343821034375 0.8776877125 0.48062602343750005 0.9372479953124999 0.56875 0.980400634375 0.56875 0.958355728125 0.487822909375 0.9225726703125 0.31760765625 0.8470950171875
15 0.42632866875 1 0.42564935937500004 0.9954085265625 0.409384884375 0.83283253125 0.403475159375 0.829057009375 0.3966925484375 0.8278219874999999 0.3907632234375 0.8309716875 0.3888086859375 0.83472531875 0.40196888125 1 0.42632866875 1
15 0.435597390625 0.9644712906249999 0.446725559375 0.9551711546874999 0.559999846875 0.8473110734375 0.56875 0.83877910625 0.56875 0.814353865625 0.4245961484375 0.9523279625000001 0.435597390625 0.9644712906249999
15 0.480725878125 0.9726261875000001 0.47977239374999997 0.7805278734375001 0.4800460390625 0.76875 0.4664514265625 0.76875 0.46684425156250003 0.9740327546875 0.480725878125 0.9726261875000001
15 0.42158137656249994 0.9423439203124999 0.450609778125 0.8814224656249999 0.5035489265625 0.76875 0.4841401515625 0.76875 0.4179242625 0.9155836328125 0.42158137656249994 0.9423439203124999
14 0.56923828125 0.9828125 0.57509765625 0.9837890625 0.5794921875 0.98037109375 0.586328125 0.98134765625 0.60341796875 0.97646484375 0.6078125 0.97353515625 0.6224609375 0.97109375 0.6263671875 0.96767578125 0.65078125 0.961328125 0.6673828125 0.95400390625 0.66982421875 0.95107421875 0.66689453125 0.92763671875 0.65859375 0.89736328125 0.644921875 0.824609375 0.63466796875 0.785546875 0.6321795421874999 0.76875 0.56875 0.76875 0.56875 0.98330078125 0.56923828125 0.9828125
14 0.646875 0.82998046875 0.6556640625 0.88271484375 0.6654296875 0.9212890625 0.67421875 0.97255859375 0.6791015625 0.98330078125 0.69033203125 0.9896484375 0.7435546875 0.98818359375 0.7572265625 0.97548828125 0.7796875 0.93935546875 0.781640625 0.918359375 0.76943359375 0.8763671875 0.76748046875 0.8509765625 0.7640625 0.8373046875 0.76064453125 0.80654296875 0.7533633171874999 0.76875 0.632963053125 0.76875 0.6341796875 0.777734375 0.646875 0.82998046875
7 0.8607421875 0.77333984375 0.86318359375 0.78017578125 0.86953125 0.78701171875 0.879296875 0.79189453125 0.89248046875 0.7953125 0.89443359375 0.7982421875 0.90078125 0.8001953125 0.902734375 0.8041015625 0.91787109375 0.8080078125 0.92470703125 0.8041015625 0.93154296875 0.79384765625 0.93935546875 0.78701171875 0.973046875 0.77138671875 0.9839233406250001 0.76875 0.8543359374999999 0.76875 0.85390625 0.7708984375 0.8607421875 0.77333984375
7 1 0.76875 0.9768270593749999 0.76875 0.93740234375 0.7865234375 0.9203125 0.805078125 0.91591796875 0.8060546875 0.8978515625 0.80361328125 0.89052734375 0.80556640625 0.89296875 0.8177734375 0.883203125 0.8314453125 0.87587890625 0.83583984375 0.8724609375 0.83583984375 0.8578125 0.8275390625 0.8294921875 0.8265625 0.81533203125 0.82265625 0.8080078125 0.812890625 0.79091796875 0.777734375 0.7881103515625 0.76875 0.7644597453124999 0.76875 0.76796875 0.789453125 0.79384765625 0.83291015625 0.80166015625 0.83681640625 0.808984375 0.83779296875 0.832421875 0.85244140625 0.8451171875 0.85732421875 0.85 0.86416015625 0.86123046875 0.8685546875 0.8646484375 0.8724609375 0.8646484375 0.87587890625 0.859765625 0.883203125 0.8490234375 0.90859375 0.83779296875 0.93935546875 0.832421875 0.9486328125 0.834375 0.95498046875 0.8392578125 0.95888671875 0.84658203125 0.97158203125 0.85048828125 0.97353515625 0.8607421875 0.97255859375 0.8666015625 0.96083984375 0.87197265625 0.957421875 0.875390625 0.95791015625 0.88564453125 0.9662109375 0.88955078125 0.96669921875 0.90078125 0.9544921875 0.90859375 0.941796875 0.9203125 0.93740234375 0.976953125 0.9447265625 0.98037109375 0.94912109375 0.975 0.95400390625 0.9740234375 0.9603515625 0.9779296875 0.96083984375 0.9828125 0.95986328125 0.9876953125 0.95595703125 1 0.9382690437500001 1 0.76875