1 0.409375 0.3104166671875 0.4244791671875 0.315625 0.43645833281249996 0.3234375 0.453125 0.3223958328125 0.465625 0.3135416671875 0.475 0.3015625 0.4838541671875 0.2828125 0.4859375 0.2703125 0.4526041671875 0.22916666718749998 0.434375 0.21354166718749998 0.4291666671875 0.20416666718749998 0.41979166718750005 0.20052083281250002 0.40260416718750003 0.1875 0.3953125 0.18020833281249998 0.39375 0.1739583328125 0.39010416718749996 0.1697916671875 0.38229166718749996 0.1682291671875 0.3692708328125 0.1755208328125 0.3552083328125 0.1890625 0.3333333328125 0.21770833281250002 0.3192708328125 0.24635416718749997 0.3161458328125 0.259375 0.3171875 0.2677083328125 0.3223958328125 0.2723958328125 0.3375 0.2744791671875 0.38333333281250004 0.2958333328125 0.3927083328125 0.2984375 0.409375 0.3104166671875
1 0.44739583281249995 0.228125 0.4692708328125 0.2510416671875 0.5145833328125 0.3067708328125 0.5416666671875 0.3057291671875 0.5520833328125 0.3177083328125 0.5546875 0.3177083328125 0.5572916671875 0.3088541671875 0.5744791671875 0.2859375 0.5854166671875001 0.2755208328125 0.6015625 0.265625 0.603125 0.2598958328125 0.5859375 0.21458333281250003 0.5744791671875 0.1932291671875 0.5515625 0.1364583328125 0.546875 0.1135416671875 0.5416666671875 0.1088541671875 0.5322916671875 0.1052083328125 0.5182291671875 0.1041666671875 0.5072916671875001 0.10625 0.4791666671875 0.11927083281249999 0.46197916718750004 0.1296875 0.43958333281249995 0.1473958328125 0.4265625 0.1619791671875 0.4192708328125 0.1744791671875 0.4166666671875 0.1859375 0.4171875 0.1932291671875 0.4213541671875 0.20052083281250002 0.4359375 0.2109375 0.44739583281249995 0.228125
13 0.6052083328125 0.4067708328125 0.6119791671875 0.41302083281249996 0.6234375 0.43541666718750005 0.634375 0.4458333328125 0.634375 0.2625 0.6260416671875 0.2588541671875 0.61875 0.2588541671875 0.6005208328125 0.26510416718749996 0.5770833328125 0.28177083281250004 0.5598958328125 0.3036458328125 0.5546875 0.3244791671875 0.5567708328125 0.3348958328125 0.5765625 0.3692708328125 0.5963541671875 0.3927083328125 0.6052083328125 0.4067708328125
15 0.27786458281250004 0.3565104171875 0.2635416671875 0.3578125 0.28828125 0.42552083281249997 0.30130208281250004 0.42942708281249997 0.27786458281250004 0.3565104171875
13 0.1893229171875 0.21979166718749998 0.2231770828125 0.21979166718749998 0.2388020828125 0.22369791718749998 0.2791666671875 0.2015625 0.2986979171875 0.20286458281250003 0.31302083281250004 0.1807291671875 0.30390625 0.1546875 0.2765625 0.1455729171875 0.2388020828125 0.1338541671875 0.2049479171875 0.1572916671875 0.1736979171875 0.19375 0.1893229171875 0.21979166718749998
11 0.7635416671875 0.5348958328125 0.7671875 0.5317708328124999 0.7671875 0.3536458328125 0.7604166671875 0.35104166718749996 0.709375 0.35104166718749996 0.709375 0.46166666718749994 0.7140625 0.47760416718750004 0.7125 0.49322916718750004 0.709375 0.49515224375000005 0.709375 0.5404879390625 0.715625 0.5411458328125 0.7635416671875 0.5348958328125
4 0.7267173812500001 0.5996142718749999 0.735478940625 0.6026210359374999 0.7442405015625 0.6096367468749999 0.7499981046875 0.6123929328125 0.7671875 0.6266749500000001 0.7671875 0.616151359375 0.7535027140625 0.610137890625 0.7499981046875 0.6073816953125 0.7567570156250001 0.604124384375 0.7542537125 0.5943524765625 0.747494803125 0.5793187671875 0.7432391953125 0.573305278125 0.74198754375 0.57155134375 0.7229624265625 0.5743075296875 0.714200865625 0.5760614640624999 0.709375 0.5775474296875001 0.709375 0.603390103125 0.709945259375 0.604625509375 0.7267173812500001 0.5996142718749999
18 0.4863250578125 1 0.1183417078125 0.9277010046875 0.1113065328125 0.93172110625 0.10427135624999999 0.9437814078125 0.08919597968750001 0.9498115578125 0.08417085468749999 0.9648869343750001 0.0851758796875 0.9890075375 0.0903056953125 1 0.4863250578125 1
1 0 0.7934695031250001 0.0128140703125 0.7930276375 0.0419597984375 0.7990577890624999 0.05603015 0.8091080406250001 0.08417085468749999 0.8201633171875 0.1153266328125 0.8422738687500001 0.123366834375 0.8422738687500001 0.129396984375 0.83322864375 0.1424623109375 0.8282035171875 0.279145728125 0.8362437187499999 0.31834170781250004 0.8493090453125 0.371608040625 0.8754396984374999 0.5032663312500001 0.8382537687499999 0.5153266328125 0.83925879375 0.5424623109375 0.8553391953125 0.5595477390625 0.8563442218749999 0.5655778890625001 0.8523241203125 0.5635678390625001 0.83523869375 0.575628140625 0.7709170859375 0.5691704953125 0.7296875 0 0.7296875 0 0.7934695031250001
1 0.6821608046875001 1 0.6821608046875001 0.7467964828125 0.679145728125 0.7467964828125 0.625879396875 0.765891959375 0.59673366875 0.7689070359375 0.5866834171875001 0.7769472359375 0.5706030156249999 0.7819723625 0.5595477390625 0.8070979906250001 0.5484924624999999 0.8543341703125 0.5565326640625 0.8643844218750001 0.5494974874999999 0.8885050250000001 0.5505025125 0.9015703515625001 0.5706030156249999 0.9387562812500001 0.5706030156249999 0.9508165828124999 0.5655778890625001 0.9548366828124999 0.5595477390625 0.9488065328124999 0.5354271359375 0.9457914578125 0.5183417078125 0.9508165828124999 0.5113065328124999 0.9588567843750001 0.49924623125 0.9900125624999999 0.49924623125 1 0.6821608046875001 1
1 1 0.7988094546875 0.884765625 0.7865234375 0.87060546875 0.7865234375 0.85791015625 0.7884765625 0.849609375 0.79189453125 0.84130859375 0.79140625 0.84375 0.8001953125 0.8515625 0.81240234375 0.85009765625 0.81826171875 0.84521484375 0.82119140625 0.84228515625 0.82119140625 0.8388671875 0.81826171875 0.8330078125 0.8060546875 0.8271484375 0.79873046875 0.80224609375 0.79970703125 0.7607421875 0.8109375 0.7490234375 0.81630859375 0.744140625 0.88125 0.74560546875 0.88564453125 0.7451171875 0.92080078125 0.7509765625 0.92958984375 0.75048828125 0.94619140625 0.7568359375 0.94619140625 0.77685546875 0.94033203125 0.89306640625 0.90224609375 0.98876953125 0.87392578125 1 0.8684126421875 1 0.7988094546875
1 0.709375 0.749609375 0.709375 0.787109375 0.71044921875 0.7904296875 0.71728515625 0.79775390625 0.724609375 0.80166015625 0.74560546875 0.8060546875 0.755859375 0.80556640625 0.76611328125 0.79775390625 0.77099609375 0.7962890625 0.787109375 0.80068359375 0.8037109375 0.797265625 0.8095703125 0.801171875 0.8173828125 0.80068359375 0.81689453125 0.789453125 0.80224609375 0.7572265625 0.794921875 0.734765625 0.7943415171875 0.7296875 0.7298413828125 0.7296875 0.716796875 0.74453125 0.709375 0.749609375
15 0.80126953125 0.754296875 0.8369140625 0.81533203125 0.84130859375 0.82216796875 0.8447265625 0.82265625 0.85107421875 0.8177734375 0.85107421875 0.81435546875 0.81298828125 0.75234375 0.80908203125 0.74306640625 0.8065898828125 0.7296875 0.7953088828125 0.7296875 0.79736328125 0.7435546875 0.80126953125 0.754296875