11 0.4649072703125 0.6807267593749999 0.46939571874999997 0.691694009375 0.47663177812499996 0.6969860531250001 0.6010748375 0.6874220734375001 0.6672061015625 0.686813921875 0.6685799109375 0.6839763203125 0.6480949578125 0.6552770015625 0.6383841390625 0.646220190625 0.6118675703124999 0.6143567625 0.55283105625 0.5509580203125 0.53269428125 0.5307709734375 0.52490305 0.5259155234375 0.46238512187499997 0.5329074781250001 0.45898823125000004 0.5360181515625 0.455149121875 0.5535343328125 0.451714603125 0.5606283375000001 0.41624950624999996 0.5621604390625 0.40932399375 0.56936399375 0.397543075 0.5720391453125 0.39316757812500003 0.57504080625 0.390024765625 0.5836626265625 0.38101030625 0.5916303593750001 0.36192745937500004 0.5895045671875 0.364035190625 0.5737892765625 0.3588880796875 0.5677330546875 0.331581175 0.5676817625 0.3147096171875 0.571285146875 0.3099012921875 0.5812167546875 0.30440612499999997 0.6184860624999999 0.305422425 0.64053065 0.3037287375 0.664267109375 0.306579909375 0.6800363734375 0.31610252031249997 0.683090934375 0.3193676734375 0.680962465625 0.3209390828125 0.6766515531249999 0.319075909375 0.6535157468749999 0.3224257140625 0.6359450578125 0.3307815078125 0.6328883546874999 0.34950678125 0.633977434375 0.35515259062500004 0.6326126046875 0.357994309375 0.629938525 0.3596033453125 0.6216442843750001 0.35869999531249996 0.6135686078125 0.363009625 0.6110580515625 0.37299329999999997 0.610674890625 0.38545173125 0.614056496875 0.39329943749999996 0.6258964015624999 0.40966290625 0.6371896265625 0.44342486562500005 0.6409506421875 0.44860960624999996 0.64302353125 0.4613409578125 0.66288406875 0.4649072703125 0.6807267593749999
11 0.6297083453125001 0.61833795 0.644340434375 0.6314320625 0.6557732390625 0.6461635421875 0.671675640625 0.6608944859375 0.6862042359375 0.67846303125 0.6949082078125 0.683918596875 0.7056728921875 0.6851177625 0.817281165625 0.6860865796875 0.8365992406249999 0.68275573125 0.847147478125 0.6744604187500001 0.8557761296875 0.6619637468749999 0.8617982906250001 0.6466845140624999 0.8662584375 0.628240634375 0.868243828125 0.6060319921875 0.861449925 0.5604155390625001 0.8483797875000001 0.5245671749999999 0.8421599640625 0.5154008140624999 0.8304919312499999 0.5061259734375 0.8183252046874999 0.504272184375 0.7162677734375 0.5098501578125 0.5494058671875 0.5246575671875 0.5487189625 0.52607636875 0.5609045359375 0.53889794375 0.5746803625 0.5583763937499999 0.614398740625 0.59918708125 0.6297083453125001 0.61833795
12 0.8193125203125 0.2117977296875 0.8002014359375 0.2061797109375 0.792306709375 0.2057986953125 0.7333362484375 0.21966555156249998 0.715410825 0.23112658281249998 0.7004494625000001 0.24640688593750001 0.6940414921875 0.2571571765625 0.688471065625 0.30239314687499996 0.671496078125 0.336389865625 0.66596321875 0.35172360625 0.6434929375 0.37115183281249997 0.6336222125 0.38550390156250003 0.6295196375 0.4049844921875 0.63190974375 0.424191478125 0.6369157296875 0.4387054609375 0.6443399984375 0.44999975625 0.68403953125 0.47984265937500004 0.7071591500000001 0.4888978625 0.7346542625 0.49495140624999995 0.8276407593749999 0.49035670937500003 0.8555404640625 0.485988078125 0.88892600625 0.4777445953125 0.9208154000000001 0.46584536249999997 0.93805391875 0.455803134375 0.954417325 0.44117745468749997 0.962754271875 0.42715296562500005 0.9711476328125 0.3941940328125 0.9678730234374999 0.3778791578125 0.95960188125 0.36549364375 0.9472187078125 0.354145375 0.9288980234374999 0.3426341234375 0.9180392359375 0.338433834375 0.910934909375 0.3321595828125 0.892858784375 0.2817972328125 0.8703130578125 0.23143541875 0.8631146281250001 0.222160040625 0.850825559375 0.21381290000000003 0.8193125203125 0.2117977296875
0 0.47599120937499995 0.40183805625 0.482728575 0.414551153125 0.49204419218749995 0.4265545796875 0.502310178125 0.43517479375 0.5129713640625 0.4408483921875 0.54878464375 0.44782856249999997 0.572864021875 0.44602499531250006 0.59228559375 0.43821971406250004 0.601695253125 0.427305365625 0.6098439921875001 0.407278628125 0.6136171734375 0.36433464843749996 0.62339366875 0.29514365468750003 0.6238076515625 0.27724592187499997 0.6175125078125 0.25012732031249996 0.6122336625 0.2450533046875 0.599285928125 0.24161719062499998 0.5772013921875 0.2396554578125 0.5546557921875 0.24113144375 0.535723525 0.24899123125 0.528506309375 0.2546669703125 0.5155303984375 0.2736575328125 0.4924485984375 0.3383757015625 0.4755300828125 0.379356875 0.47401514999999994 0.39065224062500004 0.47599120937499995 0.40183805625
14 0.6881213578125001 0.6971056328125 0.693784396875 0.6923226859375 0.695518465625 0.6866271953124999 0.2664585953125 0.2152038390625 0.25560206875 0.220206965625 0.2512173734375 0.22848915937499997 0.683236221875 0.6979148890625 0.6881213578125001 0.6971056328125
14 0.23800554375 0.067290834375 0.33797474375 0.2939241875 0.374081034375 0.33372475 0.26629877031250004 0.07044264375 0.23800554375 0.067290834375
14 0.0803037109375 0.38077296718750003 0.532033396875 0.48286740000000006 0.603369090625 0.4844946390625 0.08626859375 0.3597313578125 0.08519536562499999 0.37066217031250004 0.0803037109375 0.38077296718750003
14 0.7723762359374999 0.4987559734375 0.7691549859375 0.49296286875 0.1852683453125 0.5405039453125 0.1832192546875 0.5504932265625 0.1870006546875 0.557477290625 0.77052859375 0.505744575 0.7723762359374999 0.4987559734375
14 0.08837906875 0.515792878125 0.5452954921875001 0.5112639015625 0.6677171875 0.5009139203124999 0.0889763296875 0.4987851640625 0.085111428125 0.50621395 0.08837906875 0.515792878125
14 0.6910820953125001 0.498761146875 0.6469910359375 0.486415178125 0.06811286875 0.47395334531250005 0.064519403125 0.48500565937499995 0.0671424296875 0.493781278125 0.6700821484375 0.5004560140625001 0.6910820953125001 0.498761146875
14 0.044999899999999995 0.3165924515625 0.03993799375 0.3241597890625 0.0383985484375 0.3367299203125 0.048346978125 0.3397483515625 0.6057423156249999 0.48409214375 0.6257543906249999 0.484329946875 0.6100588953125 0.475912578125 0.044999899999999995 0.3165924515625
14 0.1515097078125 0.3432082515625 0.4288274109375 0.42258044687499996 0.409091078125 0.3981331515625 0.1558965234375 0.32063171874999996 0.1515097078125 0.3432082515625
14 0.0452188828125 0.20343763906249998 0.3638370359375 0.3522289765625 0.33946936562499996 0.32296254687500003 0.0483748453125 0.1799067109375 0.0452188828125 0.20343763906249998
14 0.095353390625 0.2569872671875 0.3923465421875 0.3836476375 0.369701384375 0.35512905156249996 0.10130951875000001 0.24006150937499998 0.095353390625 0.2569872671875
14 0.0118189640625 0.4524681390625 0.25748038906250004 0.47822399375 0.40419901874999997 0.48108460624999994 0.014447670312499999 0.432868434375 0.0118189640625 0.4524681390625
14 0.48650484687500006 0.48265029375 0.484682615625 0.4794047 0.0184387328125 0.40311098906250004 0.015492907812500002 0.42507512968750005 0.395605684375 0.481086325 0.48650484687500006 0.48265029375
14 0.407138615625 0.3980071609375 0.39755185625 0.38664730937499997 0.0924384046875 0.257102421875 0.053400421875000006 0.2605055 0.04030671875 0.259922834375 0.31847028125 0.37175863750000004 0.407138615625 0.3980071609375