2 0 0 0 0.053887575 0.019624625 0.0578125 0.026804701562499998 0.0578125 0.051227678124999995 0.0527243796875 0.07726934375 0.035363268749999996 0.0890625 0.00705969375 0.0890625 0.00357590625 0.087989728125 0 0 0
1 0 0.308851309375 0.0048983125 0.32769097343750003 0.006138392187499999 0.32769097343750003 0.011098709375 0.33017113125 0.0123387890625 0.33017113125 0.0112329171875 0.3257476453125 0.0761606875 0.33125 0.078069078125 0.33125 0.0796875 0.2883618484375 0.0796875 0.2634512625 0.04210069375 0.165240575 0.014818948437500002 0.0895957359375 0.0296999 0.10571676562500001 0.06690228125 0.10323660937500001 0.064422121875 0.0895957359375 0.04210069375 0.080915178125 0 0.080915178125 0 0.308851309375
16 0.108620653125 0 0.103472221875 0.0202504953125 0.08735119062499999 0.093415178125 0.0675099203125 0.1616195453125 0.06006944374999999 0.2174231171875 0.08115079375 0.27446676718749996 0.0799107140625 0.2967881953125 0.0923115078125 0.300508434375 0.1020403421875 0.31875 0.1054687625 0.31875 0.11339285625 0.31786954375 0.115873015625 0.3166294640625 0.12331349218750001 0.28686755937499997 0.1555555546875 0.28190724375 0.181597221875 0.212462796875 0.2076388890625 0.1206969265625 0.2336805546875 0.0512524796875 0.24375 0.00873704375 0.24375 0.0010375359375 0.2433838109375 0 0.108620653125 0
1 0.2440820046875 0 0.2476686515625 0.008767359375 0.22782738125000002 0.0707713296875 0.20054563593750002 0.146416171875 0.180704365625 0.21214037812500003 0.1658234125 0.2543030765625 0.16346726250000002 0.27786458281250004 0.1676621515625 0.27786458281250004 0.184424603125 0.34730902812500003 0.2265873015625 0.3683903765625 0.2575892859375 0.3907118046875 0.26752232343750004 0.3984375 0.2712735578125 0.3984375 0.3146329375 0.38203125 0.3443948421875 0.37459077343749997 0.361755953125 0.297705853125 0.36875 0.271478178125 0.36875 0.046316965625 0.36423611093749997 0.0372891875 0.320833334375 0.008767359375 0.308997396875 0 0.2440820046875 0
9 0 0.6595684515625 0.111755953125 0.7098586296875 0.131597221875 0.7133308515625 0.13953373125 0.711346725 0.1420138890625 0.720771328125 0.15441468281249998 0.7227554546875 0.12167658750000002 0.79269593125 0.1573908734375 0.8085689468750001 0.1796040796875 0.81875 0.1827002703125 0.81875 0.2015376984375 0.8095610109375 0.23774801562499998 0.770870534375 0.2640625 0.726038453125 0.2640625 0.7238415546875 0.25262896874999996 0.6900173609375 0.2288194453125 0.6255332328125001 0.203521825 0.5982514875 0.175248015625 0.6106522812499999 0.1663194453125 0.6111483124999999 0.1261408734375 0.5873387890625 0.111755953125 0.5764260906249999 0.1008432546875 0.57295386875 0.11770833437499999 0.5402157734374999 0.1355654765625 0.513430059375 0.149950396875 0.489620534375 0.1484623015625 0.49011656718749996 0.118700396875 0.49507688437499997 0.023958334375 0.4757316453125 0.01156994375 0.4734375 0.009945434375 0.4734375 0.0006448421875 0.476227678125 0 0.4800627921875 0 0.6595684515625
6 0.045070134375 0.4296875 0.0427910046875 0.43605737343750006 0.02170965625 0.509842096875 0.0136491390625 0.5749462640624999 0.010548940625 0.5954075734375 0.027910053125 0.6059482484375 0.0390707671875 0.6096684859375 0.07771990625 0.6169022828124999 0.092600859375 0.6135954046875 0.1194692453125 0.513148975 0.12732308125 0.43419725624999994 0.1275100140625 0.4296875 0.045070134375 0.4296875
10 0 0.7782825578125 0.0127521484375 0.7842137890625 0.10410466249999999 0.8222428890625 0.1204119046875 0.8296875 0.125343915625 0.8296875 0.12683945000000002 0.8288566484375 0.136346725 0.8247230484375001 0.145440640625 0.8110821749999999 0.158254796875 0.7883473875 0.1632151140625 0.769746196875 0.1671875 0.75782903125 0.1671875 0.7380547265625 0.16156167500000002 0.7313037359375001 0.10699818125 0.707742228125 0.038793815625 0.6779803234375 0 0.65939161875 0 0.7782825578125
6 0.2144791203125 0.4296875 0.1775669640625 0.465166171875 0.1552455375 0.48252728281249996 0.1438368046875 0.49939236249999996 0.111098709375 0.5356026796875 0.1066344265625 0.5609002984375 0.10365823593750001 0.5718129968750001 0.13887648749999998 0.5931423609375 0.169176315625 0.6109375 0.170601853125 0.6109375 0.1929439484375 0.5847098234375 0.2281622015625 0.5480034734375 0.248003471875 0.5127852203125001 0.29016617031249997 0.44482887031249996 0.29920579531249997 0.4296875 0.2144791203125 0.4296875
11 0.15883763125 1 0.1877728171875 0.98759920625 0.2155505953125 0.9836309515625 0.2651537703125 0.9766865078125001 0.2953125 0.8721038125 0.2953125 0.8684771843749999 0.27606646874999996 0.8179563484375001 0.23241567500000002 0.7767857140625 0.2205109125 0.840773809375 0.14114583281249998 0.8194444437499999 0.1252728171875 0.83134920625 0.07666170624999999 0.81299603125 0.02110615 0.8139880953125 0.021602182812500002 0.814980159375 0.0062251984375 0.822420634375 0 0.8311971437499999 0 0.980682496875 0.03896329375 0.953869046875 0.107415675 0.9801587296874998 0.1335032703125 1 0.15883763125 1
12 0.43612895781249994 0.4296875 0.440869140625 0.440283203125 0.454541015625 0.447607421875 0.478466796875 0.444677734375 0.509716796875 0.451025390625 0.514599609375 0.457373046875 0.520458984375 0.486669921875 0.524365234375 0.495458984375 0.538037109375 0.506689453125 0.554638671875 0.513525390625 0.584423828125 0.519384765625 0.604931640625 0.520361328125 0.670361328125 0.532568359375 0.817822265625 0.553564453125 0.823681640625 0.558447265625 0.825146484375 0.575048828125 0.830029296875 0.577978515625 0.844677734375 0.580908203125 0.8520263671875 0.58125 0.866943359375 0.58125 0.871533203125 0.578955078125 0.883740234375 0.566748046875 0.890576171875 0.549169921875 0.899365234375 0.492041015625 0.9 0.46982421875 0.9 0.438115234375 0.898388671875 0.432958984375 0.8951171875 0.4296875 0.43612895781249994 0.4296875
12 1 0.4296875 0.9490118125 0.4296875 0.946630859375 0.4359375 0.942724609375 0.4779296875 0.913916015625 0.48818359375 0.903662109375 0.49453125 0.899755859375 0.50087890625 0.896337890625 0.5365234375 0.898291015625 0.61806640625 0.894384765625 0.67861328125 0.892919921875 0.68740234375 0.886572265625 0.69521484375 0.879736328125 0.7123046875 0.878759765625 0.74892578125 0.883642578125 0.7572265625 0.885107421875 0.769921875 0.889013671875 0.77724609375 0.894384765625 0.781640625 0.930029296875 0.78408203125 0.946142578125 0.78798828125 0.965673828125 0.78896484375 0.971650390625 0.790625 0.9848795578124999 0.790625 1 0.7894909671875 1 0.4296875
12 0.60419921875 0.656396484375 0.52119140625 0.655419921875 0.44697265625 0.659326171875 0.42939453125 0.663720703125 0.41474609375 0.691552734375 0.41181640625 0.701806640625 0.40986328125 0.722314453125 0.4123046875 0.730126953125 0.4162109375 0.734521484375 0.43623046875 0.747216796875 0.4669921875 0.757470703125 0.49482421875 0.773583984375 0.532421875 0.789697265625 0.57294921875 0.803857421875 0.6349609375 0.819482421875 0.68037109375 0.827783203125 0.72060546875 0.8328125 0.8504611546875 0.8328125 0.8595703125 0.829248046875 0.8634765625 0.824853515625 0.875 0.740501953125 0.875 0.73431729375 0.8703125 0.726220703125 0.85712890625 0.717919921875 0.77265625 0.687646484375 0.68818359375 0.666650390625 0.64912109375 0.660302734375 0.60419921875 0.656396484375
12 0.870353084375 1 0.8787109375 0.967822265625 0.88212890625 0.944384765625 0.8875 0.922900390625 0.8875 0.9062290734375 0.88115234375 0.898974609375 0.86845703125 0.893115234375 0.7810546875 0.867236328125 0.69365234375 0.843310546875 0.68291015625 0.842822265625 0.6755859375 0.844775390625 0.66044921875 0.853076171875 0.64140625 0.849169921875 0.62724609375 0.849169921875 0.61845703125 0.856005859375 0.616015625 0.860888671875 0.61259765625 0.861865234375 0.54912109375 0.852099609375 0.545703125 0.854052734375 0.5427734375 0.861865234375 0.58232421875 0.877978515625 0.59453125 0.885302734375 0.60771484375 0.907275390625 0.62333984375 0.917529296875 0.63359375 0.920947265625 0.64189453125 0.940966796875 0.65751953125 0.952685546875 0.75126953125 0.984912109375 0.7625 0.990283203125 0.792864990625 1 0.870353084375 1
12 0.58974609375 0.53037109375 0.58388671875 0.5376953125 0.56435546875 0.53916015625 0.5560546875 0.54892578125 0.543359375 0.55087890625 0.51552734375 0.550390625 0.512109375 0.55234375 0.51162109375 0.5572265625 0.5169921875 0.5611328125 0.5384765625 0.5669921875 0.55166015625 0.5728515625 0.55849609375 0.58505859375 0.5638671875 0.58896484375 0.590234375 0.5943359375 0.60439453125 0.61337890625 0.61611328125 0.6177734375 0.6478515625 0.62119140625 0.70888671875 0.6333984375 0.7650390625 0.640234375 0.7966796875 0.640625 0.8047729499999999 0.640625 0.8119140625 0.63681640625 0.81923828125 0.61826171875 0.82412109375 0.59091796875 0.825 0.564111328125 0.825 0.56083984375 0.8236328125 0.55673828125 0.81923828125 0.5533203125 0.61904296875 0.52451171875 0.61123046875 0.526953125 0.5970703125 0.52548828125 0.58974609375 0.53037109375