15 0 0.236105709375 0.014998334375 0.22517577656249999 0.041160131249999996 0.206907484375 0.056221390625 0.20923431093749997 0.059968153125 0.2043583 0.05194035 0.19751891875 0.065625 0.1959643625 0.065625 0.1949202015625 0.056204703125 0.1867485125 0.0477495984375 0.1772167078125 0.040494153125 0.1691401515625 0.035646065625 0.1487652484375 0 0.14889760624999998 0 0.236105709375
15 0.4649605140625 0.2890625 0.41904658906250003 0.230045553125 0.3525893375 0.1856640546875 0.26087375625 0.126586121875 0.2620734140625 0.1280413703125 0.258959253125 0.12571311406250002 0.244235009375 0.1346655359375 0.2488611046875 0.14245132656249998 0.2442931125 0.1869140859375 0.2555173171875 0.20270374218749998 0.2824192921875 0.24403365 0.35915525625 0.2890625 0.4649605140625 0.2890625
15 0.23661731874999997 0 0.23327222656250002 0.0021258765624999998 0.1993046171875 0.0261439015625 0.1622228515625 0.0478336703125 0.1654341359375 0.0582341390625 0.162502353125 0.05976784843750001 0.1513523453125 0.0658090578125 0.1484375 0.0699370296875 0.1484375 0.070547959375 0.1572770265625 0.10415791875 0.2456856171875 0.15 0.248163684375 0.15 0.2486883734375 0.1440247203125 0.2441197875 0.1355839921875 0.2420408 0.12146694218750001 0.24158876875000002 0.11149756562499999 0.23767752031249997 0.1031295296875 0.2201674890625 0.0833382984375 0.2128298015625 0.06863971875 0.22112846562500002 0.0497186359375 0.2589866140625 0 0.23661731874999997 0
15 0.0644458828125 0 0.056676490625 0.00772039375 0.059100534375 0.0179078453125 0.065443871875 0.0212544875 0.060464675 0.0326071375 0.05151671875 0.0362466859375 0.040851521875000005 0.0443253859375 0.038616690625 0.0546589359375 0.055724156250000004 0.0790346984375 0.0787804375 0.09613279375 0.090070196875 0.09605867500000001 0.09472555 0.0984375 0.10094892343749999 0.0984375 0.11459699375000001 0.08885155312500001 0.137299575 0.072184603125 0.1657456671875 0.058136673437499994 0.1660659921875 0.04693011875 0.20194810468750002 0.0237851015625 0.23091178124999998 0.003842771875 0.2367823125 0 0.0644458828125 0
15 0.25935561093750004 0 0.23668269375 0.02807988125 0.2122795578125 0.07167178125 0.2205621296875 0.083168384375 0.2398716453125 0.10514248906250001 0.241576234375 0.1296875 0.24219765 0.1296875 0.2514409078125 0.117002546875 0.278645925 0.07173661406250001 0.297585053125 0.0374598765625 0.30721309375 0 0.25935561093750004 0
15 0.308633053125 0 0.304205953125 0.0093346609375 0.2879456375 0.0584560734375 0.2720878890625 0.10299295312500001 0.266903384375 0.124242290625 0.3114792796875 0.14570398906249998 0.322511034375 0.1625 0.32368187812500004 0.1625 0.34513460625 0.11768367500000002 0.3601952671875 0.0671070140625 0.3901446515625 0.020821978125 0.38986514843750003 0.0088878 0.39336053125000003 0 0.308633053125 0
15 0.47855825156250004 0.16323956875 0.34897245312499997 0.1575062671875 0.327132515625 0.16434921875 0.3537877640625 0.1858130609375 0.3801307328125 0.20327460937500003 0.4120446828125 0.22531997499999998 0.4213747234375 0.2359375 0.4727765609375 0.2359375 0.48941326093750004 0.22858535781249997 0.51188580625 0.2145381390625 0.5310797046875 0.1849186234375 0.537373578125 0.17371135625 0.51099783125 0.16418169375 0.47855825156250004 0.16323956875
15 0.55 0.1876553453125 0.5346141078125 0.1842798109375 0.5084442640625 0.21775694843750001 0.47022035000000006 0.23733653906250002 0.4244039796875 0.2375603265625 0.459448771875 0.2844197453125 0.46114532812500003 0.2890625 0.4715085046875 0.2890625 0.48856025000000003 0.255235659375 0.538222315625 0.2792436859375 0.545000996875 0.27007390937500003 0.55 0.27176644843750003 0.55 0.2088049640625 0.5478350562500001 0.20756449843749997 0.55 0.19923446250000001 0.55 0.1876553453125
15 0.55 0 0.39581409375 0 0.3904752109375 0.0172977734375 0.37971972656249997 0.0339632953125 0.3646343359375 0.077263 0.37649114375 0.0858483921875 0.44063937031249995 0.11873257343750002 0.49921661406249995 0.1470329375 0.53950519375 0.165625 0.5414746203125 0.165625 0.55 0.1598286703125 0.55 0
9 0.9924307031249999 0.2890625 0.9953290484374999 0.2677346125 0.996875 0.24171256562500001 0.996875 0.238870334375 0.9920502046875 0.2176910171875 0.9852348843750001 0.2049136015625 0.9758678109375001 0.192589778125 0.9417772171875001 0.17114765468749998 0.9343975265625 0.16960456875000002 0.919270721875 0.170390209375 0.898627053125 0.17643881875 0.880705621875 0.1855245453125 0.8702557359374999 0.1951854015625 0.8644173765625001 0.20383620625 0.8501492125000001 0.2378712421875 0.8332965984375 0.2674172359375 0.8268123421875 0.2890625 0.9924307031249999 0.2890625
0 0.6347046749999999 0 0.6010860765625 0.0104760671875 0.5857163984375 0.0191082 0.58125 0.0234875078125 0.58125 0.025987546875 0.5876967843750001 0.051111414062500006 0.613036075 0.1013256046875 0.6308843546875 0.140595415625 0.6359022375000001 0.156452046875 0.6603167296875 0.20054990468749997 0.6788274671875 0.24341329531250003 0.6837340296875001 0.24986863124999997 0.6942360796875 0.25551965781249997 0.707128921875 0.2578125 0.7443067296875 0.2578125 0.79037599375 0.24699477343749998 0.83745575625 0.226730728125 0.85431460625 0.21298059687499998 0.865453415625 0.1960600921875 0.865625 0.19425198906250002 0.865625 0.18506817343749998 0.8632628515625 0.17684601093750002 0.842862821875 0.1380297921875 0.790210103125 0 0.6347046749999999 0
0 0.55 0.2890625 0.6698529718749999 0.2890625 0.68125 0.2542784125 0.68125 0.2499235734375 0.6700458 0.219369796875 0.6360283609375 0.14957213593750002 0.6168683921875 0.097688553125 0.6117913500000001 0.08774251093749999 0.6010401937500001 0.07414211875 0.591161675 0.051346173437499996 0.5847791765625 0.0445822203125 0.5692981734375 0.043813059375000005 0.5574774390624999 0.046770734375 0.55 0.0516974453125 0.55 0.2890625
0 1 0 0.8816183500000001 0 0.8809575265625 0.0018276078125000002 0.871082953125 0.10588252812500001 0.8793150546875002 0.1248791484375 0.8906959750000001 0.137130484375 0.9124084578125 0.151542140625 0.9207394109375 0.148348334375 0.92467524375 0.1491713140625 0.936318503125 0.16394540468750002 0.9587393750000001 0.1814666640625 0.9764374015625 0.19059668125 0.9965166984374999 0.1957824 1 0.1962671140625 1 0
10 0 0.6027929796875 0.015343632812499999 0.6118684296875 0.056574725000000006 0.6176607000000001 0.0653738703125 0.6207926968749999 0.0739469578125 0.6268997640625 0.08038048125 0.6347349578125 0.10647592187499999 0.6811425 0.1175801734375 0.693582571875 0.1219797453125 0.695148571875 0.124496075 0.6884620015625 0.139359984375 0.6778526375 0.1532220484375 0.6606058625 0.1698110765625 0.6537226578124999 0.1837559125 0.6419939828125 0.205430109375 0.634261371875 0.22192895156249998 0.615350278125 0.2313160875 0.5975291921875 0.23787064687499998 0.5773418515625 0.25462639375 0.5154052734375 0.25625 0.4998254140625 0.25625 0.49594029375000004 0.2538962890625 0.47876195 0.2476511484375 0.468447534375 0.2350929296875 0.45532018125 0.23315717500000002 0.43454387499999997 0.22381571875 0.4253341203125 0.2159510703125 0.40329622187499997 0.1986319359375 0.3735361015625 0.1895993125 0.3668693796875 0.1826383140625 0.36597600625000004 0.172430296875 0.3681706703125 0.16664469531249998 0.3584159109375 0.158259990625 0.3498296234375 0.1491143359375 0.344650434375 0.14069937500000002 0.343069778125 0.1300694953125 0.3442089421875 0.10468873906250001 0.354469934375 0.066169778125 0.346021659375 0.05515571406250001 0.3456094765625 0.036886660937499996 0.35478046406249997 0.019295784375 0.355026253125 0 0.3603371171875 0 0.6027929796875
15 0.372592834375 0.4320532328125 0.3651117828125 0.44461146874999996 0.3612619359375 0.455633015625 0.3574423484375 0.4596489265625 0.34135053437499996 0.4665959421875 0.31680607968749996 0.4724581484375 0.30950599218749997 0.476027375 0.30079703593749996 0.48492326406249997 0.2921405890625 0.5063428859375 0.25872729375 0.6157089359375 0.2555704609375 0.6308248609375 0.25554761875 0.6443402828125 0.2626889953125 0.66928943125 0.29337922031249997 0.7543383312499999 0.33216015468750004 0.8584500593750001 0.3463452984375 0.88981068125 0.3608546953125 0.9036891296875 0.380328815625 0.9116959125000001 0.3913502953125 0.9186178843749999 0.404232178125 0.94730785 0.419592715625 0.9698070859375001 0.43417746562500004 0.982693846875 0.4439230546875 0.9859375 0.4595497625 0.9859375 0.467521065625 0.9799636390625001 0.498734015625 0.9458072265624999 0.525 0.600132984375 0.525 0.56921660625 0.45840647343749996 0.49864199062500003 0.43115789375 0.4806252 0.39148696875 0.434478103125 0.38241666875 0.4283072234375 0.3774822046875 0.42717325468750006 0.372592834375 0.4320532328125
15 0.16764779999999999 1 0.17019699375 0.99758154375 0.180887390625 0.9824311156250001 0.185573540625 0.9670107828125001 0.1890625 0.9210942296875 0.1890625 0.8353756109375 0.1890563890625 0.8352783140625 0.18150056875 0.815783453125 0.165868878125 0.7902453359375 0.09883751874999999 0.661479403125 0.0773071953125 0.6276740625 0.0610424203125 0.6170750875 0.017634090625 0.6135067921875 0 0.602715303125 0 0.9890156421875 0.004142334375 0.989287796875 0.013161573437499999 1 0.16764779999999999 1
7 0.275401 0.7294795203125 0.27088097968749997 0.7228912640625 0.26208183281249997 0.7197592625 0.25924183749999996 0.7108832234375 0.247911525 0.7014182171875001 0.23838910468750002 0.7011974703125 0.19840075625 0.7120871265625001 0.19044533125000002 0.7110661281249999 0.1878388140625 0.7057248140625 0.19330075156249998 0.6999169578125 0.194250084375 0.6940306406250001 0.1904984328125 0.690545075 0.1729378140625 0.68378523125 0.1712126953125 0.6800590718749999 0.1713936609375 0.6710700624999999 0.1669940875 0.6695040609375 0.158744665625 0.67895960625 0.1567329703125 0.692219778125 0.162126384375 0.7269581921875 0.16833384843750002 0.737768453125 0.161312334375 0.7508863453125 0.1585921984375 0.78007735 0.18062715468749999 0.8204562921874998 0.188296003125 0.838463621875 0.205065409375 0.8556362 0.21677248750000003 0.860142759375 0.22671676718749997 0.8614190078124999 0.23983271718750002 0.8605989046874999 0.254779396875 0.85550764375 0.26357854375 0.8586396437499999 0.299524175 0.8625 0.316237728125 0.8625 0.3293164125 0.8590655515625001 0.3296875 0.8582842187499999 0.3296875 0.8513696203125001 0.29873179843750003 0.76601933125 0.2941741 0.7599269203125 0.2864824125 0.7554350140625 0.2767190953125 0.7451697546875 0.27479817500000003 0.7374130296875 0.275401 0.7294795203125
5 0.3497495765625 0.36498904374999996 0.32237254375 0.3684849984375 0.2992141203125 0.3825359609375 0.2632634140625 0.4129696375 0.2335127546875 0.44770378437499997 0.2328125 0.45271341875 0.2328125 0.45671675 0.23406248125 0.46029133125 0.252135146875 0.48013456562499995 0.25517094375 0.4930411734374999 0.25366387968750004 0.5128749453125 0.24493949843750001 0.5417960468749999 0.23931143281249997 0.5696124859375 0.2475756890625 0.5731765187500001 0.2708312234375 0.578125 0.27136120468749997 0.578125 0.275223875 0.57271944375 0.2945787203125 0.50961439375 0.30552543593750003 0.48448326406250003 0.31828745625 0.47510618749999994 0.359420940625 0.46236077968749995 0.3734375 0.43617444375000003 0.3734375 0.4031843234375 0.3713175765625 0.39829854375 0.363008228125 0.388720565625 0.36016823124999997 0.379844525 0.35155746718750003 0.374233303125 0.3520472640625 0.36778732812500003 0.3497495765625 0.36498904374999996
7 0 0.47383647812500007 0.00387444375 0.4809363765625 0.0052975640625 0.5216740812499999 0.0086347734375 0.530613934375 0.0158743421875 0.5410559734375 0.022631534375 0.564453778125 0.027806892187499998 0.5756322578124999 0.031151518750000003 0.5910819 0.0325900625 0.61179439375 0.0373738203125 0.6149117374999999 0.060742879687499994 0.6179109171875 0.073256003125 0.6250243265625001 0.0852411546875 0.6265625 0.1150448140625 0.6265625 0.1241528015625 0.6225441765624999 0.12566728437500002 0.6092201906250001 0.1177797953125 0.6006977156250001 0.112823078125 0.58003438125 0.115151025 0.575827034375 0.121803190625 0.5741773703125 0.13192101875 0.55995481875 0.1350550109375 0.558354315625 0.1439295109375 0.5604946249999999 0.1480956046875 0.5585259031250001 0.1614981296875 0.5407194703125 0.1734375 0.49766636093750005 0.1734375 0.483457828125 0.1715491984375 0.46790881874999996 0.1678728984375 0.4634315640625 0.1537551046875 0.45761425156249996 0.131990715625 0.4533189765625 0.12127806562500001 0.4489400375 0.09936297031249999 0.44662813906250004 0.0687994359375 0.4392008625 0.0470276296875 0.428395796875 0.0220841546875 0.4196870796875 0.014580850000000001 0.41271595000000005 0.011024996875 0.4132609515625 0 0.42109156875 0 0.47383647812500007
6 0.55 0.43963502187500003 0.565074665625 0.46213483593750004 0.5927355875 0.49390339531249994 0.611265040625 0.536850275 0.6177889999999999 0.5586107703125001 0.6281523 0.5668139765625 0.670230959375 0.6130275703125 0.7328659140625 0.686020665625 0.7390800750000001 0.6894585875 0.7476063609375 0.690625 0.78006979375 0.690625 0.7929924093749999 0.690078503125 0.81845466875 0.671234375 0.8379428234375 0.6529270703125001 0.8439609718749999 0.6439858828125 0.8453125 0.6355709015625 0.8453125 0.63297979375 0.8413460953125 0.623015928125 0.841788021875 0.6161253984374999 0.8284376671875 0.6081906015625 0.818598515625 0.599532509375 0.719227690625 0.48963261718749995 0.6910301484375 0.46623113125 0.68106473125 0.45954176249999995 0.6565428359375 0.448288271875 0.636832965625 0.43146426875 0.6278967515625 0.416445121875 0.6209749078125 0.39317078906249997 0.6117546 0.38258126875 0.5993894109375 0.37472106250000004 0.5650474515624999 0.3622294859375 0.55 0.3504067890625 0.55 0.43963502187500003
6 0.9501391015625 0.7292787609375 0.9552792625000001 0.7108742546875 0.9575777234375 0.698189440625 0.960462709375 0.6454888046875 0.9649774109374999 0.6136835296875001 0.9766025968750001 0.56362293125 0.9847349171875 0.48312905781249993 0.9876081828124998 0.4769171859375 0.9886498625 0.46067521874999995 0.9918703546875001 0.4490493578125 0.9856180109375 0.430771421875 0.9815320062499999 0.4250217765625 0.9743958124999998 0.4205249015625 0.9607613640625001 0.41701973125 0.945983921875 0.415900875 0.9396310218749999 0.4223438625 0.93631583125 0.4354462671875 0.9235219453125 0.4651409796875 0.9203205437499999 0.48418684843750004 0.891796375 0.5507725078125001 0.871323815625 0.6075818 0.8596853984375 0.6269780109375 0.8317352796874999 0.661460034375 0.82651289375 0.6734288968750001 0.8255218703124999 0.6965986875 0.8289890328125 0.7042797609375 0.8337570156249999 0.7071136171875 0.8491848687499999 0.705808865625 0.85441386875 0.709172196875 0.8627312343749999 0.726122771875 0.8661227859375 0.7427003953125 0.869394690625 0.776578934375 0.869616409375 0.8117102421875 0.8655443890625 0.8752015609375 0.86174323125 0.9035988640625 0.863265178125 0.90625 0.8661571515625 0.90625 0.8795392937500001 0.90395713125 0.886719528125 0.9000496375000001 0.8914368546875 0.8959556671875 0.90261425625 0.87602998125 0.9386144734374999 0.7546184390625 0.9501391015625 0.7292787609375
6 0.7478600796875 0.4557995640625 0.7247087546875 0.4540466890625 0.7020059703125 0.460735478125 0.6958108984375 0.4647175609375 0.6960509515625001 0.468692303125 0.699707509375 0.47342029218750004 0.7133294828125 0.4848376484375 0.7407694390625 0.5200514734375 0.7664409437499999 0.5442508453125 0.8213649000000001 0.606274125 0.836464615625 0.61780336875 0.844743803125 0.6199139312499999 0.8467874015625 0.621875 0.8547238343749999 0.621875 0.8591549265625 0.6190267687500001 0.8671624921875001 0.6176547703124999 0.873212209375 0.6082214031250001 0.8979535562500001 0.5388764765625 0.9234375 0.48170508125 0.9234375 0.476725634375 0.9163229140624999 0.46855453125 0.9093129843749999 0.4620889359375 0.8920851125 0.45287141406250003 0.85862114375 0.44984315781250006 0.817137134375 0.4560990875 0.7478600796875 0.4557995640625
6 0.55 0.8686345140625 0.5827793234375 0.882780434375 0.6672552640625 0.8970895625 0.8295167156249998 0.909375 0.857096275 0.909375 0.8610562390625001 0.9043444171874999 0.8654512890625 0.8898400625 0.86875 0.8449843874999999 0.86875 0.8298873328124999 0.8674201046875 0.8128360921875 0.8684933499999999 0.7961019453125 0.8644888125 0.7582113703125 0.865688321875 0.7395085015625 0.8596253765625 0.71827748125 0.8566192312500001 0.711125884375 0.8533289921874999 0.7084039140625 0.8271590468750001 0.7074116296875 0.8027949812500002 0.69369723125 0.7861734765625 0.6904604734374999 0.6688950671875 0.689988575 0.6529430671875 0.691748215625 0.584619609375 0.6920154609375 0.57109895 0.6944537546875 0.55 0.7021415671875 0.55 0.8686345140625
6 0.5923965234375 0.5652160453125 0.581452559375 0.5737842796875 0.5768805875 0.5833295328125001 0.5749991015625 0.6049481906249999 0.5703830875 0.6228978109375 0.5681352828125 0.6425104515625 0.5638855875 0.662466090625 0.55912421875 0.6749644296875 0.5586382515625 0.690259328125 0.5628820875 0.693548071875 0.565549078125 0.69375 0.5926813296875 0.69375 0.6279784375 0.689574490625 0.6336177953125001 0.6865394734375 0.6377603171875 0.6759725624999999 0.6375261265625001 0.648753440625 0.6421875 0.6373298000000001 0.6421875 0.6241883171875 0.638857759375 0.60483746875 0.6380869453125 0.5859854171875 0.6320746546875 0.5716822234375 0.6138616171875 0.5623901124999999 0.602039665625 0.5614950265624999 0.5923965234375 0.5652160453125
6 0.55 0.70307825 0.5567286250000001 0.6996463515625 0.5630815296875 0.6932033625 0.5786216609375 0.620688925 0.5855985109375 0.5504935515625 0.5877266671875 0.5481818296875 0.5940039609375 0.550635390625 0.599131646875 0.5401430703125 0.6019924375000001 0.541843384375 0.6032367437499999 0.5533127234374999 0.6069248640625 0.5575485312499999 0.612741146875 0.5594726156250001 0.6140625 0.555561496875 0.6140625 0.5458347859374999 0.612285990625 0.5356987562500001 0.6064821874999999 0.5258624859375 0.5959037859375 0.4978601625 0.5692280281250001 0.4661661953125 0.55 0.4400029390625 0.55 0.70307825