17 0.3999060921875 0.56875 0.39573931406249996 0.4719106125 0.3660570984375 0.28493002500000003 0.362438965625 0.19746676875 0.3537918140625 0.16861918125 0.3351788359375 0.1612744109375 0.24429099375000002 0.16502211875 0.14592148124999998 0.1578125 0.1043592609375 0.1578125 0.0767433984375 0.1589512234375 0.06803483125000001 0.1658001265625 0.07011985312499999 0.2176326390625 0.093126815625 0.56875 0.3999060921875 0.56875
17 0 0.3934207984375 0.016187282812500002 0.396875 0.0434938765625 0.396875 0.0839892921875 0.3373741421875 0.07320581875 0.1607501953125 0.1015625 0.15958245625 0.1015625 0.1440518921875 0.06303125000000001 0.132194421875 0.011914359375 0.1310800171875 0 0.12843561718750002 0 0.3934207984375
17 0.3046875 0.164822353125 0.3381261828125 0.166627184375 0.34193821562500004 0.1712702484375 0.3602051625 0.319289196875 0.378411434375 0.336140903125 0.381308503125 0.3696147234375 0.39393107031249996 0.3734375 0.40594912031249997 0.3734375 0.44336875 0.28549667031250003 0.4890625 0.11889775312499999 0.4890625 0.10474339531250002 0.4625819015625 0.09595484531250001 0.36234047187499996 0.08565581718750001 0.3259583640625 0.07594562031249999 0.3102526625 0.11337914375 0.3046875 0.16225736875000002 0.3046875 0.164822353125
17 0.2546875 0.1609375 0.2546875 0.041974796875 0.2246920765625 0.0319247921875 0.16941078437499998 0.025847082812499998 0.1638226796875 0.021062271875 0.1651777203125 0.0140625 0.10064844531249999 0.0140625 0.06920345 0.066762146875 0.07870623125000001 0.138257671875 0.097869978125 0.1458258640625 0.10314234687499998 0.1606545453125 0.1037916375 0.1609375 0.2546875 0.1609375
17 0.28813895 0 0.2765625 0.1289960671875 0.2765625 0.1340044796875 0.2773699515625 0.150086453125 0.282567228125 0.153125 0.3067644046875 0.153125 0.3112156765625 0.10679288281249999 0.322719634375 0.074092825 0.3660710796875 0.0787393953125 0.39431610625 0.0888459484375 0.425800409375 0.0875401265625 0.43718330468750005 0.0419559203125 0.4343074140625 0.0082411203125 0.4375 0.0019674390625 0.4375 0 0.28813895 0
17 0.559375 0.117757921875 0.54520105625 0.0125 0.469473528125 0.0125 0.46940459843750004 0.01253995 0.451912553125 0.0906755640625 0.488093875 0.1023801953125 0.4906152078125 0.1088666953125 0.47709442187500006 0.130832340625 0.47331231875 0.1639324015625 0.4421875 0.26561975000000004 0.4421875 0.288980121875 0.4701579234375 0.2921875 0.5419133281249999 0.2921875 0.5557286296874999 0.274239065625 0.559375 0.2663341796875 0.559375 0.117757921875
17 0.1046875 0 0.1046875 0.017965646874999998 0.231264715625 0.0419005640625 0.2457920984375 0.0530251515625 0.24576436875000002 0.1078125 0.25482600624999996 0.1078125 0.259375 0.054055190625000006 0.259375 0 0.1046875 0
17 0 0 0 0.036569590624999995 0.0226010078125 0.0409529796875 0.036173803125 0.070970875 0.0494720140625 0.1347945625 0.06509371093750001 0.1375 0.08709539375 0.1375 0.0889097953125 0.047882078125 0.1118159953125 0.01636424375 0.11875 0.015054351562500002 0.11875 0 0 0
17 0.2539888953125 0 0.245005128125 0.164833721875 0.2501207671875 0.165625 0.278121765625 0.165625 0.291136984375 0 0.2539888953125 0
17 0.43644949843749997 0 0.43259130468749996 0.00945986875 0.435709675 0.0448246828125 0.427821696875 0.0935486921875 0.42902981562500003 0.09375 0.45991212499999995 0.09375 0.476371971875 0.014112709374999999 0.5344608546875 0.018177137500000003 0.5375 0.0069242968749999995 0.5375 0 0.43644949843749997 0
3 0.559375 0.5300518640625 0.5621346328125 0.52878899375 0.5713343609375 0.5201797734375 0.6262956828124999 0.5252305546875 0.6844934874999999 0.5274224671875001 0.7209512140625 0.52515690625 0.777698853125 0.5083489125 0.7828125 0.5053863171875 0.7828125 0.49540482812500003 0.760669609375 0.458202728125 0.71911415 0.40750875937500003 0.681874003125 0.3530029703125 0.6617768234375 0.33791959375 0.639794209375 0.3288475671875 0.6214143921875 0.328182178125 0.6001000000000001 0.3339719984375 0.5892226578125 0.34502885625 0.5820965499999999 0.3619468359375 0.583284553125 0.394216028125 0.5949790328125 0.448108784375 0.6002644734375 0.4627551453125 0.615269421875 0.4861996390625 0.6150616046875 0.48976335468750004 0.6118844984375 0.491604015625 0.5913173375 0.4933536390625 0.5668852140625 0.4999659109375 0.559375 0.50334036875 0.559375 0.5300518640625
3 0.559375 0.3047395609375 0.56411874375 0.30846293125 0.5656699515625 0.31674051406250003 0.577386878125 0.3159634421875 0.5897027234375 0.32238030625 0.5908366796875 0.3290976859375 0.5960153640625 0.33607610781249997 0.6210837781249999 0.3325830875 0.6352403171875001 0.3334967390625 0.6462749703124999 0.3357421828125 0.6586497125 0.3411406671875 0.6771848687500001 0.35409202500000003 0.6963828249999999 0.381907821875 0.7017864140625 0.3875 0.8115608953125001 0.3875 0.8194474875000001 0.386272684375 0.8669924828125 0.37145299062500003 0.8841825671875 0.372562428125 0.8936660140624999 0.3665302875 0.898893615625 0.3551125625 0.9144980609375001 0.33976472343749997 0.9228425625 0.318326325 0.9371553671875 0.22878681093750003 0.9390625 0.20800407187499997 0.9390625 0.115160790625 0.8545225265624999 0.14832325 0.7815213140624999 0.1645665671875 0.7020701984375 0.18703780781249998 0.6704340921874999 0.198795515625 0.6354110703125 0.21646773437500003 0.604633921875 0.2221477765625 0.593388153125 0.2147777890625 0.582441840625 0.21100477031249998 0.562277109375 0.20868116875 0.559375 0.20916189375 0.559375 0.3047395609375
3 0.559375 0.24043604531249999 0.645362540625 0.21723777968750002 0.6685122124999999 0.20343249062500002 0.7105619578125 0.1877840109375 0.773653815625 0.1683908859375 0.828125 0.1563351875 0.828125 0.1196070078125 0.821682084375 0.0934791734375 0.8069576765625 0.05837480625 0.7971462375 0.026135501562500003 0.7914890859374999 0.0234375 0.7740442546875 0.0234375 0.7291019546874999 0.0258372984375 0.70401158125 0.0293215578125 0.6373774890625 0.04848684375 0.599906525 0.055253254687499996 0.559375 0.065890071875 0.559375 0.24043604531249999
15 0.20411805 0.7122406109374999 0.2032923640625 0.806934025 0.20156499062500002 0.8273256703125 0.198552325 0.8319603062500001 0.1857191125 0.8393141546875 0.1778510921875 0.8379265515625001 0.1765652515625 0.8175883171875 0.1666851359375 0.78874899375 0.1637817546875 0.7740387156249999 0.165061021875 0.73940229375 0.1643353140625 0.736870028125 0.1593690296875 0.7364490390625 0.148377409375 0.7452973171874999 0.123825775 0.749804740625 0.115903109375 0.7580895937500001 0.1156807 0.7647108703125001 0.12165138906249999 0.7651140546875 0.12901885156249998 0.780254228125 0.1436401078125 0.793229709375 0.14743641093749998 0.8089422109375001 0.14286249374999999 0.8232760078125001 0.14788506562499998 0.82776820625 0.145765325 0.8334050656249999 0.1392929796875 0.837592003125 0.1276860359375 0.8337255484374999 0.1185912015625 0.8389770249999999 0.107877728125 0.840694015625 0.06915075625 0.82814584375 0.064910178125 0.8302571171875 0.0536398625 0.8416554671875 0.0434296890625 0.852525996875 0.0396918625 0.859209590625 0.17807813125 0.9125 0.2459510625 0.9125 0.2520180546875 0.9068573703125 0.2600516515625 0.89297126875 0.3296875 0.674856665625 0.3296875 0.62285495 0.323463521875 0.61544625 0.3173808046875 0.61148186875 0.295897028125 0.6062634203125 0.24318894218749998 0.6 0.23969598125 0.6 0.2376409921875 0.60271486875 0.22599145312500002 0.7093077421875 0.22236510625 0.7149713078125 0.20863732499999998 0.70757926875 0.20495468906249997 0.7091716265625 0.20411805 0.7122406109374999
13 0.05130219375 0.9023195312500001 0.0885840578125 0.9125388687499999 0.0979889984375 0.9171875 0.1154661390625 0.9171875 0.1200166375 0.9114572640624999 0.121875 0.903924209375 0.121875 0.8841964625 0.040556290625000005 0.8522231234375 0.0312785046875 0.8539446765625 0.02638685 0.8571429734375 0.01497465 0.8786035890624999 0.029483862500000003 0.8938969140624999 0.05130219375 0.9023195312500001
13 0.2046875 0.9143553359375 0.12752147187500001 0.8875 0.1265017609375 0.8875 0.1296759421875 0.9078738187500001 0.1298384625 0.9453125 0.1362135765625 0.9453125 0.15373883125 0.939418375 0.2046875 0.9161534640625 0.2046875 0.9143553359375
18 0.1707440875 0.811712709375 0.1764244375 0.8297269484375001 0.176424521875 0.834375 0.190887021875 0.834375 0.1999230078125 0.8258759625 0.2 0.824545521875 0.2 0.6034105671875001 0.1642680328125 0.6739543109375 0.1636873234375 0.6750997453125 0.160672471875 0.7440123515625 0.1593903890625 0.7686896125 0.16076481874999998 0.7813805796875 0.1707440875 0.811712709375
18 0.2081986234375 0.56875 0.20724005937499998 0.583318375 0.201583165625 0.59264088125 0.2018783875 0.7063318328125 0.2145931734375 0.7140625 0.223470503125 0.7140625 0.2240116140625 0.7122759546874999 0.22544594375 0.6993859046875001 0.2358507859375 0.6102495625 0.24087133125000001 0.56875 0.2081986234375 0.56875
18 0.041116968749999996 0.56875 0.020214657812500002 0.5785446125 0 0.5883341625 0 0.615997425 0.017088456250000002 0.610549778125 0.0602235296875 0.5971074984375 0.0928174546875 0.5969151390625 0.13831371718750002 0.5792046984375 0.1602294671875 0.56875 0.041116968749999996 0.56875
18 0.18066130625000001 0.56875 0.167381109375 0.5910064375 0.125313321875 0.6799620703125 0.10171803906250002 0.7238795875 0.1127416609375 0.73758246875 0.1056808390625 0.74977793125 0.09491168125 0.7624935484375 0.0836596234375 0.7569948609375 0.043132784375 0.8177493468750001 0.022661371875 0.84794545625 0.01875 0.8547233249999999 0.01875 0.85625 0.041813621875 0.85625 0.07910231875 0.8143542609375001 0.12053551874999999 0.7475046953125 0.144969140625 0.7104060859375 0.17273388437499998 0.6659249875000001 0.198415665625 0.61145765625 0.2078125 0.5926079625 0.2078125 0.56875 0.18066130625000001 0.56875
18 0 0.690763325 0.0828296140625 0.75625 0.1003922515625 0.75625 0.1109375 0.7423945671875 0.1109375 0.7357169421875 0.09636197656249999 0.7195531609375 0.015370196875 0.639872928125 0 0.6483943890624999 0 0.690763325
18 0 0.652272446875 0.031240256249999997 0.6376990453125 0.0393975546875 0.6362706546875 0.0828125 0.5994330875 0.0828125 0.5958821390625 0.0447045421875 0.60275455 0 0.61963730625 0 0.652272446875
18 0.11409394843750001 0.694714315625 0.11423028125000001 0.6953125 0.11855170781249999 0.6953125 0.140625 0.6510478796875 0.140625 0.5830414984375001 0.10132904218750001 0.5938069828125 0.09482329687499999 0.5986642375 0.11152637031249998 0.684623878125 0.11268496875 0.6907226015625 0.11550275624999999 0.692134696875 0.11409394843750001 0.694714315625
18 0 0.7556368515624999 0.0123620140625 0.771831721875 0.024240078125 0.7921875 0.031003246875 0.7921875 0.035158918750000004 0.7762384 0.040063889062500004 0.782096303125 0.065625 0.779574015625 0.065625 0.7629533859375 0.06486540625000001 0.7578732203125 0.055733928125 0.7348209640625 0.039137296875 0.7192625453125 0.003352834375 0.6890412265625 0 0.6866393375 0 0.7556368515624999
6 0.559375 0.9044194156250001 0.5719387640625 0.8989449281249999 0.5847039890625 0.8886732984375 0.6143198328125 0.8732744453125001 0.640147871875 0.8563755640625 0.6685659515625 0.8444358187500001 0.6885114171875 0.828869521875 0.7052621359375 0.8242452796874999 0.7478408921875 0.8027221578124999 0.77107359375 0.7937474515625 0.8081693859375001 0.771544990625 0.860022090625 0.744471253125 0.89452678125 0.71988631875 0.9663238906250001 0.6798229453125 0.9953125 0.652114628125 0.9953125 0.60971838125 0.689878246875 0.571875 0.6676467765625 0.571875 0.6409551718750001 0.5900352671875 0.627291890625 0.6022570593750001 0.5856101328125 0.624406678125 0.570851103125 0.6344312765625 0.559375 0.639408321875 0.559375 0.9044194156250001
6 1 0.65625 0.986257271875 0.65625 0.978461790625 0.6610594671875 0.9631082218749999 0.6767377921875 0.9387849375 0.6938866796875 0.9171547906249999 0.7051629078125 0.902005184375 0.7094857625 0.8826676640625 0.7194953 0.8644244046875 0.7342967843749999 0.84698005625 0.745059178125 0.79574550625 0.77179260625 0.7457050828125 0.8028130953125 0.714408290625 0.81392124375 0.69716366875 0.8236738640624999 0.676232565625 0.8314158859375 0.6620763015625 0.8436219984375001 0.6343671843750001 0.85465920625 0.559375 0.8981994468749999 0.559375 1 0.8181842203125 1 0.908985425 0.94262696875 0.994929471875 0.87978831875 0.9971147140625 0.8687402390625 1 0.83051595625 1 0.65625