2 0.27291666718749996 0.2598958328125 0.2776041671875 0.240625 0.278125 0.22395833281250002 0.275 0.2078125 0.2692708328125 0.1942708328125 0.2588541671875 0.18072916562500002 0.2442708328125 0.16875 0.228125 0.1625 0.209375 0.161979165625 0.1828125 0.168229165625 0.1682291671875 0.176041665625 0.1541666671875 0.18802083281249998 0.14791666718750002 0.20052083281250002 0.1364583328125 0.209375 0.13125 0.21875 0.125 0.24791666562499998 0.1265625 0.277604165625 0.13333333281249998 0.2942708328125 0.15 0.307291665625 0.15625 0.30572916562499997 0.1598958328125 0.2802083328125 0.1682291671875 0.261979165625 0.1776041671875 0.2609375 0.1828125 0.2625 0.1885416671875 0.26666666562499997 0.1911458328125 0.271875 0.1916666671875 0.2864583328125 0.1833333328125 0.3109375 0.1833333328125 0.315625 0.1947172546875 0.315625 0.2166666671875 0.31302083281250004 0.228125 0.308854165625 0.2390625 0.301041665625 0.2484375 0.29739583281250004 0.2604166671875 0.2828125 0.27291666718749996 0.2598958328125
18 0 0.37395833125 0.00078125 0.3789062484375 0.012239584375 0.3966145828125 0.0236979171875 0.3955729171875 0.06171875 0.3773437484375 0.08203125 0.3835937484375 0.0908854171875 0.3934895828125 0.09453125 0.39505208281250004 0.0986979171875 0.3924479171875 0.1049479171875 0.3799479171875 0.11432291718750001 0.3700520828125 0.12109375 0.365885415625 0.12786458437499998 0.35598958281250004 0.12265625 0.350260415625 0.12838541718750002 0.34869791562499997 0.1393229171875 0.33828125 0.1408854171875 0.326822915625 0.1484375 0.3136067703125 0.1484375 0.3068464375 0.1330729171875 0.29296875 0.1268229171875 0.28203125 0.1236979171875 0.250260415625 0.1205729171875 0.24244791562499998 0.11119791718750001 0.23046875 0.10286458437499998 0.2247395828125 0.084114584375 0.20546875 0.084114584375 0.18984375 0.09296875 0.1695312484375 0.09296875 0.15494791562500002 0.08828125 0.15286458281249998 0.070052084375 0.1539062484375 0.04921875 0.1622395828125 0.038802084375000004 0.1632812484375 0.01796875 0.15078124843750002 0.006510417187500001 0.1492187484375 0.0002604171875 0.15078124843750002 0 0.1510091140625 0 0.37395833125
2 0.253125 0.295052084375 0.2375 0.304427084375 0.219791665625 0.31796875 0.213541665625 0.3268229171875 0.21458333281250003 0.32890625 0.21875 0.32890625 0.23125 0.321614584375 0.243229165625 0.32109375 0.240625 0.33515625 0.23125 0.3611979171875 0.23333333281250002 0.36796875 0.2734375 0.34296875 0.277604165625 0.34296875 0.2723958328125 0.35078125 0.265104165625 0.371614584375 0.2578125 0.384114584375 0.2536458328125 0.40026041718750005 0.2625 0.396614584375 0.280729165625 0.382552084375 0.2890625 0.37890625 0.294791665625 0.3799479171875 0.29375 0.388802084375 0.29791666562499997 0.40078125 0.301197915625 0.403125 0.30429687968749997 0.403125 0.3125 0.40234375 0.3348958328125 0.39453125 0.340104165625 0.3877604171875 0.343229165625 0.3768229171875 0.3453125 0.35494790625 0.3453125 0.334540721875 0.340104165625 0.32317708437500003 0.32916666562499997 0.3127604171875 0.3067708328125 0.29921875 0.2880208328125 0.293489584375 0.2645833328125 0.29296875 0.253125 0.295052084375
0 0.668649459375 0.1548482234375 0.681867409375 0.1610504921875 0.79486645 0.171875 0.8049034921875 0.171875 0.8437146921875 0.1639766015625 0.8484375 0.1581515953125 0.8484375 0.0710587625 0.8335134437499999 0.06576478125 0.8202763203125001 0.0232319421875 0.8185726796875 0.0218708671875 0.682967103125 0.039272698437499996 0.6663194703124999 0.1282923734375 0.668649459375 0.1548482234375
6 0.7554829328125 0.45 0.7738776828124999 0.43068959375000004 0.7819065953125 0.4138623 0.78597999375 0.38806441875000003 0.7803797828125 0.36034852968750003 0.7709802874999999 0.3615547375 0.7066325234375 0.404565615625 0.6411882906249999 0.4350796234375 0.6339036109375 0.44233323281250003 0.6424218140625 0.44913860312500004 0.6450525421875 0.45 0.7554829328125 0.45
17 0.6189376624999999 0.45 0.62164506875 0.44706572656250004 0.72161305625 0.394744728125 0.9761450671875 0.22622749999999997 0.9784558859375 0.2164527765625 0.94784929375 0.17456920781250002 0.9393900328125 0.1503796046875 0.8163153093750001 0.174071878125 0.7845135421875 0.1907904734375 0.4890625 0.395990396875 0.4890625 0.4368169953125 0.5072924921874999 0.45 0.6189376624999999 0.45
17 0.8503689484375 0.1649627921875 0.88967056875 0.1614990375 0.93441616875 0.14785849375 0.9434826046874999 0.1609123 0.9481823546874999 0.160309196875 0.9551929156250001 0.14993137031249998 0.9520214046875001 0.0776722953125 0.9590319656249999 0.067294471875 0.9727008609375 0.024468262499999997 0.974894325 0.0020710218749999997 0.8210755093750001 0.0218101015625 0.8354679515625 0.0673540765625 0.85181906875 0.0731542734375 0.8503689484375 0.1649627921875
12 0.5042309203124999 0.354713709375 0.5138455890625 0.3740159515625 0.5681866859375 0.3433470765625 0.657521653125 0.27817330625 0.683370975 0.2116682640625 0.7122355765625 0.1795296125 0.7095725265625 0.167233778125 0.6711522000000001 0.162685953125 0.6667073953125 0.1300827046875 0.638371853125 0.132139215625 0.6032998625 0.147697771875 0.5802314749999999 0.19173018749999998 0.5455117171875 0.229359303125 0.5335464640625001 0.273546584375 0.504563978125 0.3404536984375 0.5042309203124999 0.354713709375
12 0.4890625 0.2539799171875 0.4937555546875 0.253377671875 0.52283533125 0.24174747343749997 0.5513668734375 0.22386883750000003 0.5816609984375 0.1899670453125 0.5977188250000001 0.1563124546875 0.60437715625 0.123864071875 0.6010877578125 0.0863734578125 0.586405371875 0.051924570312499994 0.4890625 0.064416271875 0.4890625 0.2539799171875
12 1 0.0373309453125 0.9870152749999999 0.0431674015625 0.9582877328125001 0.07686815625 0.9520995203125 0.0966186359375 0.95914843125 0.15890195468749999 0.9894219625 0.2150455359375 1 0.22349655156249998 1 0.0373309453125
12 1 0.2658180921875 0.9892451343750001 0.267198228125 0.9804528140625 0.257268640625 0.9694867375000001 0.2586758828125 0.92754124375 0.2861743734375 0.9149496421875 0.3051668796875 0.9133241156250002 0.322752146875 1 0.443615584375 1 0.2658180921875
12 0.9758266234375 0.45 0.9692893171874999 0.4008739515625 0.899146759375 0.3056151171875 0.8671298203125 0.3018252640625 0.7801056671875 0.3572243125 0.7845504703125 0.3898275625 0.775581325 0.43205066875 0.789484565625 0.44606347968750004 0.7989755015625001 0.45 0.9758266234375 0.45
12 0 1 0.1235185625 1 0.13391078125 0.9761531890625001 0.1334117640625 0.9603126781250001 0.1283728296875 0.94733268125 0.0952735109375 0.8927982343749999 0.0611116375 0.8447324859374999 0.020365257812500002 0.8037151109374999 0.014843307812500001 0.80429478125 0.0017386890624999998 0.8191794078125 0 0.819737103125 0 1
4 0.4890625 0.5813262484375 0.4885337234375 0.5813817578125 0.4590886921875 0.5812941890625 0.4024525203125 0.569757421875 0.3881244296875 0.569672234375 0.35508924375 0.5938008874999999 0.3318100953125 0.6010124984375 0.303057259375 0.6191290984375 0.28299790625 0.6267973546875 0.28351305312499997 0.633100434375 0.2774598234375 0.6369144578125 0.2810659765625 0.6420984125 0.3234545796875 0.6448004453125 0.3469107765625 0.64948991875 0.41690913749999997 0.6492936 0.43293726718750003 0.6546875 0.45100686406249996 0.6546875 0.459297740625 0.6519956328125 0.462131175 0.6477249656249999 0.475606021875 0.6471050796875 0.4783106703125 0.64125864375 0.4890625 0.6394495671875 0.4890625 0.5813262484375
8 0.4890625 1 0.4890625 0.9110512328125001 0.4809526 0.9063887312500001 0.4227387328125 0.8950175843749999 0.331682984375 0.8712011375 0.290678903125 0.8659698296875 0.252250684375 0.853316315625 0.222483684375 0.849289321875 0.18901387812499998 0.85836535 0.16678115 0.8686456937500001 0.144467903125 0.8876755812500001 0.1171639796875 0.9040507906249999 0.1092593484375 0.914416321875 0.131652859375 0.9645121046875001 0.13208748125 0.97956473125 0.1226338203125 1 0.4890625 1
1 0 0.7217224046874999 0.048658337499999996 0.7451517359375 0.0837551875 0.7690592546875 0.0916073671875 0.7806512921875 0.10496405625 0.7751103890625 0.12539036875 0.7715865328125 0.13863526406249999 0.7646777734375 0.140367534375 0.7520796031250001 0.142211596875 0.7408492875 0.1457602484375 0.7335788078125 0.164286065625 0.7068013984375 0.17183054375 0.6977318625000001 0.2047191953125 0.6777242546875 0.2112298484375 0.6729020218749999 0.2347576390625 0.6566362609375 0.2636504609375 0.6384277078125 0.27848815312499997 0.6341109296875 0.3038323234375 0.6231728578125 0.3233642859375 0.6087061546875 0.362763590625 0.5838763124999999 0.379780725 0.5724327859375 0.40453824687499995 0.5712134421874999 0.3907391328125 0.5340334437500001 0.18582924375 0.6493562234375 0.12418724375000001 0.67238223125 0 0.7190706421874999 0 0.7217224046874999
11 0.4890625 0.7857760203125 0.4720510359375 0.721399690625 0.464450121875 0.6959853593750001 0.4510646796875 0.6504843906250001 0.4121679140625 0.6476696453125 0.40121425468750005 0.6488195125 0.38615297656249997 0.6504005796875 0.37349473125 0.6475906109375 0.3553596578125 0.6453555765625 0.3388173765625 0.6457125234375 0.3125788546875 0.6457077453125 0.29125819062499997 0.6382887515625 0.2783486765625 0.6493010796875 0.27376619999999996 0.6608188609375001 0.2803609671875 0.6739224875 0.2828481140625 0.6874573140625 0.282932228125 0.7053831765625 0.27846154218749997 0.7182688125000001 0.27477341875 0.74072944375 0.2819271546875 0.76067235 0.3038067875 0.7749306218750001 0.31291638125 0.78501106875 0.3190639734375 0.792643271875 0.3259941234375 0.8098504671875 0.33474065625 0.8323853515625 0.34088824375 0.8400175546875 0.3544408421875 0.8537703703125 0.3604766390625 0.8600347171875 0.37495126875 0.868172375 0.39993237812500004 0.8696887421875001 0.40814762031249996 0.8688263421875 0.42720472656249997 0.8654462171875 0.454750259375 0.8715609718749999 0.45525963125 0.8707786859375 0.4555043125 0.8709809265625001 0.4832581046875 0.8416272875 0.4890625 0.831020978125 0.4890625 0.7857760203125
11 0.0775799125 0.7779850578125 0.066486784375 0.7943250734375 0.056651065625 0.8091535000000001 0.0541085578125 0.8287346859374999 0.07062315625 0.8449357453124999 0.08750081875 0.8486823687499999 0.10186365312500001 0.8554521718749999 0.11474548437500001 0.8609978500000001 0.1326569734375 0.8604971734374999 0.14553880624999999 0.866042853125 0.1585324328125 0.872956390625 0.1866150171875 0.861730853125 0.1900518765625 0.853092515625 0.2001111828125 0.8409998015625 0.2003624484375 0.82717750625 0.1857760296875 0.81767199375 0.156240121875 0.8111154031249999 0.14313470156250002 0.8028340093749999 0.1292190421875 0.8015356312499999 0.11373826875 0.78108726875 0.08168753437500001 0.77755385625 0.0775799125 0.7779850578125
5 0.549073484375 0.45 0.547424928125 0.45735074062500003 0.52924668125 0.460176071875 0.4890625 0.4934560453125 0.4890625 0.5155798 0.5188778953125001 0.5556940140625001 0.5289176734375001 0.5954156187499999 0.5217943593750001 0.6271777203125 0.4890625 0.6962925859375 0.4890625 0.7295814078125 0.4912535703125 0.7320640484375 0.5210171234375001 0.7375 0.53257429375 0.7375 0.5546688125 0.7317108546875 0.6248997953125001 0.67358664375 0.64773658125 0.6359080640625 0.67633739375 0.5662699203125 0.6921875 0.5056774359375 0.6921875 0.493436196875 0.68370340625 0.45 0.6609401781249999 0.45 0.6610432734375 0.45062535937500003 0.657363334375 0.4897203859375 0.6501496828125 0.5078039750000001 0.6224392359375 0.465515284375 0.6072585125 0.45 0.549073484375 0.45
18 0.7341124609375 0.45 0.734478565625 0.4505447484375 0.7168982328125 0.4616561734375 0.7257787359375 0.469778971875 0.7236753125 0.5214018765625 0.7115858906250001 0.5620083015625 0.749409228125 0.613965365625 0.7446603546875 0.6351401 0.7885015078125 0.6524413859375 0.813058925 0.6696743265625 0.8264882984374999 0.6880237296875 0.8500160359375 0.7 0.8629358406250001 0.7 0.8960654765625 0.6953984 0.9285075718750001 0.6727806125 0.976426578125 0.6906743015625001 0.9968158078125 0.6936363265625 1 0.6921760171875 1 0.45862435156250003 0.9561895906250001 0.45 0.7341124609375 0.45
18 0.8593006890625 0.7916713296875 0.8742893500000001 0.7788168625 0.8344357015625 0.74842946875 0.9000447062500001 0.7101318843750001 0.8971089093749999 0.6974065406250001 0.8512374406250001 0.7016749250000001 0.826172446875 0.689834403125 0.8210428890625 0.7150534484375 0.8050756296875001 0.7236661343749999 0.7769113859375001 0.7154749890625001 0.75570700625 0.6918964625 0.7239359375 0.6927471109375001 0.7091279531250001 0.7329586 0.68603738125 0.7733333874999999 0.6823939984375 0.797401796875 0.7095430859375 0.8163777781249999 0.7196194203124999 0.8410727671875 0.7511001421875 0.85794494375 0.7858435640625 0.8547930218750001 0.824211034375 0.886331053125 0.831695696875 0.909283 0.85840440625 0.915625 0.8642279328125 0.915625 0.8824967156250001 0.9111969078125 0.9098823671874999 0.883744934375 0.9317212203124999 0.9005829375000001 0.9384638500000001 0.8728651484375 0.970742496875 0.8666220843750001 0.99375 0.8406486937500001 0.99375 0.8383467546875 0.9833029374999999 0.8356498562500001 0.9450795859374999 0.8464954656250001 0.8975047078125 0.8395840781249999 0.8650453875 0.8184701203125 0.858158640625 0.8038042671875001 0.8593006890625 0.7916713296875
18 0.6324344749999999 0.78125 0.639063640625 0.78125 0.68125 0.761570640625 0.68125 0.759709 0.6533491203125 0.715961409375 0.6217049453125 0.715463953125 0.6118996250000001 0.7318045 0.615016096875 0.7718868703125 0.6225373171874999 0.7798122015625 0.6324344749999999 0.78125
18 0.7548087640625 0.687287078125 0.77044911875 0.7114238343749999 0.8050290890625 0.724646634375 0.8161571359375 0.723530171875 0.8255817734375 0.7112339375 0.826379696875 0.6881186953125 0.8145633968749999 0.66727055 0.7881391203125 0.6552325609375 0.75573358125 0.6628237296874999 0.7548087640625 0.687287078125