13 0.581640625 0.20869140625 0.56650390625 0.20185546875 0.53916015625 0.1935546875 0.50693359375 0.19111328125 0.49423828125 0.1935546875 0.487890625 0.1984375 0.483984375 0.19453125 0.4810546875 0.19501953125 0.46298828125 0.20869140625 0.44931640625 0.212109375 0.44736328125 0.22041015625 0.42685546875 0.23603515625 0.42197265625 0.2423828125 0.41806640625 0.25263671875 0.41806640625 0.2658203125 0.421484375 0.274609375 0.444921875 0.30439453125 0.44443359375 0.35908203125 0.44833984375 0.3966796875 0.4498046875 0.399609375 0.45322265625 0.4005859375 0.50302734375 0.40302734375 0.53916015625 0.407421875 0.56015625 0.41279296875 0.57041015625 0.41279296875 0.57333984375 0.395703125 0.58212890625 0.37080078125 0.58408203125 0.32734375 0.60556640625 0.31171875 0.609375 0.3076381140625 0.609375 0.2384739234375 0.6001953125 0.22333984375 0.581640625 0.20869140625
15 0.49830553125000004 0.20042127031249998 0.5029619265624999 0.19731627031250001 0.50917045625 0.1375450171875 0.50373799375 0.1321112671875 0.49830553125000004 0.1321112671875 0.493649134375 0.1328875171875 0.48912397500000004 0.13832126718749999 0.48356027656249995 0.1911062703125 0.48821667187499995 0.1980925203125 0.49830553125000004 0.20042127031249998
1 0.425390625 0.40986328125 0.42783203125 0.4064453125 0.4244140625 0.36884765625 0.409765625 0.2765625 0.40439453125 0.2697265625 0.39755859375 0.26533203125 0.38095703125 0.26044921875 0.37021484375 0.25947265625 0.34873046875 0.26533203125 0.3365234375 0.27265625 0.33017578125 0.28095703125 0.32626953125 0.2931640625 0.33212890625 0.3478515625 0.34091796875 0.39423828125 0.34140625 0.4171875 0.3443359375 0.42158203125 0.3501953125 0.42353515625 0.42001953125 0.4123046875 0.425390625 0.40986328125
1 0.2125 0 0.2125 0.01435546875 0.21640625 0.01875 0.21689453125 0.02802734375 0.2125 0.0587890625 0.2193359375 0.083203125 0.226171875 0.11982421875 0.2310546875 0.1251953125 0.24130859375 0.13056640625 0.2623046875 0.14619140625 0.25791015625 0.15107421875 0.2564453125 0.1603515625 0.2515625 0.16767578125 0.245703125 0.18623046875 0.23544921875 0.19306640625 0.23056640625 0.20478515625 0.22421875 0.22724609375 0.22373046875 0.2345703125 0.2271484375 0.23798828125 0.23740234375 0.23505859375 0.24716796875 0.22919921875 0.300390625 0.190625 0.327734375 0.17744140625 0.3404296875 0.1740234375 0.3599609375 0.16376953125 0.3716796875 0.1603515625 0.43515625 0.1251953125 0.45078125 0.1125 0.464453125 0.09296875 0.4751953125 0.065625 0.48349609375 0.02265625 0.48349609375 0.01484375 0.48056640625 0.00947265625 0.4810546875 0.003125 0.482199053125 0 0.2125 0
13 0.40439453125 0.23701171875 0.41025390625 0.2306640625 0.413671875 0.22138671875 0.41416015625 0.20771484375 0.41171875 0.1994140625 0.4009765625 0.1818359375 0.4 0.1740234375 0.3892578125 0.16474609375 0.37314453125 0.15986328125 0.36142578125 0.16328125 0.29697265625 0.192578125 0.24716796875 0.22919921875 0.237890625 0.2384765625 0.23740234375 0.2443359375 0.2349609375 0.247265625 0.22470703125 0.24580078125 0.22177734375 0.247265625 0.218359375 0.253125 0.214453125 0.26923828125 0.2125 0.28193359375 0.2125 0.30439453125 0.228125 0.3146484375 0.23642578125 0.32294921875 0.2603515625 0.32197265625 0.28818359375 0.31611328125 0.300390625 0.30927734375 0.32041015625 0.2931640625 0.33017578125 0.28876953125 0.34091796875 0.27509765625 0.390234375 0.247265625 0.40439453125 0.23701171875
13 0.331640625 0.31904296875 0.33017578125 0.31611328125 0.32626953125 0.31611328125 0.230078125 0.3244140625 0.2125 0.33076171875 0.2125 0.344921875 0.2525390625 0.37373046875 0.27158203125 0.38203125 0.27841796875 0.38837890625 0.31259765625 0.4083984375 0.3287109375 0.4220703125 0.33603515625 0.42353515625 0.3453125 0.42255859375 0.34775390625 0.419140625 0.34482421875 0.409375 0.331640625 0.31904296875
5 0.609375 1 0.609375 0.9995841734375001 0.6015625 0.991015625 0.5791015625 0.97783203125 0.54931640625 0.944140625 0.5244140625 0.92705078125 0.51171875 0.9138671875 0.50146484375 0.89873046875 0.49169921875 0.87822265625 0.46435546875 0.842578125 0.44580078125 0.807421875 0.42822265625 0.791796875 0.39794921875 0.75517578125 0.38916015625 0.72685546875 0.37890625 0.72099609375 0.3427734375 0.71513671875 0.32470703125 0.7078125 0.31103515625 0.70732421875 0.30322265625 0.70927734375 0.30029296875 0.7126953125 0.29443359375 0.76103515625 0.29296875 0.8025390625 0.29931640625 0.87626953125 0.302734375 0.89384765625 0.31982421875 0.9509765625 0.33837890625 0.99833984375 0.339223053125 1 0.609375 1
5 0.599609375 0.75859375 0.58544921875 0.7693359375 0.572265625 0.78984375 0.5625 0.80107421875 0.5595703125 0.811328125 0.55615234375 0.84599609375 0.55224609375 0.8591796875 0.55615234375 0.8806640625 0.55615234375 0.90703125 0.548828125 0.9275390625 0.54931640625 0.9353515625 0.55859375 0.9509765625 0.568359375 0.96220703125 0.57275390625 0.97294921875 0.580078125 0.9783203125 0.60400390625 0.98955078125 0.609375 0.9966544859375001 0.609375 0.748583984375 0.6044921875 0.75224609375 0.599609375 0.75859375
5 0.205512153125 1 0.2353515625 0.9763671875 0.2353515625 0.95830078125 0.2314453125 0.951953125 0.21826171875 0.94658203125 0.19921875 0.94560546875 0.1865234375 0.94951171875 0.15478515625 0.9646484375 0.1376953125 0.96708984375 0.115234375 0.96708984375 0.1103515625 0.97685546875 0.10546875 0.9802734375 0.10546875 1 0.205512153125 1
5 0.949965671875 0.8688180843750001 0.9463040093749999 0.8673534187499999 0.9378821859375 0.8680857515625 0.9111520499999999 0.8655225874999999 0.9041948921875 0.8662549203125 0.8939422374999999 0.872479746875 0.8862527468750001 0.891154225 0.8858865796875 0.9116595343749999 0.890280575 0.9171520281250001 0.8965054015625 0.919715190625 0.9111520499999999 0.918982859375 0.92762953125 0.9120257 0.9437408453125 0.8940835546875 0.951796503125 0.8728459125000001 0.949965671875 0.8688180843750001
9 1 0.9059734515625 0.9953702859375 0.9032377109375 0.9847514640625 0.8922527234375 0.9832867999999999 0.8885910609375 0.9810898015625 0.8882248953125 0.96680931875 0.8966467187499999 0.9466701750000001 0.8999422140625001 0.9364175203125 0.906167040625 0.932755859375 0.91751819375 0.933122025 0.9237430203124999 0.9356851890625 0.9274046828125 0.9360513546875 0.9317986765624999 0.9239678687499999 0.93948816875 0.9111520499999999 0.9526701531249999 0.905293390625 0.96402130625 0.8990685640624999 0.97134463125 0.8983362328125001 0.9783017890625001 0.892477571875 0.991849940625 0.884432 1 1 1 1 0.9059734515625
9 0.8850598453125 1 0.8869850781249999 0.9980747671874999 0.892477571875 0.9878221125 0.8972377328125001 0.9746401265625 0.8972377328125001 0.9596273109375 0.8862527468750001 0.949008490625 0.87380309375 0.9409528328125001 0.8705075984375 0.9350941734375 0.8796617546875 0.9142226984375 0.88478808125 0.8962805515625 0.8932099046875001 0.8750429093750001 0.8976039 0.8556361000000001 0.901631728125 0.8523406031249999 0.9074903875 0.8512421046875 0.9254325343750001 0.8581992625 0.9356851890625 0.859663928125 0.9620491578125 0.854171434375 0.9657108203125 0.8490451078125 0.9657108203125 0.8442849453125 0.9598521609375 0.8252443015625 0.9565566640625001 0.82085030625 0.953627334375 0.8193856421874999 0.9444731781250001 0.8212164734374999 0.934586690625 0.8343984578124999 0.9243340343750001 0.835863121875 0.9221370375 0.8329337921875 0.92030620625 0.8234134703124999 0.9210385390625 0.8204841406250001 0.929826528125 0.8102314859374999 0.9356851890625 0.7974156671875 0.93495285625 0.7798396875 0.9287280296875 0.784966015625 0.9232355359375 0.78533218125 0.9085888875 0.779473521875 0.8965054015625 0.7780088562499999 0.882591084375 0.7725163625 0.8723384296875001 0.7651930375 0.8481714578125 0.752011053125 0.828764646875 0.7443215624999999 0.819244325 0.7428568984374999 0.8111886671875 0.747983225 0.804963840625 0.75713738125 0.7899510249999999 0.7714178640625 0.7796983703125 0.784966015625 0.778599871875 0.7955848359375 0.7840923656250001 0.8065698234375 0.7991051812500001 0.8201179734374999 0.800569846875 0.8230473046875 0.798739015625 0.835863121875 0.76358705625 0.8783384062499999 0.72440726875 0.9160535296875001 0.6918184734375 0.9442483296875 0.6793688203125 0.9581626468750001 0.67790415625 0.9614581421875 0.6826643171875 0.9680491343750001 0.6921846390625 0.973541628125 0.7518697359375001 0.995511603125 0.7608465296875 1 0.8850598453125 1