9 0.2430449796875 0.41875 0.24140515156250003 0.41246550156249995 0.24376046875 0.380675903125 0.2319236546875 0.3740530703125 0.236549109375 0.3747153546875 0.2393275546875 0.3634565375 0.223519459375 0.3568337046875 0.2106925625 0.35625 0.2089371796875 0.35625 0.2048636015625 0.3674302390625 0.20673371718750003 0.3773644875 0.20731857968749998 0.3839873203125 0.1920106296875 0.3912724359375 0.183090425 0.41842605156249996 0.183369940625 0.41875 0.2430449796875 0.41875
12 0.1164186984375 0.3512708578125 0.143282953125 0.38477459999999997 0.1834264203125 0.3875 0.1894089390625 0.3875 0.2106573390625 0.34971254375 0.2513305609375 0.2671219234375 0.2584202453125 0.26010951250000003 0.2640625 0.24308574218749998 0.2640625 0.23871867343750003 0.24957868125 0.2046875 0.1583062921875 0.2046875 0.13383113124999999 0.26010951250000003 0.1329256 0.27101770625 0.125039109375 0.27958843125 0.10344386718750001 0.3286753109375 0.109546471875 0.3395835046875 0.1164186984375 0.3512708578125
12 0.062448190625 0.313965525 0.0740027640625 0.3171875 0.0779574515625 0.3171875 0.0959858796875 0.30929058593750003 0.1212298921875 0.281240940625 0.11186758593749999 0.2827992515625 0.1034289359375 0.2718910578125 0.094238784375 0.2586453890625 0.0974984859375 0.24617888125 0.12245255156249998 0.2430622546875 0.1324123234375 0.257087078125 0.153125 0.20603980625 0.153125 0.2046875 0.0815067640625 0.2046875 0.055739603125 0.2212458625 0.024320503125 0.24462056875 0.030287196875 0.2672161171875 0.0433254515625 0.2843575671875 0.062448190625 0.313965525
12 0.177403965625 0.41875 0.1770826125 0.41382484062499997 0.1695585546875 0.391229290625 0.1594900515625 0.38655435 0.1408198078125 0.3849960375 0.12320006875 0.36006301875 0.1040410875 0.33357168593750003 0.10651304375 0.321884334375 0.0893911 0.32110517656250004 0.0924333421875 0.3273384328125 0.087643459375 0.3374674703125 0.0890014875 0.3546089203125 0.0872810296875 0.36863374375 0.0792767515625 0.38733350781250003 0.060370925 0.40603327031249997 0.0586685875 0.41849978125 0.0587354640625 0.41875 0.177403965625 0.41875
12 0.2474738734375 0.4171875 0.257505246875 0.4171875 0.2671875 0.408663965625 0.2671875 0.3470992515625 0.2459750671875 0.3445987265625 0.23284529843750001 0.3353267609375 0.22898184375000002 0.32605479531250003 0.22368680625 0.32605479531250003 0.2213618296875 0.4121516234375 0.2474738734375 0.4171875
8 0.9018992984375 0.41875 0.902607590625 0.4102116765625 0.8920280671875 0.38967666562500003 0.867445303125 0.36876420625 0.8536726531250001 0.3613307484375 0.8314747593749999 0.35496733593749996 0.826581265625 0.35007924375 0.8100742437499999 0.3475444640625 0.8047207875 0.3538138171875 0.7954993796875 0.3529887515625 0.7892320515625 0.36680013906250003 0.7780688093749999 0.381632575 0.7747579734375 0.40417127500000005 0.7651765015625 0.41875 0.9018992984375 0.41875
13 0.33389383281249996 1 0.3357644609375 0.9987318343750001 0.3805994578125 0.959026303125 0.39356828125 0.9436599125 0.39375 0.9430172171875 0.39375 0.9355017421875 0.36650697656250003 0.9325028234375001 0.3334302953125 0.9320797953125 0.31368804687499996 0.9339484515625 0.29514365625 0.9283285921874999 0.28402492343749997 0.9291899421875 0.2821084984375 0.9336129937500001 0.2587860875 0.95240501875 0.22357269531249999 0.9911616265625 0.213976471875 1 0.33389383281249996 1
13 0.509375 0.702101021875 0.4989450546875 0.705209075 0.4668727875 0.7209697703125 0.44939281875 0.725490278125 0.37832167499999997 0.750559646875 0.3412723875 0.7604862625 0.340121115625 0.7674735984375 0.387168709375 0.8820925265625 0.41250549375 0.9495861437500001 0.4177702484375 0.9578125 0.42601333906249994 0.9578125 0.44885596406249995 0.9471772312500001 0.509375 0.92593574375 0.509375 0.702101021875
3 0.3257877828125 0.41875 0.312000946875 0.5081672203125 0.3250487515625 0.5351334984375 0.3304406671875 0.5390625 0.3445403609375 0.5390625 0.365937209375 0.53248611875 0.368818553125 0.52308045625 0.38144151718749997 0.5006391625 0.4149050953125 0.45371771718750004 0.415474646875 0.41875 0.3257877828125 0.41875
17 0.713669784375 0.41875 0.645894765625 0.7598374234375 0.6466994046875 0.7640836890625 0.6501286328125 0.767980040625 0.6874344109375 0.7895061515625 0.7005978109375001 0.799392165625 0.7064113171875 0.8013617156249999 0.7270948374999999 0.7944398640625 0.7447568515625 0.7842298 0.7550986078124999 0.780768875 0.7717777531250001 0.7703112796875 0.7821195140625 0.7668503546875 0.795598925 0.7571032843750001 0.8039641312500001 0.7561772953125001 0.8132905734375001 0.761558825 0.8103824156249999 0.772451840625 0.8032403890625 0.7752022421875 0.7954286984375 0.781827615625 0.7853380624999999 0.783835425 0.7556709421875001 0.8041638531249999 0.7473786328124999 0.80763546875 0.740214975 0.816445859375 0.7441481859375 0.81875 0.7607318359375 0.81875 0.770214121875 0.817935528125 0.824860709375 0.804403484375 0.8714336625 0.8019799203125 0.8940720984375 0.7985831250000001 0.90072269375 0.795708959375 0.90279376875 0.789659659375 0.9421535000000001 0.419471478125 0.9421746875 0.41875 0.713669784375 0.41875
14 0.7793188265625 0.764956503125 0.7750417031250001 0.7689338640625 0.65702405625 0.8286770078125001 0.65625 0.8311777765624999 0.65625 0.833518190625 0.6586225171875 0.8401995375 0.6640903781249999 0.8471365687500001 0.66762235625 0.8484375 0.669004196875 0.8484375 0.751217721875 0.8058974437499999 0.7558917578125 0.8055582140624999 0.7727383203125 0.7941318781250001 0.8043603671875001 0.7773285015625 0.8169189890624999 0.7729095218750001 0.81875 0.770561246875 0.81875 0.76681739375 0.818258321875 0.7651595765625 0.809517834375 0.756387446875 0.8014145687500001 0.7528303265625 0.7789543578125 0.7522283875 0.7769669890625 0.757793315625 0.7793188265625 0.764956503125
5 1 0.697511121875 0.912556225 0.7302703640624999 0.9082791 0.734247725 0.90035645 0.7949286296875 0.8947724375 0.7975659546875 0.8765677249999999 0.7990466421875 0.871875 0.8032419781249999 0.871875 0.8044315046874999 0.8755604171875 0.8286146875 0.8807555234375 0.8430648234374999 0.8891611749999999 0.8537744374999999 0.9025028078125 0.8596617156249999 0.94066750625 0.8625 0.9758217890625 0.8625 0.9964425375000001 0.8620908531249999 1 0.8615822578125 1 0.697511121875
5 1 0.5261768453125 0.98816979375 0.5303180859375 0.98142468125 0.53670661875 0.98267749375 0.55319663125 0.9733129843749999 0.6044162578125001 0.9645588734375 0.6224297078125 0.9690951296874999 0.637724821875 0.9640538140625001 0.6490915234375001 0.9608188281250001 0.68264761875 0.9569061703124999 0.6993530953125 0.957281453125 0.7090512171875 0.9591210734375 0.7109375 0.9620278250000001 0.7109375 1 0.69680355 1 0.5261768453125