15 0.3890625 0.25691304375 0.38283776875000003 0.249337925 0.31335964843749997 0.23862868593750003 0.29152726093750003 0.2399351296875 0.2906459953125 0.2671685515625 0.26039838125000003 0.3536741859375 0.23991712187499997 0.4694791453125 0.2588707828125 0.479007003125 0.364396553125 0.4953125 0.38519061875 0.4953125 0.3890625 0.488231990625 0.3890625 0.25691304375
15 0 0.4334234765625 0.01739379375 0.440625 0.0654124921875 0.440625 0.0884925359375 0.363784540625 0.1140625 0.306473265625 0.1140625 0.2589801703125 0.0807868125 0.253590515625 0.0347016953125 0.267434159375 0 0.26835777968749996 0 0.4334234765625
15 0 0 0 0.191493434375 0.0417595828125 0.1856006453125 0.04375 0.16553352187499998 0.04375 0.07561371875 0.040735671875000004 0.0643158515625 0.01857931875 0.043278875 0.0242719 0 0 0
15 0 0.265625 0.0516299734375 0.265625 0.077537125 0.2565728921875 0.088595475 0.2568338296875 0.0928781265625 0.265625 0.09373342812499999 0.265625 0.0974450078125 0.26078826718750003 0.1214047640625 0.2613536328125 0.1237589875 0.265625 0.1251167546875 0.265625 0.128125 0.25818389218750004 0.128125 0.235827375 0.1193502859375 0.2257217703125 0.0937160796875 0.2045159890625 0.0408017578125 0.178920871875 0 0.18153250468749998 0 0.265625
15 0.0849497640625 0.45612244375 0.1404372453125 0.46672597031249996 0.17739838593749999 0.4703125 0.24504413593750002 0.4703125 0.2525173203125 0.45811632500000005 0.2689828875 0.35031773906249997 0.290625 0.2826600796875 0.290625 0.2293079234375 0.2876878046875 0.2201891140625 0.25383547968750003 0.21940950625000002 0.23765576562500002 0.2115763578125 0.2248496359375 0.188899828125 0.18370002968750002 0.175 0.1587248546875 0.175 0.14736833437500002 0.1908457328125 0.115096278125 0.287089496875 0.07642115625 0.371994996875 0.0640625 0.43164746875000004 0.0640625 0.44385783749999996 0.0849497640625 0.45612244375
15 0.192801475 0.07565981875 0.186366175 0.08645143281249999 0.1796875 0.1721982203125 0.1796875 0.1776000578125 0.22116770937500002 0.189418009375 0.2364025859375 0.21713826875 0.2452161 0.21875 0.2845562875 0.21875 0.2883094859375 0.2183665875 0.296534678125 0.20761733124999998 0.3484375 0.1998797453125 0.3484375 0.1950610859375 0.3315389734375 0.10630263437500001 0.3141728546875 0.100419734375 0.30485432343749996 0.08560735781249999 0.28910049375 0.0815865953125 0.2695754140625 0.0610607453125 0.192801475 0.07565981875
15 0.0475954703125 0.0921547578125 0.038356126562499995 0.130662675 0.0365809125 0.185943153125 0.0534928609375 0.199250171875 0.0889397796875 0.20930575937499998 0.12663664375 0.2375 0.13717849375 0.2375 0.1390625 0.23275605000000002 0.1390625 0.209727665625 0.1276045984375 0.149362246875 0.10832014062499999 0.1230907890625 0.1218734703125 0.02198590625 0.09006141250000001 0.012015962500000001 0.078976496875 0.013598853125 0.0475954703125 0.0921547578125
15 0.1475671984375 0 0.15976549375 0.029733339062500003 0.16232579375 0.0770951546875 0.1769845484375 0.140625 0.18259589062499998 0.140625 0.20779703437500002 0.1291011203125 0.20814085625 0.10727756875000001 0.21931581718749998 0.103900834375 0.220017421875 0.078447065625 0.25047324843749996 0.06278703906250001 0.284190978125 0.069035059375 0.290329090625 0.08009470156250001 0.30799994062499997 0.084147390625 0.32063394375 0.1026364546875 0.3546875 0.0912205109375 0.3546875 0.0700238015625 0.3360883171875 0.037503775 0.33643213906249997 0.0156802203125 0.32899343124999997 0 0.1475671984375 0
8 0.3890625 0 0.3890625 0.41648726875 0.4272543875 0.41875 0.7536970000000001 0.41875 0.758204178125 0.194765003125 0.7950168171875001 0.1175507625 0.832669534375 0 0.3890625 0
14 0.3890625 0.36442682187500003 0.41870294062499996 0.3711535390625 0.6895210578125 0.4340005921875 0.706370996875 0.4375 0.7171875 0.4375 0.7171875 0.40713324999999995 0.46363846249999996 0.348825565625 0.3890625 0.33165255312499997 0.3890625 0.36442682187500003
8 0.4384542546875 0 0.4203125 0.015739196875 0.4203125 0.020816737499999998 0.6527132828125 0.278125 0.67213771875 0.278125 0.8078125 0.14892021875 0.8078125 0.12607641249999998 0.681908825 0 0.4384542546875 0
14 0.5529326593749999 0 0.6593710234375 0.0727442546875 0.73005550625 0.12080709375000001 0.7419136390625 0.128125 0.75417559375 0.128125 0.765625 0.114639721875 0.765625 0.107390384375 0.6308358578125001 0.018146532812499998 0.6038255421875001 0 0.5529326593749999 0
8 0.3890625 0 0.3890625 0.1391383359375 0.4510097578125 0.146875 0.48554619531250004 0.146875 0.5121056359375 0 0.3890625 0
14 0.7584181984375 0 0.7599228874999999 0.0235900109375 0.7773209140625 0.2667394703125 0.7791679499999999 0.296875 0.80625 0.296875 0.80625 0.2494114734375 0.80053219375 0.1512909140625 0.79222459375 0 0.7584181984375 0
14 0.6887812671875 0 0.7141038640625 0.078850225 0.7580547109375 0.21651170312499998 0.7635373484375 0.228125 0.7938954140625001 0.228125 0.7953125 0.227656434375 0.7953125 0.2244217765625 0.7622597156250001 0.126564396875 0.721337790625 0 0.6887812671875 0
14 0.6473493421875001 0 0.6704643765625 0.061497807812500006 0.6988858312499999 0.1345847671875 0.7176600375 0.1828125 0.73897448125 0.1828125 0.7421875 0.18168455 0.7421875 0.17009271406249998 0.7076059375 0.0792226328125 0.6760067375000001 0 0.6473493421875001 0
14 0.5364209421874999 0.0199452390625 0.53125 0.022658525 0.53125 0.03647881875 0.531687721875 0.037305434375 0.5827544984374999 0.1276345734375 0.6609735296875 0.27007967499999996 0.72351059375 0.3852935328125 0.7502249984375 0.4359375 0.778125 0.4359375 0.778125 0.43004408281249995 0.771028225 0.4153896578125 0.6877884859375 0.2604544296875 0.583842453125 0.0753895890625 0.55033556875 0.015000485937499999 0.5364209421874999 0.0199452390625
14 0.536861675 0 0.53169840625 0.078151696875 0.52083325625 0.2162403765625 0.5173627187500001 0.2611618328125 0.543419503125 0.3078125 0.5451846093749999 0.3078125 0.5569001640625 0.13718323125 0.5651344671875 0.01740199375 0.56661255 0 0.536861675 0
14 0.41723922187499995 0 0.531588390625 0.08251847031250001 0.7096279187500001 0.2125 0.7209686171875 0.2125 0.721875 0.21128209999999997 0.721875 0.1817452484375 0.7095296796875 0.1726254453125 0.508243890625 0.031448739062499995 0.46563820937500006 0 0.41723922187499995 0
14 0.3890625 0.09857220625 0.4577620578125 0.2171894546875 0.5485002171875 0.37086846093750003 0.602653175 0.4578125 0.6245847 0.4578125 0.625 0.4575950015625 0.625 0.43863692656250003 0.54810896875 0.3114874796875 0.40302844843749996 0.071124996875 0.3890625 0.048033271875 0.3890625 0.09857220625
14 0.3890625 0.167308659375 0.4409014203125 0.24936439375 0.55347544375 0.4265625 0.5703125 0.4265625 0.5703125 0.4055798140625 0.5090147671875 0.30235117968749997 0.45939424687499997 0.2183213484375 0.3890625 0.1127069046875 0.3890625 0.167308659375
14 0.3890625 0.22157952500000003 0.43712938437500004 0.298387828125 0.49065198906249996 0.379970853125 0.5344619328125 0.4484375 0.551403134375 0.4484375 0.5524288484375 0.44764748593750003 0.5546875 0.4458600265625 0.5546875 0.42031181875 0.4429332671875 0.24694096875 0.3890625 0.16289254687500002 0.3890625 0.22157952500000003
4 0.1625 1 0.1625 0.9678831015625 0.1436561859375 0.8891792125 0.1200920109375 0.8536549421874999 0.10664939531249999 0.8453125 0.0793749640625 0.8453125 0.078844475 0.8458918890625 0.053432162500000005 0.8891996234375 0.040061603125 0.8906554312499999 0.0336786234375 0.8953330171874999 0.0239997671875 0.9436674515625001 0.018212134375 0.952058578125 0.0118569109375 0.96929364375 0.0058499125 0.9964983468749999 0.0054162796875 1 0.1625 1
1 0 0.9558997546875 0.016088623437499998 0.94568406875 0.0328125 0.927811203125 0.0328125 0.8851517296875 0.027876470312500002 0.8778209984374999 0.023728040625 0.875 0.00614279375 0.875 0 0.8811897234374999 0 0.9558997546875
6 1 0.9033598375 0.9910861718749999 0.9069084406249999 0.9716933296875 0.910864515625 0.9645975734375 0.9093009593750001 0.9558313281250002 0.9051658312499999 0.9442018843749999 0.90200968125 0.9284935828125 0.893071128125 0.9199457125 0.8897306015625001 0.9115689249999999 0.8881815625 0.8982154390625 0.8889805203125001 0.8162160843749999 0.911779621875 0.8145629796874999 0.9142394062499999 0.8133813921874999 0.9283511062500001 0.81121434375 0.93624680625 0.807837196875 0.9426616984375 0.8035983796874999 0.9456489609375 0.7777530796875001 0.950674509375 0.746937340625 0.9525182609374999 0.745898328125 0.9528289390625 0.7465298031250001 0.9557111890625001 0.7556500328125 0.9631800687500001 0.7584304718749999 0.9639456359375 0.7935733468749999 0.962650653125 0.81553381875 0.9639461171875 0.8241644484374999 0.965542096875 0.86737045625 0.9778056921875 0.8682794203124999 0.9802364390625 0.8667855734375 0.9847369296874999 0.8670505390625 0.995345021875 0.866760203125 1 0.9744383328125 1 0.9807731921875 0.9947536640625 0.987326496875 0.9861606296875 0.9918546234375001 0.9824726453124999 0.9993106265625 0.9818401578125 1 0.9815721953125 1 0.9033598375
3 0.53479701875 0.908212125 0.5496912046875 0.917440159375 0.5739153515625001 0.9361645718750001 0.594129659375 0.9502617484375 0.613886621875 0.9684205390624999 0.6251486234375 0.9762005968749999 0.6469848218750001 0.9784181984375 0.67204468125 0.9851178874999998 0.6755856875 0.9829212343750001 0.6820279953125 0.9753002875 0.6833626921875 0.9750284499999999 0.69194955625 0.9779094359375 0.7065816859374999 0.9870890875 0.7128466515625 0.9887640109374999 0.7173382421875 0.9888158812500001 0.7197894843749999 0.990625 0.7300425609375 0.990625 0.7314591859374999 0.9864995203125 0.7392117796875001 0.9791204859375 0.7507064078125 0.9708775546874999 0.75625 0.9690107625 0.75625 0.9618843234375 0.7221988890625 0.9365920234375 0.67700441875 0.9085542875 0.6430654828125 0.89399623125 0.5936895765625 0.876069875 0.5807575875 0.8700545203125 0.542930871875 0.8483004828125 0.5050976953124999 0.8322460703125 0.5015656859375 0.83125 0.4953125 0.83125 0.4953125 0.8523322406249999 0.4985929171875 0.8634361359374999 0.5012070265624999 0.86961958125 0.507105825 0.8790007421875 0.51982385625 0.8950825890624999 0.53479701875 0.908212125
0 0.6048018984375 0.8726500859375002 0.6016253421875 0.875129 0.6009545468749999 0.8785963156250001 0.606148328125 0.8821481406250001 0.644034871875 0.8960040593749999 0.678539046875 0.9112728984375 0.71695431875 0.9357556265625 0.736417659375 0.950741290625 0.7377615328125 0.9515625 0.7861448265625001 0.9515625 0.800516353125 0.9495388968749999 0.8075340234375 0.9467609906250001 0.8119579234375 0.9393835546875 0.8125 0.9358889203124999 0.8125 0.9000592078124999 0.8075264265625 0.8807757359374999 0.79962176875 0.86412955625 0.7904697656249999 0.852381896875 0.7855053562500001 0.8493870390625 0.7824384234374999 0.8484375 0.77862271875 0.8484375 0.7758350093749999 0.8488379796875 0.7714693453125 0.8484375 0.7649456156250001 0.8484375 0.6969303953124999 0.8557068890625 0.655077996875 0.8613822953125 0.6493838921874999 0.8631273203125 0.622231390625 0.8654268421874999 0.6154313109375 0.8690162234375001 0.6048018984375 0.8726500859375002