19 0.2198588703125 0.223790321875 0.20695564531250002 0.220564515625 0.1472782265625 0.2431451609375 0.07953629062499999 0.310887096875 0.045665321875 0.3834677421875 0.0617943546875 0.407661290625 0.076310484375 0.407661290625 0.1085685484375 0.3915322578125 0.18114919375 0.3399193546875 0.2101814515625 0.30927419375 0.22147177343750002 0.2850806453125 0.22469758125 0.2447580640625 0.2198588703125 0.223790321875
19 0.4005040328125 0.157661290625 0.35050403281250003 0.1915322578125 0.32308467812499997 0.2770161296875 0.3101814515625 0.2963709671875 0.3069556453125 0.3270161296875 0.3182459671875 0.3850806453125 0.41824596718749996 0.3995967734375 0.41875 0.39933149375 0.41875 0.16727710625 0.4085685484375 0.157661290625 0.4005040328125 0.157661290625
19 0.19566532187500002 0.1834677421875 0.2134072578125 0.1689516125 0.2101814515625 0.13830645156250002 0.22469758125 0.10927419375 0.22953629062499997 0.107661290625 0.24727822656249998 0.1254032265625 0.2666330640625 0.11733870937499999 0.2682459671875 0.10443548437500001 0.2505040328125 0.09475806406250001 0.232762096875 0.10282258124999999 0.20372983906250003 0.101209678125 0.1634072578125 0.12217741875000002 0.092439515625 0.1818548390625 0.0682459671875 0.23991935468749997 0.0698588703125 0.264112903125 0.0779233875 0.2754032265625 0.11179435468750001 0.2770161296875 0.1666330640625 0.22217741875 0.1908266125 0.2060483875 0.19566532187500002 0.1834677421875
19 0.0972782265625 0.114112903125 0.0714717734375 0.1625 0.084375 0.1850806453125 0.1037298390625 0.1786290328125 0.1521169359375 0.1350806453125 0.2117943546875 0.0963709671875 0.19566532187500002 0.07540322656250001 0.17469758124999998 0.07217741875 0.12308467812499999 0.09475806406250001 0.0972782265625 0.114112903125
19 0.33760080625 0.1125 0.25534274218749997 0.1447580640625 0.234375 0.16572580625 0.234375 0.1866935484375 0.2714717734375 0.20282258125000002 0.3069556453125 0.20443548437499998 0.32469758125000003 0.1947580640625 0.339213709375 0.1979838703125 0.3650201609375 0.1689516125 0.3698588703125 0.14314516093750002 0.36018145156250003 0.11572580625 0.33760080625 0.1125
19 0.22469758125 0.39314516093749996 0.2134072578125 0.407661290625 0.139213709375 0.41411290312500004 0.13114919375 0.4318548390625 0.135553875 0.4390625 0.23888328906249998 0.4390625 0.235987903125 0.4366935484375 0.22469758125 0.39314516093749996
19 0.33114919375 0.24637096718749998 0.345665321875 0.1866935484375 0.34405241875 0.1802419359375 0.33598790312500004 0.1802419359375 0.3069556453125 0.20282258125000002 0.232762096875 0.1915322578125 0.2117943546875 0.2060483875 0.22147177343750002 0.2350806453125 0.2166330640625 0.3270161296875 0.23760080625 0.351209678125 0.24243951562500002 0.34314516093749997 0.2666330640625 0.3366935484375 0.30050403281250004 0.314112903125 0.3037298390625 0.2947580640625 0.33114919375 0.24637096718749998
19 0.245665321875 0.33508064531250004 0.2134072578125 0.3060483875 0.1617943546875 0.351209678125 0.07953629062499999 0.404435484375 0.07469758125 0.41572580625000005 0.0908266125 0.420564515625 0.11179435468750001 0.4125 0.13114919375 0.41411290312500004 0.185987903125 0.4318548390625 0.2166330640625 0.42862903281250003 0.22792338750000002 0.4334677421875 0.24082661249999998 0.3883064515625 0.245665321875 0.33508064531250004
19 0.38760080625 0.3915322578125 0.339213709375 0.3883064515625 0.27953629062499996 0.3995967734375 0.27953629062499996 0.41572580625000005 0.29405241875 0.42540322656249996 0.29405241875 0.4390625 0.40672883125 0.4390625 0.4037298390625 0.4125 0.38760080625 0.3915322578125
12 1 0.040625 0.8052083328125 0.040625 0.7833333328125 0.0802083328125 0.7583333328124999 0.109375 0.7395833328125 0.140625 0.675 0.2166666671875 0.6614583328125 0.2416666671875 0.6510416671875 0.275 0.6427083328125 0.3375 0.6541666671875 0.3760416671875 0.6416666671875 0.39375 0.640625 0.409375 0.6447916671875 0.41979166718750005 0.6333333328124999 0.43645833281249996 0.63297821875 0.4390625 0.8549325984375 0.4390625 0.8802083328125001 0.42604166718750003 0.9010416671874999 0.41041666718750003 0.9166666671874999 0.39375 0.95 0.3427083328125 0.9916666671875 0.253125 1 0.24312499999999998 1 0.040625
12 0.6375 0.4114583328125 0.6447916671875 0.3114583328125 0.640625 0.125 0.63125 0.08854166718749999 0.6208333328125 0.06770833281250001 0.609375 0.054166667187499996 0.5916666671875 0.0447916671875 0.5760416671875 0.040625 0.434375 0.040625 0.41875 0.04609375 0.41875 0.4390625 0.6328125 0.4390625 0.6375 0.4114583328125
14 0 0.858809840625 0.14375 0.9526041671875 0.1677083328125 0.9619791671875 0.18020833281249998 0.9536458328125 0.21458333281250003 0.9171875 0.23020833281250003 0.8942708328125001 0.2791666671875 0.7994791671875 0.2958333328125 0.7380208328125 0.2770833328125 0.7182291671875001 0.23541666718749998 0.6869791671875001 0.1697916671875 0.6432291671875 0.1614583328125 0.6421875 0.1427083328125 0.6713541671875001 0.11041666718750001 0.6901041671875 0.058333332812500006 0.7484375 0.0270833328125 0.7921875 0.0197916671875 0.8130208328125 0.009375 0.8244791671874999 0 0.8432291671875 0 0.858809840625
4 0.3015625 1 0.32083333281250004 0.9755208328125 0.3625 0.9598958328125 0.3958333328125 0.9265625 0.3927083328125 0.9171875 0.3385416671875 0.8557291671874999 0.28958333281250004 0.7848958328125 0.2833333328125 0.7828125 0.24895833281250002 0.8588541671875 0.20416666718749998 0.9286458328125 0.22291666718749997 0.9598958328125 0.2597866265625 1 0.3015625 1
14 0.2114583328125 1 0.2114583328125 0.9880208328125001 0.21875 0.9817708328125001 0.22916666718749998 0.9817708328125001 0.23541666718749998 0.9755208328125 0.21979166718749998 0.9494791671874999 0.2010416671875 0.9317708328125001 0.19375 0.9348958328125001 0.18125 0.9536458328125 0.165625 0.9609375 0.1447916671875 0.9526041671875 0.12395833281249999 0.9348958328125001 0.096875 0.9223958328125 0.0770833328125 0.9328125 0.0645833328125 0.9505208328125001 0.1140625 1 0.2114583328125 1
14 0 0.62320601875 0.003125 0.6265625 0.04375 0.6807291671875 0.071875 0.7078125 0.1364583328125 0.6505208328125 0.1364583328125 0.6421875 0.12291666718750001 0.6317708328125 0.1177083328125 0.6119791671875 0.1395833328125 0.5869791671875 0.14895833281249998 0.5828125 0.15 0.5776041671875001 0.0895833328125 0.5171875 0.08333333281250001 0.5057291671875 0.0385416671875 0.4661458328125 0.0239583328125 0.44739583281249995 0.017708332812499998 0.44739583281249995 0 0.4615111703125 0 0.62320601875
4 0.30416666718749996 0.7380208328125 0.3229166671875 0.7182291671875001 0.3427083328125 0.6848958328125 0.371875 0.6578125 0.3958333328125 0.6088541671875001 0.39895833281250004 0.5921875 0.35104166718749996 0.5619791671875001 0.3020833328125 0.5234375 0.2166666671875 0.4692708328125 0.20625 0.48072916718750003 0.1614583328125 0.5578125 0.146875 0.5932291671875001 0.1291666671875 0.6130208328125 0.125 0.6286458328125 0.14895833281249998 0.6484375 0.1614583328125 0.6432291671875 0.1729166671875 0.6463541671875 0.271875 0.7140625 0.2979166671875 0.7369791671875 0.30416666718749996 0.7380208328125
14 0.3895833328125 0.6223958328125 0.3895833328125 0.6369791671875 0.3802083328125 0.6640625 0.3760416671875 0.7848958328125 0.38125 0.7963541671875001 0.409375 0.7828125 0.41875 0.7808779765625 0.41875 0.61488320625 0.39791666718749996 0.6161458328125 0.3895833328125 0.6223958328125
14 0.3947916671875 0.8338541671874999 0.3958333328125 0.7911458328125 0.38125 0.7953125 0.371875 0.7744791671875 0.3625 0.7692708328125 0.34375 0.7671875 0.2916666671875 0.7744791671875 0.2864583328125 0.7817708328124999 0.321875 0.8338541671874999 0.3604166671875 0.8776041671874999 0.3760416671875 0.9015625 0.39375 0.9182291671874999 0.3958333328125 0.9276041671874999 0.384375 0.9411458328125001 0.403125 0.9390625 0.40416666718750005 0.8921875 0.3947916671875 0.8338541671874999
14 0 0.46174768437499997 0.0083333328125 0.4515625 0.0229166671875 0.4484375 0.060416667187499995 0.4890625 0.08333333281250001 0.5067708328125 0.0979166671875 0.5265625 0.13333333281249998 0.5609375 0.1395833328125 0.5619791671875001 0.1864583328125 0.49322916718750004 0.12240409999999999 0.4390625 0 0.4390625 0 0.46174768437499997
14 0.1864583328125 0.49114583281249996 0.2010416671875 0.4921875 0.2114583328125 0.47552083281249996 0.21875 0.47239583281249997 0.28125 0.5098958328125 0.371875 0.5744791671875 0.3864583328125 0.5796875 0.4125 0.5192708328125 0.2770833328125 0.44114583281249997 0.270949075 0.4390625 0.1241319453125 0.4390625 0.1770833328125 0.4859375 0.1864583328125 0.49114583281249996