4 0.31875 0 0 0 0 0.07888505 0.008844575 0.0865213359375 0.018028846875 0.09184482187500001 0.06495864375 0.11065195312500001 0.087234378125 0.1252834203125 0.110699278125 0.1346869859375 0.18417343125000002 0.1772748609375 0.2109563765625 0.1896510171875 0.2153442921875 0.1930979984375 0.23145805625000002 0.21875 0.2700618921875 0.21875 0.30048971875 0.15803633125 0.3164728390625 0.134595825 0.31875 0.1305407703125 0.31875 0
4 0.31875 0.09120132656249999 0.30403911093749997 0.1089177109375 0.2992765890625 0.1213630625 0.2910556578125 0.1283333203125 0.28420305 0.14750002499999998 0.259354390625 0.194964340625 0.2535593203125 0.21459860625 0.24873608749999998 0.2188784234375 0.242462334375 0.21709113124999999 0.2213938546875 0.20161049687500002 0.204541265625 0.173196203125 0.1578668765625 0.1505871421875 0.1374879296875 0.13763101093750002 0.10937396875000001 0.1239679140625 0.1012459734375 0.1176614046875 0.0848363375 0.11015962187499999 0.08125 0.109424740625 0.08125 0.11281650937500001 0.0859545828125 0.1187927171875 0.17112141875 0.26644298593750004 0.19182539999999998 0.3059319140625 0.1957839703125 0.318533696875 0.1962733921875 0.332807821875 0.208272828125 0.3515625 0.221359121875 0.3515625 0.2296035671875 0.347790646875 0.253969809375 0.32995490625 0.2786575859375 0.3167006125 0.31875 0.289151325 0.31875 0.09120132656249999
4 0.31875 0.3648775015625 0.2882495671875 0.36974148125 0.26815757812499996 0.374558275 0.260058928125 0.37988414375 0.2578527234375 0.3839703015625 0.24096059374999998 0.384660346875 0.23041255 0.390585778125 0.1953044734375 0.4229892046875 0.1884426703125 0.4317610796875 0.1724885625 0.4458994203125 0.16009217343749998 0.45389837499999997 0.1578859703125 0.4579845296875 0.18783259531250002 0.4625 0.2094139109375 0.4625 0.2387993453125 0.45368020937500003 0.31875 0.44458682656250004 0.31875 0.3648775015625
1 0 0.378125 0.0176354125 0.378125 0.155673184375 0.36242181093750003 0.2125 0.34884575 0.2125 0.347332184375 0.2019464171875 0.3278448921875 0.2018984671875 0.312993159375 0.19129107812499999 0.287682009375 0.1061438046875 0.1376877109375 0.0950358453125 0.11932882812500001 0.089996103125 0.11755513749999999 0.07886058124999999 0.1412828671875 0.071496353125 0.1485167796875 0.06825990937500001 0.15855205156250002 0.06292529218750001 0.166692925 0.0520983125 0.19486410781250002 0.047370471875 0.2188240296875 0.03724975625 0.2430052453125 0.026237695312499996 0.254349828125 0.02184931875 0.26195675 0.008499106250000001 0.2679509203125 0 0.2689902078125 0 0.378125
4 0.31875 0.32776997812499997 0.30630969375 0.32106075 0.294700753125 0.3184243015625 0.283837753125 0.3116130328125 0.2786235015625 0.3113069375 0.276215525 0.31399513125 0.2710736921875 0.31472221718750004 0.2671875 0.3205974125 0.2671875 0.3734375 0.2875878953125 0.3734375 0.317407928125 0.36827126093749996 0.31875 0.36812225 0.31875 0.32776997812499997
12 0.5884431390625 0.10625540781250001 0.584375 0.11438916875 0.584375 0.12814401875 0.5973109578125 0.1390000546875 0.5882205375 0.1981860515625 0.5915402234375 0.21678613281249998 0.5889762562499999 0.23347961874999998 0.6149723984375 0.23513289531249998 0.6268703578125 0.248148878125 0.623140953125 0.2724303125 0.6465449 0.27085390625 0.658209775 0.2853874765625 0.6590679265625 0.309960665625 0.6815395203125 0.31445461875 0.6935681390624999 0.336673390625 0.7030101984374999 0.3484375 0.7535148109375001 0.3484375 0.7700273765625 0.34153596875000003 0.803125 0.29467981249999997 0.803125 0.27195208593750003 0.78318271875 0.24583056874999998 0.730070971875 0.199545246875 0.6698819046875 0.139018109375 0.6296004703125 0.099678409375 0.61205194375 0.0832382453125 0.5884431390625 0.10625540781250001
12 0.426327609375 0.3863178515625 0.48667240624999997 0.39630934687499997 0.487555265625 0.4 0.498407703125 0.4 0.5271116156250001 0.3882680203125 0.5484285046874999 0.347021215625 0.563841721875 0.2749460453125 0.5897132359375 0.203547153125 0.603125 0.13972458125 0.603125 0.1248579859375 0.565315275 0.09540633750000001 0.5002588234375 0.0859375 0.47151303593750005 0.0859375 0.432483440625 0.1857682953125 0.3999801484375 0.28109563125000003 0.3796875 0.3397626484375 0.3796875 0.3675971984375 0.38689940156249997 0.37767891875 0.426327609375 0.3863178515625
12 0.41592582499999997 0.26875 0.43265484374999996 0.233448009375 0.4453125 0.1814644875 0.4453125 0.15585433437500001 0.43357516093750004 0.13896913125000002 0.410055853125 0.1198425734375 0.390159934375 0.246903334375 0.391129475 0.2623697265625 0.40439168593749997 0.26875 0.41592582499999997 0.26875
0 0 0.6828125 0.0438213734375 0.6828125 0.05510310625 0.6697871765625 0.0437363734375 0.6541285015625 0.058203125 0.64890894375 0.065625 0.6391041171875 0.065625 0.600250103125 0.049936409375000004 0.58940598125 0.0106695125 0.5862742453124999 0 0.5893538671874999 0 0.6828125
10 0.31875 1 0.31875 0.8009399390624999 0.30536862187499997 0.8018749078124999 0.294286490625 0.783713621875 0.26909983125000003 0.76757025625 0.25448486875 0.7578125 0.233990090625 0.7578125 0.20865185 0.7726150578125 0.18648758906250001 0.7756419390625 0.16734572812499998 0.76757025625 0.1451814671875 0.7816957015625 0.1149574765625 0.77362401875 0.09279321562500001 0.7746329796875 0.0875 0.789358159375 0.0875 0.8420146921875 0.1068977453125 0.8624125265625 0.130069471875 0.8856186125000001 0.12603960625 0.915887421875 0.1340993375 0.9401024703124999 0.1401441359375 0.96330855625 0.1401441359375 0.9774340015625 0.122009740625 0.9875236046874999 0.12034868437499999 1 0.31875 1
10 0.07604606875 0.56875 0.07623239375 0.5719692921874999 0.081218365625 0.597813321875 0.0702492296875 0.62862735625 0.0941818875 0.687273421875 0.1161409859375 0.7234375 0.1210311671875 0.7234375 0.0752352 0.62862735625 0.1071454109375 0.6216693484375 0.1041538296875 0.6524833828125 0.1111341875 0.659441390625 0.136064040625 0.670375403125 0.16099389375 0.6783274125000001 0.1859237453125 0.6584473890625 0.206864821875 0.6544713843750001 0.225811509375 0.6574533890625001 0.25173855624999997 0.637573365625 0.275 0.6135276281250001 0.275 0.60446756875 0.260713303125 0.58389730625 0.2488029546875 0.56875 0.07604606875 0.56875
10 0.31875 0.6105826796875 0.293937175 0.5994973781249999 0.267295328125 0.587696678125 0.2781494140625 0.6073645109375 0.2584147140625 0.6289991265625 0.222892253125 0.656534090625 0.2031575515625 0.64965035 0.1883565265625 0.6545673078124999 0.162701415625 0.67226835625 0.1370463046875 0.6673513984375 0.1113911953125 0.6545673078124999 0.10448405000000001 0.646700175 0.1084309890625 0.619165209375 0.07685546875 0.6260489515625001 0.09659016875000001 0.6653846156250001 0.12421875 0.7273382859375 0.14691365625 0.7420891609375 0.165661621875 0.7322552453125 0.1538208 0.7824082171875 0.17947591093749998 0.7735576921874999 0.20118408125 0.7833916078125001 0.24065348281249999 0.771590909375 0.257427978125 0.7607736015625 0.304791259375 0.791258740625 0.31875 0.8112564390625 0.31875 0.6105826796875
10 0.0943444296875 1 0.13134765625 0.95947265625 0.140625 0.89453125 0.140625 0.89058216875 0.08544921875 0.83056640625 0.08935546875 0.81494140625 0.07080078125 0.77880859375 0.06005859375 0.73193359375 0.00439453125 0.68505859375 0 0.6846333171875 0 0.977950246875 0.00634765625 0.99365234375 0.009765625 1 0.0943444296875 1
10 0.7801076421875 1 0.7775517390625 0.9934780249999999 0.7608115718749999 0.9653693531249999 0.763205240625 0.9605327375 0.7686819234375 0.960659459375 0.7931890625 0.974815396875 0.8075816187499999 0.9773226375 0.8125 0.9709126625 0.8125 0.855071375 0.782442965625 0.8375907437500001 0.76515888125 0.8328423765625 0.760241384375 0.8251188140625001 0.7600729312500001 0.8071775828125001 0.7564805484375 0.8027460156250001 0.7487749 0.802024165625 0.7375802453125 0.8061135875 0.729506896875 0.8157107859374999 0.721483359375 0.8182429140625 0.67411984375 0.7589865609374999 0.66446481875 0.7538711609375 0.6550510859375 0.744412896875 0.617499534375 0.7158226890625 0.59236813125 0.7005651937499999 0.5320327890625001 0.6823189234375 0.503324271875 0.6783933281250001 0.4742710859375 0.6695677578125 0.46060746249999995 0.6671875 0.4319118125 0.6671875 0.42298177500000006 0.6710987953125 0.3816308359375 0.6973197921875001 0.356798046875 0.7174003203125 0.3188632734375 0.7610941375 0.31875 0.7613348625 0.31875 0.9108928687500001 0.31902746406250004 0.9111192859375 0.33625021875 0.9305422343749999 0.357410028125 0.9592967234374999 0.378110275 0.9815179125 0.3919952484375 1 0.7801076421875 1
1 0.5515455015625 0.9839724640625 0.5568571062500001 0.9890625 0.5636162812500001 0.9890625 0.5894830453125 0.9649152000000001 0.6125228921874999 0.9482053671875 0.6271568546875 0.9420789671875 0.63531403125 0.9433471484375 0.6410786703125 0.948871321875 0.653125 0.949674603125 0.653125 0.940601353125 0.6150437265625 0.8841263218750001 0.601559 0.8681816125000001 0.5934998328125 0.8529024078124999 0.568259771875 0.8226702421875001 0.562823471875 0.81875 0.5527005968750001 0.81875 0.5510938968750001 0.8233478562500001 0.5403181296875 0.823096553125 0.5278700187500001 0.81875 0.5214387984375 0.81875 0.497064365625 0.8199319296875001 0.4919025375 0.823045390625 0.48125 0.8392208468749999 0.48125 0.8853812515625 0.5034955890624999 0.9197919953125 0.5515455015625 0.9839724640625