17 0.0513487546875 0 0.055022268750000006 0.0349906828125 0.0673340171875 0.0973052765625 0.075787603125 0.1686673546875 0.094806803125 0.25823368750000003 0.10755769062500001 0.3796875 0.29375 0.3796875 0.29375 0.3316016453125 0.2773318796875 0.2198855015625 0.26391697812500003 0.165382021875 0.25275983125 0.08658698125 0.23659279375 0.015028454687500001 0.231919996875 0 0.0513487546875 0
17 0.265625 0 0.265625 0.06126927812500001 0.27150128906250004 0.19918297499999998 0.279320775 0.2917287921875 0.2866095 0.334366140625 0.2983153265625 0.3671875 0.4359231046875 0.3671875 0.45679885000000003 0.36173645312499997 0.46448711875 0.354372759375 0.465625 0.3505588171875 0.465625 0.2840887578125 0.46391730000000003 0.24130956874999998 0.4377481859375 0 0.265625 0
17 0.55 0 0.43848177499999996 0 0.4539895171875 0.124885625 0.46454917656249994 0.2603351328125 0.467108040625 0.3464352109375 0.47424204843749995 0.3522295390625 0.516954728125 0.3507919578125 0.55 0.35868918125000004 0.55 0
4 0.7986559546875001 0 0.7828125 0.021665221874999998 0.7828125 0.036987596875 0.78562213125 0.048854428125 0.8220631109375001 0.0878452640625 0.8642031296875 0.1367048578125 0.9196898656249999 0.1999959046875 0.958905434375 0.2421875 1 0.2421875 1 0.027717228125 0.9607511125 0.0016789859375 0.958680153125 0 0.7986559546875001 0
10 0.7534338859374999 0 0.7357966171875 0.0121263453125 0.7179600296875 0.0176020890625 0.7134289390624999 0.028561396875 0.7221281578125 0.027794670312500002 0.7295129375 0.0388548265625 0.74603365 0.033294871875 0.7543691828125001 0.047724484375 0.7795196765625001 0.0718325859375 0.7990394078125 0.0810224484375 0.8211358234375 0.0875 0.8255420609375002 0.0875 0.8133672390625 0.077307321875 0.7942856515625 0.0641751671875 0.7838295453125 0.044977790625 0.792455740625 0.0448681140625 0.7938432000000001 0.03238418125 0.7852893140624999 0.0258812609375 0.7993040046875001 0 0.7534338859374999 0
8 0.7233839765625 0.032429968749999996 0.7155028296875 0.0366790484375 0.723979634375 0.0392663125 0.7247238406250001 0.0447526875 0.7170647859375 0.0408587109375 0.7134966828125 0.0487854921875 0.7218992125 0.052047740625000005 0.7195959656250001 0.0668541203125 0.727030734375 0.060536834375 0.7303774765625001 0.06687121406249999 0.7432415984375 0.0724611953125 0.7481456765625 0.0734375 0.7640625 0.0734375 0.7640625 0.0552884 0.752830334375 0.0465693953125 0.7479959093749999 0.0353803671875 0.7439064203125 0.0357958203125 0.7314894078125 0.03839215 0.7233839765625 0.032429968749999996
15 0.11664368750000001 0.3796875 0.1277739359375 0.43875927968750006 0.197021546875 0.747464840625 0.2115417203125 0.81503321875 0.216270046875 0.8461503828125 0.2203304796875 0.85788003125 0.2213966390625 0.859375 0.41579244531250004 0.859375 0.47705273750000005 0.8493899687500001 0.5140638562500001 0.8466457109375 0.55 0.8416304140624999 0.55 0.4999705484375 0.533462278125 0.461782878125 0.5194691515625001 0.4220237671875 0.49674599218750004 0.3796875 0.11664368750000001 0.3796875
15 0 0.3796875 0 0.846875 0.008064 0.846875 0.0861329890625 0.8354666953125001 0.099824290625 0.8362827609375 0.21796129843749998 0.8283990156249998 0.21875 0.8262732671874999 0.21875 0.8063441874999999 0.2168523625 0.795121 0.1955730734375 0.7019261531250001 0.128925271875 0.3796875 0 0.3796875
15 0.55 1 0.55 0.9486044390625 0.5492272421875 0.9469299875000001 0.537905959375 0.9306773546875 0.49309286874999997 0.8356924937500001 0.49126421875000004 0.8338241515625 0.4827351046875 0.83406775 0.375208284375 0.84810080625 0.3645448703125 0.85360566875 0.347148196875 0.8520933218749999 0.32281909531249997 0.8572793515625001 0.25875115625 0.8659641312499999 0.251723178125 0.869119575 0.2515625 0.8809602812499999 0.2515625 0.8889364078125 0.25871595 0.9253254500000001 0.2801577734375 0.992435225 0.2818641046875 1 0.55 1
8 0.55 1 0.8022727640625 1 0.81099575625 0.9676084859374999 0.8419450421875 0.8698742249999999 0.8453125 0.8513905140624999 0.8453125 0.7835871578125 0.8298550359375 0.7764546859375001 0.8165773656249999 0.767017871875 0.754614996875 0.7482713234375 0.73118201875 0.7483779546875 0.7065821031249999 0.7436902203125 0.693966775 0.7451773171875 0.686755009375 0.74425700625 0.6676007015625001 0.73665106875 0.5996022765625 0.73125 0.579109365625 0.73125 0.55 0.732446715625 0.55 1
10 0.6567911046875 0.6131211234375 0.6471128359375 0.612897378125 0.6308793359375 0.6179284234375 0.6193252296875 0.628129459375 0.6030918140625 0.6580455421875 0.579437328125 0.6788855125 0.56910976875 0.6927986328125 0.5682749125 0.6967545765625001 0.571944221875 0.7017952125 0.5700787093749999 0.7183156078125 0.5628226328125 0.732114221875 0.5578125 0.7348086078125 0.5578125 0.7355928875 0.558370025 0.7366225703125 0.5926098390625001 0.7298346625000001 0.6132753765625 0.732989078125 0.6206036625 0.7369747312499999 0.6519163265625 0.7409848234374999 0.6693763703125 0.7396658609375001 0.6751483015625 0.7439600546875 0.6973701921875 0.7468059296874999 0.7093263203125 0.7503685359375 0.7366810921875 0.752856040625 0.755083965625 0.7578125 0.77663723125 0.7578125 0.7811454453125 0.7458539796875 0.7828125 0.7388596375 0.7828125 0.7124130296875 0.7729409109375001 0.6965567765625 0.71084103125 0.626137384375 0.6900723890625 0.6117968953125 0.664315196875 0.6084982703125 0.660151175 0.6094885734375 0.6567911046875 0.6131211234375
14 0.5583879515625 0.7343744015625 0.55880848125 0.7375 0.5614653671875 0.7375 0.6766978203125 0.6714006375 0.678125 0.6693573671874999 0.678125 0.6594924499999999 0.6778990734375 0.6589188890625 0.671240034375 0.6574053171875001 0.6583703859375 0.6653511 0.5836282265625 0.713467275 0.570174665625 0.7256103328125001 0.5583879515625 0.7343744015625