16 0.41865234375 0.23505859375 0.41328125 0.223828125 0.40888671875 0.22138671875 0.3849609375 0.23505859375 0.3087890625 0.2853515625 0.2716796875 0.305859375 0.212109375 0.3478515625 0.14130859375 0.38984375 0.09810462812500001 0.41875 0.46875 0.41875 0.46875 0.3847886671875 0.41865234375 0.23505859375
16 0 0.41875 0.098073640625 0.41875 0.1466796875 0.38642578125 0.1955078125 0.35859375 0.2580078125 0.3185546875 0.2755859375 0.3048828125 0.3009765625 0.29072265625 0.36103515625 0.2521484375 0.39619140625 0.22919921875 0.4123046875 0.21650390625 0.41865234375 0.2052734375 0.415234375 0.18623046875 0.4025390625 0.17890625 0.38837890625 0.1662109375 0.3498046875 0.13935546875 0.33173828125 0.1232421875 0.32587890625 0.11982421875 0.321484375 0.11982421875 0.2052734375 0.1369140625 0.184765625 0.1369140625 0.17109375 0.14033203125 0.1662109375 0.14375 0.16572265625 0.14765625 0.1720703125 0.15888671875 0.184765625 0.1916015625 0.21455078125 0.2541015625 0.2189453125 0.27265625 0.21748046875 0.28193359375 0.2130859375 0.2853515625 0.1798828125 0.29951171875 0.044140625 0.35224609375 0 0.3715576171875 0 0.41875
16 0 0.3721160234375 0.040234375 0.3537109375 0.098828125 0.3322265625 0.219921875 0.2814453125 0.2208984375 0.26923828125 0.216015625 0.2541015625 0.1671875 0.14619140625 0.15986328125 0.1427734375 0.13056640625 0.14716796875 0.1115234375 0.145703125 0.106640625 0.1359375 0.096875 0.1017578125 0.09248046875 0.0763671875 0.08857421875 0.06953125 0.08173828125 0.08369140625 0.0705078125 0.11689453125 0.04951171875 0.19501953125 0.040234375 0.21162109375 0.02900390625 0.2189453125 0 0.231513671875 0 0.3721160234375
16 0.1103125 0 0.10859375 0.0021484375 0.1046875 0.03388671875 0.10517578125 0.04658203125 0.11103515625 0.075390625 0.12421875 0.096875 0.12958984375 0.10078125 0.13447265625 0.10126953125 0.17109375 0.09345703125 0.2072265625 0.08955078125 0.2091796875 0.08662109375 0.2091796875 0.07978515625 0.2072265625 0.0646484375 0.2091796875 0.0607421875 0.212109375 0.059765625 0.21650390625 0.0626953125 0.2208984375 0.083203125 0.2248046875 0.08662109375 0.2296875 0.08662109375 0.321484375 0.07392578125 0.3517578125 0.07197265625 0.35810546875 0.06513671875 0.36640625 0.06904296875 0.37373046875 0.06953125 0.4435546875 0.05830078125 0.44697265625 0.055859375 0.45283203125 0.04609375 0.45673828125 0.03193359375 0.45771484375 0.005078125 0.4564453125 0 0.355078125 0 0.3439453125 0.00556640625 0.33076171875 0.008984375 0.117501028125 0 0.1103125 0
16 0.44697265625 0.11298828125 0.4455078125 0.1017578125 0.4416015625 0.10029296875 0.4083984375 0.1037109375 0.39375 0.10908203125 0.3927734375 0.11494140625 0.46845703125 0.23896484375 0.46875 0.2394134515625 0.46875 0.12448561250000001 0.45869140625 0.12080078125 0.44697265625 0.11298828125
10 0.46875 0 0.46875 0.0491477265625 0.4765625 0.05625 0.5270182296875 0.0871744796875 0.5921223953125 0.124609375 0.6474609375 0.1197265625 0.7109375 0.1327473953125 0.7776692703125 0.124609375 0.7923177078125 0.105078125 0.8199869796874999 0.0920572921875 0.8639322921874999 0.0985677078125 0.8899739578125001 0.11321614531249999 0.8916015625 0.0708984375 0.8948567703125001 0.0220703125 0.863130696875 0 0.46875 0
0 0.7874348953125 0.0985677078125 0.7776692703125 0.134375 0.7613932296875 0.1913411453125 0.7532552078125 0.1978515625 0.7939453125 0.1864583328125 0.8264973953125001 0.1750651046875 0.8541666671874999 0.183203125 0.8802083328125001 0.21901041718749997 0.9013671875 0.1815755203125 0.916015625 0.1652994796875 0.9127604171874999 0.134375 0.8899739578125001 0.10833333281249999 0.8411458328125001 0.0888020828125 0.7874348953125 0.0985677078125
0 0.6669921875 0.24016927031250002 0.6539713546875 0.27109375 0.6572265625 0.3150390625 0.6848958328125 0.3524739578125 0.759765625 0.3508463546875 0.8264973953125001 0.3475911453125 0.8802083328125001 0.3361979171875 0.8997395828125001 0.2889973953125 0.8916015625 0.21412760468749997 0.8313802078125001 0.1718098953125 0.7825520828125 0.1913411453125 0.7337239578125 0.2076171875 0.678592565625 0.2198686078125 0.6669921875 0.24016927031250002
10 0.5237630203125 0.0871744796875 0.4765625 0.05625 0.4912109375 0.0904296875 0.5107421875 0.134375 0.544921875 0.1685546875 0.564453125 0.20924479218749997 0.5725911453125 0.24016927031250002 0.6067708328125 0.2955078125 0.6360677078125 0.3524739578125 0.6344401046875 0.3508463546875 0.6311848953125 0.3557291671875 0.6800130203125 0.3541015625 0.6555989578125 0.31015625 0.6588541671875 0.2597005203125 0.681640625 0.21412760468749997 0.6604817703125 0.1815755203125 0.6360677078125 0.1571614578125 0.6214192703125 0.11809895781249999 0.583984375 0.12298177031249999 0.5237630203125 0.0871744796875
12 0.8981119796874999 0.2629557296875 0.9013671875 0.2857421875 0.9046223953125001 0.2841145828125 0.90625 0.290625 0.90625 0.2857421875 0.90625 0.2841145828125 0.9208984375 0.2841145828125 0.9518229171874999 0.19296875 0.9860026046874999 0.1213541671875 0.994140625 0.0790364578125 0.9632161453125001 0.057877604687499994 0.9176432296874999 0.0546223953125 0.9013671875 0.0839192703125 0.896484375 0.10833333281249999 0.9176432296874999 0.1522786453125 0.9095052078125001 0.1848307296875 0.8818359375 0.21412760468749997 0.8981119796874999 0.2629557296875
4 0 0.728449328125 0.03154761875 0.7454365078125 0.12703372968749999 0.785119046875 0.140674603125 0.7727182546875 0.14439484062500002 0.7466765875 0.14811507968749998 0.7169146828125 0.16547619062500002 0.7007936515625001 0.1729166671875 0.68467261875 0.169196428125 0.65987103125 0.17663690468749998 0.637549603125 0.1394345234375 0.6412698406249999 0.16299603125 0.6276289687500001 0.2014384921875 0.5619047625 0.2361607140625 0.493700396875 0.1865575390625 0.4887400796875 0.0823908734375 0.48377976250000004 0 0.4814031015625 0 0.728449328125
10 0.148373015625 1 0.15059523749999998 0.9984126984374999 0.1456349203125 0.9314484125 0.12207341249999999 0.7392361109375 0.10099206406250001 0.728075396875 0.10099206406250001 0.6983134921875 0.11215277812499999 0.6710317453125 0.10099206406250001 0.5953869046875 0.0724702375 0.550744046875 0.0414682546875 0.5147817453125 0.037748015625 0.4912202375 0.046428571875000005 0.4875 0.037748015625 0.4366567453125 0.0042658734375 0.431696428125 0 0.43253105625000005 0 1 0.148373015625 1
4 0.1803571421875 0.6239087296875 0.1704365078125 0.65615079375 0.169196428125 0.693353175 0.15059523749999998 0.7169146828125 0.1394345234375 0.7454365078125 0.15059523749999998 0.771478175 0.15059523749999998 0.7677579359375 0.19771825468749998 0.7392361109375 0.21755952343749999 0.7193948406249999 0.215079365625 0.693353175 0.26220238125 0.6462301593750001 0.2894841265625 0.6177083328124999 0.29444444375 0.5966269843750001 0.3452876984375 0.543303571875 0.375049603125 0.5135416671875 0.334126984375 0.5048611109375 0.29072420625 0.5234623015625 0.1915178578125 0.5693452375 0.1803571421875 0.6239087296875
7 0.3080853171875 0.777678571875 0.32792658750000003 0.7503968249999999 0.305605159375 0.7429563484374999 0.24484127031249997 0.7503968249999999 0.24236111093749999 0.785119046875 0.26220238125 0.793799603125 0.22375992031249997 0.7950396828125 0.196478175 0.81240079375 0.16423611093749999 0.8198412703125 0.146875 0.8235615078125 0.13695436562500002 0.84092261875 0.1667162703125 0.8545634921874999 0.1989583328125 0.8731646828124999 0.1667162703125 0.8768849203125001 0.1716765875 0.9091269843750001 0.185516340625 0.924031334375 0.227480159375 0.9289682546875 0.2646825390625 0.912847221875 0.318005953125 0.8979662703125 0.3390873015625 0.86572420625 0.3291666671875 0.8508432546875 0.3552083328125 0.859523809375 0.383730159375 0.8669642859375 0.36884920625 0.843402778125 0.3886904765625 0.8285218249999999 0.36140872968750004 0.7925595234375 0.3514880953125 0.8 0.34404761875 0.7702380953125 0.325446428125 0.78759920625 0.3080853171875 0.777678571875
13 0.3009920625 1 0.288244046875 0.9872519843750001 0.2634424609375 0.9599702375 0.210119046875 0.950049603125 0.175396825 0.9810515875 0.16933333281250001 1 0.3009920625 1
4 0.456646825 0.4232638890625 0.44623015937500005 0.43541666718750005 0.43333333281249997 0.4483134921875 0.4234126984375 0.45625 0.39092261875 0.48998015937500006 0.3519841265625 0.5393353171874999 0.344295634375 0.5450396828125 0.330902778125 0.5509920640625 0.3234623015625 0.5579365078125 0.3197420640625 0.565873015625 0.3140376984375 0.5698412703125 0.303869046875 0.5800099203125 0.29717261875 0.5852182546875 0.286755953125 0.6005952375 0.285019840625 0.605803571875 0.284523809375 0.61572420625 0.28055555625 0.62118055625 0.27782738125 0.628869046875 0.271626984375 0.631101190625 0.2646825390625 0.6303571421874999 0.2612103171875 0.634821428125 0.2577380953125 0.63680555625 0.253769840625 0.6447420640625 0.2483134921875 0.65243055625 0.2416170640625 0.659623015625 0.23368055625 0.666071428125 0.23169642812500002 0.6695436515625001 0.227480159375 0.6732638890625 0.225248015625 0.6787202375 0.2202876984375 0.6821924609375001 0.218303571875 0.6861607140625 0.2116071421875 0.694097221875 0.20664682499999998 0.7047619046875 0.20441468281250003 0.7114583328124999 0.21235119062500002 0.7146825390625 0.21607142812500002 0.728571428125 0.22996031718749999 0.7451884921875 0.23144841249999998 0.746428571875 0.2383928578125 0.7481646828125 0.24484127031249997 0.7449404765625001 0.25029761875 0.7489087296875 0.259226190625 0.7506448406249999 0.29717261875 0.74618055625 0.3013888890625 0.743700396875 0.3046130953125 0.738244046875 0.3080853171875 0.7241071421874999 0.3083333328125 0.7154265875 0.30585317500000003 0.7050099203125 0.3080853171875 0.7015376984375 0.30882936562499996 0.6983134921875 0.3209821421875 0.6802083328124999 0.3547123015625 0.6253968249999999 0.359920634375 0.618700396875 0.3762896828125 0.590178571875 0.39811507968750004 0.5574404765625001 0.40357142812499996 0.5512400796875 0.41125992031249997 0.5385912703125 0.42217261875 0.5289186515625001 0.46731150781249997 0.48427579375 0.46875 0.4825231484375 0.46875 0.41875 0.46336517187500004 0.41875 0.456646825 0.4232638890625
0 0.5125 0.6442708328125 0.541796875 0.6361328125 0.5841145828125 0.63125 0.5727213546875001 0.5954427078125 0.5385416671875001 0.5677734375 0.5108723953125 0.5173177078125 0.5336588546875001 0.49778645781249997 0.5059895828125 0.43756510468750004 0.4897135421875 0.43268229218750004 0.46875 0.437473959375 0.46875 0.66358816875 0.4701822921875 0.6654296875 0.5125 0.6442708328125
0 0.9177734375 0.6882161453125 0.9340494796875 0.6589192703125 0.9421875 0.6035807296875 0.9259114578125001 0.5417317703125 0.8998697921875 0.5059244796875 0.8689453125 0.484765625 0.8298828125 0.4896484375 0.7615234375 0.504296875 0.6833984375 0.5124348953125 0.5938802078125 0.5254557296875 0.5987630203125 0.5189453125 0.5889973953125 0.5205729171875 0.5727213546875001 0.5563802078125 0.5743489578125 0.5938151046875 0.5857421875 0.6589192703125 0.5987630203125 0.7158854171875 0.6345703125 0.7598307296875 0.7126953125 0.738671875 0.7826822921875001 0.7175130203125 0.8510416671875 0.7012369796875 0.9177734375 0.6882161453125
0 0.51668526875 0.511272321875 0.5125 0.5342912937500001 0.53272879375 0.5684709812500001 0.57179129375 0.5935825890624999 0.578069196875 0.53289620625 0.593415178125 0.5294084812500001 0.698046875 0.511969865625 0.77059151875 0.4310546875 0.7661744515625 0.41875 0.5821905875 0.41875 0.5334263390625 0.49174107187500005 0.51668526875 0.511272321875