13 0.536464121875 0.55 0.49462968281249997 0.5197604796874999 0.45222470625 0.5000266250000001 0.41566432343750004 0.4709436421875 0.3823928953125 0.458106946875 0.35043857031250003 0.43471406406249996 0.2776844625 0.397468946875 0.26418056875 0.39833080625 0.230561075 0.45134110625 0.2214723125 0.5327061359374999 0.26529915000000004 0.547861190625 0.26632016875 0.55 0.536464121875 0.55
13 0.1266054 0.55 0.1335620484375 0.5030705046875 0.140854690625 0.490636925 0.17528607812500002 0.4839513578125 0.19375 0.443099359375 0.19375 0.423269178125 0.1937179109375 0.42143825625 0.1876637984375 0.41883261406249994 0.19021943125000002 0.39323720156249997 0.1823767953125 0.3742895125 0.15813415625 0.362372590625 0.13212918125 0.335607965625 0.1034376265625 0.3269670234375 0.0869852421875 0.3310090984375 0.0429150984375 0.387678421875 0.033938690625000004 0.389747340625 0.02159475625 0.3710869375 0.01103934375 0.36876857812499997 0 0.3961038765625 0 0.513520315625 0.0016025156249999998 0.5159806046875001 0.036479135937500004 0.534698925 0.04933750625 0.55 0.1266054 0.55
13 0.4063652953125 0.3590726546875 0.37061680468749997 0.3763144046875 0.36071614687500003 0.41135470312500005 0.3612137609375 0.43974728125 0.3764799921875 0.45373312343750005 0.42038539999999996 0.4733712171875 0.474811096875 0.509375 0.48252122656249996 0.509375 0.5704548875000001 0.4652893578125 0.5765625 0.4561604984375 0.5765625 0.45092420625 0.54932546875 0.3738847984375 0.5369815328125 0.35522439375000003 0.5126865140625 0.3403187796875 0.4926308921875 0.31018241562500004 0.4761523203125 0.31273014374999997 0.4063652953125 0.3590726546875
12 0.61875 0.21523529375 0.6193045140625 0.21709301406249998 0.629110634375 0.23841720937500002 0.6865987015625 0.31848285781249996 0.7422648374999999 0.40295752812499996 0.7505381734375 0.4132592875 0.8465912859374999 0.4171875 0.8667840828125 0.4171875 0.9339045609374999 0.36944672343749996 0.966870815625 0.34040651718750004 0.97420340625 0.3287503 0.9823983921874999 0.3056714296875 0.9828125 0.301867321875 0.9828125 0.27851105625 0.982054134375 0.2707854140625 0.977391103125 0.2536569171875 0.9665953343750001 0.2322922484375 0.905178796875 0.14509155468749999 0.84510413125 0.0664146359375 0.8295549890625 0.0488409359375 0.8141257171875 0.03625384375 0.793448253125 0.0274374859375 0.772283346875 0.025077409374999998 0.750061184375 0.030146653125 0.7288735453124999 0.04123625 0.6320665609375 0.1269478984375 0.62176503125 0.1384826984375 0.61875 0.14559478125 0.61875 0.21523529375
17 0.4859375 1 0.4859375 0.7578125 0.4671875 0.7453125 0.359375 0.7421875 0.265625 0.7484375 0.1515625 0.74375 0.1375 0.7546875 0.125 0.7765625 0.125 1 0.4859375 1
17 0.1984375 0.746875 0.3234375 0.746875 0.4 0.7390625 0.48125 0.75 0.4734375 0.628125 0.4515625 0.621875 0.390625 0.621875 0.35 0.628125 0.2078125 0.628125 0.2 0.65625 0.1796875 0.6890625 0.1875 0.7421875 0.1984375 0.746875
17 0.61875 0.6280048078125 0.4875 0.6265625 0.4890625 0.7421875 0.61875 0.7445454546875 0.61875 0.6280048078125
0 0.7709282765625 0.55 0.77099609375 0.55244140625 0.78662109375 0.5763671875 0.79736328125 0.58076171875 0.8113606765625001 0.58125 0.84130859375 0.58125 0.85595703125 0.57392578125 0.86328125 0.56708984375 0.8671875 0.559711371875 0.8671875 0.55 0.7709282765625 0.55
0 0.7459082031250001 0.55 0.753564453125 0.566748046875 0.771630859375 0.584326171875 0.788720703125 0.594091796875 0.7970703125 0.596875 0.8224528 0.596875 0.829248046875 0.588720703125 0.83125 0.5817138671875 0.83125 0.578466796875 0.828759765625 0.578466796875 0.828759765625 0.580419921875 0.827294921875 0.578955078125 0.822412109375 0.580419921875 0.800927734375 0.579443359375 0.782373046875 0.567724609375 0.772607421875 0.553564453125 0.771716309375 0.55 0.7459082031250001 0.55
10 1 1 1 0.82412923125 0.99404296875 0.820654296875 0.97451171875 0.816259765625 0.9623046875 0.810888671875 0.961328125 0.798193359375 0.96279296875 0.789404296875 0.9291015625 0.747412109375 0.9125 0.742529296875 0.887109375 0.738623046875 0.8666015625 0.725439453125 0.8490234375 0.723974609375 0.828515625 0.708349609375 0.81923828125 0.704443359375 0.8109375 0.703466796875 0.79091796875 0.715673828125 0.7796875 0.726904296875 0.78505859375 0.748388671875 0.78603515625 0.769873046875 0.793359375 0.793798828125 0.793359375 0.800146484375 0.78701171875 0.815283203125 0.77578125 0.856298828125 0.766015625 0.868994140625 0.75380859375 0.875830078125 0.73671875 0.891455078125 0.7337890625 0.896337890625 0.7318359375 0.907080078125 0.73330078125 0.942724609375 0.7416015625 0.961767578125 0.7494140625 0.964697265625 0.75869140625 0.965185546875 0.77138671875 0.961767578125 0.78310546875 0.962744140625 0.79580078125 0.955908203125 0.82216796875 0.956884765625 0.83291015625 0.953955078125 0.8421875 0.955419921875 0.8490234375 0.958837890625 0.86123046875 0.970068359375 0.8734375 0.988623046875 0.8880859375 0.992041015625 0.91689453125 0.994482421875 0.92568359375 0.997412109375 0.9261628328124999 1 1 1
8 1 0.55 0.887521115625 0.55 0.885205078125 0.556591796875 0.867626953125 0.567333984375 0.861279296875 0.576123046875 0.857861328125 0.636181640625 0.858837890625 0.653759765625 0.864208984375 0.667431640625 0.8753125 0.6859375 0.890142821875 0.6859375 0.898876953125 0.678173828125 0.907666015625 0.665478515625 0.909619140625 0.658642578125 0.909130859375 0.646435546875 0.910595703125 0.645458984375 0.932568359375 0.644482421875 0.948681640625 0.649365234375 0.952587890625 0.652294921875 0.963818359375 0.653759765625 0.989208984375 0.652294921875 1 0.6497898640625 1 0.55