3 0.21235846406249997 0 0.2059801640625 0.019473126562500002 0.20064383125 0.0845893046875 0.2060945171875 0.1330072140625 0.2211596 0.1514131296875 0.2779169578125 0.1538385765625 0.3338284421875 0.1640625 0.34104521875 0.1640625 0.3511803046875 0.1551143328125 0.351968421875 0.1640625 0.379780171875 0.1640625 0.4140625 0.019970925 0.4140625 0 0.21235846406249997 0
3 0.559375 0.0792279734375 0.4988301328125 0.1074803328125 0.3828125 0.178252109375 0.3828125 0.19621437656250001 0.43981337812500004 0.26363023281250003 0.46754068593750003 0.3078125 0.559375 0.3078125 0.559375 0.0792279734375
16 0 0.1617705578125 0.04489844375 0.1703125 0.045126349999999996 0.1703125 0.0705405703125 0.168853671875 0.093930290625 0.15117049375 0.1015625 0.1381393640625 0.1015625 0.13371637812499998 0.09468275312499999 0.11622231406250001 0.068939084375 0.0985554890625 0.031620295312500005 0.0953125 0.03136278125 0.0953125 0 0.10573898906250001 0 0.1617705578125
16 0.053697928125 0.3953125 0.101777346875 0.3953125 0.1195790828125 0.3897728171875 0.141941778125 0.3714913 0.1421875 0.3699347875 0.1421875 0.3590696625 0.09918239375 0.32363255468749996 0.0249117390625 0.341725409375 0.009375 0.3638776203125 0.009375 0.3806251921875 0.0191963625 0.3882104046875 0.053697928125 0.3953125
16 0.42576185312500003 0.3484375 0.45686500937499996 0.3391509921875 0.4756939421875 0.3246211078125 0.4765625 0.321527265625 0.4765625 0.3076198125 0.4684349390625 0.2964372484375 0.42902192031249997 0.275 0.3817597640625 0.275 0.35764704375 0.28351133281249996 0.3359375 0.3117851578125 0.3359375 0.33066420937499996 0.3695098234375 0.3463348328125 0.3854353078125 0.3484375 0.42576185312500003 0.3484375
9 0.559375 0.49045556562500003 0.49131919062499996 0.4431450953125 0.37651887500000003 0.4107049546875 0.282324134375 0.4097735296875 0.2480967171875 0.40375539062500004 0.2552020640625 0.3790270015625 0.2313698875 0.3679386 0.19458259687499999 0.3680014796875 0.18162748125 0.3791527609375 0.173203259375 0.4021082015625 0.22316470625 0.45022630625 0.23585703906250002 0.47109734843749995 0.23633886093749998 0.4984072890625 0.21924221562500001 0.5458889703125 0.24649788906249998 0.5638302484375 0.559375 0.6041913328125 0.559375 0.49045556562500003
15 1 0.090625 0.8921165328124999 0.090625 0.8711243234375001 0.09227354531250001 0.8238757624999999 0.0931051265625 0.7532978187499999 0.10220622187499999 0.6830909015625 0.11655932656250001 0.6037083484375 0.121712571875 0.5642178078125 0.1263948546875 0.559375 0.12747620312500002 0.559375 0.21339875468749997 0.633611946875 0.46258681093750004 0.6362769312500001 0.46875 0.663706703125 0.46875 0.6697191109375 0.46593856406249995 0.7529209984375 0.41992108281249996 0.7933307093749999 0.40175845 0.85848181875 0.3629352140625 0.9356686484375001 0.32522923125 1 0.289104953125 1 0.090625
15 0.6015625 0 0.6015625 0.12487924218749999 0.6071033171875 0.1253938921875 0.684357759375 0.114467196875 0.709332534375 0.1136836796875 0.721361834375 0.111180534375 0.7340302359375 0.1045990671875 0.7424004156249999 0.10279047031249999 0.76569924375 0.1059889625 0.8568153281249999 0.1010046765625 0.964837696875 0.086729296875 0.9809389546875 0.0871904140625 0.9875879359375 0.0909112546875 0.9946346640625 0.0988067203125 0.9980222671875 0.10739673125 1 0.1214432046875 1 0.0448491703125 0.8774038031250001 0.019128984374999998 0.8423321078124999 0.009664885937500001 0.7989072359375 0 0.6015625 0
15 1 0.28069007031250004 0.9189502 0.3257491515625 0.8677939765625 0.3495262328125 0.8021816484375 0.384470421875 0.783655884375 0.39676150468750004 0.7570640203125001 0.408806328125 0.6940116984375 0.4424868375 0.6570919515625 0.46257943125 0.640105121875 0.4740125375 0.6332265406250001 0.48488049687499996 0.6361780140625 0.5046612984375 0.649042003125 0.5133547109375 0.6632545828125 0.5276750859375 0.702203346875 0.558790309375 0.720339159375 0.5769751249999999 0.72431399375 0.5796875 0.76395693125 0.5796875 0.8510821406249999 0.575068896875 0.872217221875 0.5770247875 0.8864097703125001 0.5748368265625 0.891544428125 0.5718106234375 0.8921647828125 0.5678664609374999 0.8859597390625 0.5557877109375 0.8738571359374999 0.5211545421875 0.845035134375 0.45446212812500003 0.8410625890624999 0.43508703281249994 0.8428504390625001 0.4257487484375 0.8474818765624998 0.422675978125 0.8821252015625 0.41137625624999996 1 0.3772751703125 1 0.28069007031250004
15 1 0.3696191203125 0.9626045328124999 0.37974101718750003 0.8390625 0.4195662578125 0.8390625 0.454862940625 0.88517346875 0.5684744875 0.892756534375 0.5727835078125 0.923640546875 0.5710400828125 0.9435831828125 0.574446546875 0.9484099078125 0.5851846109375 0.9576159921875 0.622049521875 0.9614530343750001 0.64915440625 0.9634955125000001 0.653125 0.9672688921875 0.653125 0.9729516421875001 0.642513521875 0.98575309375 0.6087336640625 1 0.5620586546874999 1 0.3696191203125
15 0.9493455921875 0.659375 0.947292775 0.6473953078125 0.934049740625 0.6234856984375 0.9285057171875 0.6188462546875 0.9233717218749999 0.617852496875 0.884514665625 0.6224773203125 0.8462923625000001 0.6230384625000001 0.8441428796875 0.6259302890625 0.8439331296875 0.6331257 0.8455282796875 0.649250315625 0.8433488328125 0.6531700578125 0.84022948125 0.65391009375 0.8356852921875 0.6503945265625 0.8316804578125 0.6283764734374999 0.8276661453124999 0.624394928125 0.822517165625 0.6239151265625 0.725326825 0.6282577875 0.6933432265625 0.6273388578125 0.6864398046875 0.6339105296875001 0.67780639375 0.6289832015625 0.670097909375 0.62774954375 0.5961229218749999 0.6327094328125 0.5924437250000001 0.6349433609374999 0.5859653093749999 0.6446467609375001 0.5859375 0.644735440625 0.5859375 0.659375 0.9493455921875 0.659375
15 0.559375 0.553277615625 0.590121384375 0.5674840578125 0.6019271749999999 0.576583175 0.6030963781249999 0.5881962359374999 0.6070656984375 0.5900653124999999 0.6412793078125001 0.589740103125 0.6564890296875 0.5856499125 0.657667459375 0.579756953125 0.5836208875 0.44583303750000003 0.559375 0.40483610781249996 0.559375 0.553277615625
6 0.48009395 0.659375 0.47769924062499997 0.6717754265625 0.4712626375 0.687158690625 0.4789865609375 0.6922864453125 0.43907962500000003 0.7999692859375 0.4030346515625 0.8756036625 0.4094712546875 0.8935508015625 0.3927360890625 0.9538019171875 0.390161446875 0.9794406890625 0.3914487671875 0.9794406890625 0.4083406421875 1 0.4821321140625 1 0.4957217265625 0.9909781359375 0.525330096875 0.8922688640625001 0.5330540203125 0.805097040625 0.5497891859374999 0.70510583125 0.557513109375 0.6974142 0.559375 0.6881436671875 0.559375 0.659375 0.48009395 0.659375
6 0.380700359375 1 0.38188531718749996 0.9677340703125001 0.3859375 0.9255054375 0.3859375 0.885040146875 0.37040110312499996 0.872505334375 0.3321203921875 0.864784084375 0.2989437765625 0.8699315859375 0.2836314921875 0.89052158125 0.276144921875 1 0.380700359375 1
8 0.27519533281249997 1 0.2746958546875 0.9948191859375001 0.27819899062500003 0.915625 0.1588563953125 0.915625 0.15431025468749998 0.9186477359375 0.1426600359375 0.959961065625 0.124537471875 0.9754535640625001 0.1125 0.9764540296875 0.1125 1 0.27519533281249997 1
6 0.866816684375 1 0.854880409375 0.9882158296875 0.8462287625 0.9749604312500001 0.8335647109375 0.9641678531250001 0.8059582781250001 0.934471828125 0.7826468390625 0.9163064562500001 0.77173778125 0.9042425921875001 0.7562313171875 0.8950653062499999 0.735790178125 0.887687828125 0.6965116890624999 0.87887020625 0.6570331859375 0.8555556093749999 0.6299849546875 0.85074571875 0.5847867671875 0.8151577203125001 0.559375 0.7897012796875 0.559375 0.957566809375 0.56184486875 0.9613346187499999 0.5701801578125 0.9828056421875001 0.5739823234375 1 0.866816684375 1
6 1 1 1 0.8013466687499999 0.9935791999999999 0.795414403125 0.970461509375 0.7865488875000001 0.8944411515624999 0.7781932109375 0.8809308578125 0.774495171875 0.8766787328125 0.7717378171875 0.8491212812500001 0.7319267578125 0.690625 0.7068955140625001 0.690625 0.7278278640625 0.73577559375 0.7985017953125 0.779274878125 0.8455236328125 0.78557990625 0.8548626578124999 0.7890155562500001 0.8720918031250001 0.786671128125 0.9243884765624999 0.792382696875 0.9341552328125001 0.8532711281250001 1 1 1