13 0.40928857812499997 0.11790300000000001 0.40635734218749997 0.13191265937500002 0.38247657031250004 0.178760525 0.3207146421875 0.2773194671875 0.31050544687500004 0.3051614734375 0.2955448484375 0.3154198359375 0.27563140625 0.3461265765625 0.28804016250000003 0.36619631406250003 0.30009482187500003 0.371035509375 0.3004236265625 0.38517815624999996 0.39888249375 0.4174530015625 0.421665746875 0.44375 0.42328836093750005 0.44375 0.4372451203125 0.4331471390625 0.472927621875 0.38025950937499997 0.5025958968750001 0.348863828125 0.5337799203125 0.2892715125 0.577902940625 0.225859553125 0.579696909375 0.20962977187499998 0.584375 0.20304953124999997 0.584375 0.20157850000000002 0.5760321828125 0.1920904515625 0.5124988515625 0.167761490625 0.48929916875 0.1505121578125 0.455359140625 0.13825902031249998 0.4179314359375 0.116081834375 0.40928857812499997 0.11790300000000001
13 0 0.4074525765625 0.11271034375 0.47543920625 0.22216327656249998 0.55 0.2234151296875 0.55 0.2531895609375 0.5056241390625 0.290625 0.45517147968750005 0.290625 0.4540225015625 0.2777019734375 0.45092227500000004 0.0518024640625 0.3072078484375 0.0008818234374999999 0.3934383796875 0 0.3948681484375 0 0.4074525765625
13 0.2123610328125 0.559375 0.2171875 0.55223085625 0.2171875 0.5504596953124999 0.162891825 0.5147909703125 0.1078306265625 0.48129754687500004 0.034857942187500005 0.436204828125 0 0.4078818390625 0 0.53125628125 0.0471698046875 0.559375 0.2123610328125 0.559375
13 0.59375 0.559375 0.59375 0.53646491875 0.5906505015625 0.4031488546875 0.5886663796875 0.387851821875 0.5369237234375001 0.438725734375 0.526436309375 0.454600890625 0.486128409375 0.471976753125 0.4768728828125 0.48246783750000005 0.5112110421875 0.5001715375 0.5456756656249999 0.523314715625 0.573443384375 0.550260453125 0.5851580015625 0.559375 0.59375 0.559375
13 0.2440575171875 0 0.2461898734375 0.0082467296875 0.20752487031250003 0.03791683125 0.15167554375 0.0872646453125 0.101259621875 0.136834103125 0.050938546875000004 0.190483165625 0.0995873828125 0.24001797656249999 0.1397067203125 0.2729018859375 0.161724878125 0.28602727968749997 0.15929271875 0.29815528750000003 0.1910646421875 0.3203125 0.1932512015625 0.3203125 0.2307794546875 0.2793341265625 0.272918809375 0.2239927265625 0.28741804375 0.2055640640625 0.3210290375 0.19199075937500001 0.36079946406249996 0.1514971078125 0.40451848124999995 0.105730209375 0.415625 0.0935129359375 0.415625 0.0893281328125 0.4104249875 0.06793090625 0.40126430781250005 0.0825016 0.33641011249999997 0.0363814765625 0.32241559531249997 0.0181490625 0.30336706874999997 0.016013446875 0.28591228125 0 0.2440575171875 0
13 0.21736425625 0.3013149046875 0.24676393437500002 0.33125 0.2489300875 0.33125 0.2598209046875 0.3179911953125 0.2800037296875 0.33125 0.2828141125 0.33125 0.2950431765625 0.3153522578125 0.3110272265625 0.3024184875 0.31671242187500004 0.25510009375 0.33800341093749997 0.236948484375 0.3547767234375 0.199592465625 0.362420971875 0.17816700937500002 0.375 0.145284003125 0.375 0.14486398125 0.345804603125 0.1639033875 0.3260616609375 0.19026962812499998 0.29516736875 0.20395375468750002 0.2670846265625 0.2218283125 0.2462362609375 0.2590181 0.21736425625 0.3013149046875
13 0.10480078906250001 0 0.0737042453125 0.0328265421875 0.028658493750000003 0.0798979 0 0.111086975 0 0.19204512499999998 0.0027572531250000002 0.1916034765625 0.01280204375 0.15669014375 0.039590804687499995 0.19989890625 0.06966307968749999 0.15085816406250002 0.084004234375 0.125630153125 0.096828959375 0.09354738124999999 0.13893669687500002 0.036846114062500004 0.165252865625 0 0.10480078906250001 0
13 0.325481996875 0.470934565625 0.3515625 0.42542309375 0.3515625 0.4222316078125 0.3404543375 0.4144849578125 0.29705148124999997 0.47385055468750004 0.2868169921875 0.50060466875 0.2954304609375 0.509375 0.2973777640625 0.509375 0.325481996875 0.470934565625
13 0.27569675312499997 0.559375 0.2868075796875 0.5468926187500001 0.2984375 0.52438531875 0.2984375 0.5241607578125 0.29006303125 0.5078125 0.2895575921875 0.5078125 0.27385525624999996 0.51511691875 0.2530385046875 0.5536665765625 0.24876405781250002 0.559375 0.27569675312499997 0.559375
13 0.36980734531250004 0.503125 0.3701950203125 0.503125 0.3843641453125 0.47959504375 0.38028795625 0.4210098203125 0.3628507078125 0.4298085734375 0.3581444734375 0.4608639375 0.3586503296875 0.4826218546875 0.36980734531250004 0.503125
13 0.3380875234375 0.559375 0.3516439703125 0.5394135296875 0.3671875 0.500797515625 0.3671875 0.494016590625 0.35650715 0.4567385265625 0.3288038015625 0.490931521875 0.30157468593750003 0.5455225640625 0.30658305 0.559375 0.3380875234375 0.559375
13 0.37824187187499997 0.559375 0.392621621875 0.5472404203125001 0.4057308875 0.527396478125 0.4421875 0.48626267500000003 0.4421875 0.48188788593750004 0.4119840328125 0.4461367515625 0.39461001875 0.45765524375 0.3856074171875 0.4790252875 0.37919505625 0.495066671875 0.3647274359375 0.5148552046875 0.346532540625 0.549436075 0.3642544640625 0.559375 0.37824187187499997 0.559375
13 0.415137425 0.559375 0.4265625 0.5487114875 0.4265625 0.5474924640625 0.4193412203125 0.5171875 0.419056409375 0.5171875 0.3888611546875 0.5510178156250001 0.37669922968749997 0.5532388609375001 0.3731828953125 0.559375 0.415137425 0.559375
13 0.4560115140625 0.559375 0.466583615625 0.5529762625 0.484375 0.5433967328125 0.484375 0.5392737328125 0.48237796718750003 0.5318832703124999 0.463929009375 0.4971661890625 0.42242084062499996 0.5212859921875 0.4307290234375 0.5284178046875 0.4270965953125 0.5472897484375 0.4135516484375 0.559375 0.4560115140625 0.559375
13 0.5275966109375 0.559375 0.53125 0.54878835625 0.53125 0.5456643125 0.517549246875 0.5151898421875 0.4846959015625 0.5029810343750001 0.5042186671875 0.525514696875 0.4981922859375 0.559375 0.5275966109375 0.559375
13 0.4890625 0.559375 0.4890625 0.5357789875 0.48881672187499997 0.52520755625 0.45966017187499997 0.55526553125 0.4649419328125 0.559375 0.4890625 0.559375
12 0.9231965609374999 0.0438915140625 0.8842220421875 0.0427377390625 0.860672425 0.050242589062499995 0.8488298406249999 0.06160114531250001 0.8416072484375 0.0731749015625 0.8199076921875001 0.121128234375 0.8111949640624999 0.14851283125 0.7918643000000001 0.2270136578125 0.788639096875 0.2506838046875 0.788367996875 0.2811083234375 0.8014698203125 0.3088473765625 0.8158888328125 0.32407591875 0.8540641828125001 0.3390625 0.8870213734375 0.3390625 0.9112427750000001 0.3351343234375 0.9323945203124999 0.3228860375 0.949721821875 0.2952410359375 0.9557973624999999 0.2803054625 0.958884209375 0.25927558125 0.9749606921874999 0.23024895937499998 0.9852009515625 0.1989654515625 0.996875 0.1250800171875 0.996875 0.1023292375 0.9960843718750001 0.092280709375 0.990141575 0.07943202499999999 0.9788842015625001 0.06699746250000001 0.9603322484374999 0.054884792187499996 0.94216358125 0.048083393749999995 0.9231965609374999 0.0438915140625
12 1 0.559375 1 0.5013472625000001 0.986425603125 0.5011677999999999 0.98003315 0.496899975 0.9779811703125001 0.4855558796875 0.9819673312500001 0.44736428281249996 0.968833728125 0.43285729218749996 0.9568443671875 0.40914012343749995 0.9481232203125 0.3988087296875 0.9341220828125 0.38823139218749997 0.9184550546875 0.3841932296875 0.8864983984375 0.387998090625 0.8716671234375 0.3932623359375 0.8137713953125001 0.437544603125 0.7888671921875 0.4456480328125 0.7772321421875 0.45304619375 0.7537890984375 0.47114284062499995 0.727985578125 0.4964079859375 0.7243396921875 0.50285493125 0.7229907203125 0.528597503125 0.72393304375 0.5484917109375 0.7264385859375 0.559375 1 0.559375
12 0.7329264999999999 0.0774084296875 0.70257216875 0.1011382421875 0.660865109375 0.1521296796875 0.6526366296875 0.1702733546875 0.638361584375 0.177548540625 0.6346119328125 0.18597568125 0.6339547375000001 0.1985169359375 0.641704584375 0.2147581796875 0.6487916296875 0.2183966828125 0.662617015625 0.21970235312500003 0.69009765 0.2381860203125 0.7071024218749999 0.24375 0.71626115 0.24375 0.7395283859375 0.2418118828125 0.7657871734375 0.23310987187499999 0.7817309140625 0.2318675078125 0.79117843125 0.2283375171875 0.8201267515625 0.13043436875 0.8434230187499999 0.07726199375000001 0.84375 0.07392749374999999 0.84375 0.06156291093750001 0.84296775 0.0606988609375 0.8344223515625 0.059639134375 0.8077110968750001 0.06435000468749999 0.7620328234375 0.0648689984375 0.7512998953125 0.0676774375 0.7329264999999999 0.0774084296875
12 0.7330476781249999 0.559375 0.7323008046874999 0.5582405703125 0.724617328125 0.5281072 0.7257933578125 0.5056649546875 0.73016841875 0.49792862031249996 0.764863225 0.46712254218749993 0.7841387390625 0.45280182968749993 0.804422953125 0.4444831984375 0.8046875 0.44401540625 0.8046875 0.44094015625000005 0.765892478125 0.4096045734375 0.7490064140625 0.3909527296875 0.713499221875 0.361508346875 0.7032159515625 0.35573593125 0.6808797578125 0.35271046875 0.6694176546875 0.35680829687500004 0.6467037875 0.3736155578125 0.600304753125 0.413139928125 0.6 0.4134793515625 0.6 0.536718621875 0.6196138859375 0.559375 0.7330476781249999 0.559375
12 0.6 0.414250178125 0.6055855609374999 0.4090492 0.607147684375 0.404490225 0.6718509328125 0.35655499218750003 0.6819930390625 0.352395678125 0.7043292328125 0.35542114062499996 0.7163849625 0.36524618124999997 0.721875 0.36605520937499997 0.721875 0.3574736609375 0.7201663968750001 0.34358697656250003 0.7075834109375 0.3059469359375 0.700107471875 0.2718531671875 0.68374024375 0.24330033437499998 0.66866123125 0.2280410484375 0.6555650203125001 0.22544598906250002 0.6348975218749999 0.22845334843749998 0.6 0.2409609015625 0.6 0.414250178125
12 0.9265484578125001 0.3163690578125 0.9276955125 0.319730871875 0.9227642171875001 0.3254562640625 0.9064399968749999 0.33395935468750004 0.8798325109375 0.3366900296875 0.8661800703125 0.33208402812500004 0.822236859375 0.32474371562500004 0.8051432609375 0.310052265625 0.79325766875 0.2843548984375 0.7912374718749999 0.2597787421875 0.7942205515625 0.2407290578125 0.7924135 0.23733649843750002 0.789911859375 0.2345732640625 0.7806718765625 0.23414286093749997 0.753300621875 0.2388229875 0.73638558125 0.24597520312499999 0.725862996875 0.25739524375 0.711066309375 0.261999425 0.7027658421874999 0.268891234375 0.70012865625 0.28134025937499996 0.704200834375 0.31726050781250004 0.7155301953125 0.340946934375 0.7204325109375 0.361025603125 0.732142353125 0.377451303125 0.8038542859375 0.4421875 0.8075638171874999 0.4421875 0.814203775 0.44016303125 0.8652228015624999 0.4008538625 0.8829016062499999 0.391752190625 0.9193744890625 0.39014273125 0.9584209937499999 0.4025483703125 0.9676609781250001 0.4029787734375 0.9757884984375 0.3993872921875 0.9765625 0.39611043437500004 0.9765625 0.3909266109375 0.9639029062500001 0.373689925 0.9539860843750001 0.29779680000000003 0.9528044437500001 0.2950950484375 0.9474206859375001 0.296829303125 0.9375235078124999 0.308940153125 0.9265484578125001 0.3163690578125
17 0 1 0.2193044640625 1 0.22147018593749998 0.9973926500000001 0.282899528125 0.917968621875 0.2989728203125 0.8991373046875001 0.30625 0.887464690625 0.30625 0.8747694156250001 0.292744815625 0.81189499375 0.28799901562499997 0.8048164968750001 0.260305384375 0.7953769828125 0.19759532500000002 0.76940435625 0.18814619531250001 0.768235709375 0.18237889375 0.7704284421875001 0.1472875703125 0.8114136171874999 0.0961225546875 0.86789030625 0.069742871875 0.9000204093749999 0 0.9786662984374999 0 1
1 0.49359917812500004 1 0.4970276828125 0.992242109375 0.501400921875 0.962580653125 0.50553060625 0.94850349375 0.5013564484375 0.9328933093749999 0.501314784375 0.9265845609374999 0.5125 0.8466333703125001 0.5125 0.8373458312500001 0.51202094375 0.836101696875 0.506703103125 0.8342150875 0.5051892734375001 0.8312375078125 0.505391965625 0.8160240671875 0.5091515015625 0.785245746875 0.5069418390625 0.7785532046875 0.43732320625 0.788535675 0.42190207187500006 0.7880742109375 0.339970484375 0.792789284375 0.2908036015625 0.7976963749999999 0.288308721875 0.8002793734375 0.288309525 0.8069589703125001 0.305253325 0.8838736031250001 0.2937203296875 0.9016182640625001 0.28357737968749996 0.9134336546874999 0.26652304375 0.9378255515625 0.21633043437500002 1 0.49359917812500004 1
8 0.5106385625 0.812692246875 0.5063446359375 0.8215732093749999 0.5039739437499999 0.8364028578125 0.5044242078125001 0.8390031171875 0.507655771875 0.8397642328125 0.5091696046874999 0.8427418124999999 0.496875 0.9345415703125 0.496875 0.9364064140625 0.498300809375 0.9413876734375 0.4979743296875 0.9476942625 0.5003061671875 0.9499344624999999 0.4982210953125 0.9588283656249998 0.496875 0.9771681843749999 0.496875 0.9794950421875 0.4976923234375 0.9836882015625001 0.531382409375 0.990625 0.536104809375 0.990625 0.5375342625 0.9898591171875001 0.540233440625 0.9854218703125 0.5423589718749999 0.9728173171875 0.54211260625 0.965023015625 0.54440278125 0.9609544624999999 0.5480401359375 0.9346284921875 0.5520067828124999 0.9253745234374999 0.5525375625 0.9172136859375 0.557117109375 0.9023969828125 0.5601419640625 0.8849735484375 0.5674214921875 0.8723991984375001 0.56875 0.866993128125 0.56875 0.862882878125 0.56611075625 0.8575479765624999 0.5566155453125 0.8133327890625001 0.5453645546875 0.7950835125 0.537347134375 0.7942943484375 0.5225813671874999 0.80125849375 0.5106385625 0.812692246875
2 1 0.9495105468749999 0.9996576859375 0.948907565625 0.9854654515625001 0.9378525484375 0.9681176890625001 0.9329344359375 0.952651484375 0.934479403125 0.9375644609375 0.9425399593750001 0.9277478625000001 0.9549362828125 0.9236441484375 0.9706484734374999 0.92602155625 0.9856319375 0.9321427890624999 0.9959645921875001 0.9372352828124999 1 0.9955694953125 1 1 0.9952996234375 1 0.9495105468749999
2 0.931627459375 0.8398204249999999 0.916049521875 0.8308227109375 0.913044771875 0.8309277250000001 0.9079152453124999 0.8376358375 0.9039914765624999 0.8478173375000001 0.9059897046875001 0.8562852140625001 0.9105259968749999 0.8566288921874999 0.9079246578125 0.8722885765624999 0.9242658953125 0.8857795796874999 0.9441176171875 0.8906101812500001 0.9596421578125 0.8900676109375001 0.97295935625 0.8860866578125 0.98545491875 0.8766100171875 0.9924417734375 0.8673259015625 0.996875 0.8565860296875 0.996875 0.8380183703125 0.9938180671874999 0.8306158578125 0.98371966875 0.82092441875 0.9776226671874999 0.8196308484374999 0.96350311875 0.8356930859375 0.9497726296875 0.8411951406250001 0.931627459375 0.8398204249999999
2 0.9027238765625001 1 0.9046009843749999 0.9977414734375 0.914325140625 0.9923794406249999 0.918360640625 0.9927406187500001 0.9287848234375 0.9994073609375 0.9296875 0.9993758140625001 0.9296875 0.9936855359375001 0.9215843828124999 0.9705303421875 0.9082770609375 0.9574355265625 0.8948772984375001 0.9513749984375 0.8723147421874999 0.95 0.8683713421875 0.95 0.8595252656250001 0.9561260515625 0.8522709609374999 0.9694372609374999 0.8519644671875 0.9900389281249999 0.8566832453125001 1 0.9027238765625001 1
2 0.6305389953125 0.559375 0.6190486296875 0.564789021875 0.6111768625 0.5761129375 0.6094604359375 0.589732821875 0.605094209375 0.6009342234374999 0.603586896875 0.609524615625 0.605050225 0.6260466796874999 0.6137288109375 0.6458321078125 0.6216490359375 0.652586359375 0.6384892296875 0.6578125 0.6451044625 0.6578125 0.6594709171875001 0.65578448125 0.672554775 0.6477939359375 0.688804040625 0.616590715625 0.69375 0.602467490625 0.69375 0.58467006875 0.6893586953125 0.574384984375 0.6782587140625 0.5647285515625 0.6655322640625 0.559375 0.6305389953125 0.559375
2 0.6 0.9641772859375 0.61056505625 0.9671875 0.6195501796875 0.9671875 0.6221692187500001 0.9669573046875 0.638170321875 0.9573581484375 0.65297060625 0.9357477171875 0.6546875 0.9308173296875001 0.6546875 0.9157572796875 0.6539286718749999 0.9090966593750001 0.6482790640625 0.898245303125 0.64557093125 0.894824421875 0.62642911875 0.8849468265624999 0.6058674921875 0.88516321875 0.6 0.8877245 0.6 0.9641772859375
2 0.6861133515625 1 0.6914168328125 0.9974269203125001 0.6994344406249999 0.988609 0.703125 0.981037859375 0.703125 0.9581384296875001 0.6989291765625 0.945435875 0.6935712453125 0.9395965109375 0.66976165 0.952984096875 0.644192109375 0.9533755109375001 0.6277485484375 0.9639945703125001 0.6323674046875001 0.9743797296875 0.645820565625 0.989980540625 0.6593661703125 0.9985470640624999 0.6647837875 1 0.6861133515625 1
2 0.7 0.9372099125 0.7 0.9389938109375 0.7008087656249999 0.945682859375 0.70404191875 0.958125321875 0.7091324 0.9679917828125 0.7198482593750001 0.9796705124999999 0.7288581671875 0.9828125 0.740512671875 0.9828125 0.747950928125 0.979692784375 0.76395696875 0.9615557421875 0.7650559359375 0.945948565625 0.769008871875 0.9362682625 0.7734375 0.9313975671874999 0.7734375 0.9289574171874999 0.7728451390625001 0.9245831671874999 0.7645699609375 0.920352409375 0.740916084375 0.9191702187499999 0.7083013515625 0.9278433546875 0.701552778125 0.9325991765625 0.7 0.9372099125
2 0.771036515625 0.9339913 0.7645163484374999 0.9512946 0.765216375 0.9633233749999999 0.7747798734375 0.9810690015624999 0.7874113953124999 0.9911741265625 0.79968343125 0.9953125 0.811963765625 0.9953125 0.8207261562499999 0.99452976875 0.834339971875 0.9870229187499999 0.8426833625000001 0.9751802999999999 0.8453125 0.9618934750000001 0.8453125 0.957516640625 0.8424648375 0.9455570546875001 0.828335878125 0.9269665500000001 0.8164384890624999 0.9208535140624999 0.8037145234375 0.9177826781249999 0.7805273296874999 0.9246196718749999 0.771036515625 0.9339913
2 0.6 0.8685088828125 0.6047307 0.8715968999999999 0.61895860625 0.875 0.6340083015625 0.875 0.6415218328125001 0.8743288281249999 0.656638025 0.8667694703125001 0.6647139671875 0.858953946875 0.6669262453125 0.8538544453125001 0.6671875 0.8488895765625 0.6671875 0.8390909484375 0.661728971875 0.8249074203125 0.64830498125 0.80980780625 0.6327270421875 0.8008100921875 0.61797074375 0.797308065625 0.6170566640625 0.79884666875 0.6224437593750001 0.80518723125 0.6276751421875 0.8260975734375 0.6281418265625 0.8341167578124999 0.625632928125 0.8427421531249999 0.6110175296875 0.8502840062499999 0.6116933265625 0.8532737000000001 0.609247703125 0.8543636093749999 0.6100110062499999 0.8588568984375 0.6034132109375 0.8575808296874999 0.6 0.860012571875 0.6 0.8685088828125
2 0.9300876203125 0.7616623921875 0.92066008125 0.76349853125 0.9071045999999999 0.772007778125 0.9023883625 0.7771947906250001 0.8993495046875001 0.7853364921875 0.8984375 0.7953360734375 0.8984375 0.7954532453125001 0.9006912234375001 0.8083916453125 0.9133761437500001 0.828037053125 0.932634628125 0.839919446875 0.937758084375 0.840625 0.9508714859375 0.840625 0.9542270046875 0.8401692484375 0.9659251578125 0.8342360046875001 0.9790722890625 0.8187099718749999 0.9828125 0.8028887921875001 0.9828125 0.7921111156249999 0.98200929375 0.78294981875 0.9725916343750001 0.7677101859375 0.9584577359375 0.75765756875 0.9446446828124999 0.7531181390625 0.9391943109374999 0.7543130625 0.9300876203125 0.7616623921875
2 0.9000829515625 0.877764696875 0.895750834375 0.8809294109374999 0.8819328421874999 0.8849278671875 0.8607537546875001 0.8831569671875 0.8515837874999999 0.8980417828124999 0.8473001281249999 0.919284665625 0.8509757359375 0.9307072312500001 0.8587451828124999 0.9434933734375001 0.8722324484375001 0.9510574984375 0.8948555765625 0.95177349375 0.9030167390624999 0.9546875 0.9268557812499999 0.9546875 0.9271395828125 0.9546629421875 0.942674003125 0.9370446015624999 0.94375 0.9317410781250001 0.94375 0.9166767078125 0.9369808781250001 0.8995771906249999 0.9241160109375001 0.8854624734375001 0.9137209984375 0.8792969328125 0.9093013765624999 0.8809580484375001 0.9040892859374999 0.877624678125 0.9000829515625 0.877764696875
2 0.8739506531250001 0.8457495328124999 0.8701826015625 0.8413612578125 0.8650580156250001 0.839531484375 0.8586643953124999 0.841763809375 0.8511184125 0.85006303125 0.8476420390625 0.8506867437500001 0.8478462140625 0.8541951375 0.8436307671875 0.8593646484375 0.8429208609375 0.8644116421875001 0.8501311796875001 0.876212890625 0.8645908625000001 0.8832408109375001 0.8702460140625 0.884375 0.882461565625 0.884375 0.8896887796874999 0.8833680968750001 0.9013869359375001 0.877434853125 0.9107610749999999 0.8660584312499999 0.9125 0.8583312750000001 0.9125 0.8554510703125 0.9066430109375 0.8556557671875 0.9058505406249999 0.8506612796875 0.8995493640625 0.845859315625 0.8940406546874999 0.8460518406249999 0.8867621218749999 0.8503239671875 0.8739506531250001 0.8457495328124999
2 0.89628591875 0.796152353125 0.8822686921875 0.7881045312499999 0.863092771875 0.7862636234375 0.8482731953125 0.7902970828125 0.8328895546874999 0.8018835328125 0.8347661703125 0.8168844984374999 0.8271519765625 0.8412570921875 0.8320966171874999 0.8486175578124999 0.844110678125 0.8567353875 0.847971171875 0.8540893765625001 0.8472662046874999 0.8505984859375 0.851243371875 0.8499572687500001 0.8627373515624999 0.8405156312500001 0.8698651046875 0.8422753953125 0.874133946875 0.8466461687500001 0.8878594953124999 0.8496819999999999 0.8927507406250001 0.8475021828125 0.9017649921875 0.8471871421875001 0.904123109375 0.844593634375 0.9090776296874999 0.8348783296875 0.9104974421875 0.8247843406250001 0.9033746265625 0.814486690625 0.89628591875 0.796152353125
2 0.8226161515625 0.7891849015625001 0.8317762390624999 0.79137585625 0.8486281484375 0.787773584375 0.8634526640625 0.7752022390625 0.869204590625 0.7619435359375 0.8682761609374999 0.73736728125 0.8617174125 0.71951664375 0.8472335000000001 0.7034496359375 0.8312131078125 0.6954718234375 0.814628646875 0.6950469984375001 0.8003682015625 0.7000653546875 0.7890200593750001 0.7120129875 0.7844447203125 0.7282438796874999 0.7848773 0.7442997515625 0.8007078671875 0.7748840265625001 0.8226161515625 0.7891849015625001
2 0.8534328265625 0.680633146875 0.8510405984375 0.6912633406250001 0.8517114578125 0.7027909171875 0.8540646390625 0.708735296875 0.8606283250000001 0.7180480499999999 0.8690493421875001 0.7247848 0.88948935625 0.7311014968749999 0.9039539781249999 0.7295915328125 0.9152096750000001 0.7246781906249999 0.9257263 0.7243106421875 0.9364569765624999 0.7103757171875 0.94704675625 0.6853969109375 0.9453159765624999 0.672901940625 0.934366775 0.65721361875 0.9242342703125 0.6555588671875 0.9076839171875001 0.64709735625 0.8926018328125 0.646620025 0.8788713453125 0.6521220796875 0.8654325359375001 0.6626361234375 0.8579448875000001 0.671937740625 0.8534328265625 0.680633146875
2 0.8866596140624999 0.734213703125 0.87887535 0.7470412171875 0.876687296875 0.761179803125 0.88124288125 0.7791004515625 0.8899555734375 0.790849190625 0.916303234375 0.7693374078125 0.9343366734374999 0.7601694421875 0.9395537015625 0.7549649265625 0.949569534375 0.75461488125 0.9509260718749999 0.75205638125 0.953930821875 0.7519513671875 0.9541982687499999 0.747924271875 0.9466038328125 0.7381453234375 0.9350322265625 0.7290075921875 0.9196876328125001 0.7240194703125 0.9131773421875 0.724247 0.9069003921875 0.7284841203125 0.8914925234375 0.7310314874999999 0.8866596140624999 0.734213703125
2 0.74922324375 0.8128430968749999 0.74388954375 0.8160428156249999 0.7446236749999999 0.8200349046875001 0.7424405625 0.82563560625 0.750210009375 0.8384217484375001 0.76837446875 0.8573734343750001 0.7851922703125 0.8618078499999999 0.7962680234375 0.8624251968750001 0.8032207703124999 0.86117776875 0.8090260953125 0.8574593468749999 0.819076034375 0.849072615625 0.8284501765625001 0.8376961937499999 0.83446955625 0.8204103937500001 0.8348586125 0.8098502109375 0.8290339984375 0.7959916609375 0.81628580625 0.7838817406249999 0.8039459609375001 0.7787886046875 0.78733233125 0.7778625828125 0.7764024203125001 0.7797512296875 0.7614028984375001 0.78931538125 0.751557134375 0.8012105046875 0.74922324375 0.8128430968749999
2 0.69728721875 0.765440815625 0.67822796875 0.7656047015625 0.6684454796875 0.7699643390625 0.6600145859375 0.780303359375 0.655852534375 0.795013153125 0.657432534375 0.8135400140625 0.6620805578125 0.824426375 0.66958749375 0.8327017265624999 0.6854571093749999 0.8467114296875 0.7038356218749999 0.8520957359375 0.704657259375 0.8575914234375001 0.728048628125 0.8542628234375 0.741842390625 0.8412252812500001 0.7448229125 0.8320811828125001 0.7427955171875 0.8231121078125 0.7451244671875 0.820017403125 0.744891125 0.8160078109375 0.7506964515625001 0.8122893906249999 0.752412878125 0.79866950625 0.740432925 0.7825149875 0.7367815453125 0.7801315093750001 0.7312728374999999 0.780324034375 0.724971659375 0.7755220703125 0.7153691140625 0.774351015625 0.69728721875 0.765440815625
2 0.6916348515624999 0.559375 0.6891256421875 0.56483869375 0.689208209375 0.5748801765625 0.696914378125 0.59520180625 0.7048637703125 0.602457259375 0.718263534375 0.6085177859375 0.7303067624999999 0.6171368171875 0.7460646453125 0.6206038390625 0.765362178125 0.615911659375 0.7754704515624999 0.6085273265625 0.7862011296875 0.5945924015624999 0.7860068328125001 0.5740082359375 0.7798804718750001 0.559375 0.7158959671874999 0.559375 0.715434259375 0.5599014828125 0.7052735796875 0.559375 0.6916348515624999 0.559375
2 0.76677705 0.6143555562499999 0.7652113984375 0.62194355 0.767292190625 0.640452909375 0.7751199734374999 0.65424145 0.7877223265625 0.663845375 0.8338193875 0.6712742515625 0.8551200859375001 0.6665120625000001 0.8740967718749999 0.6563066937500001 0.8852699046874999 0.6413518687499999 0.8868355546875 0.6337638734375 0.88575140625 0.6237573968750001 0.875716284375 0.606530471875 0.8579018375 0.593593175 0.8450612 0.58851754375 0.82391128125 0.587247840625 0.8141337296875001 0.5830695921875 0.8011423140625 0.58402585 0.7836388359375001 0.5936775140625 0.7777702359375 0.604931421875 0.76677705 0.6143555562499999
2 0.6704147140625001 0.8633081375 0.6551526843750001 0.8683614984375 0.6440136562500001 0.8752796390625001 0.6346978515624999 0.887658459375 0.6369343609375 0.8915980421875 0.6457394953125 0.89631249375 0.65236151875 0.9066276468750001 0.6571796125 0.9290590859375 0.6725825421875 0.9350496046875 0.6821850875 0.9362206593749999 0.68666304375 0.935561940625 0.6902901953125 0.9289063343749999 0.689439390625 0.92290945 0.6831723203125 0.9100708000000001 0.6819423328124999 0.8975583265625 0.673812996875 0.8958335671875 0.6685717359375001 0.8919989968750001 0.6684550671875 0.8899942015625001 0.6737645390625 0.8777553984375001 0.671586365625 0.8748182140624999 0.6723837734375 0.8712748140625 0.690504715625 0.8636104453125 0.686911671875 0.8622293640625 0.6704147140625001 0.8633081375
2 0.6722027171875 0.8948854078125 0.6818927640625 0.8975600578125 0.683594375 0.90955383125 0.6905664125000001 0.9258833703124999 0.6885291375 0.933990065625 0.6983066890625 0.9381683140625 0.70078148125 0.9375796031250001 0.70337788125 0.9304578046875001 0.7030278671875 0.924443415625 0.7160924359375 0.8988759015625 0.71510073125 0.8818351343749999 0.7236774640625 0.8740021078125 0.71667131875 0.8657092546874999 0.7033882265625 0.861653521875 0.6904259796875001 0.8631109796875001 0.6727766625 0.8702566484375 0.6714201265625 0.8728151484375001 0.6732725140625 0.8787770312500001 0.668405496875 0.8899959328125 0.6722027171875 0.8948854078125
2 0.7290690328125 0.9235332984374999 0.7430036953125 0.9215396390624999 0.7671000296875 0.921701928125 0.7712279734375 0.9150288218749999 0.7669591312499999 0.9106580484375 0.7538802125 0.910110709375 0.737504865625 0.9046563921875 0.721163628125 0.8911653921875 0.7171038968750001 0.8817651265625 0.7156015234375 0.8818176328125 0.7160341 0.897873503125 0.7029987 0.9239422171874999 0.7024638 0.93199640625 0.7290690328125 0.9235332984374999
2 0.765293028125 0.7354420562499999 0.763489096875 0.7475583421875001 0.7607176890625 0.7516729484375 0.7619476765625001 0.7641854203125 0.7560499078125 0.7749381296875001 0.7440551375 0.78439726875 0.7437001859375 0.7869207656249999 0.747526571875 0.7923114390625 0.75904478125 0.7919088875 0.7695955109375 0.7835046531250001 0.78288354375 0.7790225015625 0.7880422390625 0.7728155875 0.7906386390625 0.7656937890625001 0.7912027046875 0.7581407984374999 0.78546559375 0.7457858453125 0.7839389921875 0.7367992671875 0.7733398015625 0.7271253343749999 0.7620015390625 0.72199719375 0.75952675 0.7225859046875 0.7596725890625 0.7250918984375 0.7639122640625 0.728961471875 0.765293028125 0.7354420562499999
2 0.6992859124999999 0.7221801796875 0.697516090625 0.7262597796875 0.697180425 0.7463602484375 0.7035933359375 0.7617048921875 0.710186190625 0.7715188453125 0.7239651375 0.7840949609375001 0.72906055625 0.7854235359375 0.7378414624999999 0.781098903125 0.7513628375 0.7806263421875 0.7598228984375 0.7707885203125 0.7624776359375 0.76466911875 0.7613643203125 0.7541614421875 0.7640190578125 0.7480420406249999 0.7657063187500001 0.73392095625 0.76332396875 0.7274753781250001 0.7554620812499999 0.7217235234375 0.734107984375 0.7169454296875 0.7237713078125 0.711782284375 0.7187633921875001 0.7119573078125 0.7049745671875 0.7164569625 0.6992859124999999 0.7221801796875
2 0.6 1 0.626848203125 1 0.63285329375 0.98615773125 0.63215326875 0.9741289546874998 0.6275927484375 0.9647461921874999 0.6206983359375 0.9669960203125001 0.604084709375 0.9660699968750001 0.6 0.962586615625 0.6 1
2 0.6 0.8598632531250001 0.60883105 0.8579271609375001 0.6128714890625 0.84975045625 0.6260428499999999 0.8432635062500001 0.6284934109375 0.8336357124999999 0.6239136015625 0.8066759781249999 0.6216187578125 0.8017339968750001 0.614729284375 0.795445940625 0.6059533171875 0.7912326875 0.6 0.7852103109374999 0.6 0.8598632531250001
2 0.7385356171875 0.9051225875 0.752290334375 0.90865961875 0.761275415625 0.9078433796875001 0.7705279468749999 0.9030000453125 0.7852357890625 0.8884239031250001 0.7842198546875 0.8623440515624999 0.7678445093749999 0.8568897359375001 0.7528014703125 0.839837834375 0.7389834796875 0.8438362906249999 0.7290502109375 0.8542278187499999 0.7208234906250001 0.8680752328124999 0.723176671875 0.8740196109374999 0.717988809375 0.8797253250000001 0.721134459375 0.8906641921875 0.7296721453125 0.8994057390625001 0.7385356171875 0.9051225875
2 0.70998835625 0.6042870312499999 0.697055278125 0.6062456875 0.6898350828125001 0.6115202125 0.67815621875 0.635030425 0.67802966875 0.6501013984374999 0.6747866375 0.65473470625 0.6741058984375 0.6602829 0.674776759375 0.671810478125 0.6792740046875 0.688728728125 0.683129559375 0.6946206 0.6973217921875 0.7056756171874999 0.7054803 0.707901575 0.7169985062500001 0.7074990234375 0.7366994484375 0.7183615156250001 0.7574360796875 0.721152315625 0.766892784375 0.7198173750000001 0.7737288625 0.71656515 0.78557779375 0.704600015625 0.790741428125 0.6898552171875 0.7900705671875 0.6783276390624999 0.787012421875 0.6688923703125 0.7819802765625 0.6600283078125 0.770262834375 0.64838458125 0.75432994375 0.641910365625 0.7513301328125 0.6334774921874999 0.7419999765625 0.6197414609375 0.728687715625 0.615184528125 0.7207966609375 0.608931475 0.70998835625 0.6042870312499999
2 0.7846637125 0.7061386171875 0.7862778203125 0.7166287921875 0.8013114484375 0.6990279546875 0.8126838171875 0.69611940625 0.8327738171875 0.6964217140625 0.8499416343749999 0.7068705171875 0.851808840625 0.68721874375 0.84860485625 0.675277478125 0.8432469250000001 0.6694381125 0.8353509296875 0.6717229437500001 0.8286656328124999 0.6689432796875 0.8109629171874999 0.6665486656249999 0.8000330046874999 0.6684373109375 0.789511440625 0.67734274375 0.7898565140625 0.6918950171875 0.7846637125 0.7061386171875
2 0.6 0.7251895140625 0.60478213125 0.7279941015625 0.6230439734375001 0.7313736125 0.6293402125 0.7447134609375 0.6410868234375 0.7568583859375 0.65342666875 0.7619515203125 0.6630292140625 0.7631225734375 0.677965459375 0.7610939109375 0.6921092343749999 0.7540707578125 0.698245284375 0.7387897546875 0.6979877140624999 0.725741078125 0.70450294375 0.7169756640625 0.7002049328125001 0.7121036921874999 0.6988533359375 0.706124309375 0.6873984046875 0.6989913718749999 0.6707654859375001 0.68048838125 0.6651984421875 0.6796785078124999 0.6596655046875 0.6708319484375 0.6538651203125 0.6660124828125 0.6404361890625 0.65945075625 0.6257090562500001 0.6564499265625 0.60992694375 0.6439438203125001 0.6 0.6413554796875001 0.6 0.6763217765625 0.60030464375 0.6769243078125 0.6032995140625 0.693895065625 0.6 0.7108931265625 0.6 0.7251895140625
2 0.6 0.7856064125 0.612755284375 0.7960171468749999 0.63773159375 0.8026775234375 0.6436827562499999 0.8014650968750001 0.6604570421875 0.779283459375 0.6708911 0.7688744296875 0.6607877640625001 0.7677208765625 0.6500911953124999 0.773619115625 0.641115990625 0.757359584375 0.6271912078125 0.7422774734375001 0.615648771875 0.7336409406250001 0.6074319296875 0.730412584375 0.6 0.729686234375 0.6 0.7856064125
2 0.8391561578125 0.8664506937500001 0.8400410703125001 0.8644108953125 0.8425741953125 0.8648245812500001 0.8424332953124999 0.8537807015624999 0.8326849109375001 0.8501036531249999 0.8276819359375001 0.8417407890625 0.8256496015625 0.8413096 0.816217125 0.851683625 0.8036923953125001 0.8606590671875001 0.7841906875 0.8618428546875 0.784263375 0.8889601078125 0.77727651875 0.8982442234375 0.769613865625 0.904538646875 0.771757934375 0.91551251875 0.7696331546875 0.922115615625 0.777407540625 0.9263638734375 0.7856584890625 0.92155554375 0.8020096046875 0.9179707765625 0.8136736515624999 0.92007421875 0.8270734171875 0.9261347484375 0.8361118953125001 0.9348587921875 0.8433513796875 0.9471612374999999 0.846555365625 0.959102503125 0.8433948984375 0.9737772921874999 0.8502601437500001 0.971026265625 0.8540331328124999 0.96687665625 0.8594009421875001 0.9556402500000001 0.86043663125 0.9475685593750001 0.8557253328125001 0.9442176859375 0.8474308671875 0.9224099625000001 0.8335886468750001 0.9173693328125001 0.835742590625 0.9112674328124999 0.8481506515625 0.900287196875 0.8510728375 0.8901406999999999 0.8510486078125 0.881101615625 0.8487537640625 0.876159634375 0.8420684656249999 0.8733799703124999 0.8391561578125 0.8664506937500001