17 0.46875 0 0.3359706 0 0.3411210765625 0.00478714375 0.354436078125 0.030372456250000002 0.3718994140625 0.0419526046875 0.3946253125 0.069959215625 0.3978109421875 0.0703125 0.398846575 0.0703125 0.46875 0.0163200328125 0.46875 0
17 0.16714281875 0 0.1041484125 0.08192023125 0.10374245625 0.086008128125 0.11493361718749999 0.098270334375 0.15477927656249998 0.13437489375 0.15936915000000001 0.1359375 0.16126615312499998 0.1359375 0.1814241390625 0.1159763828125 0.2625 0.020380504687500002 0.2625 0.0116264765625 0.2560644828125 0.003021696875 0.2529361765625 0 0.16714281875 0
17 0 0.1386293109375 0.0296686859375 0.18985280625 0.0394284421875 0.202645090625 0.043519678125 0.20309880625 0.0933482171875 0.187271346875 0.11589128124999999 0.154641559375 0.1375 0.13231696875 0.1375 0.12706939687500002 0.1361128125 0.11762139687499999 0.104793203125 0.08590646874999999 0.112007328125 0.0687972015625 0.0976045015625 0.04722416875 0.04266455625 0.06592887187499999 0 0.106262884375 0 0.1386293109375
17 0.1589066984375 0.355332940625 0.17077445156249998 0.36078198437500003 0.1731636484375 0.36449104375 0.17915695781250002 0.365625 0.1855938046875 0.365625 0.1980493671875 0.363806753125 0.219291065625 0.323455628125 0.225 0.2346812765625 0.225 0.22474730781250002 0.1829996734375 0.2099086234375 0.1345137625 0.19833218749999998 0.106109759375 0.234444921875 0.1101448703125 0.33959299375 0.12051356093750001 0.3462534296875 0.1589066984375 0.355332940625
17 0.25979549375 0.3959869640625 0.279315009375 0.42157153281250004 0.286274334375 0.427853875 0.2910474453125 0.428383209375 0.3512868578125 0.43125 0.3879176171875 0.43125 0.404571353125 0.4306406390625 0.415625 0.35203687499999997 0.415625 0.34615630468749997 0.400192665625 0.3220103703125 0.397048659375 0.3120182265625 0.32968384687499996 0.3100580703125 0.3114815375 0.31286118281249997 0.27561819375 0.31301688125 0.25979549375 0.3959869640625
17 0.46875 0.14406525312500001 0.45415070156250004 0.14436587812499999 0.437379796875 0.146638915625 0.42770353906249997 0.153831659375 0.42136370312500004 0.1551950359375 0.41967222031249996 0.172227940625 0.42829232656249994 0.2103801625 0.4300989875 0.2546649765625 0.4318739671875 0.257617096875 0.448238915625 0.2594319578125 0.46784986718750005 0.2609375 0.46875 0.2609375 0.46875 0.14406525312500001
17 0.29735158125 0.02345536875 0.2861762578125 0.0318595078125 0.2749227140625 0.0271673984375 0.2653088359375 0.026790046875 0.24214627812499998 0.0517741171875 0.24782535625 0.07789025000000001 0.28348141718750003 0.1631251953125 0.290857259375 0.1790972015625 0.2921429 0.1796875 0.2990205203125 0.1796875 0.3530271671875 0.1639495765625 0.3560929546875 0.160845471875 0.35649363125 0.14986879375 0.3640625 0.1390310296875 0.3640625 0.1283769125 0.3518136046875 0.0928665734375 0.35214134218750004 0.0756824296875 0.3446143421875 0.0404067109375 0.33382913593749997 0.0240566078125 0.3211389109375 0.013005796875 0.29735158125 0.02345536875
17 0.3137341703125 0.5296875 0.3302419734375 0.5206370703125 0.344274828125 0.5042839984375 0.353125 0.4753872453125 0.353125 0.468910375 0.3466947234375 0.4590902671875 0.3425823703125 0.4310814234375 0.287147690625 0.42700021406250005 0.25991931875 0.3957390046875 0.2536471453125 0.39642106250000003 0.23824526562499998 0.40573411718749997 0.23265496406250002 0.40649179531249996 0.22509198437500003 0.41323008281250007 0.228100671875 0.4245848578125 0.22171957656250002 0.46107345781250003 0.24983807812499997 0.49725512031249997 0.2845624859375 0.5296875 0.3137341703125 0.5296875
17 0.46875 0.0439196921875 0.43328315625 0.0467084359375 0.396483140625 0.070180121875 0.35449350156250004 0.0834328078125 0.3519795453125 0.09486394687500001 0.37459652656250003 0.158677096875 0.377070521875 0.159375 0.380632984375 0.159375 0.46875 0.1402389625 0.46875 0.0439196921875
17 0.46875 0.5296875 0.46875 0.4424718 0.4573958703125 0.44552179374999995 0.44566871093750005 0.4455989015625 0.435992453125 0.4527916453125 0.43183883593749994 0.459908028125 0.39338860000000003 0.46528739531249996 0.37675829375 0.47308658125 0.3595296140625 0.5007951734375 0.3589206796875 0.5069270218749999 0.3672741984375 0.5296875 0.46875 0.5296875
17 0.179974053125 0.1182275125 0.1624641765625 0.1348838078125 0.1459691875 0.1413203609375 0.1311138640625 0.15207166875 0.1330241625 0.1536611578125 0.1498627265625 0.15070680625 0.219616734375 0.1563760203125 0.2224848234375 0.162204646875 0.22346373125 0.193998909375 0.226467140625 0.198464903125 0.231172590625 0.19967555312500002 0.27397414375 0.1782470734375 0.275 0.17061033750000001 0.275 0.14657026875 0.256525671875 0.09709779375000001 0.2463494 0.07461584375 0.241914584375 0.070679928125 0.21452019218750001 0.089684134375 0.196874996875 0.1077030640625 0.179974053125 0.1182275125
17 0.107707753125 0.292958884375 0.0768881546875 0.2909186515625 0.0541992125 0.311133509375 0.0490254265625 0.3215808546875 0.07432335625 0.413932925 0.0840101734375 0.4205177421875 0.0935563921875 0.4215764125 0.121017509375 0.421875 0.155698584375 0.421875 0.1653349 0.39991735781250004 0.16875 0.3714590078125 0.16875 0.36458894218750004 0.16728118281249998 0.35949284531250003 0.1614149640625 0.35608700625 0.1467520578125 0.3510168 0.1121118625 0.3457975875 0.10910845312499999 0.3413315953125 0.107707753125 0.292958884375
17 0.07769718437499999 0.41615895468749997 0.0747614359375 0.4110116421875 0.0500786953125 0.40965198281250004 0.0491007609375 0.46809319687500006 0.11436285625 0.4842853734375 0.1532190484375 0.47481810781249995 0.169235140625 0.4662619890625 0.18125 0.44733952187500003 0.18125 0.4318367921875 0.17744831875 0.41826663125 0.16674133124999999 0.4150127765625 0.16115102812499998 0.4157704546875 0.155701325 0.42205428125 0.09801805 0.4197901625 0.07769718437499999 0.41615895468749997
17 0 0.2731923953125 0.009758282812500001 0.290625 0.0127528328125 0.290625 0.050142253125 0.2832063734375 0.0637797078125 0.2847187578125 0.0783591140625 0.269803934375 0.08721290468750001 0.2570094203125 0.0880248140625 0.248833625 0.1012457578125 0.2406563453125 0.1078125 0.22654594687500001 0.1078125 0.218564115625 0.0940464953125 0.1881964828125 0.0409439125 0.20228321093749999 0.023537676562500002 0.176244184375 0.0178067765625 0.1714757125 0 0.1865825859375 0 0.2731923953125
17 0.09668999218749999 0.5296875 0.08488706406249999 0.5283785640625001 0.080655228125 0.5223987 0.0679491640625 0.49068154374999995 0.07448669687500001 0.4803854375 0.0737995421875 0.4734210359375 0.046862925 0.4669896859375 0.009605134375000001 0.51589693125 0.0164346171875 0.5296875 0.09668999218749999 0.5296875
17 0.26600167343750003 0.18301998749999998 0.23601510625 0.20035908593750001 0.225318678125 0.21088279375000002 0.221875 0.2213230484375 0.221875 0.22316626875 0.22526157812499997 0.225341671875 0.22486618125 0.24320713125 0.24364672187499997 0.28317495937500003 0.25196585 0.2859375 0.25407762031250003 0.2859375 0.2985242859375 0.2720403546875 0.31875 0.2629645109375 0.31875 0.2547003375 0.313946309375 0.20004695 0.317954046875 0.1805156359375 0.3162467265625 0.176882196875 0.2923187953125 0.181805621875 0.272409165625 0.1809752953125 0.26600167343750003 0.18301998749999998
17 0.3142900484375 0.211939871875 0.32220285937500004 0.305808046875 0.325888140625 0.3103496609375 0.3850652 0.30451360156249996 0.391883928125 0.30526979375 0.397616225 0.3109375 0.40010203281249995 0.3109375 0.401706065625 0.3104919796875 0.4068069125 0.293837171875 0.4093103078125 0.26862846875 0.4083937796875 0.2292641109375 0.4109375 0.1920094296875 0.4109375 0.18378369375 0.404598603125 0.1702935609375 0.3660024890625 0.1632579984375 0.35407235312499996 0.165379053125 0.3377803453125 0.1697716578125 0.314888425 0.1920304640625 0.3142900484375 0.211939871875
17 0.34279603125 0.4323499578125 0.3447274484375 0.461494575 0.3474602203125 0.468685834375 0.34803881406250003 0.46875 0.3670013328125 0.46875 0.4077303875 0.4657262796875 0.43315738125000003 0.4595914609375 0.4407827421875 0.445283078125 0.44383797031250005 0.42840141093749995 0.4453125 0.39926534375 0.4453125 0.385886403125 0.4295546234375 0.384799403125 0.4195971671875 0.380939846875 0.41312201562500006 0.38366585625 0.40795350937499997 0.40100198281250005 0.40422696562500005 0.43158559218750003 0.34279603125 0.4323499578125
6 1 0 0.6615661656249999 0 0.61116455625 0.026033296875 0.5969418984375 0.04201435 0.5572087890625 0.1055301953125 0.542102965625 0.12342964999999999 0.52896100625 0.1339680234375 0.46875 0.1706978078125 0.46875 0.2900008375 0.51263146875 0.26679686875 0.5665632921875 0.2455979796875 0.5931315359375 0.2483838203125 0.6375491828125 0.237158996875 0.6767650375 0.23948449374999997 0.698138775 0.2380777859375 0.715592075 0.23365036250000001 0.729811609375 0.2252733984375 0.7575619203125 0.21451768750000003 0.793257603125 0.19410044375 0.8086529578124999 0.18739010312499998 0.8212064874999999 0.17728576406250002 0.8503311890624999 0.16213770624999999 0.8757309031249999 0.1455140515625 0.9036777046874999 0.1337687640625 0.9232924 0.11845599062500001 0.9397653281250001 0.1139070609375 0.98163796875 0.09273447968750001 1 0.0856391515625 1 0
6 1 0.084509990625 0.9826616390625 0.0952167140625 0.9518719703125 0.1061026984375 0.934906775 0.1156602671875 0.9143148343749999 0.12324744843749999 0.900387953125 0.1352094390625 0.8731278265625001 0.1460259015625 0.7431912765625001 0.22117556718750003 0.7346585140624999 0.228736440625 0.718853521875 0.277981071875 0.70982745 0.29308528125 0.7009027484375 0.300090615625 0.6452997171875 0.33223560937499996 0.571449096875 0.39304390312500004 0.5695792234375 0.3953469796875 0.733193865625 0.415625 0.7366198421875 0.415625 0.764002990625 0.394602128125 0.7688076390624999 0.39316974375 0.782337375 0.39332569375 0.8541970624999999 0.405780571875 0.8782182171875 0.40368804843749995 0.9165602765624999 0.385119684375 0.9409806609375 0.36583983125 0.9766763421875 0.3454225859375 1 0.3279333265625 1 0.084509990625
13 0.1602334984375 0.76017549375 0.1369110875 0.77896751875 0.10169769531249999 0.8177241265624999 0.0852355625 0.8328861828124999 0.085548253125 0.8349200937500001 0.1210028828125 0.8390625 0.19779359375 0.8390625 0.2015728640625 0.8336441984375 0.2138894609375 0.8252943343750001 0.2587244578125 0.785588803125 0.27169328125000003 0.7702224125 0.271875 0.7695797171875001 0.271875 0.7620642421875 0.24463197656250002 0.7590653234375 0.2115552953125 0.7586422953125 0.191813046875 0.7605109515625 0.17326865625 0.7548910921875001 0.1621499234375 0.7557524421874999 0.1602334984375 0.76017549375
13 0.46875 0.5296875 0.3840637515625 0.5296875 0.3770700546875 0.5317715749999999 0.3449977875 0.5475322703125001 0.32751781874999997 0.552052778125 0.25644667499999996 0.5771221468750001 0.2193973875 0.5870487625 0.21824611562500001 0.5940360984375 0.26529370937499996 0.7086550265625 0.29063049375 0.77614864375 0.29589524843750004 0.784375 0.3041383390625 0.784375 0.3269809640625 0.7737397312500001 0.38974128750000003 0.751711578125 0.4309827015625 0.7344715890625 0.46049973906249997 0.7246082953124999 0.46875 0.72270616875 0.46875 0.5296875
17 0.46875 0.5296875 0.46875 0.5798609859375 0.5154556828125 0.5929582453125 0.5393388703124999 0.6146815640625001 0.5778765484375 0.6328125 0.5784911453125 0.6328125 0.5883219640624999 0.6029843921875 0.5805065921875 0.5929582453125 0.5828738828125 0.579590046875 0.6140625 0.549900321875 0.6140625 0.5463431328125 0.5899959781249999 0.5296875 0.46875 0.5296875
8 0.7165534593749999 0.5296875 0.70242411875 0.55088450625 0.7005884109375 0.585976021875 0.707926546875 0.6210675390625 0.719689765625 0.619396515625 0.722399621875 0.5675947515625 0.72889668125 0.5709368015625 0.7279422109375 0.621067540625 0.78355703125 0.6260806140625 0.78521534375 0.6265625 0.78967494375 0.6265625 0.79834315 0.59850870625 0.8072949140624999 0.586811534375 0.816468759375 0.586811534375 0.8284540609375 0.5968376828124999 0.8328125 0.5926887046875 0.8328125 0.589933709375 0.8216876656250001 0.5667592390625 0.8075536109375001 0.5659237265625 0.8043960406250001 0.5784564109375 0.7952623578125 0.5617461640625 0.7451286890625 0.531667721875 0.744102790625 0.5296875 0.730832959375 0.5296875 0.7319632890625 0.54420040625 0.7232300625000001 0.5517200156250001 0.7238328218750001 0.5296875 0.7165534593749999 0.5296875
3 0.6715029875 0.73125 0.6916909421874999 0.73125 0.7055335421875 0.7308948890625 0.7452553734375 0.7208687421875 0.7774240765625 0.6958033718750001 0.7705773609375 0.6991454218750001 0.7641240093749999 0.6949678593749999 0.8159043718750001 0.6297978984375 0.8268300562500001 0.6122521421875 0.828125 0.6056082875 0.828125 0.600048325 0.8274856671874999 0.59971945625 0.828125 0.5997194578125 0.828125 0.5995136609375 0.826739096875 0.59804843125 0.828125 0.5961175609375 0.828125 0.59521213125 0.8149286218749999 0.584680234375 0.8019817609375 0.5930353578124999 0.79715621875 0.6055680421874999 0.7911033265625 0.6256203375 0.7445312312500001 0.6231137999999999 0.705333890625 0.6231137999999999 0.703437628125 0.5796875 0.70342521875 0.5796875 0.6878166359375 0.6072390671875001 0.677156740625 0.6356464875000001 0.6738715953125001 0.666560440625 0.6593040140624999 0.6899547859374999 0.6475478875 0.723375278125 0.6715029875 0.73125
1 0.6031098359375 0.7012475578125 0.6157980015625 0.7137802421874999 0.6615602796875 0.75 0.6626984765625 0.75 0.6782630859375001 0.7313259999999999 0.645999875 0.7263129265625 0.6631095765625 0.6862083375 0.6720140859375 0.6594719421875 0.6719231234375 0.645268234375 0.6817525812499999 0.6327355499999999 0.696875 0.586978184375 0.696875 0.574634121875 0.6954220953125001 0.568612178125 0.694256928125 0.5690695109374999 0.694204478125 0.5700721265625 0.6463684187500001 0.6076701796874999 0.5852795390625001 0.6594719421875 0.6031098359375 0.7012475578125
1 0.5181881234375 0.6637936984375 0.5284652921874999 0.69053009375 0.532726184375 0.704733803125 0.549786290625 0.73125 0.5584241125 0.73125 0.563062725 0.7306346859375 0.6030869609375 0.69888521875 0.5877586203125 0.6571096015625 0.6265625 0.626328190625 0.6265625 0.62554873125 0.6252371921875 0.6261956484375 0.6244906218749999 0.6245246234375 0.6014449625 0.6186760375 0.5680453625 0.6353862828125 0.5260436562499999 0.6571096015625 0.5181881234375 0.6637936984375