1 0.023596360937499998 0 0.0159541375 0.0470624546875 0.0125 0.048777884375000004 0.0125 0.050909446875 0.0184859671875 0.055864134375 0.053931568750000006 0.10615944531249999 0.08431351249999999 0.1614842875 0.142545571875 0.191661475 0.209639034375 0.23189772656250002 0.2499261 0.25 0.2717016921875 0.25 0.299518953125 0.23189772656250002 0.3349645546875 0.204235303125 0.36154875625 0.16651381875 0.381803384375 0.1438809296875 0.3890625 0.1339669140625 0.3890625 0.07628888125 0.29318938125 0.019400031249999998 0.2603190203125 0 0.023596360937499998 0
4 0.3890625 0.119540065625 0.3874671140625 0.1214421984375 0.3700100859375 0.14513316406250001 0.3537999875 0.18004616874999999 0.3326021671875 0.21495917343749998 0.3238736515625 0.2398970328125 0.3014289015625 0.24613149843749998 0.29145345625 0.26608178437499996 0.2739964265625 0.2773038234375 0.24656395312499998 0.28229139375 0.23783543749999997 0.3072292546875 0.23075372500000002 0.334375 0.24644865781249997 0.334375 0.256539396875 0.33341400625 0.2574745953125 0.3278029890625 0.27524335624999996 0.3159575046875 0.29270038593750003 0.298501003125 0.3450714734375 0.3072292546875 0.3890625 0.2724467015625 0.3890625 0.119540065625
1 0.0659720171875 0.425678028125 0.0801765640625 0.49905529531250004 0.0840505296875 0.5029172578125001 0.08275920625 0.49648065625 0.1227902 0.5235143843750001 0.14533993125 0.5265625 0.2484375 0.5265625 0.2484375 0.41466603125 0.2131827625 0.4050809 0.1666951578125 0.3844837734375 0.11762491093750001 0.3574500421875 0.05305879375 0.3587373640625 0.0659720171875 0.425678028125
0 0.3890625 0.329879815625 0.3430074328125 0.309105915625 0.3056888140625 0.2875 0.3021330203125 0.2875 0.284686684375 0.3002568046875 0.2517227859375 0.32806829375 0.2234375 0.3404776578125 0.2234375 0.3419740375 0.2250980953125 0.3419740375 0.22890162187500002 0.3419740375 0.294829425 0.414031078125 0.3454092359375 0.4515625 0.3890625 0.4515625 0.3890625 0.329879815625
9 0.3890625 0.559375 0.3890625 0.4817497828125 0.3829341640625 0.47868503125000006 0.36672357187500004 0.47120179375 0.3305614796875 0.45374090625 0.2906584828125 0.42630236874999994 0.242026703125 0.4001110375 0.249508515625 0.44376325625 0.245767609375 0.49614591875 0.23329792187499998 0.53356210625 0.26197345156249996 0.559375 0.3890625 0.559375
17 0.49423478125 0.24375 0.4954448125 0.24375 0.5359375 0.161181040625 0.5359375 0.1478472375 0.5268802328125 0.12301732031249998 0.5164543015625 0.10374152343750001 0.45965927500000003 0.12372463281249999 0.46207681406249995 0.1337122875 0.457796071875 0.1393193203125 0.49423478125 0.24375
17 0.6573113109375 0 0.6827495406249999 0.078240034375 0.7431341093749999 0.10625 0.7536534890625 0.10625 0.7609375 0.0998662375 0.7609375 0.0821677375 0.7368677406249999 0 0.6573113109375 0
1 0.54648605625 0 0.590226 0.060463703125000004 0.4796875 0.270581825 0.4796875 0.277215040625 0.4872483328125 0.3165328390625 0.72018934375 0.403125 0.7367509140624999 0.403125 0.8122368859375001 0.209147834375 0.83125 0.21873006875 0.83125 0.14863370468749998 0.8260165671875 0.14442172343749998 0.8241838578125 0.0589147203125 0.7575323093749999 0.0715733921875 0.7586248953125001 0.11269529062500001 0.62601735 0.041358276562500004 0.618767734375 0.048069665625 0.611864234375 0.0392665140625 0.5854747265625 0 0.54648605625 0
8 0.8260897703125 0.393515884375 0.8598783812499999 0.3578582984375 0.8796875 0.3161751609375 0.8796875 0.29801335 0.8302510203125 0.27569125156249996 0.8271416875 0.2681773390625 0.82689376875 0.25937261718750004 0.8163601875000002 0.257486321875 0.8107042953124999 0.25171761406250004 0.7987048999999999 0.25121374375 0.7975719125 0.25 0.7971824796875 0.25 0.7320687671874999 0.41056967968749997 0.7243329765625 0.40859358281249997 0.719470821875 0.41861138281250004 0.731131003125 0.421875 0.7716295843750001 0.421875 0.8260897703125 0.393515884375
18 0.17476090312499998 0.676509915625 0.1550462609375 0.6710699625000001 0.1126597796875 0.678982621875 0.056965917187500006 0.678982621875 0.037744140625 0.6873898234375 0.037744140625 0.7887707828125 0.040701337500000004 0.789265325 0.04168706875 0.7917380312500001 0.0397156046875 0.7986616078125 0.037744140625 0.7996506906249999 0.037744140625 0.9109375 0.0679581671875 0.9109375 0.0761876921875 0.9089443109375 0.08604501406250001 0.9104279343750001 0.1220242359375 0.9089443109375 0.1555391265625 0.9104279343750001 0.17032510781250002 0.9069661453125001 0.200882803125 0.9079552281249998 0.2063043296875 0.9059770640625 0.2250332390625 0.9104279343750001 0.23291909687499998 0.9104279343750001 0.252140871875 0.905482521875 0.2644625234375 0.9084497703124998 0.280727103125 0.9084497703124998 0.2960059515625 0.90498798125 0.313749128125 0.8911408250000001 0.35514987656249997 0.8738318812500001 0.3734375 0.863637559375 0.3734375 0.8600902640625 0.36895012656250004 0.8585011015624999 0.3625428671875 0.8510829828125 0.36057140312499997 0.8446539468750001 0.3610642703125 0.820915965625 0.35909280625 0.8169596359375 0.34479969062500004 0.8026179390625 0.3295208421875 0.7942107375 0.32360645 0.7877817 0.316706325 0.77541816875 0.30882046875 0.7521747296875001 0.304877540625 0.715084134375 0.2999488796875 0.700247896875 0.30142747812500004 0.6710699625000001 0.290584425 0.6646409249999999 0.28539623281250004 0.6640625 0.27538256250000004 0.6640625 0.2669268546875 0.6681027140625 0.25263373906250003 0.681455328125 0.2457336140625 0.6839280343749999 0.22897616875 0.6844225765624999 0.204332865625 0.676015375 0.17476090312499998 0.676509915625
18 0.06993116875 0.559375 0.0722895203125 0.5753568203125 0.070793509375 0.6100848859375 0.0727881890625 0.6407865078125 0.0777748921875 0.650349309375 0.0897429765625 0.6578988875 0.12415122187500001 0.669978215625 0.1535727640625 0.6755145734375001 0.19097302968750002 0.6760178781249999 0.2146964390625 0.6859375 0.2512701765625 0.6859375 0.2567974984375 0.6815542375 0.2907070734375 0.6458195609375 0.2887123921875 0.6302170968749999 0.2917044125 0.623674128125 0.29375 0.621609528125 0.29375 0.577001775 0.28721638125000004 0.5642841046875 0.2819103140625 0.559375 0.06993116875 0.559375
18 0.3890625 0.6537606625000001 0.3632080078125 0.6422513984375 0.3471923828125 0.6387279375 0.324670409375 0.6271508484374999 0.3151611328125 0.617083815625 0.3015336734375 0.6078125 0.29355922031250004 0.6078125 0.284130859375 0.61255365 0.28125 0.6157729187500001 0.28125 0.6347125828125 0.291638184375 0.6528217828125 0.2936401375 0.6789960703125 0.2911376953125 0.704163653125 0.29814453125 0.7544988187499999 0.308154296875 0.7852032703124999 0.316162109375 0.7982904125 0.3411865234375 0.8169144234375001 0.35369873125 0.8330216765625 0.355700684375 0.8466121718749999 0.351696778125 0.856175853125 0.3531982421875 0.8617127218749999 0.36220703125 0.8637261281249999 0.3852294921875 0.8627194250000001 0.3890625 0.8631182109375001 0.3890625 0.6537606625000001
1 1 1 1 0.8373810031250001 0.9515859375 0.8336249812500001 0.8870901765625 0.8252181875 0.8710116828124999 0.8277066671875 0.8677999734374999 0.82605918125 0.8638826140625 0.816838884375 0.8530985031250001 0.8105058390625001 0.8363343015625 0.794695596875 0.8286036250000001 0.790625 0.8142670500000001 0.790625 0.8065422484375 0.7922326671875 0.7863988796875001 0.8003275828125 0.7046875 0.8093703984375 0.7046875 0.816290165625 0.7079080796875 0.8222382281249999 0.7182959062500001 0.8352583515625 0.7450245453125 0.8595450296875 0.7750725359375 0.8921042874999999 0.8093265281249999 0.9205716718750001 0.838682421875 0.9511734984375 0.8624146281249999 0.987062875 0.8676738609375001 1 1 1
8 0.8726793609375001 1 0.863595759375 0.9784190718750001 0.8526635812500001 0.9608927250000001 0.8387691734375 0.9447450640625 0.8143368515624999 0.9207046796875 0.7757045437500001 0.8881970078125001 0.7481535781249999 0.8584205765625 0.7205687484375 0.8337437734375 0.70341299375 0.8103487359375 0.6857750828125 0.7982223671875 0.67343676875 0.7930959515625 0.65820395625 0.779148971875 0.617145765625 0.765625 0.61102128125 0.765625 0.6023489515625 0.7716618046875 0.5890625 0.788355396875 0.5890625 0.800160496875 0.590036109375 0.8104713421875 0.6026424078125 0.8348106046874999 0.6236505109375 0.8607953140625 0.62394963125 0.8694213843749999 0.6162932984375 0.9029621062500001 0.6161578375 0.9233606234374999 0.6131552859375 0.9461453828125 0.614283253125 0.95263263125 0.6204729656250001 0.9636009484375 0.6207043546875 0.9824262749999999 0.627213353125 0.9913176281249999 0.630743640625 1 0.8726793609375001 1
1 0.9890625 1 0.9890625 0.9893398890625 0.9821931062499999 0.9871431453125 0.9652897125 0.9856351968750001 0.8986067859375 0.9675877578125001 0.8790513343749999 0.9648593375000001 0.8720528281250001 0.9605608218749999 0.85596643125 0.9568812765625001 0.8504413734374999 0.9575721203124999 0.8477559375 0.961529421875 0.8493231671875 0.9675417750000002 0.8694722609374999 1 0.9890625 1
1 1 0.7576805734375001 0.9681507109374999 0.7524365203125 0.9472379375 0.75239029375 0.9091125 0.7470905640625001 0.8801518796875001 0.7617602015625 0.8734475249999999 0.7683950828125 0.838381928125 0.7848766359375 0.834375 0.7893387578125 0.834375 0.7907104031250001 0.8366802796874999 0.8003888484375 0.8644290453125001 0.8291351765625 0.8693835078125 0.8374908546875 0.89104039375 0.8342790703125 0.9696882234374999 0.8421875 1 0.8421875 1 0.7576805734375001
1 1 0.6447135562499999 0.9713470171874998 0.5780137390625 0.9705365296874999 0.5765625 0.9611523359374999 0.5765625 0.940027328125 0.603208903125 0.9323370890625 0.6249299296874999 0.9323506375000001 0.63063703125 0.9563028953125 0.6473628078125 0.97748769375 0.65613098125 0.9839695468749999 0.6656999812500001 0.9754933859375001 0.6844054046875 0.9661571828125 0.688167921875 0.9426752 0.676573146875 0.9411575515624999 0.6933703609374999 0.96332354375 0.729521853125 0.976052115625 0.74609434375 1 0.763448853125 1 0.6447135562499999
10 0.9305357593749999 0.559375 0.9156320921875001 0.566839125 0.9124043421875001 0.5708367296875 0.906803453125 0.5879873421874999 0.9063021015625001 0.6101708593749999 0.9046475874999999 0.6144897375 0.8891590656249999 0.597356503125 0.88334735 0.5846940953125 0.8766745765625 0.57933991875 0.8471154453124999 0.576796096875 0.8293149421875 0.5789819296875 0.78757710625 0.5892518156250001 0.7219630921875 0.6137718109375 0.67540414375 0.6385242390625 0.662065834375 0.6499369453125 0.6528098890624999 0.6665074625 0.646191828125 0.6837829796875 0.6453125 0.6895693109375001 0.6453125 0.7489187687500001 0.6469731859375 0.758284309375 0.6625502187500001 0.7928984515625 0.670430078125 0.8001622609375 0.6940447828125 0.809375 0.765854528125 0.809375 0.7827398156250001 0.807464078125 0.8741219140624998 0.7669182640625 0.9057556375000001 0.7475998453125 0.929367065625 0.7194917171874999 0.9388330500000001 0.694149525 0.9404264062500001 0.6836645859375 0.943606678125 0.6791583484375 0.9471193 0.67821255 0.9543956156250001 0.6845215421875 0.9639774656250001 0.6879751015625 0.9719724046875001 0.6854499625 0.9790789265625002 0.6789182046875 0.98125 0.6735249890625 0.98125 0.6572507140624999 0.954062475 0.6423764015625 0.94882050625 0.6358176 0.9404996624999999 0.618318665625 0.9404385078124999 0.6121526078125 0.946053075 0.600659415625 0.9716851671875 0.56664405625 0.9684514968750001 0.559375 0.9305357593749999 0.559375
1 0.595378834375 0.6931265328125 0.5817224546875 0.7110399421875 0.585495640625 0.7506346015625 0.5968656906250001 0.7732168500000001 0.6010715953125001 0.7797345015625 0.60314410625 0.7799868953125 0.6121022937499999 0.771885825 0.6185425421875 0.7696061249999999 0.6486312062499999 0.7790307000000001 0.6614324046875 0.7875 0.6640625 0.7875 0.6640625 0.7770399546875 0.654510675 0.7547444328124999 0.645571734375 0.7146816921875 0.6224560796875 0.6763241703125 0.6057141578125 0.6833547671875 0.595378834375 0.6931265328125