5 0.3552554265625 0.46875 0.3953125 0.4228757515625 0.3953125 0.40829612187500003 0.394677159375 0.4064565796875 0.3564844359375 0.3689980453125 0.34233898281249997 0.3308542484375 0.34658261874999996 0.29673595625 0.3819462515625 0.19381885000000001 0.37025437656250004 0.184375 0.329476959375 0.184375 0.302731715625 0.197895984375 0.23624808593750002 0.273989153125 0.21644445 0.3178980578125 0.193811725 0.3958022234375 0.184375 0.4552552515625 0.184375 0.46875 0.220870459375 0.46875 0.2263462671875 0.44922125937499996 0.2437321890625 0.46875 0.3552554265625 0.46875
18 0 0.46875 0.15564044531250001 0.46875 0.15469584375 0.4509324828125 0.16336832343750002 0.40548649687499994 0.1185605109375 0.3603822828125 0.12145133906250001 0.33706461718749997 0.0737527 0.32969395625 0.046289848437499996 0.31767439999999997 0.0303903015625 0.301762684375 0.0236577890625 0.3 0 0.3 0 0.46875
18 0 0.3053975296875 0.009204509375 0.30235645624999996 0.03587780625 0.3084547875 0.0386855203125 0.2814969640625 0.05412795625 0.268896890625 0.0836089640625 0.27053156718750004 0.1074745453125 0.289528865625 0.13976327187499998 0.281076346875 0.15099413125 0.23650990312500003 0.165625 0.20173772968749998 0.165625 0.1615623578125 0.1425709859375 0.15148888124999998 0.1299362671875 0.12869581875 0.096243684375 0.1189948265625 0.061147243750000004 0.130505115625 0.019031514062499998 0.1074832625 0.01066376875 0.0890625 0 0.0890625 0 0.23985187031250002 0.0218392296875 0.25063758593749996 0 0.26956163437499997 0 0.3053975296875
18 0.24375 0.2254334796875 0.24375 0.19230074375 0.240528259375 0.1739248296875 0.2335793578125 0.16875 0.2154028046875 0.16875 0.1703125 0.20173458281249998 0.1703125 0.2030593734375 0.2013303546875 0.2390625 0.225021165625 0.2390625 0.23905084375 0.2360098078125 0.24375 0.2254334796875
7 0.609375 0.2517926015625 0.566386703125 0.2296875 0.5334949390625 0.2296875 0.5100235390625001 0.24268006718750001 0.48529864843750004 0.271941421875 0.502751509375 0.29900728125 0.5056603203125001 0.323037909375 0.486753053125 0.3589407703125 0.45621054218749996 0.3701344734375 0.45 0.375895715625 0.45 0.39483344374999996 0.45039291875 0.396343115625 0.4616678046875 0.403125 0.478287325 0.403125 0.5114779453125 0.3982362484375 0.537657240625 0.375991278125 0.5434748640625 0.34406957031249996 0.5594733203125 0.3512646421875 0.5827438078125 0.3521218625 0.6001966703125 0.3177722265625 0.6045598859375 0.2888320078125 0.609375 0.2782856453125 0.609375 0.2517926015625
18 0.0817664765625 0.33125 0.10625 0.31950803125 0.10625 0.2885061765625 0.0902049265625 0.270131753125 0.058802934375000004 0.265625 0.0500812578125 0.265625 0.041134554687500005 0.268649415625 0.032475075 0.283864659375 0.033918323437499995 0.30831403125 0.048350784375 0.32728819531250003 0.0669627296875 0.33125 0.0817664765625 0.33125
12 0.7674417796874999 0 0.7567592890625 0.0086701296875 0.731611875 0.034842840624999996 0.6865715531250001 0.09530790624999999 0.6624034875 0.1420768328125 0.6520402296875 0.1720122640625 0.652204184375 0.178693528125 0.657296915625 0.1898775921875 0.6515625 0.1897129609375 0.6515625 0.282764540625 0.8835200406249999 0.3015625 1 0.3015625 1 0.30116508125 0.9991789375 0.300164209375 0.984390409375 0.27691012656249997 0.96475179375 0.2378753515625 0.9579495781249999 0.21013927031250001 0.9533355796875 0.1605249078125 0.9539534968750001 0.1390322921875 0.9565774640625 0.1284735921875 0.9661858140625 0.11283877812500001 1 0.06913334843749999 1 0.0440606171875 0.9943550453124999 0.03920928125 0.9934296234375001 0.017591590625 0.9901520265624999 0.0111709171875 0.9540576749999999 0.000039073437500000004 0.9540125921874999 0 0.9043128609375 0 0.9088155 0.00560520625 0.9081662484375 0.008117196875 0.87788090625 0 0.7674417796874999 0
12 0.609375 0 0.609375 0.15701816875000002 0.6365688890625 0.1779465609375 0.672449184375 0.2002380171875 0.728989209375 0.2485581234375 0.7473386671875 0.25625 0.7751977875 0.25625 0.795280278125 0.2449823640625 0.8160600656250001 0.221317065625 0.8798127125 0.1330393875 0.9075953718750001 0.0905570296875 0.9234375 0.0649341015625 0.9234375 0.014308439062500001 0.922248075 0.012218303125 0.9104145703125 0 0.609375 0
17 0.412259875 0.6376549140625001 0.3691655546875 0.6447117265625 0.3650449234375 0.6478987671875001 0.363966040625 0.6572831421875 0.3652382390625 0.6652859624999999 0.36846395625 0.6694063484375 0.3832408359375 0.6815052859375 0.3904827234375 0.685015753125 0.3931580140625 0.8085743375 0.3942711859375 0.815576803125 0.407178728125 0.841790421875 0.41184034062499997 0.8646460515625 0.41341031250000004 0.8874589437499999 0.4109937296875 0.9175365265625001 0.4116512640625 0.946875 0.5004664390625 0.946875 0.5178930625 0.9463802921875001 0.5200305546874999 0.9404209140625 0.5110799453125 0.900287834375 0.509698615625 0.8851300640625 0.5178463515625 0.8490596 0.525 0.830717325 0.525 0.6639375609375 0.521639696875 0.65946270625 0.5158196890625 0.645491275 0.5105858859375 0.641675846875 0.5104221890625 0.630943425 0.5070124984375 0.6288999828125 0.412259875 0.6376549140625001
6 0.56107969375 1 0.5555771671875 0.99604598125 0.5514006828125 0.9893433140625 0.5431581999999999 0.9832652578125 0.504974759375 0.965524396875 0.4702180546875 0.9530276109375 0.45151383437500003 0.9433107703125 0.43714709999999996 0.9413210421875 0.41344560937499997 0.9428636562499999 0.4057342734375 0.940625 0.3936546109375 0.940625 0.378990371875 0.945533646875 0.360939603125 0.9598475265624999 0.35 0.9775958750000001 0.35 1 0.56107969375 1
6 0 1 0.193279475 1 0.1970184421875 0.9949446875 0.209375 0.9840763625000001 0.209375 0.9707790265625 0.2063565390625 0.9613352640624999 0.2043274953125 0.9585241359375001 0.20089710312500003 0.9578125 0.193700771875 0.9578125 0.087426053125 0.9610554609375 0.0698813171875 0.9578125 0.061874564062500005 0.9578125 0.02189360625 0.965724359375 0.0000558296875 0.9804383125000001 0 0.9805012546875 0 1
9 0 0.780970478125 0.0180204859375 0.785629928125 0.0755243875 0.79359613125 0.111195725 0.7953125 0.187369896875 0.7953125 0.1887853515625 0.7950950015625 0.1890625 0.794808884375 0.1890625 0.7436468312500001 0.184391415625 0.7306614984375 0.182750396875 0.713586346875 0.1804191625 0.7086938640625 0.16357612187499998 0.69763014375 0.09040270156249999 0.6694937046874999 0 0.63108639375 0 0.780970478125
6 0 0.9214395937500001 0.006034132812500001 0.923007334375 0.0354282046875 0.9391361406249998 0.0613609515625 0.9600269015624999 0.06468308125 0.9609375 0.1716220359375 0.9609375 0.24016657187499998 0.9553899890625001 0.338336834375 0.9535802828125 0.3867170921875 0.9498739703125001 0.3969429984375 0.9446050343749999 0.40868084062500004 0.932227765625 0.415625 0.9165898109375 0.415625 0.82775283125 0.4065112078125 0.8082488624999999 0.39928363125 0.8024789421874999 0.3880247625 0.797855378125 0.35836565625 0.7934048046875001 0.2670141640625 0.790625 0.058578318750000004 0.790625 0.058357950000000006 0.7906830218750001 0.035447446875 0.8090032 0.0013339515625 0.8263941421875 0 0.8263803750000001 0 0.9214395937500001
0 0.18125 0.69282596875 0.18974164843750002 0.7520624046875 0.191060846875 0.7861079156249999 0.18844038125 0.8 0.19865171406249998 0.8 0.20146246250000002 0.7993635125 0.2165578796875 0.8 0.3600673578125 0.8 0.361803684375 0.7992376968749999 0.3671875 0.7852373921875 0.3671875 0.6944266265625 0.3668829953125 0.6921624281250001 0.3615872875 0.68171561875 0.35632138125 0.6779087140625 0.35061023125 0.675 0.33601646875 0.675 0.22621090000000002 0.6826816234375 0.20220606718749998 0.6878301421874999 0.1885934484375 0.6868136 0.18160204062500002 0.688377634375 0.18125 0.6899050015625 0.18125 0.69282596875
15 1 1 1 0.6125 0.9629851796875 0.6125 0.8547975437499999 0.622871053125 0.8508334765625 0.6262854890625 0.8375921984375001 0.7402269031250001 0.829029384375 0.7856442546875 0.8161889500000001 0.80855554375 0.7884911046875 0.84491896875 0.7875 0.8478682281250001 0.7875 0.8628730796875 0.8084655578125 0.9068095890624999 0.8174431703125 0.9122375265624999 0.8271759671875 0.91387211875 0.8325514265624999 0.9195217906250001 0.8569893765625001 0.9778951812500001 0.8689512546875001 1 1 1
15 0.701196928125 0.46875 0.7011964265625 0.46905181875 0.6963630125 0.4737499265625 0.6611177375 0.482594409375 0.632630396875 0.48581551875000006 0.624163953125 0.493377628125 0.6141608062499999 0.508661834375 0.609375 0.511825334375 0.609375 0.9055078234374999 0.6155609875 0.9109242703125 0.62128535625 0.9377812593750001 0.623889825 0.94253471875 0.6363146359375 0.9546875 0.66355071875 0.9546875 0.6690890421875 0.9480388218750001 0.677771503125 0.9414901812500001 0.726076021875 0.9341884046875 0.7333739921875 0.9310987109374999 0.7432568296875 0.9227159671875 0.7575852546874999 0.9028382875000001 0.7641836828125 0.8840233578125 0.773678696875 0.868843784375 0.82716295 0.80123010625 0.8330249265624999 0.7889145375 0.83964795625 0.755283215625 0.8543719078125 0.6501589484375 0.856313734375 0.6169625828124999 0.859375 0.5917327015625 0.859375 0.5362498109375 0.8562011281250002 0.53182063125 0.8230375890625 0.5106137937499999 0.81246750625 0.49586310625 0.792166796875 0.48523201250000003 0.78719086875 0.46875 0.701196928125 0.46875
15 0.609375 1 0.8700287109375001 1 0.8708181703125 0.9915120859375002 0.8357957453125 0.9073091421874999 0.8285671640625001 0.9003531109375 0.8163505624999999 0.8970812984375 0.8093353671875001 0.891138625 0.7952977671875 0.8618005312499999 0.7922806609374999 0.8515625 0.770353046875 0.8515625 0.7375366875 0.8960540124999999 0.72748546875 0.9055537921875001 0.7193790375 0.9093590609375 0.6753890218749999 0.9169410296875 0.6525197703125001 0.9402196875 0.6455991171875 0.9421910578125001 0.6376867093749999 0.9369643015625 0.6248421000000001 0.9232450546875001 0.6170098109375 0.8910268546874999 0.609375 0.88522090625 0.609375 1