14 0 0.45481412343749994 0.315625 0.24230823906249999 0.315625 0.23773746718750002 0.305714528125 0.23692840468749998 0 0.43924697031250004 0 0.45481412343749994
14 0 0.4123845359375 0.1398013703125 0.34596057187499996 0.1921875 0.30879285 0.1921875 0.30592068906250003 0 0.39829644062499997 0 0.4123845359375
14 0 0.4323681890625 0.03125 0.41580587812500003 0.03125 0.4099564390625 0.021416826562499998 0.4065691875 0 0.4182299359375 0 0.4323681890625
14 0 0.4605914359375 0.3390625 0.2687614140625 0.3390625 0.2552275640625 0.0223373453125 0.4362019828125 0 0.4515706328125 0 0.4605914359375
14 0.3265625 0.3260190203125 0.3265625 0.3145438078125 0.3257453875 0.313297559375 0.243975428125 0.336255740625 0.23125 0.3499327625 0.23125 0.35 0.24005614999999997 0.35 0.3265625 0.3260190203125
14 0.26875 0.3092847671875 0.26875 0.30625 0.26277301875000003 0.30625 0.25059685 0.313149928125 0.008325365625000001 0.5860130375 0.014636534375 0.590625 0.0214082078125 0.590625 0.26875 0.3092847671875
14 0.30625 0.3578125 0.29681874218750004 0.3578125 0.0794321796875 0.5295889046875 0.031367959375 0.5828125 0.0334254734375 0.5828125 0.30625 0.365740878125 0.30625 0.3578125
14 0.302181134375 0.41728992187499997 0.309375 0.412700990625 0.309375 0.40109368125 0.1156695265625 0.517625625 0.0574689359375 0.565625 0.062101609375 0.565625 0.2822175984375 0.43073169375000003 0.29097045 0.4172236890625 0.302181134375 0.41728992187499997
14 0 0.40688063124999996 0.24645495624999997 0.459375 0.25941068125 0.459375 0.2609375 0.45739550625 0.2609375 0.450771903125 0 0.3899934171875 0 0.40688063124999996
14 0.3296875 0.3446213234375 0.328283675 0.342984378125 0.1474199203125 0.3784642453125 0.11646744687499999 0.396875 0.1253360875 0.396875 0.3296875 0.354478103125 0.3296875 0.3446213234375
3 0.2430774015625 0.47688155312499997 0.233553696875 0.47948915937500003 0.211428909375 0.48149007031249996 0.2040736859375 0.48357770312500004 0.178726884375 0.4980782640625 0.1522074453125 0.508843003125 0.12768085625 0.520684853125 0.087272625 0.544952025 0.0859375 0.54608911875 0.0859375 0.55609670625 0.0932523140625 0.5577720546875 0.1172821296875 0.5576467968750001 0.1444478703125 0.560203475 0.1888274 0.56875 0.347433171875 0.56875 0.3574055265625 0.565182815625 0.365492853125 0.55883784375 0.37041527812499997 0.552474284375 0.375 0.544599878125 0.375 0.5016893578125 0.368150921875 0.486671921875 0.3572183828125 0.47089293125 0.3503590734375 0.45407244999999996 0.339572325 0.4321682078125 0.3332709203125 0.4246733390625 0.3267060625 0.4195740921875 0.31832456875 0.41659500312500003 0.310904084375 0.415625 0.2923152234375 0.415625 0.28928365 0.41669083906250004 0.28723254374999996 0.41854326249999996 0.26801208593750003 0.446930125 0.264027540625 0.4543646 0.251516290625 0.4697395859375 0.2430774015625 0.47688155312499997
3 0 0.37701172656250004 0.013619317187499999 0.37855478124999997 0.0189576734375 0.3796875 0.03573174375 0.3796875 0.0433080671875 0.37696399375 0.12937051875 0.33586744999999996 0.146875 0.326083825 0.146875 0.3174280171875 0.1454758078125 0.312261784375 0.1345036734375 0.2960611859375 0.13116968281250002 0.28545221875000004 0.1282529171875 0.28014040625000003 0.12008630468749999 0.267990321875 0.10647591875 0.2530348953125 0.10525334687500001 0.2482372765625 0.103806925 0.22957125312499999 0.099195425 0.219206925 0.0929457609375 0.2123627890625 0.083807890625 0.2067623625 0.07639222812499999 0.2036933265625 0.068587903125 0.20188265468750002 0.050340178125 0.192698996875 0.0414805546875 0.19138639375 0.030955021875 0.193845953125 0 0.20777751718749998 0 0.37701172656250004
3 0 0.20513241249999997 0.0266475625 0.1927139765625 0.03657260625 0.1904090546875 0.04150628125 0.1907004359375 0.051751351562500006 0.1949610703125 0.063767078125 0.202120075 0.0736347125 0.2050657625 0.08628878437500001 0.21117830781250002 0.096476446875 0.22068955625000003 0.0985665578125 0.22542762500000002 0.10045374375 0.23200234218750002 0.1024293203125 0.24960456718750001 0.10402603749999999 0.25407720624999997 0.1260279234375 0.28439875 0.1306725546875 0.2944026984375 0.14216731875 0.3133732921875 0.148219765625 0.31875 0.1734134984375 0.31875 0.18343579375000002 0.313614475 0.19211256875 0.3084142359375 0.1981774140625 0.30319873125 0.22379931718749999 0.27000494218750004 0.2421875 0.24417480625 0.2421875 0.1994383 0.2416385703125 0.1960708125 0.2386489203125 0.1923776765625 0.2300582609375 0.1897019953125 0.18188252656249998 0.18810770937500002 0.167168471875 0.1864464328125 0.1590712078125 0.1840361828125 0.1481875078125 0.17845907968750002 0.12293648906250002 0.1586204453125 0.11240038125 0.147531878125 0.1110648578125 0.1430607625 0.1128926390625 0.1383455921875 0.11274711875000001 0.1349316234375 0.10601436875 0.13673010937500002 0.103866559375 0.13487972343750002 0.0895853578125 0.11274227343750001 0.077394553125 0.09770582343749999 0.072807615625 0.0848141890625 0.0714143984375 0.08323076406249999 0.0639262046875 0.077673503125 0.05356489062499999 0.072099453125 0.0354547578125 0.0656924734375 0.0353385125 0.06437905625 0.0413163890625 0.059950685937500005 0.0413374734375 0.05625 0.019692428125 0.05625 0.0114250125 0.06555203750000001 0.004606146875 0.07522644375000001 0 0.0826714140625 0 0.20513241249999997
0 0.0776843546875 0.085002790625 0.1048029390625 0.0987668109375 0.1097955875 0.1021971703125 0.1131998546875 0.10614123906249999 0.12256208125000001 0.1211074015625 0.119925896875 0.136002084375 0.11575744218749999 0.14617909375 0.1123542890625 0.1516521203125 0.112496515625 0.155053584375 0.119191715625 0.1639873859375 0.1306523359375 0.1737343375 0.132575028125 0.175 0.174075521875 0.175 0.17580950312500002 0.17426495 0.1924311046875 0.171748115625 0.225532640625 0.168021534375 0.2332756453125 0.16257436249999999 0.23449512499999997 0.160750528125 0.2357990515625 0.1534338953125 0.23783854999999998 0.1299033265625 0.2390625 0.12290224218750001 0.2390625 0.0696443578125 0.23828521249999998 0.06921809375 0.2334631265625 0.0689277796875 0.13066981093750002 0.0816562546875 0.08171169375000001 0.0808414140625 0.0751312234375 0.08263330937499999 0.0776843546875 0.085002790625
12 0.3497183484375 0.037407443750000005 0.34335998437500004 0.042660190625 0.334324046875 0.0471416234375 0.323084440625 0.0488393296875 0.28674431562499997 0.0571918109375 0.2719626609375 0.059120746875 0.26446066562500004 0.0633592328125 0.25818670312499997 0.074658009375 0.25417240625000004 0.0905041234375 0.2513577296875 0.1091281046875 0.2487672984375 0.13707360468750002 0.2478255328125 0.1909741515625 0.25045012031249997 0.214919715625 0.24914042812499998 0.2244841765625 0.2512889296875 0.23230553125000003 0.2585412796875 0.239400971875 0.26241819375 0.2406830796875 0.2909498640625 0.2393381640625 0.3140430953125 0.23947290312499997 0.3202627109375 0.24001298750000002 0.33024779843749996 0.2428421171875 0.333466646875 0.2453125 0.34498964062500004 0.2453125 0.3468985328125 0.24445065000000002 0.3528105921875 0.2386915046875 0.359251990625 0.228149396875 0.36516295625 0.2133219375 0.37085022031250003 0.19370712343750002 0.3746968125 0.1748372625 0.3796875 0.136127503125 0.3796875 0.075757096875 0.377165121875 0.05948265781249999 0.3725335265625 0.0445936875 0.369158090625 0.038780353125 0.364137275 0.03421690625 0.35694146875 0.0334192296875 0.3497183484375 0.037407443750000005
6 0 0.586610275 0.0018214390625 0.5865240515625 0.0120123359375 0.5824121718749999 0.029319353124999996 0.5718233671874999 0.036492346875 0.564825253125 0.0679730515625 0.527722653125 0.1041221 0.48777930156249993 0.11186410312499999 0.4779161796875 0.140625 0.44679336562499994 0.140625 0.42797565625 0.1360839921875 0.42747177968749994 0.0979934359375 0.4194235375 0.0889252296875 0.41875 0.07999345468749999 0.41875 0.0767281515625 0.4192977046875 0.06648038125 0.42393077031250004 0.032948053125 0.4445932609375 0.015299240624999998 0.453615475 0 0.46279371874999997 0 0.586610275
11 0.4890625 0.6390625 0.5094979687500001 0.6390625 0.6871915265624999 0.5599179999999999 0.7352666078125 0.5395649828125 0.7451196859375 0.5296453328124999 0.7484375 0.515063753125 0.7484375 0.4454708765625 0.7460088859375 0.437826140625 0.72806089375 0.4032008078125 0.7114504921875 0.382727259375 0.6908049187499999 0.3621832375 0.6744763421875 0.35382468437500003 0.6576307015625 0.35 0.6286170906249999 0.35 0.6121425265625 0.3618186046875 0.4890625 0.39932424218749996 0.4890625 0.6390625
9 0.4890625 0.35 0.6702568578125 0.35 0.6739187546875 0.3492677265625 0.67589321875 0.3452063046875 0.6903171218749999 0.3423836703125 0.694555321875 0.34655234375 0.7029818046875 0.35 0.7139226484375 0.35 0.714301078125 0.34996484687499996 0.740163078125 0.3493874265625 0.75872875625 0.34663629375 0.7844702265625 0.3409374046875 0.799809040625 0.333011178125 0.8161591968749999 0.324078534375 0.8210953562500001 0.3139249734375 0.8365788078125 0.312144509375 0.850015478125 0.311352590625 0.875877478125 0.3107751671875 0.8765625 0.3103573859375 0.8765625 0.24224354531249997 0.8555038515625 0.23670428281250003 0.8471961921875 0.2355369921875 0.8358063078125 0.2353403671875 0.8266078390625001 0.24030096250000002 0.8160364437500001 0.23090357187500002 0.8032977359375 0.21737325468750002 0.78538180625 0.2037535671875 0.7665991734375 0.19728605625 0.7302380968750001 0.19153896875 0.701221553125 0.1900141796875 0.686869971875 0.19590969062500002 0.671121353125 0.18642292656249998 0.4890625 0.1762419953125 0.4890625 0.35
17 0.95 0.6390625 0.95 0.6091693031250001 0.929571196875 0.572186040625 0.90408369375 0.5183366828125 0.8483912625000001 0.4116033 0.8318371328125 0.4018912546875 0.8166306515624999 0.382254221875 0.78766388125 0.35976040625 0.7777900703125 0.35 0.75775094375 0.35 0.7434915078125 0.3626590640625 0.7273665953125 0.3712804203125 0.715625 0.38155956562500004 0.715625 0.3846455296875 0.7369985390625 0.4227602390625 0.7466300421875001 0.4517253046875 0.750049315625 0.4852949546875 0.745381384375 0.5108702875 0.7456143890625 0.5208227062499999 0.7652943515625 0.5965624296875001 0.7661405234374999 0.632705421875 0.7673229296875 0.6390625 0.95 0.6390625
5 0.4890625 0.190393815625 0.535893078125 0.189917609375 0.5493936234375 0.18711273125 0.560299178125 0.180712275 0.5723269578125001 0.1794028171875 0.58007683125 0.188667571875 0.60853940625 0.20286136406250002 0.6308067609375 0.20984628125000002 0.6352068328125 0.2125 0.667157921875 0.2125 0.6719981921875 0.209557771875 0.696006959375 0.20490954218750002 0.7155740359375 0.20373291875000002 0.7422362875 0.20521691718750001 0.754895371875 0.2094969359375 0.7690038234375 0.21126687500000002 0.77692875625 0.206335271875 0.7974308828125001 0.20213238437499997 0.8043388765625 0.1966757421875 0.81730170625 0.192340021875 0.836634809375 0.181016815625 0.8523559890625 0.165572990625 0.8570897234375 0.1529783171875 0.864874271875 0.141958765625 0.8671875 0.1356158625 0.8671875 0.10212497499999999 0.8643357140625 0.09681533437499999 0.8535116296874999 0.0849608015625 0.8412498765624999 0.076123675 0.82959603125 0.0718613671875 0.7980358484375 0.0540631390625 0.7889301984375 0.051367096875 0.7733489812500001 0.051092576562500006 0.7248639234375001 0.061902165625000005 0.712801046875 0.061689634375 0.6862553640625 0.04347263125 0.647869075 0.034682353124999996 0.6188809078124999 0.04127134375 0.6044453125 0.047102484374999996 0.5668424125 0.05049695625 0.545381840625 0.0567114484375 0.5283512578125 0.058947009375000005 0.5164170671875 0.064315096875 0.491274375 0.06336499375 0.4890625 0.0640993546875 0.4890625 0.190393815625
0 0.4890625 1 0.4890625 0.93324021875 0.4611573078125 0.9088785390625 0.4345427 0.8828096390625 0.41784887499999995 0.8627345171874999 0.40500785937500006 0.8517146203125 0.38269485312499996 0.83772424375 0.358825478125 0.8267689046875001 0.34246685 0.821875 0.28121284375 0.821875 0.2600365328125 0.8293644625000001 0.24180637656249998 0.8400619140625001 0.21174032031249998 0.868479884375 0.190997503125 0.9084426671875001 0.1750575796875 0.960481034375 0.1608715375 1 0.4890625 1
0 0.193712584375 0.6390625 0.1675254203125 0.6564981171875 0.13306859843750002 0.6698057375 0.092208696875 0.675084921875 0.0564790265625 0.6747890140624999 0.053423731249999995 0.676823253125 0.04297875625 0.6985608046875 0.0379740765625 0.72581185625 0.0396184921875 0.746974853125 0.04477763125 0.7686214796875 0.057920218749999995 0.79425445625 0.07768554062500001 0.8153118609375 0.100073090625 0.8303046765625 0.11251412187500001 0.8328125 0.17685455781249998 0.8328125 0.1912073421875 0.8282613015625 0.21104040624999998 0.8165512249999999 0.23002490468749998 0.79577213125 0.24091173437500002 0.7775607671875 0.2472419796875 0.76088828125 0.25 0.7493478312499999 0.25 0.6991689515624999 0.2498415390625 0.6983636125 0.2386684578125 0.675239703125 0.228856084375 0.6606777187499999 0.21449591250000002 0.6471504546875 0.19994936562500001 0.6390625 0.193712584375 0.6390625
0 0.1673118984375 1 0.187104440625 0.9406505859375001 0.1875 0.9323123796875 0.1875 0.84829249375 0.185167725 0.8440689625000001 0.17958185 0.838908503125 0.1626779546875 0.83125 0.06892710625000001 0.83125 0.0407522203125 0.8412794234375 0.0297361953125 0.8517302734375001 0.0265625 0.8582193484375 0.0265625 0.8746482828125 0.02815479375 0.88341786875 0.03635709375 1 0.1673118984375 1
0 0.3108860296875 0.6390625 0.2954224515625 0.643300484375 0.2790426625 0.652753784375 0.2631037796875 0.666883815625 0.2550658578125 0.6778486296875 0.2479919234375 0.6934871546875 0.24970076093750002 0.7153139312500001 0.24786026093750002 0.7605576546874999 0.2538906875 0.77456063125 0.2615360015625 0.785954665625 0.2759539484375 0.7988692937499999 0.29456565625 0.8112397484375 0.31687543749999997 0.8215091328125 0.34756360937499997 0.8312101437500001 0.35774823125 0.8328125 0.389420125 0.8328125 0.4004036984375 0.8303846343749999 0.42366568750000005 0.8162122500000001 0.44437619375 0.7984151796875001 0.4578125 0.7783283671875 0.4578125 0.665645015625 0.45668858749999997 0.6631646546875001 0.4490341421875 0.65229059375 0.4351301453125 0.6398929140625 0.43361265624999995 0.6390625 0.3108860296875 0.6390625
8 0.4890625 0.6390625 0.4890625 0.8407769140625 0.8221989624999999 0.6390625 0.4890625 0.6390625
8 1 0.6390625 0.7666276203125 0.6390625 0.6038364765625 0.718672675 0.4890625 0.772241103125 0.4890625 0.9970724375 0.49036493906249995 1 0.636430946875 1 0.7141053640624999 0.9690694359375 1 0.8352613015625 1 0.6390625
8 1 1 1 0.8315644296875 0.9695616765625001 0.8415755953125 0.9464089578125 0.881524603125 0.9122473624999999 0.912476365625 0.8715242140624999 0.930317421875 0.8533796406249999 0.9540626578125 0.8177540828125001 0.9684034203125 0.736426590625 0.976391815625 0.7045010390625001 0.9890629859375 0.7413721750000001 1 1 1