14 0 0.2941830109375 0.027869725 0.305556078125 0.06901402031250001 0.3320112 0.1079683609375 0.3671875 0.109375 0.3671875 0.109375 0.3560544140625 0.0905496375 0.3376983859375 0.0396911 0.2991129546875 0 0.2822523046875 0 0.2941830109375
15 0.35364887500000003 0.45 0.369775303125 0.37823924062500003 0.3919569859375 0.34686605625 0.3863746875 0.2903281203125 0.39375 0.26055733281250004 0.39375 0.24632964687499997 0.388700434375 0.2460952296875 0.3802629359375 0.27640105 0.37522460468749996 0.242058796875 0.3636345203125 0.234699071875 0.334170953125 0.24185835625 0.2894425203125 0.27900651249999997 0.222285825 0.44984146562499994 0.22229511406250002 0.45 0.35364887500000003 0.45
15 0.4890625 0.45 0.4890625 0.37482373125 0.41477344531250004 0.3397825359375 0.41123427343749996 0.3390625 0.3871864984375 0.3390625 0.3764205515625 0.3466785484375 0.3626455296875 0.3790723 0.349003209375 0.45 0.4890625 0.45
15 0.4890625 0.06054703593750001 0.30713575312499997 0.10713007031249999 0.284538646875 0.1025436 0.27532506875 0.1444631796875 0.2768093734375 0.183354059375 0.259285696875 0.182534178125 0.2359375 0.1960635875 0.2359375 0.20536308593750002 0.244080315625 0.2382903046875 0.2426109109375 0.2664553265625 0.2359375 0.2783080859375 0.2359375 0.284375 0.2712039328125 0.284375 0.2893738171875 0.2792308859375 0.3384326671875 0.24799859687499998 0.3854710875 0.25549320937500003 0.4890625 0.232060834375 0.4890625 0.06054703593750001
0 0.0515625 0.2099895484375 0.0515625 0.2125 0.07536095000000001 0.2125 0.08844184375 0.201932121875 0.15 0.11304874843749999 0.15 0.10385800468749999 0.148614615625 0.0967380171875 0.136850725 0.0855643421875 0.1311033640625 0.0605070578125 0.1360058109375 0.0341770703125 0.13091144999999998 0.030397668750000002 0.1194845734375 0.028125 0.089560228125 0.028125 0.0868292671875 0.030107298437500003 0.08359919375 0.0807138453125 0.0735483859375 0.138083953125 0.06293929375 0.183623875 0.05639770937500001 0.196302528125 0.0515625 0.2099895484375
12 0.038934178125 0.3668789984375 0.033612432812499995 0.436967353125 0.0381485375 0.4390625 0.0710944828125 0.4390625 0.1710445234375 0.43315540468749997 0.1941677171875 0.41194323125 0.1953125 0.399422203125 0.1953125 0.3663239125 0.1691556796875 0.338708671875 0.0626702203125 0.3010902921875 0.0444330796875 0.2933678125 0.0405241390625 0.2859375 0.0375542171875 0.2859375 0.029310475000000002 0.2909390046875 0.0142764453125 0.2867987765625 0.012143434375000001 0.295276146875 0.030380573437500002 0.30299862499999997 0.0621459515625 0.343955409375 0.038934178125 0.3668789984375
12 0.0953125 0.227825996875 0.0953125 0.231294478125 0.09699698906250001 0.257271525 0.11062822812499999 0.288453828125 0.123365571875 0.3043209515625 0.146005478125 0.3140625 0.1967150390625 0.3140625 0.22701614375 0.3006661296875 0.25194442499999997 0.2780690625 0.259375 0.25799065468750004 0.259375 0.21609535625 0.25130215312500004 0.1931862375 0.21540992343749998 0.166057671875 0.178719665625 0.1541654359375 0.1290332484375 0.16372928281250002 0.11087265312500001 0.186641746875 0.0953125 0.227825996875
15 0 0.45 0.0375 0.45 0.0375 0.414124953125 0.036581329687500004 0.3787430703125 0.032275040625 0.3088120890625 0.0014257859374999999 0.2953125 0 0.2953125 0 0.45
15 0 0.28568807343749997 0.0042990609375 0.2875 0.0327039234375 0.2875 0.032648306249999995 0.269856934375 0.04226921875 0.24337802343749998 0.053431332812499996 0.2099466390625 0.0710754859375 0.18735190468750001 0.09234012968750001 0.073613521875 0.09375 0.06263058437499999 0.09375 0.0328125 0.0852536453125 0.0328125 0.079063825 0.03553648125 0.0246981046875 0.041209140625 0.009148198437500001 0.046341103125 0 0.047923084375 0 0.28568807343749997
11 1 0 0.7111325609375 0 0.72087198125 0.0314892578125 0.73579890625 0.0978039546875 0.761921025 0.096552734375 0.81789699375 0.11532104531250001 0.8626777671875001 0.132838134375 0.880740965625 0.140625 1 0.140625 1 0
11 0.4890625 0 0.4890625 0.45 0.782221709375 0.45 0.784375 0.44249530156250005 0.784375 0.38685760937499997 0.7825585937499999 0.37540227187499997 0.7655042609375 0.3594189 0.7725266328125 0.3444344890625 0.7695170453125 0.31746255 0.767510653125 0.294486453125 0.7554723015625 0.28949165 0.76048828125 0.2535290640625 0.7504563203125001 0.21357063437499998 0.745440340625 0.164621559375 0.7364115765625 0.14763922812500002 0.7394211640625 0.1356516984375 0.7394211640625 0.1216662484375 0.734405184375 0.0867026234375 0.7293892046874999 0.0507400375 0.7164602828125 0 0.4890625 0
9 1 0.20289308125 0.990909865625 0.1922182234375 0.9574167578124999 0.164567240625 0.9278640140625001 0.1497542140625 0.879594534375 0.1349411875 0.840190878125 0.11815309062499998 0.805712678125 0.1053151328125 0.7672941109375 0.0934647125 0.7328159109375 0.089514571875 0.7318308203124999 0.0835893609375 0.7357711859375 0.148766678125 0.7456221000000001 0.177405196875 0.7515326484375 0.2228318125 0.75645810625 0.262333215625 0.799802128125 0.2889966640625 0.8273846890625001 0.30479722656249997 0.8569374312499999 0.32356039375 0.8894454484375001 0.3383734203125 0.9308192890625001 0.3383734203125 0.9761334953125 0.34133602500000004 0.9978055062500001 0.33639834999999996 1 0.337278325 1 0.20289308125
11 1 0.35964366718749996 0.9773654515625001 0.30653666875 0.9631872109374999 0.2621818296875 0.94495804375 0.1976657 0.9267288765625 0.1512947328125 0.9233469875000001 0.15 0.8592071171875 0.15 0.8578631359375001 0.15028666875000002 0.8173538765625 0.16540763593750002 0.791022859375 0.2027060234375 0.793048321875 0.20169795937499999 0.8112774890625 0.272262475 0.8143156828125001 0.31762537812499997 0.8193793406250001 0.34081086250000003 0.8264684609374999 0.366012475 0.8264684609374999 0.3952463453125 0.8396339703125001 0.42548828125 0.850774015625 0.44161731406250004 0.8491440484374999 0.45 1 0.45 1 0.41630859375 0.99559461875 0.41137537812499997 0.9986328125 0.3962544109375 1 0.391782925 1 0.35964366718749996
8 0.2547192375 0.5863070859375 0.22839360625 0.5507891796875001 0.21163119687499998 0.541699225 0.20089123281250001 0.540140796875 0.0722251671875 0.65764231875 0.03758634375 0.6989230265625 0.032952959375 0.709760059375 0.03640025625 0.723252115625 0.076592578125 0.7862536953125 0.093439125 0.8002075828125002 0.122115528125 0.8167944796875 0.1727486546875 0.8640605078124999 0.1722971984375 0.8689275859375 0.1675422765625 0.8727389406250001 0.1450565921875 0.8734114296875 0.13554675 0.8810341421875 0.130377765625 0.8918743171875001 0.12901405 0.90593510625 0.13685830000000002 0.9258872484375 0.162968909375 0.9489751109375 0.181590521875 0.9726474265625 0.184448975 0.975 0.2632171859375 0.975 0.29177371406249997 0.963352740625 0.3019593875 0.9638334375 0.3112421484375 0.9740482859374999 0.31273934375 0.975 0.3299765953125 0.975 0.3390089984375 0.9690208578124999 0.3634781359375 0.9591483625 0.3729599328125 0.9499043437499999 0.403125 0.9328225359375001 0.403125 0.8062385484375 0.39473659687499996 0.7843860578124999 0.3803343078125 0.7569055312499999 0.3421975171875 0.719835484375 0.3235665546875 0.6956227328125 0.2655807390625 0.5948911921875 0.2547192375 0.5863070859375
18 0 0.82718356875 0.02737043125 0.832302703125 0.067735696875 0.8475672453125 0.07215243125000001 0.8555584374999998 0.0728736546875 0.8662434140624999 0.0820364265625 0.87046579375 0.08804761718750001 0.8779132515625001 0.0918084484375 0.8789602984375 0.0918364421875 0.8805635109375001 0.08862886875 0.880582165625 0.0740921484375 0.8747876640625 0.0693181140625 0.8769532625 0.069402096875 0.8817629 0.0737628421875 0.8865476671875001 0.0759825015625 0.92180901875 0.089608665625 0.9366946109375001 0.102072325 0.9462423812499999 0.10376942656249999 0.9515770953124999 0.1146106375 0.96006538125 0.1231921578125 0.96161885 0.13168969531250002 0.9583626781250001 0.1392206875 0.9609911734375001 0.14751023125 0.9764422609375 0.1476214640625 0.9828125 0.15483939375 0.9828125 0.1555851515625 0.9796020500000001 0.1471743 0.95720370625 0.13334284375 0.9305612218749999 0.11411877968749999 0.9012778046874999 0.1231882375 0.9001561437500001 0.1300633265625 0.8958404890625001 0.1483915796875 0.8738210984375 0.1493861203125 0.8695396468750001 0.1360212328125 0.8696173734375 0.1165798390625 0.8585068109375001 0.1133162796875 0.8553190390625 0.1022137890625 0.8318674328125001 0.1059559546875 0.83184566875 0.138488921875 0.8578449359375 0.15522934375 0.867367828125 0.17453076875 0.8704623281250001 0.175 0.8699212781250001 0.175 0.8564953750000001 0.163418946875 0.8464763171874999 0.136915834375 0.8289933234374999 0.137319790625 0.8215085546875001 0.133502971875 0.8172550828125 0.1114165921875 0.8077632781249999 0.08156593749999999 0.782282875 0.07556408125 0.7753698171875 0.071082028125 0.7636377984375 0.067846459375 0.7620532390625 0.0657360734375 0.7636688875 0.0643749015625 0.7775727265625 0.060595409375 0.775456871875 0.0523525234375 0.7626778062499999 0.04276713125 0.7648713859375 0.037054546875 0.7745248640625 0.020848718750000002 0.7649988578125 0.016562625 0.764489325 0.011844579687499999 0.7698613515625 0.007359818749999999 0.7885934812500001 0.004133584375 0.787543328125 0.0012926421875 0.7779395953125 0 0.7763116531250001 0 0.82718356875
18 0.25254396875 1 0.291364690625 0.9867171828124999 0.3125 0.9734735718749998 0.3125 0.9581903734375 0.309896246875 0.9565739843750001 0.284815571875 0.954535965625 0.25021116875 0.96839019375 0.2328567015625 0.97231410625 0.205158528125 0.9762983765625 0.16921824531250002 0.9759620046874999 0.1578332359375 0.9787589015624999 0.1443846375 0.9881209406250001 0.1370314796875 1 0.25254396875 1
4 0 0.7803468625 0.000026478124999999998 0.7803819046875 0.001029928125 0.78125 0.01003641875 0.78125 0.012174215625 0.774332434375 0.017425928125 0.769954084375 0.03834641875 0.7785242796875 0.0440563671875 0.7697960296874999 0.052550217187500005 0.7681154265625001 0.063724278125 0.78125 0.0640625 0.78125 0.0640625 0.7610040359375001 0.050441071875 0.73824108125 0.027074059374999997 0.7112098875 0.0221318328125 0.7025448609375 0 0.677905678125 0 0.7803468625
3 0 1 0.06066200468750001 1 0.05970319843750001 0.9851059781250001 0.0645314984375 0.9762724546874999 0.07708202812500001 0.96574323125 0.0724070953125 0.88872125 0.0689981671875 0.8837878124999999 0.0694261921875 0.8766307874999999 0.0789157 0.8809787124999999 0.0963593765625 0.896838 0.11393834843749999 0.9204014031250001 0.1408397390625 0.9703277046875 0.14662759375 0.9846033390625 0.1462092328125 0.9923106578125 0.1506288359375 0.991734753125 0.1515625 0.9903541140625001 0.1515625 0.9734564656250001 0.1444157609375 0.953246175 0.1244095421875 0.917589103125 0.0961081078125 0.88253035 0.08320000625 0.8726986875 0.07203985625 0.8678100703125 0.07015660625 0.855162909375 0.06615536250000001 0.8480314953124999 0.0293433015625 0.8328345562500001 0 0.8262679171875 0 1
17 0.6178935078125 0.45 0.6111371562500001 0.5658146359375 0.6124857953125 0.734184865625 0.6078125 0.78079365625 0.6078125 0.790689315625 0.6084845624999999 0.820180365625 0.619439290625 0.91092693125 0.6194438609375 0.9109375 0.8938482015625 0.9109375 0.899363484375 0.8823736109375 0.9157251828125 0.845620109375 0.91875 0.8329308921875 0.91875 0.7431931 0.8890267187500001 0.624362165625 0.8820741671875 0.5520519171875 0.8625621578124999 0.45 0.6178935078125 0.45
17 0.4890625 0.45 0.4890625 0.9928032218750001 0.525407715625 0.9900993249999999 0.5660891546875 0.9909723249999999 0.5779109296875 0.9803634890625 0.5835601765625 0.9359964765625 0.5981228578125 0.9133432234375001 0.602775634375 0.7989434515625 0.6125 0.7592473 0.6125 0.4607559078125 0.611386246875 0.45 0.4890625 0.45
17 0.8531747515625 0.45 0.8797225812499999 0.5873576421875 0.8875055421875 0.608773975 0.8902944703125 0.64700176875 0.9153247890625 0.768476034375 0.90506501875 0.8411869109375001 0.892191190625 0.8726703875 0.8860313828124999 0.909479190625 0.8795603875 0.9171987078124999 0.8543660046875001 0.9190340703125 0.8444263609375 0.9346128171875 0.8442030734374999 0.95565659375 0.8537060234375 0.9992097109374999 0.8541550156250001 1 1 1 1 0.46567908750000003 0.9959673234374999 0.452405771875 0.9874017984375 0.45 0.981220165625 0.45 0.9727162140625001 0.45533414062500005 0.9437633921875002 0.45 0.8531747515625 0.45
17 0.7709185187500001 1 0.7686242984375 0.920475184375 0.76420069375 0.9080036218749999 0.6292892203125 0.9048416843750001 0.6290129328124999 0.9046875 0.6027516265624999 0.9046875 0.5956588109375 0.91555631875 0.5805411671874999 0.9271256734375001 0.5713751203124999 0.9778163421875 0.5670814656250001 0.9806849374999999 0.5330815 0.9801374609375 0.524494190625 0.9858746546875 0.5223793265625 1 0.7709185187500001 1