7 0 0.43551987812500004 0.0054442078125 0.41973167499999997 0.0224599140625 0.3961714640625 0.13240755937499998 0.2940772234375 0.1533499671875 0.283606021875 0.15727666875 0.2783704171875 0.1546588671875 0.2705170140625 0.1690567734375 0.2665903125 0.1690567734375 0.2600458109375 0.1834546796875 0.25088350625 0.18607247968750001 0.2417212046875 0.2030881875 0.2299411 0.2083237890625 0.2299411 0.210941590625 0.2417212046875 0.22141279374999998 0.252192409375 0.2659154125 0.2705170140625 0.3326693390625 0.3281086390625 0.39156986250000003 0.41318717187500004 0.40596776874999996 0.44329188437499994 0.40989447031250004 0.46554319218750007 0.424292375 0.48125 0.43869028125 0.48779450156250004 0.4570148890625 0.48779450156250004 0.4890625 0.46472022187500006 0.4890625 0.45249764687500005 0.479266196875 0.43412957968750004 0.4570148890625 0.42365837656250005 0.44130808281249995 0.40926047031249996 0.42691017656249997 0.3778468578125 0.4046588671875 0.35821335 0.37717195625 0.31371073125 0.3274337375 0.2535013078125 0.2567531078125 0.193291884375 0.2253394953125 0.15926047031249999 0.196543684375 0.1540248671875 0.182145778125 0.163187171875 0.1612033703125 0.2194698953125 0.12717195625 0.243030103125 0.11015625 0.2692081140625 0.0604180296875 0.3228730359375 0 0.381741884375 0 0.43551987812500004
7 0.5 0.2210823890625 0.4805096546875 0.21025441875 0.451713840625 0.21156331874999998 0.43338923593749995 0.21810782187500002 0.4111379265625 0.21025441875 0.399357821875 0.224652325 0.40197562343750004 0.24559473281250002 0.38365101562500004 0.270463840625 0.3784154140625 0.29402405 0.371875 0.3018725484375 0.371875 0.301890403125 0.3797243140625 0.32674656562500004 0.39804892187499996 0.35423347656250004 0.41257430624999997 0.3609375 0.41667375937499995 0.3609375 0.42422693125000005 0.3555423765625 0.492289759375 0.35423347656250004 0.5 0.350987059375 0.5 0.2210823890625
7 0.25747709531249996 0.452883671875 0.248314790625 0.45550147343749997 0.23653468593750002 0.46989937812499993 0.19595876875 0.47775278125 0.20381217343750002 0.5039307921875 0.232730465625 0.5265625 0.26143606406250003 0.5265625 0.2771106015625 0.515710896875 0.2888907078125 0.500004090625 0.3032886140625 0.4581192734375 0.32030431875 0.43063236250000003 0.3703125 0.3819064421875 0.3703125 0.37777732343750003 0.3661158390625 0.3651873359375 0.3438645296875 0.3403182265625 0.3218416921875 0.33125 0.32149226406250003 0.33125 0.3098331140625 0.3403182265625 0.3032886140625 0.3678051375 0.292817409375 0.38482084375 0.265330496875 0.41099885468749997 0.2587859953125 0.42539676093749995 0.25747709531249996 0.452883671875
7 0 0.3822480375 0.041839825000000004 0.3427765046875 0.0667089328125 0.293038284375 0.071875 0.271340809375 0.071875 0.2552131 0.070635634375 0.245917865625 0.0483843265625 0.2249754578125 0.0313686203125 0.22235765624999998 0.03005971875 0.2040330484375 0.009117309375 0.18963514374999998 0 0.18781168125 0 0.3822480375
7 0.252703696875 0.284951734375 0.2474680953125 0.31112974531250004 0.1938031734375 0.30720304375 0.1702429640625 0.32552765 0.1636984625 0.32290985 0.15453615781250002 0.2967318390625 0.12966704843750002 0.2980407390625 0.11919584375 0.315056446875 0.1008712375 0.3294543515625 0.0825466296875 0.36479466562499996 0.032808409375 0.38704597500000004 0.031499509375 0.423695190625 0.0838555296875 0.44201979687500004 0.12704924687500002 0.4786690125 0.141817321875 0.4796875 0.17060495625 0.4796875 0.20165657656249997 0.47081560937500005 0.236996890625 0.4681978078125 0.26710160312500003 0.40798838281250005 0.29458851406250003 0.3844281734375 0.3140625 0.320813153125 0.3140625 0.31999959218749996 0.30636861875 0.3058941421875 0.29327961406249997 0.3124386453125 0.2893529125 0.2928051375 0.27364610625 0.2797161328125 0.2605571 0.27578943125 0.252703696875 0.284951734375
7 0.065645453125 0.142801046875 0.0708810546875 0.1742146609375 0.08397005937499999 0.2069371734375 0.099676865625 0.22395287968750002 0.098367965625 0.248821990625 0.1070339765625 0.25625 0.10823309375000001 0.25625 0.1572684890625 0.22657068125 0.1734375 0.160650865625 0.1734375 0.156140584375 0.15857738906250002 0.13756544531249998 0.11538367187500001 0.11138743437500001 0.10622136874999999 0.10091623125 0.08527896093750001 0.10876963437500001 0.07480775625 0.1192408375 0.065645453125 0.142801046875
7 0.1723862890625 0.1671875 0.1728858953125 0.1671875 0.19460078593750002 0.1582460734375 0.2325588984375 0.1569371734375 0.2417212046875 0.14646596875 0.24375 0.1292211921875 0.24375 0.1233138328125 0.2220876953125 0.09018324531250001 0.22601439843749999 0.0391361265625 0.15402486875000002 0.0391361265625 0.160569371875 0.1399214671875 0.1736583765625 0.159554975 0.1723862890625 0.1671875
7 0.03578206875 0.21316263124999998 0.0462532734375 0.21970713281249998 0.050179975 0.24719404374999998 0.058033378125 0.26028305 0.06850458125 0.2668275515625 0.0829024875 0.2668275515625 0.1 0.2411812828125 0.1 0.22461550937500002 0.09991819375 0.223633834375 0.0789757859375 0.2013825265625 0.0619600796875 0.129392996875 0.044944371875 0.1176128921875 0.0318553671875 0.1372464 0.03578206875 0.21316263124999998
7 0.2410094890625 0.16201325312499998 0.24886289218750002 0.1842645625 0.2711142015625 0.2091336734375 0.3077634171875 0.237929484375 0.314561509375 0.2390625 0.323915659375 0.2390625 0.327396925 0.227458278125 0.3234702234375 0.21175147343749998 0.3375 0.2002725640625 0.3375 0.199112403125 0.3260880234375 0.1724844578125 0.328705825 0.1319085421875 0.3012189140625 0.10573053125000001 0.28551210781249997 0.10442163125 0.24362729062500002 0.11881953593750001 0.2410094890625 0.16201325312499998
7 0 0.5625 0.0007873843749999999 0.5625 0.010859784375 0.558471040625 0.014888745312500002 0.5625 0.0497832140625 0.5625 0.054053503125 0.557162140625 0.0703125 0.515889296875 0.0703125 0.47915985 0.0697603078125 0.4537589984375 0.0658336078125 0.44459669531249996 0.047509 0.4301987890625 0.0200220875 0.4275809890625 0 0.4379628125 0 0.5625
7 0.098764725 0.5466868453125 0.0948380234375 0.5558491484375 0.09816345 0.5625 0.16738928749999998 0.5625 0.18384325937499998 0.551922446875 0.196875 0.534151890625 0.196875 0.510958771875 0.1916966625 0.4995664265625 0.1930055625 0.47731511718749997 0.138031740625 0.4760062171875 0.11316263124999999 0.47993291875 0.0961469234375 0.51134653125 0.098764725 0.5466868453125
5 0.442122396875 1 0.43203125 0.9717447921875 0.43463541718750004 0.9326822921875 0.4359375 0.9079427093750001 0.421614584375 0.8975260421875 0.43072916718750004 0.8805989593750001 0.44635416718750004 0.871484375 0.4359375 0.8493489593750001 0.4203125 0.8584635421875 0.3877604171875 0.867578125 0.35390625 0.8858072921875 0.3369791671875 0.926171875 0.3174479171875 0.9795572921875 0.32203709687500004 1 0.442122396875 1
7 0.5 0.856714221875 0.491796875 0.8588541671875 0.45794270781249996 0.8627604171875 0.454057803125 0.860817965625 0.4359375 0.8886024296875 0.4359375 0.8888764890624999 0.472265625 0.9096354171875 0.5 0.9157986109374999 0.5 0.856714221875
7 0.5 0.955018028125 0.4955729171875 0.951953125 0.46302083281249995 0.936328125 0.43828125 0.9102864578125001 0.43567708281249995 0.9102864578125001 0.4296875 0.9570052109375 0.4296875 0.9626302062500001 0.4408854171875 0.9962239578125001 0.44324544374999997 1 0.5 1 0.5 0.9842447906249999 0.4994791671875 0.983203125 0.5 0.982421875 0.5 0.955018028125
16 0.74404296875 0.79951171875 0.71474609375 0.80244140625 0.78408203125 0.87958984375 0.84658203125 0.94892578125 0.87099609375 0.97333984375 0.8947265625 0.98125 0.91494140625 0.98125 0.915625 0.9812158203125 0.915625 0.9740429687500001 0.91201171875 0.95380859375 0.89052734375 0.92841796875 0.84853515625 0.88349609375 0.79482421875 0.82294921875 0.76748046875 0.80634765625 0.74404296875 0.79951171875
7 0.7025390625 0.9330078125 0.709375 0.9173828125 0.703515625 0.90078125 0.7123046875 0.8705078125 0.6986328125 0.8578125 0.6947265625 0.8412109375 0.6712890625 0.82265625 0.648828125 0.8177734375 0.6322265625 0.8255859375 0.61171875 0.8392578125 0.6087890625 0.8587890625 0.613671875 0.8890625 0.6185546875 0.898828125 0.6185546875 0.91640625 0.615625 0.941796875 0.6166015625 0.95546875 0.626517428125 0.9671875 0.6477294921875 0.9671875 0.6537109375 0.9603515625 0.6625 0.9486328125 0.678125 0.9408203125 0.6927734375 0.95546875 0.7064453125 0.9447265625 0.7025390625 0.9330078125
16 0.59453125 0.88408203125 0.5974609375 0.95634765625 0.6073974609375 0.9671875 0.611279296875 0.9671875 0.621875 0.96416015625 0.616015625 0.93974609375 0.61796875 0.89677734375 0.608203125 0.87138671875 0.61015625 0.84111328125 0.6228515625 0.83134765625 0.6501953125 0.81767578125 0.6755859375 0.82548828125 0.690234375 0.83525390625 0.7009765625 0.85283203125 0.7087890625 0.87138671875 0.7109375 0.84130859375 0.7109375 0.8296679687499999 0.701953125 0.82158203125 0.65703125 0.81181640625 0.6091796875 0.80498046875 0.5955078125 0.81376953125 0.5955078125 0.82646484375 0.59453125 0.88408203125
7 1 0.8849272625 0.99755859375 0.8859375 0.97900390625 0.903515625 0.97314453125 0.9328125 0.98486328125 0.9318359375 0.97998046875 0.9513671875 0.96044921875 0.954296875 0.94580078125 0.9767578125 0.94970703125 0.989453125 0.9542271203125001 1 0.977685546875 1 0.98681640625 0.9767578125 1 0.9492442249999999 1 0.8849272625
16 1 0.8516444046875 0.981640625 0.8439453125 0.9728515625 0.8546875 0.9484375 0.911328125 0.9171875 0.9865234375 0.9111979171875 1 0.9520703125000001 1 0.9455078125 0.98359375 0.950390625 0.969921875 0.9611328125 0.9552734375 0.9767578125 0.9513671875 0.9845703125 0.9328125 0.9787109375 0.9337890625 0.969921875 0.9318359375 0.98359375 0.899609375 0.99921875 0.8849609375 1 0.8847005203125 1 0.8516444046875
7 0.7541015625 0.7998046875 0.78046875 0.8173828125 0.8078125 0.8349609375 0.8185546875 0.8291015625 0.81953125 0.787109375 0.801953125 0.7705078125 0.7765625 0.759765625 0.74921875 0.7724609375 0.7541015625 0.7998046875
7 0.88203125 0.826171875 0.8927734375 0.8134765625 0.895703125 0.8017578125 0.89375 0.78515625 0.8771484375 0.75390625 0.8498046875 0.734375 0.813671875 0.7265625 0.809765625 0.7470703125 0.8087890625 0.76953125 0.8224609375 0.8125 0.844921875 0.8271484375 0.8595703125 0.833984375 0.88203125 0.826171875