12 0.3890625 0 0.26504855625 0 0.26591796875 0.06259765625 0.27080078125 0.0806640625 0.303515625 0.16171875 0.325 0.22763671875 0.3396484375 0.25595703125 0.3533203125 0.27060546875 0.36796875 0.27939453125 0.3890625 0.28361328124999996 0.3890625 0
12 0.3890625 0.35912520625 0.361181640625 0.2787109375 0.354833984375 0.2669921875 0.347998046875 0.2630859375 0.342138671875 0.26259765625 0.324560546875 0.26650390625 0.308935546875 0.27431640625 0.304052734375 0.28359375 0.303564453125 0.29189453125 0.313818359375 0.30361328125 0.323095703125 0.3333984375 0.323095703125 0.3451171875 0.335791015625 0.3783203125 0.346044921875 0.41787109375 0.355810546875 0.437890625 0.362646484375 0.4427734375 0.371923828125 0.46669921875 0.376806640625 0.469140625 0.384130859375 0.48134765625 0.3890625 0.4954028328125 0.3890625 0.35912520625
4 1 0.1827227984375 0.8644750765625 0.12834845156250002 0.77655289375 0.103125 0.7765430156249999 0.103125 0.689387265625 0.2569867625 0.5800401125000001 0.459975290625 0.78460355625 0.559375 0.8819126265625 0.559375 1 0.31395699062500004 1 0.1827227984375
4 1 0.559375 1 0.4558892765625 0.8499763765624999 0.2630325546875 0.8177016281250001 0.28221083281250003 0.6441482187500001 0.397255140625 0.6423508609375 0.39794355000000003 0.6614093875 0.43345466093749996 0.697565978125 0.506288171875 0.722346828125 0.559375 1 0.559375
4 1 0 0.7729248359375 0 0.660771709375 0.2172624921875 0.8501889515624999 0.3230243046875 0.96103234375 0.3606184171875 0.9656768640625 0.3395191640625 0.9673618640625001 0.3097012453125 1 0.26026163125 1 0
4 0.7428700234375001 0.092484025 0.719010571875 0.0806146234375 0.7065259328125 0.0665590875 0.6919736359374999 0.0632590390625 0.6687027484375 0.0610538890625 0.6535534984375 0.055076848437500006 0.634599478125 0.0605235515625 0.6170204984375001 0.0630393375 0.60707331875 0.0599953734375 0.6007243484375 0.0594049375 0.5919938546875001 0.070466534375 0.5812893984375 0.0709544296875 0.5720953625 0.06790008125 0.5652487640625 0.09801605468749999 0.559473325 0.10631308125000001 0.5453413031250001 0.2147017546875 0.5456581703125 0.259065209375 0.551522884375 0.2817673796875 0.524499240625 0.2706600078125 0.5293252703125 0.28273600781249997 0.5600802328125 0.3074777171875 0.5934303578125 0.34068251250000003 0.7055590125 0.36998655937499997 0.7683596046875 0.39253890625 0.7796065203125 0.4015283765625 0.7759246796875 0.4086139984375 0.7837116703125 0.4183091140625 0.798022953125 0.427795340625 0.7906433328125 0.41910490468750006 0.7918954453125 0.40792058750000004 0.8014936234375 0.393191940625 0.8191706218749999 0.3606677140625 0.8412697 0.31556621093750004 0.8536007937499999 0.28370689375 0.8657961203125 0.27261701718750003 0.9044639328125001 0.19068350625 0.90126783125 0.187072625 0.9130006156250001 0.1682389921875 0.9140625 0.152919303125 0.9140625 0.1516783953125 0.913788721875 0.152388215625 0.8946403328125001 0.1477990234375 0.8795475453125 0.15291679375 0.849774078125 0.1593716671875 0.7965723734375 0.11749717343749999 0.7428700234375001 0.092484025
19 0 1 0.2790941765625 1 0.2798828125 0.99697265625 0.2828125 0.97060546875 0.28720703125 0.953515625 0.28720703125 0.941796875 0.28134765625 0.9193359375 0.27646484375 0.9115234375 0.26865234375 0.8890625 0.259375 0.87880859375 0.25302734375 0.8587890625 0.24375 0.85 0.23544921875 0.83388671875 0.228125 0.82412109375 0.20224609375 0.8001953125 0.19052734375 0.79189453125 0.17587890625 0.78603515625 0.1578125 0.7845703125 0.11142578125 0.7865234375 0.05966796875 0.8021484375 0.040625 0.8119140625 0.02841796875 0.81240234375 0.0220703125 0.8216796875 0.0162109375 0.82314453125 0.0103515625 0.82119140625 0.0044921875 0.8333984375 0 0.837890625 0 1
3 1 0.559375 0.8840049343749999 0.559375 0.89375 0.6828125 0.91875 0.6828125 0.921875 0.6703125 0.93125 0.68125 0.9921875 0.678125 1 0.6787946421875001 1 0.559375
3 0.5814732140625 0.559375 0.5640625 0.578125 0.53125 0.640625 0.5296875 0.6546875 0.653125 0.7375 0.66875 0.753125 0.665625 0.7828125 0.6796875 0.8 0.771875 0.8109375 0.8078125 0.76875 0.8796875 0.7046875 0.8796875 0.696875 0.775 0.6109375 0.695078125 0.559375 0.5814732140625 0.559375
3 0.3890625 0.9565814390625 0.425 0.925 0.4953125 0.846875 0.565625 0.78125 0.6078125 0.7234375 0.60625 0.7109375 0.5890625 0.7046875 0.525 0.659375 0.478125 0.640625 0.45625 0.6390625 0.4109375 0.6859375 0.3890625 0.7027644234375 0.3890625 0.9565814390625
10 0.3890625 1 0.58311011875 1 0.5890625 0.9875 0.5984375 0.946875 0.628125 0.89375 0.6359375 0.8125 0.6359375 0.7984375 0.615625 0.7671875 0.6015625 0.759375 0.584375 0.759375 0.5734375 0.7625 0.528125 0.8046875 0.45 0.8953125 0.3890625 0.9494791671874999 0.3890625 1
17 0.7671875 0.8125 0.76875 0.825 0.784375 0.840625 0.8234375 0.8578125 0.865625 0.8578125 0.9015625 0.846875 0.9046875 0.834375 0.8859375 0.8015625 0.8640625 0.790625 0.821875 0.784375 0.7796875 0.8 0.7671875 0.8125
10 1 0.90048828125 0.9765625 0.9078125 0.9796875 0.9328125 0.9453125 0.934375 0.853125 0.9234375 0.7359375 0.940625 0.6192708328125001 1 0.98125 1 0.996875 0.98125 1 0.97899305625 1 0.90048828125