14 0.1844817046875 0 0.24346392031250003 0.08713385625 0.3378216953125 0.2110732078125 0.3652794546875 0.312096453125 0.36875 0.316798028125 0.36875 0.26105337031250003 0.3487955578125 0.2021263296875 0.2728476578125 0.0959992078125 0.2634194078125 0.07480294531250001 0.2058628515625 0 0.1844817046875 0
14 0.3372268859375 0 0.3723194203125 0.229651621875 0.3792170828125 0.3150619296875 0.3948844671875 0.38333074375 0.40056923749999995 0.3890625 0.41684800624999996 0.3890625 0.4171875 0.3856904546875 0.4171875 0.3703061171875 0.4051543984375 0.3233025296875 0.3864650078125 0.3130358109375 0.3848352578125 0.189294434375 0.3586192578125 0.0019141812500000001 0.3581183375 0 0.3372268859375 0
14 0.51374374375 0 0.5113506984375 0.00643201875 0.4400897046875 0.299090128125 0.4502418078125 0.3238817359375 0.47956390937500004 0.3674288296875 0.49800028437500005 0.3890625 0.5212748484375 0.3890625 0.5210827859375 0.3871260171875 0.4807821125 0.327076078125 0.45758527187500003 0.3065035375 0.5304096171875 0 0.51374374375 0
14 0.43119939531249996 0.3890625 0.43301164375 0.38806086875 0.4609375 0.346378225 0.4609375 0.32508700468749996 0.4570207296875 0.3203125 0.45524912500000003 0.3203125 0.4160347671875 0.3819185 0.41674441562500003 0.3890625 0.43119939531249996 0.3890625
14 0.559375 0.1550644234375 0.4625 0.3028214765625 0.4625 0.3092300875 0.463689509375 0.3109375 0.48077936406250005 0.3109375 0.5489025187500001 0.2012261734375 0.559375 0.18702256718750002 0.559375 0.1550644234375
14 0.559375 0.112681190625 0.4902894640625 0.223812546875 0.4625 0.27838416875 0.4625 0.296875 0.4629964328125 0.296875 0.535247996875 0.19480183125 0.559375 0.1561801671875 0.559375 0.112681190625
14 0.559375 0 0.5580878828125 0 0.5431365031250001 0.050422803125000006 0.4960626625 0.1489872484375 0.4795547796875 0.2140625 0.4815228171875 0.2140625 0.557577840625 0.04909169375 0.559375 0.043850365625 0.559375 0
14 0.40750710156250003 0 0.40159318437499997 0.122405953125 0.411686825 0.1796875 0.4218151609375 0.1796875 0.43038982187499997 0 0.40750710156250003 0
14 0.4046875 0.2926338171875 0.4046875 0.20478497343750002 0.39736128125 0.153494246875 0.388268840625 0.126992359375 0.38490889375 0.31710565156250003 0.38493346875 0.3171875 0.40359851406249997 0.3171875 0.4046875 0.2926338171875
14 0.3855576890625 0 0.3836328046875 0.03918709375 0.4 0.0963224078125 0.4 0 0.3855576890625 0
14 0.35901214375 0 0.3889222546875 0.1160418375 0.4269024 0.293581740625 0.431310540625 0.2953125 0.4390625 0.2953125 0.4390625 0.2633201703125 0.408890278125 0.1262941203125 0.374716346875 0 0.35901214375 0
14 0.4571522609375 0 0.44426854687499995 0.08440919375 0.42051844687499995 0.181484928125 0.424294178125 0.22749994999999998 0.4324603140625 0.25625 0.435995540625 0.25625 0.443699240625 0.243339553125 0.5038937906250001 0 0.4571522609375 0
8 0.7348376609375 0.306812684375 0.7514988984375 0.3109375 0.7839581328125 0.3109375 0.8167475234375001 0.3056245609375 0.8603791015625 0.280774971875 0.89375 0.25427829218750003 0.89375 0.22784123125 0.8873204234375001 0.189852553125 0.8535573375000001 0.172699184375 0.803559525 0.1494461375 0.745215590625 0.14814665 0.72677420625 0.127126609375 0.676497684375 0.0855532953125 0.6503397468750001 0.06875 0.6326891890625 0.06875 0.625992409375 0.0689833765625 0.625 0.096035428125 0.625 0.1605388109375 0.6364413171875001 0.1952627421875 0.6871234109375 0.2534855421875 0.7348376609375 0.306812684375
8 1 0.20561693593750002 0.9763695015625 0.208231971875 0.9563508390625 0.19497614531250002 0.9269914421875001 0.184375 0.9211440015625 0.184375 0.88891650625 0.18635780625 0.914213296875 0.22235059375000002 0.8977080015624999 0.241858453125 0.900963175 0.2517107140625 0.9416390796874999 0.29613787343750003 0.9321617 0.3154014875 0.9217713875 0.3466552984375 0.9050378578125 0.3691607078125 0.9005464390625001 0.3890625 0.998685265625 0.3890625 1 0.3861218421875 1 0.3719645984375 0.9829535593750001 0.35848054218750003 0.9636345734375 0.34918655625 0.9797594828125 0.3346746109375 0.9952296484375001 0.35506428749999996 1 0.3514207234375 1 0.327071096875 0.995260790625 0.31520164375 0.982452159375 0.32561218125 0.9700089343750001 0.31807231406250003 0.965810871875 0.2943012765625 0.984476296875 0.272725265625 0.9964630546875 0.2862602296875 1 0.284753678125 1 0.20561693593750002
8 0.876168709375 0.3890625 0.866305025 0.3686742 0.9152699671875 0.32382178125 0.9331802687499999 0.2790184234375 0.9274988546875 0.271875 0.852187415625 0.271875 0.8412113828125 0.27706918593749996 0.812326409375 0.2893730234375 0.8078125 0.3095857078125 0.8078125 0.3827362984375 0.8092962625 0.3890625 0.876168709375 0.3890625
1 0.264301628125 0.3890625 0.21817592343749997 0.4196961375 0.24636112500000001 0.451825596875 0.26115944375 0.5635578406249999 0.24820937031249998 0.5722008671875 0.2624827890625 0.5929417046875 0.2401429875 0.6006901359375 0.25847950468750003 0.61875 0.2827697890625 0.61875 0.4661556703125 0.5230822421875 0.4944320515625 0.5043453875 0.50476746875 0.49582596093750003 0.5078125 0.4965903 0.5078125 0.44575450937500005 0.49260783124999996 0.4281386140625 0.4833253015625 0.40582336874999997 0.4697671546875 0.3890641390625 0.46976653125 0.3890625 0.264301628125 0.3890625
8 0 0.3890625 0 0.6552935859375 0.013698778125 0.659375 0.0417744734375 0.659375 0.0434881546875 0.6582018046875 0.046359125 0.6528532375 0.058073607812500004 0.6327509890625 0.1274845609375 0.592964678125 0.1515625 0.5371666859374999 0.1515625 0.53345866875 0.13629709375000001 0.5208808203124999 0.12455162500000001 0.483652890625 0.046346621875 0.41701226562500004 0.0451823484375 0.3890625 0 0.3890625
12 0.362219440625 0.56789860625 0.36405563750000003 0.5780501874999999 0.3768805609375 0.592804740625 0.3840275046875 0.6042426484375 0.3907782390625 0.6078125 0.4037062921875 0.6078125 0.4496143609375 0.5822234265625 0.481331159375 0.56947275 0.4890625 0.5638879718750001 0.4890625 0.546088759375 0.4870394 0.542074603125 0.47343266875 0.5201903031249999 0.46532599062499996 0.5118687921875 0.41530697187500004 0.5413473328125 0.384780859375 0.5550658859375 0.362219440625 0.56789860625
13 0.130626725 1 0.13089160625000001 0.9943652765625 0.1346914375 0.9894071453125001 0.1355329265625 0.9824660546875 0.13891055624999998 0.9780588281250001 0.1453125 0.9591889765625 0.1453125 0.9155688453125 0.1357318265625 0.9107909671875 0.1279351171875 0.9021365984374998 0.1170888328125 0.89681216875 0.11572515937500001 0.8920992078125 0.1198074296875 0.8887202359374999 0.1231792265625 0.8726344421875 0.12180971562500001 0.8562429125000002 0.0678695015625 0.8487177718750001 0 0.8276162140625001 0 0.9858902703125001 0.0045225375 0.9924025546875 0.0115391296875 1 0.130626725 1
3 0 0.8406917078125 0.0459719578125 0.8522300656249999 0.08078566875 0.8609678500000001 0.1243547875 0.8615042671875 0.1378147796875 0.865625 0.1484375 0.865625 0.1484375 0.8410962828125002 0.1428478578125 0.7438173828125001 0.13673209687500001 0.73112726875 0.12947575625000002 0.7405556984375 0.12347949062500001 0.7356474515625 0.12277805312500001 0.7175097328125 0.1269245359375 0.712122059375 0.1180341 0.6839880625 0.107317178125 0.6883883890625 0.0941918328125 0.7149671843750001 0.0899336234375 0.7268497359375 0.08428807656250001 0.73101035 0.10435787968750002 0.7573179999999999 0.0638908546875 0.7384640828125 0.0587077546875 0.7451986734375 0.0412931328125 0.7265530328125 0.0253931109375 0.7376879515625 0.007188625 0.7502297140625 0.0047646671875 0.7438546921875 0 0.7466458218750001 0 0.8406917078125
3 0.2689157828125 0.9173171859375 0.305753065625 0.89404459375 0.3405689078125 0.8816317328124998 0.3781319359375 0.8771617625000001 0.3859375 0.8723873171874998 0.3859375 0.8500879109374999 0.354710990625 0.790813503125 0.3185753390625 0.7884883765625 0.2603787359375 0.788553546875 0.2101683859375 0.7815129953125 0.188462265625 0.778504490625 0.1997576359375 0.7160765687499999 0.17027831875 0.7109375 0.14375 0.7109375 0.14375 0.7186598796875 0.1662696421875 0.7580275328124999 0.18036041249999998 0.7923431843750001 0.23002490625 0.921875 0.254037759375 0.921875 0.2689157828125 0.9173171859375
3 0.1905720125 0.9165719031249999 0.17037337187499998 0.913492525 0.16599396718749998 0.8961612125 0.16409845 0.885457446875 0.146024303125 0.879577525 0.132550584375 0.8626823265624999 0.093574934375 0.8645513937499999 0.0703125 0.8587948390625 0.0703125 0.8795417578125001 0.1097774390625 0.904254390625 0.1453453203125 0.9349327296875 0.1837326 0.9371398781250001 0.201033940625 0.9421875 0.2860532015625 0.9421875 0.310701621875 0.936448446875 0.328125 0.9134806796875001 0.328125 0.892427446875 0.32579412812499997 0.8884980421875 0.280567434375 0.9068588656250001 0.25600530625 0.9161327343749999 0.22919623125 0.9201170187500001 0.2221039609375 0.9096624656250001 0.1905720125 0.9165719031249999
8 0.1349694546875 0.734197759375 0.1427132125 0.748451796875 0.1469693921875 0.8160452640625 0.16702235625 0.8337013140625 0.166324840625 0.8443692 0.164808290625 0.8577347484375 0.1700870484375 0.8654594578125 0.1706788421875 0.8760659640625 0.1578993609375 0.87002766875 0.1385597078125 0.8709483515625 0.1458331890625 0.8825661078125 0.16705395 0.8921905531250001 0.17125302343749998 0.909375 0.2234375 0.909375 0.2234375 0.9049436359375 0.1729591390625 0.7576465906250001 0.1494440859375 0.7268620046875001 0.1450408984375 0.7177662765624999 0.1448057609375 0.7164481374999999 0.1349694546875 0.734197759375
8 0.3678876078125 0.6703125 0.38561771093749997 0.6703125 0.4 0.6596796078125 0.4 0.6100136375 0.39096921562500003 0.6065263140624999 0.38810844218749996 0.6057336328125 0.379769290625 0.5996270984375001 0.378293790625 0.5913345359375001 0.3685638640625 0.5825067203125001 0.36451494218749997 0.56875 0.36036382499999997 0.56875 0.2641391359375 0.6172257359375 0.27722166875 0.629610421875 0.2856400375 0.6310670734375 0.32177819375 0.6609357734375 0.3219421390625 0.6618571703125 0.3678876078125 0.6703125
17 0.559375 1 0.91875 1 0.91875 0.950080240625 0.8612378187499999 0.8609375 0.7556453249999999 0.8609375 0.61892958125 0.8983994156249999 0.58710903125 0.9159601937499999 0.559375 0.9391703984374999 0.559375 1
0 0.559375 0.5420735796875 0.5727249015625 0.5483603078125 0.6547915265625 0.55625 0.71338590625 0.55625 0.7373869187500001 0.55134801875 0.740625 0.54733986875 0.740625 0.45591620468750005 0.7270082578125 0.45106858125000004 0.7135409234375001 0.40764031406249995 0.7118076546875 0.40625058437500006 0.5738437203125 0.42401877031249996 0.559375 0.5016655984375 0.559375 0.5420735796875
0 0.559375 0.905882096875 0.5599413375 0.90625 0.5897544953125 0.90625 0.6020492296875 0.9009740812499999 0.621200546875 0.8864662828124998 0.6234375 0.883113475 0.6234375 0.8551183796874999 0.612623965625 0.846371165625 0.6005572859375 0.8445048875000001 0.59155988125 0.8388056890625 0.5629697515625 0.8425204562499999 0.559375 0.8411562421875001 0.559375 0.905882096875
6 0.559375 0.840625 0.643555465625 0.840625 0.6495326921875 0.83775440625 0.668787634375 0.8172978718749999 0.6765625 0.8008070328125001 0.6765625 0.7503012796874999 0.6754266203125 0.74461210625 0.665829240625 0.7458585203125001 0.6001267875 0.7903030953125 0.559375 0.8095325437499999 0.559375 0.840625
17 0.559375 0.8172317781250001 0.6143689640625001 0.78853798125 0.86875 0.6206403671875 0.86875 0.5820466671875 0.85148194375 0.5584891203125 0.8430229796875001 0.534375 0.8365703218749999 0.534375 0.713624209375 0.5579694890625 0.6802935109374999 0.575437796875 0.559375 0.6591603296875 0.559375 0.8172317781250001
17 0.8514886671875 0.3890625 0.7125 0.4068444265625 0.7125 0.4139318328125 0.7254990359375 0.4549418125 0.74271989375 0.46103201875 0.7413351234375 0.5484375 0.8002093828125 0.5484375 0.82971045625 0.53947145 0.8359566953125 0.5484375 0.846991859375 0.5484375 0.85159235 0.5416479703125 0.8482521406250001 0.4657759421875 0.8556356046874999 0.454879228125 0.8671875 0.41879549687499995 0.8671875 0.3890625 0.8514886671875 0.3890625
12 0.964811390625 0.3890625 0.8792027749999999 0.4275424015625 0.8504752328125 0.46124315625 0.8442870203125 0.48099363593749994 0.8513359312500001 0.5432769546875 0.8816094624999999 0.5994205359375 0.913978634375 0.625280946875 0.9536914281250001 0.6265035187500001 1 0.6082769296875 1 0.59456475 0.98196939375 0.3890625 0.964811390625 0.3890625
12 0.8071371421875 0.6895418796875 0.805511615625 0.707127146875 0.8957648046875001 0.832978884375 0.91436779375 0.8463885921875001 0.9361628890624999 0.8420120015624999 0.9736827531250001 0.81824083125 0.9966921984375 0.7915926468750001 0.9964770250000001 0.7710842 0.9237495359375 0.6824758671875 0.9122941671875001 0.6602504453125 0.89396529375 0.649964953125 0.8814326343750001 0.651573228125 0.8726403140624999 0.641643640625 0.8616742374999999 0.6430508828124999 0.81972874375 0.6705493734375001 0.8071371421875 0.6895418796875
12 0.8381534859374999 0.8624877203124999 0.8503530859375001 0.8751394578125 0.8654706781249999 0.8668806765625 0.8707776015625001 0.8551417781249999 0.8614768171874999 0.7852489515625 0.791334259375 0.6899901171874999 0.7593173203125 0.6862002640625 0.6722931671875 0.7415993125 0.6767379703125 0.7742025625 0.667768825 0.81642566875 0.681672065625 0.8304384796875001 0.7572983718749999 0.8618057203125 0.8055293703124999 0.8698336624999999 0.8381534859374999 0.8624877203124999