1 0 0.176781771875 0.0122632359375 0.18078051875 0.0234961015625 0.188603453125 0.0291872796875 0.196851659375 0.03182226875 0.20625 0.033888371875000003 0.20625 0.047183009375 0.1872965921875 0.0563856765625 0.1651334484375 0.061133382812500005 0.147910090625 0.0625 0.1377244484375 0.0625 0.0775359140625 0.0613608734375 0.0733042625 0.05257788125 0.0671875 0.04538600625 0.0671875 0.0411037640625 0.0687282484375 0.016886684375 0.068543159375 0 0.071109159375 0 0.176781771875
1 0 0.3336261796875 0.0027967203124999998 0.3309675515625 0.0113125515625 0.302163025 0.015395821874999998 0.2777180390625 0.0296875 0.218536153125 0.0296875 0.1950808125 0.0197748515625 0.1838640953125 0.0061366140625 0.17735939218750002 0 0.1765690515625 0 0.3336261796875
14 0 0 0 0.00625 0.0019703296875000003 0.00625 0.0212921890625 0 0 0
12 0 0 0 0.071424340625 0.048744114062499996 0.0551624203125 0.0578125 0.034906657812500005 0.0578125 0 0 0
0 0.8478446328124999 0.1318163421875 0.8296470671874999 0.13710451562499998 0.8166280953125 0.1444355921875 0.8035819468749998 0.1564310484375 0.8 0.185742365625 0.8 0.268906265625 0.8059897078125001 0.277686771875 0.8111592484374999 0.28128446875 0.854247903125 0.279997684375 0.8859442484375 0.27411284999999996 0.8884761718749999 0.2849813203125 0.8877695296875 0.2953125 0.9258435796875 0.2953125 0.9403829390624999 0.2846798046875 0.95085186875 0.2695898390625 0.9572105359374999 0.2472683 0.9609375 0.23989010937500002 0.9609375 0.19303183906250002 0.9601380546874999 0.190244165625 0.9514135609375 0.17319270625 0.9328509359375001 0.1520524203125 0.9054309468749999 0.13666430000000002 0.8758833484374999 0.1300987296875 0.8478446328124999 0.1318163421875
0 1 0.316028334375 0.9898513687499999 0.3103835546875 0.9774933359375 0.308416809375 0.9228530578124999 0.309749934375 0.9192541296875 0.3082422703125 0.9106329625 0.2843475453125 0.9065216140625001 0.282333375 0.8879785703125 0.280402196875 0.8859858687500001 0.2686962328125 0.8844595234374999 0.2671875 0.8745064234375001 0.2671875 0.8395712828124999 0.273548228125 0.78748110625 0.2794517703125 0.7080288078125 0.293154459375 0.612601559375 0.3064395640625 0.5883379421875 0.3132019890625 0.5821319390624999 0.3168038515625 0.5707177828125 0.32960582031249996 0.56875 0.33585234218750004 0.56875 0.4402684609375 0.5690272546875 0.44169525781249996 0.574091471875 0.45694973125000005 0.5822541953125 0.47116748125 0.5976297671874999 0.48585320625 0.60808489375 0.4890625 0.7125205625000001 0.4890625 0.7254323796875 0.4886844234375 0.7873154953125 0.48272456718749995 0.897614890625 0.482090265625 0.9002009781249999 0.4805470359375 0.899835490625 0.4550764734375 0.9325257078125 0.4176983984375 0.9476497406250001 0.38755368125 0.94769471875 0.379911625 0.9395289968749999 0.366203346875 0.93754229375 0.353478440625 0.945788978125 0.3534310140625 0.9766660640625 0.361404703125 0.99676735625 0.36128910625 1 0.3605197234375 1 0.316028334375
0 0.6236358109375 0.2228528453125 0.6157673265625 0.25741880625 0.6156959375 0.2697845359375 0.6202201140625 0.28315376406250004 0.627321509375 0.2929013359375 0.640595996875 0.3046875 0.6816408796875 0.3046875 0.69014343125 0.3038678859375 0.7602571218749999 0.291606728125 0.7761127296875 0.29048332656250003 0.8063168796875001 0.283608365625 0.809375 0.279513134375 0.809375 0.261607071875 0.8075149390625 0.253203284375 0.809375 0.2053163375 0.809375 0.0526408828125 0.8011010015625001 0.03581749375 0.779217121875 0.0184282734375 0.76220350625 0.0125 0.6835559671875 0.0125 0.6728918359375 0.015445096875 0.65952718125 0.027888764062499998 0.647654725 0.0475367796875 0.6424675687500001 0.0604477234375 0.630172725 0.153259640625 0.6236358109375 0.2228528453125
0 0.498403209375 0.3184965390625 0.5311141562499999 0.3265625 0.5851836390624999 0.3265625 0.597423928125 0.316904028125 0.6421875 0.3065024203125 0.6421875 0.30082900625 0.6268516796875 0.2851176421875 0.622819075 0.27290243125 0.63197038125 0.1994183234375 0.6342105375 0.16727922343749999 0.632746065625 0.15453922343749998 0.6204721515625 0.1479809984375 0.5218081296875 0.1140625 0.5091086031250001 0.1140625 0.50467366875 0.1236636546875 0.48212389531250005 0.2074240234375 0.471875 0.27106172812499996 0.471875 0.312524159375 0.4799490609375 0.316053565625 0.498403209375 0.3184965390625
0 0.9220988609375 0.7390625 0.921838640625 0.7381316734375 0.9197490390624999 0.6467066140625 0.9131472359374999 0.610485534375 0.9086811140624999 0.5674204734375 0.9020183375 0.5417097765625 0.8949809328124999 0.49025169531249996 0.8918978328125 0.4797596546875 0.888817525 0.478125 0.7600748859374999 0.478125 0.7262947734375 0.48335338281249995 0.6822686109375 0.48518676093749996 0.673351259375 0.48681529375 0.670709859375 0.49050921562500005 0.6671875 0.5749274796875 0.6671875 0.6319560109375 0.6691554156249999 0.6681377734375 0.6671875 0.7086938921875 0.6671875 0.7390625 0.9220988609375 0.7390625
0 0.6819633046875 0.7390625 0.6828125 0.735298209375 0.6828125 0.6493686828125 0.6777668718750001 0.628052771875 0.6697350156249999 0.6122111234375 0.6626388343749999 0.6102026328125 0.605281921875 0.607976796875 0.5930938328125 0.6085609234375 0.5849379171875 0.6142467968750001 0.5793501078125 0.6147921578125 0.56059718125 0.60926433125 0.5316633937499999 0.6084091843749999 0.4713094390625 0.6015625 0.4627551171875 0.6015625 0.4514800265625 0.6027296203125 0.43820266406249997 0.6161337125 0.42692366562499995 0.635164034375 0.41658920625 0.6664898328125 0.4125 0.691729359375 0.4125 0.7045551109375 0.413734578125 0.7213486640625 0.418138134375 0.7390625 0.6819633046875 0.7390625
0 0.46494093281249993 0.468612365625 0.45333195625 0.474727959375 0.44064629687500007 0.4929457109375 0.43349888124999997 0.510627196875 0.428820678125 0.536358221875 0.4286860078125 0.5595427921875 0.432097234375 0.5786747390625 0.4395575671875 0.5937511265625 0.44756502343750004 0.6012643984375 0.45660232343749996 0.6047397015625 0.5008672921875 0.607505740625 0.5345472765625 0.6133574265624999 0.5647311328125 0.6146935296875 0.5682561390625 0.615625 0.5876449859375 0.615625 0.5878729671875 0.6155666703125 0.5929343515625 0.610497225 0.6015884687499999 0.593310953125 0.6087827265625 0.5675652671875 0.609375 0.563571925 0.609375 0.502576209375 0.6052313109374999 0.4859387125 0.5957259328125 0.476418190625 0.5856792859375 0.4734527609375 0.49461864999999994 0.47045541249999995 0.48054046406249995 0.468521465625 0.46494093281249993 0.468612365625
0 0.4140625 0.4036266046875 0.41440684375 0.41407971874999994 0.420364765625 0.4377323515625 0.430411828125 0.456726290625 0.44153066406249997 0.465929825 0.4526790421875 0.46998366718750006 0.5187522125 0.4734375 0.5921875 0.4734375 0.5921875 0.4679158734375 0.578798325 0.4378275359375 0.57238871875 0.40439348593749996 0.5720581625 0.37349832968749996 0.5741898859375001 0.3559773921875 0.577331340625 0.3394804 0.5829823453125 0.328118121875 0.5723358765625 0.325091221875 0.5607398609375001 0.325 0.449472146875 0.325 0.441309759375 0.3274091 0.429570840625 0.33777739218749997 0.421360059375 0.35275943593750003 0.41567065000000003 0.3708163140625 0.4140625 0.3836632265625 0.4140625 0.4036266046875
8 0.5180875265625 0.7390625 0.5070688296875 0.770826875 0.503183678125 0.79029978125 0.505992625 0.8474805921874999 0.5126313343750001 0.86259769375 0.517890003125 0.8686374640625001 0.525379040625 0.8703125 0.5600910984375 0.8703125 0.6124336765624999 0.8551349359374999 0.6579613234374999 0.8244566203125 0.7430239203125 0.7823145140625 0.7710256421875 0.764543575 0.771875 0.7629629453125 0.771875 0.7526580125 0.771368621875 0.7516625453125 0.759626925 0.7390625 0.5180875265625 0.7390625