4 0 0.2042348703125 0.0224609375 0.1525390625 0.02978515625 0.13154296875 0.06396484375 0.05537109375 0.07177734375 0.032421875 0.06982421875 0.02802734375 0.02490234375 0.0177734375 0 0.00703125 0 0.2042348703125
2 0 0.387861903125 0.015625 0.37958984375 0.02392578125 0.372265625 0.02587890625 0.372265625 0.0302734375 0.378125 0.03271484375 0.378125 0.0322265625 0.36640625 0.0224609375 0.33515625 0.01171875 0.31318359375 0.00927734375 0.31123046875 0 0.31036071718749997 0 0.387861903125
2 0.1474609375 0.25361328125 0.138671875 0.23994140625 0.12646484375 0.227734375 0.119140625 0.22626953125 0.11328125 0.2287109375 0.10302734375 0.22724609375 0.10009765625 0.2296875 0.13037109375 0.2580078125 0.1298828125 0.2609375 0.1328125 0.262890625 0.13671875 0.2716796875 0.14208984375 0.27509765625 0.14990234375 0.2765625 0.1513671875 0.26728515625 0.1474609375 0.25361328125
11 0 0.2785456734375 0.03076171875 0.37177734375 0.03125 0.39326171875 0.0361328125 0.39912109375 0.05029296875 0.4064453125 0.052734375 0.43623046875 0.07860179218749999 0.459375 0.3390625 0.459375 0.3390625 0.4464577421875 0.3359375 0.44404296875 0.32080078125 0.4357421875 0.2978515625 0.42890625 0.2734375 0.4162109375 0.24267578125 0.37177734375 0.20166015625 0.3361328125 0.17529296875 0.30048828125 0.15478515625 0.27900390625 0.15087890625 0.27265625 0.1484375 0.25751953125 0.138671875 0.24775390625 0.13330078125 0.2375 0.125 0.22919921875 0.1162109375 0.22919921875 0.11083984375 0.2306640625 0.09326171875 0.2296875 0.07763671875 0.2365234375 0.03271484375 0.23701171875 0.02197265625 0.25263671875 0.01318359375 0.25654296875 0.001953125 0.266796875 0 0.27005208281250004 0 0.2785456734375
7 0.12646484375 0.2287109375 0.13818359375 0.24140625 0.14013671875 0.24775390625 0.1474609375 0.255078125 0.1513671875 0.27705078125 0.16552734375 0.28828125 0.17626953125 0.28046875 0.17822265625 0.2765625 0.1650390625 0.24482421875 0.15673828125 0.2130859375 0.15673828125 0.19599609375 0.16015625 0.188671875 0.16650390625 0.1828125 0.1650390625 0.1603515625 0.15625 0.1466796875 0.14404296875 0.13447265625 0.13427734375 0.130078125 0.1259765625 0.130078125 0.1201171875 0.133984375 0.10546875 0.1544921875 0.0888671875 0.188671875 0.08544921875 0.200390625 0.0849609375 0.22333984375 0.09228515625 0.23896484375 0.0927734375 0.2326171875 0.1005859375 0.2287109375 0.1083984375 0.2296875 0.12158203125 0.2267578125 0.12646484375 0.2287109375
11 1 0.2429837734375 0.9955078125 0.24609375 0.98623046875 0.24755859375 0.96865234375 0.23974609375 0.928125 0.2392578125 0.9193359375 0.2373046875 0.910546875 0.232421875 0.9037109375 0.2255859375 0.87490234375 0.18359375 0.86318359375 0.1728515625 0.8587890625 0.171875 0.8568359375 0.1787109375 0.8431640625 0.19091796875 0.83095703125 0.20947265625 0.81533203125 0.21826171875 0.80263671875 0.2314453125 0.78212890625 0.24169921875 0.76748046875 0.26220703125 0.75966796875 0.28076171875 0.75478515625 0.30126953125 0.74306640625 0.36376953125 0.742578125 0.38134765625 0.746484375 0.3994140625 0.7533203125 0.40869140625 0.76650390625 0.419921875 0.769921875 0.43994140625 0.7796875 0.44775390625 0.7849446609374999 0.459375 1 0.459375 1 0.2429837734375
16 0.459375 0 0.459375 0.17578125 0.46083984375 0.19384765625 0.459375 0.19873046875 0.459375 0.33056640625 0.54580078125 0.4052734375 0.5736328125 0.41943359375 0.6155225796875 0.459375 0.6342267078125 0.459375 0.64052734375 0.4462890625 0.64345703125 0.43505859375 0.646875 0.4306640625 0.66201171875 0.421875 0.68544921875 0.4130859375 0.69228515625 0.40869140625 0.70009765625 0.39892578125 0.70693359375 0.376953125 0.73134765625 0.26611328125 0.73330078125 0.2509765625 0.73232421875 0.23779296875 0.72353515625 0.21435546875 0.68740234375 0.13525390625 0.6419921875 0.03857421875 0.62587890625 0.009765625 0.6132649734375 0 0.459375 0
16 0.779336421875 0 0.7806640625 0.02294921875 0.78359375 0.0439453125 0.7923828125 0.06201171875 0.80947265625 0.0849609375 0.8841796875 0.2021484375 0.9076171875 0.232421875 0.92421875 0.24072265625 0.96669921875 0.23876953125 0.98671875 0.248046875 0.99453125 0.24755859375 1 0.24422978906249998 1 0 0.779336421875 0
7 0.7064453125 0.1494140625 0.7064453125 0.1572265625 0.711328125 0.1630859375 0.7201171875 0.1650390625 0.72353515625 0.17333984375 0.73525390625 0.18115234375 0.74453125 0.18017578125 0.7826171875 0.16455078125 0.7904296875 0.16455078125 0.793359375 0.16943359375 0.7884765625 0.17578125 0.78798828125 0.181640625 0.79189453125 0.1845703125 0.80947265625 0.18896484375 0.81142578125 0.1923828125 0.8119140625 0.201171875 0.81630859375 0.2021484375 0.8236328125 0.19189453125 0.824609375 0.1787109375 0.816796875 0.1455078125 0.8099609375 0.1357421875 0.8158203125 0.1220703125 0.81630859375 0.09326171875 0.79189453125 0.056640625 0.78310546875 0.0400390625 0.76552734375 0.025390625 0.75380859375 0.0224609375 0.74404296875 0.0224609375 0.73134765625 0.02490234375 0.7171875 0.03173828125 0.7083984375 0.02978515625 0.6615234375 0.03076171875 0.64443359375 0.03759765625 0.64296875 0.04150390625 0.6810546875 0.12451171875 0.6859375 0.1298828125 0.69375 0.13330078125 0.70400390625 0.14208984375 0.7064453125 0.1494140625
5 0.7689453125 0.41943359375 0.7669921875 0.4150390625 0.74794921875 0.39794921875 0.74404296875 0.3857421875 0.74404296875 0.3662109375 0.750390625 0.3369140625 0.75380859375 0.30908203125 0.7455078125 0.306640625 0.7220703125 0.3046875 0.71865234375 0.310546875 0.7044921875 0.37451171875 0.695703125 0.400390625 0.683984375 0.4111328125 0.644921875 0.4287109375 0.633203125 0.4560546875 0.6333637859375 0.459375 0.7459250703125 0.459375 0.76845703125 0.42724609375 0.7689453125 0.41943359375
7 1 0.39925781250000003 0.996484375 0.3896484375 0.996484375 0.3759765625 0.9896484375 0.36572265625 0.98525390625 0.326171875 0.98134765625 0.31787109375 0.97353515625 0.30859375 0.965234375 0.28662109375 0.959375 0.2763671875 0.95498046875 0.26171875 0.95205078125 0.24169921875 0.94716796875 0.2392578125 0.92421875 0.2392578125 0.9115234375 0.23388671875 0.89443359375 0.23388671875 0.87294921875 0.236328125 0.86220703125 0.24267578125 0.86171875 0.255859375 0.87001953125 0.26318359375 0.8763671875 0.28271484375 0.8744140625 0.287109375 0.86806640625 0.28955078125 0.85927734375 0.3046875 0.85634765625 0.306640625 0.84755859375 0.3056640625 0.84365234375 0.30810546875 0.83193359375 0.3271484375 0.82265625 0.375 0.8275390625 0.3994140625 0.8314453125 0.4033203125 0.84560546875 0.4072265625 0.86708984375 0.40869140625 0.87783203125 0.41162109375 0.89931640625 0.4111328125 0.92958984375 0.41455078125 0.9515625 0.42236328125 0.97646484375 0.427734375 0.98427734375 0.43359375 0.9876953125 0.4326171875 1 0.4216796875 1 0.39925781250000003
14 0.100049603125 0.5428571421874999 0.0824404765625 0.5800595234375 0.0700396828125 0.608829365625 0.0514384921875 0.6383432546875001 0.039533729687500005 0.6614087296875 0.026388889062499997 0.683978175 0.0241567453125 0.6909226187499999 0.027876984375000004 0.6951388890625 0.038045634375 0.7005952375 0.0477182546875 0.7075396828125 0.0665674609375 0.7147321421874999 0.0916170640625 0.7271329359375 0.11319444375000001 0.7457341265624999 0.13799603124999998 0.762351190625 0.150148809375 0.7678075390625 0.175446428125 0.7821924609375001 0.1861111109375 0.7849206343749999 0.194295634375 0.7851686515625 0.20644841249999998 0.7826884921875 0.21215277812500002 0.7789682546875001 0.23125 0.7573908734375 0.25555555625 0.72490079375 0.2625 0.718204365625 0.2625 0.465972221875 0.24585700781250003 0.459375 0.143067325 0.459375 0.1335317453125 0.475148809375 0.100049603125 0.5428571421874999
14 0 0.669990078125 0.0085317453125 0.6616567453125 0.0164682546875 0.65049603125 0.0199404765625 0.64032738125 0.0231646828125 0.635119046875 0.030605159375000003 0.6110615078125 0.032589285937500004 0.609325396875 0.0365575390625 0.60907738125 0.056398809375000004 0.6137896828125 0.06259920625 0.6130456343749999 0.0640873015625 0.6115575390625 0.06433531718749999 0.6043650796875 0.0710317453125 0.59990079375 0.07450396875000001 0.5956845234375 0.07450396875000001 0.5892361109375 0.0685515875 0.5810515875 0.05987103125 0.5765873015625 0.0635912703125 0.572619046875 0.065575396875 0.5669146828125 0.0645833328125 0.5604662703125001 0.06259920625 0.558730159375 0.044990079687500004 0.55302579375 0.0320932546875 0.5512896828125 0.0226686515625 0.5483134921875 0.012251984375 0.5423611109375 0.007291667187500001 0.53740079375 0 0.5327606421875 0 0.669990078125
3 0 0.786522846875 0.0217256859375 0.8084821421875 0.023461796875 0.8112103171875 0.03784671875 0.8238591265625 0.0405748921875 0.828571428125 0.044047115625 0.8320436515624999 0.07926536875 0.8496527781250001 0.10034671875000001 0.8615575390625001 0.1152276703125 0.8675099203125001 0.129612590625 0.8771825390625001 0.13779711562500002 0.884126984375 0.13705306718750002 0.8861111109375001 0.1266364015625 0.8940476187499999 0.118947909375 0.9054563484375 0.1127475125 0.9220734125 0.1117554484375 0.9292658734374999 0.1122514796875 0.9354662703125 0.11646775000000001 0.94737103125 0.12217211562500001 0.952579365625 0.12886854375 0.9565476187499999 0.138293146875 0.9582837296875001 0.15317409843750002 0.9572916671874999 0.1621026703125 0.952579365625 0.1735114015625 0.9414186515624999 0.1809518765625 0.9292658734374999 0.1834320359375 0.9195932546875 0.1829360046875 0.8940476187499999 0.1678070359375 0.84990079375 0.1616066390625 0.839980159375 0.159870528125 0.834523809375 0.1611106078125 0.8337797625000001 0.1836800515625 0.837748015625 0.1861602109375 0.8392361109375001 0.188392353125 0.8429563484375 0.19409671875 0.843204365625 0.20178521093750001 0.8422123015625 0.2092256859375 0.8397321421875 0.21071378125 0.834523809375 0.2092256859375 0.8325396828124999 0.19508878125 0.822123015625 0.18591219375 0.8082341265625 0.1705352109375 0.788144840625 0.15689433749999998 0.775 0.1395332265625 0.7638392859375001 0.10257886093749999 0.737053571875 0.0710808453125 0.7167162703125001 0.059424098437499996 0.7115079359375 0.048015368749999995 0.7085317453125 0.032142353125 0.696875 0.023461796875 0.6921626984375 0.0237098140625 0.686954365625 0.0328864015625 0.6725694437499999 0.0361106078125 0.66612103125 0.037598703125 0.6601686515625 0.0361106078125 0.65595238125 0.0328864015625 0.6519841265624999 0.02594195625 0.6477678578125 0.022965765625000002 0.647519840625 0.019741559375000002 0.6487599203125 0.016765368750000002 0.6514880953125 0.0135411625 0.656200396875 0 0.66935831875 0 0.786522846875
14 0.18669250625 1 0.1861111109375 0.997222221875 0.1856150796875 0.9726686515624999 0.1863591265625 0.9617559531250001 0.1858630953125 0.9483630953125 0.184623015625 0.9419146828124999 0.1856150796875 0.9334821421875 0.1853670640625 0.91612103125 0.1987599203125 0.8866071421875 0.1982638890625 0.881646825 0.184375 0.878174603125 0.17519841249999998 0.8791666671874999 0.17197420624999998 0.875446428125 0.162549603125 0.8764384921874999 0.15808531718750002 0.875446428125 0.1548611109375 0.8766865078125001 0.1516369046875 0.8804067453125001 0.14518849218750002 0.8799107140625001 0.12782738124999998 0.8704861109375001 0.12038690468749999 0.8680059531250001 0.115674603125 0.8652777781250001 0.09930555625000001 0.8600694437499999 0.081696428125 0.84990079375 0.0457341265625 0.8330357140625001 0.011259920312500001 0.8208829359375001 0.0025793656250000002 0.819146825 0 0.818327978125 0 0.993891415625 0.022871678125 1 0.18669250625 1
11 0.35439453125 0.8005859375 0.36123046875 0.8103515625 0.363671875 0.82255859375 0.38271484375 0.84208984375 0.39248046875 0.8435546875 0.43740234375 0.86015625 0.45546875 0.86455078125 0.48525390625 0.86748046875 0.54921875 0.8611328125 0.56728515625 0.8259765625 0.570703125 0.8005859375 0.57021484375 0.78447265625 0.5638671875 0.7654296875 0.523828125 0.67412109375 0.51845703125 0.66826171875 0.51455078125 0.65947265625 0.50478515625 0.65458984375 0.50283203125 0.6501953125 0.49697265625 0.64580078125 0.47646484375 0.6365234375 0.445703125 0.63115234375 0.42861328125 0.623828125 0.42275390625 0.62333984375 0.414453125 0.6287109375 0.4095703125 0.635546875 0.40029296875 0.64091796875 0.396875 0.64677734375 0.365625 0.6736328125 0.3607421875 0.6921875 0.34560546875 0.7205078125 0.34658203125 0.75712890625 0.3490234375 0.7751953125 0.35439453125 0.79375 0.35439453125 0.8005859375
0 0.6546875 0.60087890625 0.66689453125 0.62138671875 0.680078125 0.63212890625 0.68740234375 0.635546875 0.70546875 0.63310546875 0.723046875 0.63505859375 0.73037109375 0.63359375 0.7435546875 0.62529296875 0.758203125 0.60087890625 0.7650390625 0.54912109375 0.7689453125 0.5369140625 0.7760589875 0.459375 0.6485892046874999 0.459375 0.65224609375 0.5935546875 0.6546875 0.60087890625
0 0.6048828125 0.85673828125 0.6078125 0.858203125 0.6361328125 0.85869140625 0.65322265625 0.85283203125 0.6927734375 0.830859375 0.7025390625 0.8220703125 0.703515625 0.811328125 0.69423828125 0.7654296875 0.6810546875 0.7166015625 0.6224609375 0.590625 0.61318359375 0.5671875 0.6078125 0.56376953125 0.59951171875 0.56376953125 0.58291015625 0.56767578125 0.55263671875 0.57890625 0.52822265625 0.584765625 0.5111328125 0.59501953125 0.508203125 0.60087890625 0.508203125 0.60966796875 0.52919921875 0.690234375 0.55654296875 0.75078125 0.56826171875 0.78154296875 0.5970703125 0.84306640625 0.6048828125 0.85673828125
18 0.97451171875 0.82451171875 0.97353515625 0.80205078125 0.965234375 0.71318359375 0.961328125 0.70927734375 0.926171875 0.698046875 0.8412109375 0.70830078125 0.72890625 0.7185546875 0.72109375 0.72099609375 0.70302734375 0.73125 0.70400390625 0.82109375 0.70986328125 0.8240234375 0.77919921875 0.8259765625 0.930078125 0.83671875 0.9486328125 0.83671875 0.97255859375 0.8318359375 0.97451171875 0.82451171875
0 0.7904296875 0.70927734375 0.8587890625 0.698046875 0.86806640625 0.694140625 0.9203125 0.68876953125 0.9330078125 0.68388671875 0.937890625 0.67216796875 0.9388671875 0.66240234375 0.9388671875 0.64970703125 0.9349609375 0.62578125 0.9212890625 0.59501953125 0.91640625 0.590625 0.9095703125 0.59013671875 0.87685546875 0.59306640625 0.8333984375 0.60283203125 0.81630859375 0.60380859375 0.75087890625 0.61455078125 0.7455078125 0.62236328125 0.7484375 0.62724609375 0.7474609375 0.67607421875 0.74501953125 0.69169921875 0.746484375 0.71513671875 0.76845703125 0.71513671875 0.7904296875 0.70927734375
2 0.73427734375 0.71171875 0.74208984375 0.698046875 0.74697265625 0.67900390625 0.74501953125 0.65751953125 0.73623046875 0.6423828125 0.72255859375 0.63310546875 0.70693359375 0.63115234375 0.69375 0.63408203125 0.6810546875 0.64189453125 0.6693359375 0.6560546875 0.6634765625 0.67216796875 0.6654296875 0.686328125 0.67666015625 0.7126953125 0.68056640625 0.717578125 0.68349609375 0.72734375 0.6947265625 0.73125 0.71328125 0.72783203125 0.73427734375 0.71171875
18 0.762109375 0.5564453125 0.75869140625 0.5935546875 0.76015625 0.5994140625 0.8001953125 0.60771484375 0.9603515625 0.52373046875 0.990625 0.5056640625 0.990625 0.49638671875 0.9818359375 0.46318359375 0.9811153921875 0.459375 0.8153577296875 0.459375 0.77138671875 0.4939453125 0.762109375 0.5564453125
11 0.4828125 0.47001953125 0.469140625 0.46611328125 0.41103515625 0.46953125 0.40322265625 0.4724609375 0.39443359375 0.4822265625 0.39150390625 0.4880859375 0.39150390625 0.51298828125 0.38271484375 0.51884765625 0.36953125 0.53544921875 0.34560546875 0.559375 0.3451171875 0.5994140625 0.34951171875 0.62333984375 0.348046875 0.65068359375 0.35048828125 0.653125 0.36611328125 0.66044921875 0.3802734375 0.66142578125 0.40712890625 0.631640625 0.4212890625 0.6248046875 0.428125 0.6248046875 0.49501953125 0.64384765625 0.5013671875 0.64384765625 0.5140625 0.6326171875 0.5130859375 0.621875 0.50869140625 0.6072265625 0.5111328125 0.5935546875 0.52822265625 0.58671875 0.531640625 0.5828125 0.551171875 0.57939453125 0.5794921875 0.569140625 0.59267578125 0.5583984375 0.59658203125 0.557421875 0.60439453125 0.55986328125 0.613671875 0.569140625 0.63369140625 0.61357421875 0.63564453125 0.6150390625 0.6390625 0.612109375 0.64736328125 0.59013671875 0.6537109375 0.57890625 0.65224609375 0.52958984375 0.648828125 0.526171875 0.633203125 0.51884765625 0.6283203125 0.50322265625 0.6341796875 0.496875 0.63466796875 0.4939453125 0.62099609375 0.467578125 0.6153564453125 0.459375 0.4882486984375 0.459375 0.48720703125 0.465625 0.4828125 0.47001953125
7 0.5072265625 0.81962890625 0.5150390625 0.78984375 0.50869140625 0.73515625 0.5013671875 0.709765625 0.49013671875 0.7 0.48134765625 0.69755859375 0.461328125 0.69658203125 0.4466796875 0.70244140625 0.44228515625 0.69560546875 0.430078125 0.6921875 0.42470703125 0.69365234375 0.41689453125 0.7009765625 0.42421875 0.75126953125 0.4251953125 0.78154296875 0.4271484375 0.7859375 0.4388671875 0.7986328125 0.45107421875 0.8064453125 0.46865234375 0.8044921875 0.4740234375 0.809375 0.484765625 0.81083984375 0.5072265625 0.81962890625