7 0.2671875 0 0.2609375 0.0109375 0.2390625 0.0359375 0.2234375 0.0703125 0.221875 0.121875 0.2328125 0.1375 0.24375 0.1375 0.2703125 0.121875 0.2625 0.0625 0.3075581390625 0 0.2671875 0
7 0.08806818125 0.4 0.2421875 0.303125 0.253125 0.2765625 0.2453125 0.265625 0.2296875 0.2609375 0.1671875 0.3015625 0.078125 0.340625 0.0453125 0.371875 0.05 0.3984375 0.0515625 0.4 0.08806818125 0.4
7 0.3712740390625 0 0.3671875 0.009375 0.3703125 0.021875 0.425 0.0359375 0.453125 0.0359375 0.475 0.0265625 0.4796875 0.0015625 0.47921195625 0 0.3712740390625 0
7 0.5890625 0 0.561875 0 0.5578125 0.0015625 0.5546875 0.01875 0.528125 0.059375 0.5296875 0.06875 0.540625 0.0765625 0.5625 0.078125 0.584375 0.06875 0.5890625 0.06189903906250001 0.5890625 0
7 0.4125 0.178125 0.4421875 0.1640625 0.4703125 0.1671875 0.4671875 0.1875 0.4859375 0.2015625 0.4921875 0.196875 0.4921875 0.1859375 0.521875 0.2140625 0.553125 0.21875 0.56875 0.209375 0.5578125 0.1921875 0.5390625 0.1828125 0.5140625 0.1578125 0.528125 0.128125 0.5265625 0.109375 0.5390625 0.0984375 0.53125 0.0765625 0.478125 0.05625 0.459375 0.0359375 0.425 0.04375 0.378125 0.025 0.346875 0.03125 0.3359375 0.0125 0.3125 0.0078125 0.2828125 0.03125 0.2609375 0.0625 0.2609375 0.078125 0.2765625 0.121875 0.325 0.1640625 0.3546875 0.165625 0.3984375 0.196875 0.40625 0.196875 0.4125 0.178125
7 0.1388392859375 0 0.1484375 0.0078125 0.175 0.040625 0.1953125 0.0515625 0.225 0.0453125 0.228125 0.0609375 0.26947544687499997 0 0.1388392859375 0
14 1 0 0.879531515625 0 0.8578816828125 0.0077939390625 0.8384432374999999 0.0218328171875 0.8298039296875 0.0347917796875 0.828125 0.05074160625 0.828125 0.0589469328125 0.84492271875 0.185979684375 0.8697607312500001 0.20433821562499999 0.8774449843750001 0.2046875 0.8990472625000001 0.2046875 1 0.191345728125 1 0
14 0.5890625 0.27463886875 0.8011929656250001 0.2385681015625 0.803125 0.231483978125 0.803125 0.2172548734375 0.78931391875 0.117617778125 0.786074175 0.10789855468750001 0.776354953125 0.10789855468750001 0.639205925 0.1262570859375 0.5890625 0.13554290625 0.5890625 0.27463886875
14 0.5890625 0 0.5890625 0.1347973234375 0.777790903125 0.107836121875 0.78125 0.10351225 0.78125 0.0838361671875 0.7723913343750001 0.0257626875 0.7723913343750001 0 0.5890625 0
14 1 0.34525096718750004 0.9884044281250001 0.3305632421875 0.9006614468749999 0.219872096875 0.8385664140625 0.1834250140625 0.80616900625 0.210422853125 0.799419546875 0.23742069375 0.72382559375 0.2509196125 0.6158342328125 0.307615078125 0.5984375 0.3156443390625 0.5984375 0.315923240625 0.619883909375 0.3454120546875 0.617184125 0.35756108124999997 0.6521338234375 0.4 0.932097659375 0.4 0.9452078828125 0.392658275 1 0.3611819515625 1 0.34525096718750004
4 0.29208403125000004 0.4 0.18173828125 0.44521484375 0 0.5305205671875 0 0.5470782296875 0.02646484375 0.57998046875 0.02060546875 0.59853515625 0.01572265625 0.61806640625 0.03525390625 0.74697265625 0.06259765625 0.80263671875 0.09580078125 0.85927734375 0.15048828125 0.88857421875 0.25791015625 0.91689453125 0.3014892578125 0.9203125 0.3084616265625 0.9203125 0.33310546875 0.90419921875 0.34091796875 0.86611328125 0.36533203125 0.80947265625 0.35458984375 0.71083984375 0.36240234375 0.62587890625 0.37705078125 0.58388671875 0.43173828125 0.54091796875 0.46103515625 0.50771484375 0.4875 0.48975655625 0.4875 0.4881199828125 0.41304202968750003 0.4 0.29208403125000004 0.4
17 0.5890625 0.4 0.566799528125 0.4 0.563525390625 0.409716796875 0.564501953125 0.434619140625 0.568896484375 0.446826171875 0.576220703125 0.458544921875 0.576220703125 0.473681640625 0.570849609375 0.485400390625 0.554248046875 0.509814453125 0.551806640625 0.518603515625 0.550341796875 0.540576171875 0.516650390625 0.631396484375 0.514697265625 0.628955078125 0.514697265625 0.619677734375 0.521044921875 0.568896484375 0.526904296875 0.542529296875 0.529345703125 0.517626953125 0.536669921875 0.496630859375 0.537646484375 0.487353515625 0.533740234375 0.460986328125 0.528857421875 0.456591796875 0.517138671875 0.470263671875 0.499072265625 0.485888671875 0.489794921875 0.491748046875 0.481982421875 0.493212890625 0.471728515625 0.499072265625 0.455126953125 0.519580078125 0.417529296875 0.548876953125 0.409228515625 0.568408203125 0.385791015625 0.586474609375 0.380908203125 0.593310546875 0.372119140625 0.599658203125 0.365283203125 0.615283203125 0.361865234375 0.630419921875 0.356005859375 0.697802734375 0.355517578125 0.725634765625 0.356494140625 0.778857421875 0.362841796875 0.810595703125 0.377001953125 0.835009765625 0.383349609375 0.840869140625 0.386767578125 0.847705078125 0.389208984375 0.848193359375 0.396044921875 0.837451171875 0.405322265625 0.800341796875 0.409228515625 0.793505859375 0.412158203125 0.802783203125 0.419970703125 0.857958984375 0.432177734375 0.891162109375 0.437548828125 0.896533203125 0.439501953125 0.894091796875 0.437548828125 0.874560546875 0.438525390625 0.862353515625 0.443896484375 0.845751953125 0.450732421875 0.833544921875 0.452685546875 0.822314453125 0.451220703125 0.795947265625 0.445849609375 0.783740234375 0.443896484375 0.772021484375 0.449267578125 0.765673828125 0.457568359375 0.770556640625 0.472705078125 0.792529296875 0.490283203125 0.831103515625 0.488818359375 0.842822265625 0.479541015625 0.853076171875 0.468310546875 0.883349609375 0.461474609375 0.915576171875 0.462451171875 0.922412109375 0.464892578125 0.925341796875 0.467333984375 0.925341796875 0.482470703125 0.916552734375 0.491259765625 0.916552734375 0.492724609375 0.917529296875 0.492724609375 0.927294921875 0.483447265625 0.939501953125 0.483935546875 0.950244140625 0.486376953125 0.953662109375 0.496142578125 0.957568359375 0.511279296875 0.967333984375 0.520556640625 0.970263671875 0.52158203125 0.9703125 0.5562744140625 0.9703125 0.561572265625 0.968798828125 0.585986328125 0.956103515625 0.5890625 0.95302734375 0.5890625 0.901426696875 0.578173828125 0.871142578125 0.578173828125 0.865771484375 0.583056640625 0.855517578125 0.5890625 0.8505562156250001 0.5890625 0.4
13 0.5890625 0.8651757812499999 0.623583984375 0.885888671875 0.641650390625 0.901513671875 0.6631652828125001 0.9125 0.6648611890625 0.9125 0.667041015625 0.906396484375 0.680224609375 0.888818359375 0.691455078125 0.883447265625 0.692431640625 0.874658203125 0.703173828125 0.857568359375 0.713916015625 0.849755859375 0.728564453125 0.835107421875 0.735888671875 0.823876953125 0.750537109375 0.815087890625 0.765673828125 0.812158203125 0.76875 0.809521484375 0.76875 0.8054361984374999 0.728076171875 0.760888671875 0.676806640625 0.716943359375 0.650439453125 0.706689453125 0.640771484375 0.70625 0.6266723625 0.70625 0.620654296875 0.707666015625 0.616259765625 0.712060546875 0.606982421875 0.711083984375 0.598193359375 0.714501953125 0.596728515625 0.716943359375 0.5890625 0.720958890625 0.5890625 0.8651757812499999
12 1 0.60283203125 0.87001953125 0.60283203125 0.86171875 0.60771484375 0.8431640625 0.6091796875 0.83388671875 0.60673828125 0.83046875 0.60283203125 0.687890625 0.60283203125 0.67470703125 0.62529296875 0.6732421875 0.6443359375 0.68056640625 0.67412109375 0.68642578125 0.6853515625 0.6830078125 0.69755859375 0.68837890625 0.70927734375 0.6888671875 0.717578125 0.69228515625 0.72587890625 0.72060546875 0.75517578125 0.76162109375 0.7888671875 0.78701171875 0.79765625 0.79326171875 0.7984375 0.80228515625 0.7984375 0.81142578125 0.7966796875 0.84609375 0.77080078125 0.8587890625 0.77373046875 0.86171875 0.77275390625 0.88271484375 0.756640625 0.88955078125 0.75419921875 0.89443359375 0.74638671875 0.90517578125 0.73759765625 0.92958984375 0.725390625 0.9837890625 0.6931640625 1 0.6857954546875 1 0.60283203125
10 1 0.6819261640625001 0.993994140625 0.68466796875 0.937353515625 0.7134765625 0.864111328125 0.76083984375 0.843603515625 0.7701171875 0.811376953125 0.7955078125 0.772314453125 0.8150390625 0.747412109375 0.8189453125 0.736669921875 0.8248046875 0.705908203125 0.8560546875 0.689794921875 0.88095703125 0.676123046875 0.894140625 0.667822265625 0.9078125 0.668798828125 0.9244140625 0.680029296875 0.94736328125 0.704931640625 0.9703125 0.7223948765625 0.978125 0.737998046875 0.978125 0.758154296875 0.96640625 0.780615234375 0.956640625 0.826513671875 0.93173828125 0.835791015625 0.92197265625 0.846044921875 0.90390625 0.858251953125 0.8951171875 0.883154296875 0.88046875 0.905615234375 0.87021484375 0.925634765625 0.853125 0.948095703125 0.8384765625 0.994482421875 0.8169921875 1 0.8138392859374999 1 0.6819261640625001
10 1 0.8897987531249999 0.98525390625 0.8802571624999999 0.9818359375 0.8763509124999999 0.98134765625 0.8680501312499999 0.949609375 0.8626790374999999 0.9303356671875 0.8546875 0.928816734375 0.8546875 0.91494140625 0.8602376312499999 0.9037109375 0.8709798187499999 0.89150390625 0.8729329437499999 0.88173828125 0.8768391937499999 0.85830078125 0.8900227874999999 0.83876953125 0.9046712249999999 0.83095703125 0.9066243499999999 0.820703125 0.9056477874999999 0.81435546875 0.9080891937499999 0.80849609375 0.9144368499999999 0.805078125 0.9344563812499999 0.80068359375 0.9412923187499999 0.77578125 0.9578938812499999 0.77041015625 0.9598470062499999 0.7591796875 0.9593587249999999 0.7494140625 0.9715657562499999 0.7376953125 0.9793782562499999 0.73037109375 0.9808430999999999 0.723046875 0.9998860687499999 0.723033471875 1 0.9539636046875 1 0.95888671875 0.9935384124999999 0.9720703125 0.9813313812499999 0.984765625 0.9710774749999999 1 0.9618043765625 1 0.8897987531249999