14 0 0.203798828125 0.0005859375 0.203271484375 0.02451171875 0.187646484375 0.030859375 0.186181640625 0.03525390625 0.175439453125 0.0875 0.114892578125 0.09921875 0.103662109375 0.1328125 0.0820661265625 0.1328125 0.079345703125 0.132421875 0.077783203125 0.128515625 0.073876953125 0.112890625 0.062646484375 0.0953125 0.054345703125 0.085546875 0.052392578125 0.0220703125 0.066552734375 0.00693359375 0.067529296875 0 0.08601887968750001 0 0.203798828125
1 0.0177794265625 0 0.01943359375 0.008349609375 0.021875 0.050341796875 0.02529296875 0.057666015625 0.0326171875 0.061083984375 0.0599609375 0.059619140625 0.084375 0.052294921875 0.09755859375 0.054736328125 0.11416015625 0.064013671875 0.133203125 0.079638671875 0.13125 0.083056640625 0.11806640625 0.091845703125 0.11708984375 0.095751953125 0.11904296875 0.098681640625 0.15615234375 0.111376953125 0.19423828125 0.137255859375 0.19814453125 0.1375 0.2015625 0.1375 0.2015625 0 0.0177794265625 0
1 0 0.4597233453125 0.0070991546875 0.46266486562500003 0.059939875 0.4748097609375 0.10323602812499999 0.47477047656250004 0.1446957546875 0.46726746874999997 0.1865974171875 0.452559640625 0.2015625 0.4425665671875 0.2015625 0.143730440625 0.160676528125 0.1098964828125 0.10469458437500001 0.09600693437499999 0.0262257796875 0.1816918984375 0 0.201608753125 0 0.4597233453125
11 0.359375 0.659375 0.40899752031250003 0.659375 0.448486328125 0.635498046875 0.453857421875 0.629638671875 0.460693359375 0.587158203125 0.465576171875 0.537353515625 0.473388671875 0.515869140625 0.4734375 0.515283203125 0.4734375 0.509075928125 0.469970703125 0.501708984375 0.449951171875 0.486572265625 0.412841796875 0.475341796875 0.390869140625 0.462646484375 0.370361328125 0.454345703125 0.359375 0.44509405781250005 0.359375 0.659375
5 0.359375 0.446916853125 0.3703125 0.45673828125 0.39228515625 0.4689453125 0.42646484375 0.48310546875 0.4396484375 0.48603515625 0.4494140625 0.48603515625 0.45673828125 0.4923828125 0.4617513015625 0.49375 0.46218436093750004 0.49375 0.48310546875 0.46650390625 0.503125 0.4455078125 0.54169921875 0.41474609375 0.53779296875 0.409375 0.51728515625 0.39814453125 0.4611328125 0.37275390625 0.44599609375 0.37177734375 0.423046875 0.37373046875 0.40693359375 0.37177734375 0.391796875 0.36640625 0.359375 0.3495949078125 0.359375 0.446916853125
6 0.359375 0.33447265625 0.369140625 0.349609375 0.3798828125 0.3603515625 0.41796875 0.37548828125 0.46533203125 0.37646484375 0.4765625 0.36767578125 0.48291015625 0.35888671875 0.49560546875 0.34716796875 0.50341796875 0.333984375 0.51171875 0.31396484375 0.5283203125 0.291015625 0.54150390625 0.265625 0.54833984375 0.24853515625 0.5556640625 0.2119140625 0.5615234375 0.197265625 0.5625 0.18505859375 0.5625 0.1492513015625 0.5615234375 0.1435546875 0.55419921875 0.12255859375 0.546875 0.1123046875 0.52294921875 0.08935546875 0.509765625 0.080078125 0.482421875 0.06689453125 0.462890625 0.0615234375 0.4453125 0.06103515625 0.42919921875 0.0634765625 0.4140625 0.068359375 0.3974609375 0.07861328125 0.3857421875 0.09033203125 0.3759765625 0.1064453125 0.36767578125 0.1328125 0.359375 0.14704241093749998 0.359375 0.33447265625
6 0.543994140625 0.25166015625 0.526904296875 0.2912109375 0.511767578125 0.309765625 0.497119140625 0.35078125 0.490771484375 0.35810546875 0.484423828125 0.36201171875 0.485888671875 0.37080078125 0.499072265625 0.3859375 0.508837890625 0.39130859375 0.514208984375 0.39814453125 0.5380175781250001 0.409375 0.5424166171875 0.409375 0.570361328125 0.39765625 0.591357421875 0.37958984375 0.598681640625 0.37568359375 0.629443359375 0.34248046875 0.641650390625 0.33564453125 0.665087890625 0.32734375 0.675830078125 0.32001953125 0.697314453125 0.3029296875 0.710498046875 0.28486328125 0.7140625 0.26846679687499997 0.7140625 0.24248046875 0.709033203125 0.22236328125 0.696826171875 0.19990234375 0.677783203125 0.17939453125 0.659716796875 0.16865234375 0.644580078125 0.16328125 0.628564453125 0.1625 0.6236955921874999 0.1625 0.609423828125 0.16572265625 0.588916015625 0.17890625 0.564013671875 0.2091796875 0.559130859375 0.219921875 0.549853515625 0.23017578125 0.543994140625 0.25166015625
7 0.359375 0.65425200625 0.3794921875 0.64990234375 0.3970703125 0.63916015625 0.4185546875 0.62109375 0.43271484375 0.59521484375 0.43759765625 0.57763671875 0.44248046875 0.53759765625 0.4400390625 0.5078125 0.42734375 0.5 0.38291015625 0.484375 0.359375 0.46360868593750004 0.359375 0.65425200625
1 0.9122314453125 0.659375 0.93125 0.63525390625 0.93125 0.57470703125 0.9283203125 0.5546875 0.929296875 0.51416015625 0.91904296875 0.484375 0.91171875 0.4765625 0.9068359375 0.466796875 0.8853515625 0.43896484375 0.86044921875 0.40087890625 0.82919921875 0.3447265625 0.8150390625 0.3251953125 0.81162109375 0.31494140625 0.80283203125 0.30615234375 0.7935546875 0.30224609375 0.77353515625 0.298828125 0.75888671875 0.298828125 0.718359375 0.3037109375 0.7046875 0.3125 0.68466796875 0.3173828125 0.675390625 0.3232421875 0.648046875 0.33349609375 0.62265625 0.349609375 0.61435546875 0.3623046875 0.58212890625 0.39306640625 0.5328125 0.4208984375 0.50009765625 0.44677734375 0.48349609375 0.4658203125 0.4634765625 0.501953125 0.464453125 0.513671875 0.45126953125 0.6123046875 0.44931640625 0.6396484375 0.45029296875 0.6552734375 0.4515234375 0.659375 0.9122314453125 0.659375
13 0 1 0.1341418 1 0.142819940625 0.9485987109374999 0.1487723203125 0.8957713312500001 0.1546875 0.8665897843749999 0.1546875 0.849889634375 0.153484621875 0.8459201406249999 0.14902033750000002 0.8417038703124999 0.117026290625 0.8268229171874999 0.0783358125 0.805989584375 0.0393973203125 0.7868923624999999 0.035677084375 0.783916171875 0.031956845312499996 0.7734995046875 0.0297247015625 0.7700272828125 0.027492559374999996 0.7685391875 0.019060018749999998 0.7668030765625 0.016083829687500002 0.768291171875 0.0136036703125 0.7715153781249999 0.0078993046875 0.7868923624999999 0 0.8172357234375 0 1
13 0.359375 0.7627335046875 0.35287698437500004 0.75360863125 0.3419642859375 0.7407118046875001 0.32881944375 0.7285590265625 0.30575396875 0.7119419640625 0.29707341249999997 0.706981646875 0.2787202375 0.6990451375 0.26483135 0.6943328359375001 0.25143849218750003 0.6916046625 0.227876984375 0.6893725203125001 0.20605158750000002 0.691356646875 0.197123015625 0.6935887890625 0.18174603125 0.6992931546875 0.172321428125 0.7042534734375 0.162896825 0.71144593125 0.146527778125 0.729303075 0.1408234125 0.7397197421875 0.137847221875 0.74765625 0.1333829359375 0.7679935515625 0.13263888906250001 0.782378471875 0.13536706406250001 0.81238839375 0.131646825 0.831981646875 0.134623015625 0.8359498999999999 0.143303571875 0.8406622015625 0.14826388906250001 0.8421502984375 0.152728175 0.8471106140625 0.1564484125 0.8533110109375001 0.1576884921875 0.856783234375 0.15694444375 0.8845610109375001 0.1576884921875 0.8907614078125 0.164880953125 0.9093626 0.1730654765625 0.9200272828125 0.18100198437499998 0.9257316453125 0.203571428125 0.9336681546874999 0.2244047625 0.9386284734375 0.23779761875 0.9393725203125 0.2529265875 0.9463169640625001 0.2611111109375 0.9468129953125001 0.278472221875 0.9401165671874999 0.29806547656250004 0.9304439484374999 0.32063492031249996 0.9239955359375 0.3322916671875 0.9195312484375 0.34990079375 0.909114584375 0.359375 0.9006120890625 0.359375 0.7627335046875
13 0.2609375 1 0.2609375 0.96654620625 0.26060267812500004 0.9632936515624999 0.2558903765625 0.952380953125 0.2499379953125 0.946924603125 0.2350570453125 0.940972221875 0.222904265625 0.9384920640625 0.1963665671875 0.9308035718750001 0.1666046625 0.9208829359375 0.16065228125 0.9164186515624999 0.1586681546875 0.91170635 0.15767609062500001 0.8998015875 0.1537078375 0.8980654765625001 0.1504836296875 0.8990575390625001 0.1497395828125 0.90029761875 0.1460193453125 0.94717261875 0.14254712187500002 0.971726190625 0.1367749609375 1 0.2609375 1
13 0.359375 1 0.359375 0.9261737359375001 0.3593501984375 0.926165675 0.34322916718749996 0.9234375 0.3248759921875 0.9226934531250001 0.3015625 0.9279017859375 0.285193453125 0.9353422625000001 0.2775049609375 0.9410466265625 0.261383928125 0.9584077375 0.260887896875 0.9656001984374999 0.2626240078125 0.976512896875 0.2626240078125 1 0.359375 1
3 0.37763057187500004 0.659375 0.3785342265625 0.692584325 0.3748139890625 0.701512896875 0.36960565624999997 0.7099454359374999 0.363901290625 0.723834325 0.3621651796875 0.7305307546875 0.361669146875 0.744915675 0.363405259375 0.755084325 0.36960565624999997 0.7712053578125 0.376798115625 0.779141865625 0.38349454375 0.7843501984375 0.38547867187499996 0.789806546875 0.38870287812500004 0.791542659375 0.41400049687500007 0.791542659375 0.45417906874999997 0.785590278125 0.4683159734375 0.7826140875 0.4812127984375 0.7783978171875 0.50849454375 0.773189484375 0.5191592265625 0.77021329375 0.530071925 0.7630208328125 0.5367683546875 0.760540675 0.5402405765625 0.7568204359374999 0.561321925 0.757564484375 0.5662822421875 0.7555803578125 0.5714905765625 0.755332340625 0.5752108140625 0.7560763890625 0.5724826390625 0.758556546875 0.573970734375 0.760788690625 0.5824032750000001 0.763516865625 0.5861235125 0.7662450390625001 0.5903397828125 0.774181546875 0.58934771875 0.7838541671875 0.58984375 0.7873263890625 0.596044146875 0.7955109125 0.61042906875 0.7974950390625001 0.6473834328125 0.8056795640625 0.6533358140625 0.80419146875 0.6597842265625 0.8009672625 0.6917782750000001 0.7823660718750001 0.7098834328125 0.7734375 0.7245163703124999 0.763516865625 0.7294766875 0.7590525796875001 0.729724703125 0.75458829375 0.732948909375 0.7444196421875 0.733196925 0.7382192453125 0.7376612109374999 0.7352430562500001 0.7396453375 0.732266865625 0.7401413703124999 0.726314484375 0.7451016875 0.7099454359374999 0.7493179578125 0.6881200390625 0.749069940625 0.6851438484375001 0.7438616078125 0.6814236109375 0.73046875 0.6781994046875 0.7247643859374999 0.67919146875 0.7215401796875 0.6759672625 0.717323909375 0.6744791671875 0.7081473218750001 0.673983134375 0.6806175609375 0.6695188484375 0.629734703125 0.659375 0.37763057187500004 0.659375
3 0.9189216531250001 1 0.9059151796875 0.990674603125 0.8997147828125 0.9847222234374999 0.8935143859375 0.9755456359375 0.8838417671875 0.9566964296875 0.8699528781249999 0.92197420625 0.8409350203125001 0.859226190625 0.8240699421875 0.809375 0.8188616078125002 0.7858134921875 0.8131572437500001 0.7694444453125 0.80125248125 0.7473710328125 0.789099703125 0.730009921875 0.7866195453125 0.723809525 0.7846354171875001 0.7223214296875 0.7804191484375 0.72529761875 0.7781870046875 0.7290178578125001 0.7717385921875 0.7352182546874999 0.7466889890624999 0.7513392859375 0.716431053125 0.7674603171875 0.70750248125 0.7731646828125001 0.688901290625 0.7820932546874999 0.6824528781250001 0.786557540625 0.6710441484375 0.7915178578125 0.6509548625 0.8036706359375 0.6435143859375 0.809375 0.641034228125 0.8160714296875 0.644258434375 0.8235119046874999 0.6546751000000001 0.837152778125 0.6658358140624999 0.8609623015625001 0.6923735125 0.91180555625 0.69733383125 0.9234623015625001 0.7119667671875 0.9485119046874999 0.72858383125 0.98125 0.735776290625 0.9976190484374999 0.7375162171875 1 0.9189216531250001 1
4 0.359375 0.8950034531250001 0.36377728125000003 0.8951760921874999 0.3692336296875 0.8976562484375 0.370473709375 0.9003844234375 0.376178075 0.9068328359375 0.38585069375000003 0.9276661703125001 0.393043153125 0.9365947421874999 0.40296378906249997 0.9554439484374999 0.40494791562500004 0.9571800609375 0.4084201375 0.9576760921874999 0.41139632812500004 0.9559399796875001 0.42156497968749995 0.9537078359375 0.43768601093750004 0.9477554578125 0.44934275625 0.9413070421875 0.4743923609375 0.9338665671874999 0.49249751875000003 0.9256820421875 0.507378471875 0.9204737109375 0.5373883921875 0.9058407734374999 0.5659102171875 0.8944320421875 0.6006324390625 0.87781498125 0.6041046625 0.874838790625 0.6041046625 0.8728546625 0.6016245031249999 0.8646701390625001 0.6018725187499999 0.8522693453125001 0.6003844234375 0.844580853125 0.60732886875 0.8344122015625001 0.6078125 0.829092253125 0.6078125 0.8289175906249999 0.59914434375 0.8021701390625001 0.5909598203125 0.786297121875 0.5907118046875001 0.783072915625 0.591951884375 0.7793526796875 0.5914558515625 0.772904265625 0.582775296875 0.7634796625 0.5733506937499999 0.7595114078125 0.5750868046875001 0.7555431546875 0.5738467249999999 0.7533110109375001 0.5721106140625001 0.7533110109375001 0.5599578359375 0.7577752984374999 0.5495411703124999 0.7577752984374999 0.5334201375000001 0.7614955359375 0.5182911703124999 0.76943204375 0.5031622015625 0.7734002984374999 0.47984870937499996 0.7781126 0.467943946875 0.7818328375 0.449094740625 0.784809028125 0.438926090625 0.7877852171875 0.405443946875 0.79423363125 0.383370534375 0.8019221218749999 0.3722098203125 0.80390625 0.359375 0.80732886875 0.359375 0.8950034531250001
13 0.5579611124999999 1 0.5830109125 0.9857514890625 0.6088045640624999 0.9765749015624999 0.645758928125 0.96863839375 0.6529513890625 0.96318204375 0.65518353125 0.9547495046875 0.6566716265625001 0.9527653781250001 0.672792659375 0.9480530765624999 0.679241071875 0.94110863125 0.6828125 0.9349056250000001 0.6828125 0.9274819296875 0.6822172625 0.9269717265625002 0.67353670625 0.9274677593749999 0.6536954359375 0.9316840281250001 0.6492311515625 0.9316840281250001 0.6435267859375 0.9306919656249999 0.63955853125 0.9274677593749999 0.63583829375 0.9264756953125 0.6162450390625 0.9264756953125 0.6065724203125 0.9103546640625 0.601612103125 0.9058903781250001 0.5939236109375 0.903658234375 0.5840029765625 0.9053943453125001 0.4654513890625 0.9361483140625 0.44486607187500005 0.9425967265625002 0.4401537703125 0.9463169656249999 0.4374255953125 0.953757440625 0.43841765937500005 0.9636780765624999 0.44856643281249997 1 0.5579611124999999 1
13 0.4460448375 1 0.4457341265625 0.991641865625 0.44250992031249997 0.9750248015625 0.44052579375 0.972792659375 0.43333333281249997 0.97080853125 0.418204365625 0.970064484375 0.39017857187500005 0.9715525796875 0.37157738125 0.9740327375 0.36612103125 0.9767609125 0.36364087343749996 0.9839533734374999 0.3638888890625 0.9968501984374999 0.3643137453125 1 0.4460448375 1