4 0 0 0 0.3046981703125 0.004845975000000001 0.2953109546875 0.0532938171875 0.268210721875 0.087914578125 0.253697309375 0.10821188906250001 0.2407022203125 0.145644753125 0.22781652968750002 0.1929780875 0.20289904062500003 0.2098423875 0.195958540625 0.24267328593749998 0.1715720671875 0.267382484375 0.14681469062500002 0.288750940625 0.134174496875 0.3045846828125 0.11877251562499999 0.30306052499999997 0.10481147187499999 0.24420096249999998 0.013389603125 0.23812674375 0 0 0
4 0 0.3890625 0.1981393265625 0.3890625 0.201210496875 0.36924773125 0.20481971875 0.3586115078125 0.20431780000000002 0.3364051234375 0.2068992375 0.32287635937500003 0.208750859375 0.27755366718749996 0.215625 0.22962289062500002 0.215625 0.21484006562500002 0.214336240625 0.2028439390625 0.2126386421875 0.19903347031250002 0.20933571093749997 0.197475128125 0.19635188750000002 0.2008293046875 0.15490846875 0.2249142515625 0.116716296875 0.2363883625 0.09106603125 0.2531779109375 0.073889890625 0.261175096875 0.05055535625 0.268523865625 0.00969225625 0.2930330859375 0 0.33051581875 0 0.3890625
4 0.2893987796875 0.042987553125 0.265383340625 0.027142629687499996 0.245386775 0.0168052734375 0.2423089671875 0.019265534375 0.24338288437500002 0.025189371874999998 0.2545962578125 0.05094471874999999 0.28299132031249996 0.079840759375 0.302912259375 0.11752916718749999 0.300772740625 0.12238831562500001 0.28922080625 0.133640940625 0.2812808703125 0.1398262828125 0.2721341609375 0.1421317796875 0.26678120625 0.1459262390625 0.250768478125 0.1603409140625 0.23926267656250003 0.1746248375 0.22003651093749999 0.1879748234375 0.2073700734375 0.20141019531249998 0.21429331718750003 0.21460807656249997 0.20655455156250002 0.2663322515625 0.206611778125 0.291639309375 0.2031465046875 0.32250730625 0.202715678125 0.353452684375 0.203222796875 0.35625 0.2089098328125 0.35625 0.2214999234375 0.3487723140625 0.2832812421875 0.3035856921875 0.306122175 0.2907373640625 0.345466665625 0.2634049796875 0.370984075 0.248659421875 0.4022585484375 0.2351253125 0.4176014640625 0.219792709375 0.414965575 0.21358335624999997 0.3940279453125 0.1952781703125 0.38241878281249997 0.18122373593750002 0.3850952609375 0.17932650625 0.3893364828125 0.1832837359375 0.40915406093750006 0.1926337859375 0.4157137859375 0.1927191734375 0.41875 0.19134598281249998 0.41875 0.18749719375 0.40909960625 0.1728956671875 0.3857078484375 0.1549373765625 0.378201509375 0.1357462796875 0.3698519171875 0.12578783124999998 0.35739118593749997 0.104259221875 0.2893987796875 0.042987553125
1 0.4375153296875 0.3890625 0.4730907078125 0.3595148828125 0.4734375 0.3560056296875 0.4734375 0.3447668953125 0.4700396171875 0.32602385625 0.44957062499999995 0.26309776875 0.44577687031249996 0.2616088046875 0.43604984062499996 0.2634900265625 0.4068743 0.280271571875 0.3978170828125 0.28307072031249997 0.3914335703125 0.27840370000000003 0.389066159375 0.273675303125 0.370582659375 0.2550232265625 0.36259381562500004 0.25260833125 0.29318162812500004 0.29735467031249996 0.2031630609375 0.3617217234375 0.20044322343749998 0.366156596875 0.1959012546875 0.385531815625 0.1953571859375 0.3890625 0.33569051562499996 0.3890625 0.34235751875 0.3881201171875 0.365472478125 0.38789062812499997 0.37108830312499996 0.3890625 0.4375153296875 0.3890625
17 0.5796875 0.2842597046875 0.659375 0.2829921046875 0.659375 0.2754307546875 0.6537250546875 0.2480774828125 0.6256733296875 0.1875356921875 0.6083166703125 0.19906874218749998 0.583616878125 0.19915323437500002 0.5796875 0.1975390875 0.5796875 0.2842597046875
17 0.6843504499999999 0 0.6725438828125 0.0780200453125 0.6658679296875001 0.1640954359375 0.6596660453125 0.1687431328125 0.6324969890625 0.168712703125 0.6262807390625 0.1758279046875 0.6262017281250001 0.1893991875 0.6578926984375 0.2612171421875 0.7801139453125 0.26813972812500003 0.8083955218749999 0.289201421875 0.8217789828125 0.2921875 0.8535352453125 0.2921875 0.865217259375 0.28690970937500004 0.873967415625 0.2688056546875 0.883858828125 0.26679785312500004 0.890625 0.2258013734375 0.890625 0.1859825078125 0.8874845312499999 0.068278553125 0.8815517390625001 0 0.6843504499999999 0
17 0.5796875 0.3185225234375 0.6517176906250001 0.321875 0.66109096875 0.321875 0.67465809375 0.3106018328125 0.6765625 0.2796742953125 0.6765625 0.266247796875 0.6119577015625 0.2620223640625 0.6019657296875 0.28130270625 0.5796875 0.28611697343750003 0.5796875 0.3185225234375
17 0.8078879984375 0.2855895140625 0.7845449437500001 0.264757671875 0.6820562390625 0.2624557515625 0.6709086484375 0.26810735 0.6708655515624999 0.2755098671875 0.6862312578124999 0.3231203421875 0.8902494875 0.3326158890625 0.8966233765625 0.3168694140625 0.9004996562500001 0.28743173125 0.8894741765624999 0.27210953125000004 0.8473818125000001 0.2898958359375 0.8078879984375 0.2855895140625
1 1 0.1896331484375 0.9023879296875 0.175217678125 0.8937383328124999 0.1760491890625 0.8911756953125 0.1919730515625 0.8941828468749999 0.31181947499999996 0.889396578125 0.3325761921875 1 0.3377239671875 1 0.1896331484375
17 0 1 0.12892722031249998 1 0.1351167234375 0.9501476453125001 0.13712487499999998 0.8850599593750001 0.140625 0.7084720953125 0.140625 0.5486804750000001 0.1387483109375 0.5036056625 0.12736321875 0.4739388328125 0.0940541140625 0.42153357187499996 0.074460159375 0.42221583437500004 0 0.4416418078125 0 1
17 0.33426465625 1 0.3381934015625 0.993672734375 0.3421875 0.9766043218749999 0.3421875 0.9647640718750001 0.3218386078125 0.5197914984375 0.3041439703125 0.43272312343749997 0.2994179359375 0.425849065625 0.290703209375 0.42603321562499996 0.1453366515625 0.4611581625 0.142373490625 0.4669876765625 0.14157632656250002 0.7198092625 0.129102 1 0.33426465625 1
17 0.32663132968749997 0.3890625 0.324239328125 0.3953449765625 0.3238806125 0.47099280937500004 0.3291799265625 0.7153705078125 0.34268350000000003 0.94991864375 0.35185197343749997 0.9583081953124999 0.4131953734375 0.963449425 0.4233893796875 0.9706102828125001 0.45027550156249996 0.9634705734375 0.45836172499999994 0.9720171109375 0.46485063125000003 0.991594740625 0.47116844375 0.99375 0.47754312812500005 0.99375 0.5373047343749999 0.9800051796875 0.5413501468749999 0.9740186843749999 0.54215340625 0.947983609375 0.5484375 0.9258456671874999 0.5484375 0.9091455500000001 0.5404181484375 0.812162875 0.53364565 0.7872266796874999 0.5367881718749999 0.7435732500000001 0.5339476515625 0.710507134375 0.52813936875 0.7037900578125 0.5204026578125001 0.6606347453125 0.49443174062499995 0.396576765625 0.4931295390625 0.3890625 0.32663132968749997 0.3890625
17 0.5796875 0.3890625 0.5048633296875 0.3890625 0.50314115625 0.428388771875 0.5148343468750001 0.6081225671875 0.5434986421875 0.7994338890625 0.5455880171875 0.8801263203125 0.5530319296874999 0.9589621218750001 0.5593826281250001 0.9640625 0.5652982843750001 0.9640625 0.5796875 0.9630347921875 0.5796875 0.3890625
17 0.8762156875 0.4142595 0.8002422250000001 0.39927230625 0.7911411234375001 0.4038414125 0.7692063453125 0.40607995468749997 0.761047059375 0.4121259140625 0.757047871875 0.4270503 0.7648364203125 0.4458051921875 0.764079178125 0.45325295312499997 0.72911825 0.5012684640625 0.691891909375 0.557245190625 0.6937061359375 0.5621834234375 0.7230539953124999 0.5752326203125 0.7418335968750001 0.577990040625 0.7567765078125 0.5768245828125 0.7596366734375 0.580262871875 0.7604333515625 0.6000908546874999 0.757323925 0.6179804890625 0.7510482796875 0.6269801515625 0.731748071875 0.63910670625 0.72563206875 0.64375 0.7698735453125 0.64375 0.776299146875 0.643548459375 0.7888094156250001 0.6409234703125 0.79693399375 0.6358697765625 0.8613185046874999 0.5845368609375 0.9122619671875001 0.54823801875 0.9282050703125 0.5326789468750001 0.935307371875 0.5142469953125 0.9590406078125 0.474792740625 0.9703125 0.4607589328125 0.9703125 0.454016146875 0.9633868640625 0.44994570468750006 0.9373093406249999 0.44280968906249996 0.9438910374999999 0.4392617109375 0.9430706921875001 0.43431193125 0.9401758203125 0.4318659078125 0.8762156875 0.4142595
4 0.5796875 0.6806647296875 0.5846634578125001 0.6798659265625 0.6005655390625 0.679681190625 0.6108798078125 0.683032884375 0.620818609375 0.6829174234375 0.64453921875 0.6722273078125001 0.6539637265625 0.6726137546875 0.6615850515625 0.681947903125 0.6699289125 0.68482655625 0.681601484375 0.677747921875 0.7092345109375 0.654614084375 0.7396756453125001 0.6364069328124999 0.755584040625 0.621840125 0.759958690625 0.6103828953124999 0.7609375 0.6001458984375001 0.7609375 0.5874943734375 0.760450903125 0.582109115625 0.755637684375 0.577701653125 0.7224641703125 0.5746155171874999 0.6832989828125 0.5582088546875 0.6591571609375 0.5525381421875 0.6116938609375 0.5461464984375001 0.5796875 0.5451992515625 0.5796875 0.6806647296875
6 0.5796875 0.8188749109375 0.617600946875 0.8132525156250001 0.62521123125 0.8087007265625001 0.6360287515625 0.797664578125 0.63950733125 0.7976241671875 0.6487409515625 0.8034680703125 0.6561950546875 0.8033814750000001 0.6682777953125 0.7987777296874999 0.67707285 0.7887569390625 0.682135328125 0.7718364765625 0.6828125 0.7637547046875 0.6828125 0.7401041796875 0.6827663687500001 0.7395936375 0.6729332718750001 0.694082225 0.66166614375 0.6753677437500001 0.6573672171875 0.6704583765625 0.6535650953125 0.66875 0.6491212078124999 0.66875 0.6309426265625 0.673245009375 0.6202292265625 0.6813043625 0.6142833 0.6808775062500001 0.6040210921875 0.6760374140625001 0.5796875 0.6780817499999999 0.5796875 0.8188749109375
5 0.6556612656249999 0.8113996890624999 0.651084684375 0.8144284421875 0.6505293703125 0.8303046796875 0.6547289046875 0.8664588515624999 0.66453360625 0.8985804578125001 0.6863800328125 0.9414726531250001 0.69314630625 0.9468492859375001 0.69340421875 0.946875 0.70391200625 0.946875 0.7086208625 0.9446857921875 0.7261762593750001 0.9256364765625001 0.744135521875 0.9234441171875 0.7504805765625 0.9124599265625001 0.7658920328125001 0.8978988937499999 0.769630915625 0.8904164953125001 0.7709434734375 0.8670924937500001 0.7764681859375 0.8511585234375 0.779416703125 0.8094660749999999 0.7867793078125 0.7835921328125 0.78747345 0.7637468359375 0.7848041718750001 0.7548510875 0.7772522609375 0.7435324109375 0.7555493906249999 0.7249391609375 0.7462810640625 0.7200875234375 0.725583115625 0.7153686625000001 0.7153209109375 0.7105285734375 0.6969737359375 0.7078125 0.68459598125 0.7078125 0.67849528125 0.7124441734375 0.6812907625 0.7461350015624999 0.678192375 0.7779105718749999 0.6716564296875001 0.794352221875 0.6595042703125 0.8009404984374999 0.6556612656249999 0.8113996890624999
6 0.5796875 0.9629781703125001 0.5801915328125 0.9629480171874999 0.608245775 0.95617500625 0.6281927921875 0.9539595546874999 0.6383571906250001 0.947394371875 0.648382759375 0.9447982500000001 0.6534909890625 0.9407714578124999 0.6644820453125 0.924773984375 0.6663436 0.8999558140625 0.655724865625 0.8485023578125 0.6534547203125001 0.8281955640625001 0.6489712171875001 0.8143615843750001 0.6441753515624999 0.8094579890624999 0.6293365640624999 0.8076466515625 0.5962955671875 0.8149735249999999 0.5796875 0.816781 0.5796875 0.9629781703125001
10 0.77493911875 1 0.7849008749999999 0.989829803125 0.801093240625 0.9529428078125001 0.802301675 0.9325956 0.7987552640625 0.8919704656250002 0.7899397109375 0.8315693078125002 0.7878320609375 0.7924152515625 0.7850586625 0.7864962984374999 0.7830014875 0.7885039218750001 0.7784012406249999 0.8064108765625001 0.77500784375 0.8466207000000001 0.7683330671874999 0.8670314093750001 0.7695919796874999 0.8878458828125 0.7653388015625 0.8958301859375 0.7493957 0.9113892578125 0.7445935218749999 0.9208677328124999 0.725126090625 0.9235735437500001 0.7080676328125 0.9426170875000001 0.7024798171875 0.9461535187500001 0.6960022421875001 0.9467247000000001 0.686768621875 0.9408807984374998 0.67695760625 0.9231412609374999 0.6678170671875 0.9004346265625 0.6639803750000001 0.8965117515625 0.6640024578125 0.9242836249999999 0.6592696953125 0.93177756875 0.6444245921875 0.9443483 0.63340514375 0.94695596875 0.6227785124999999 0.9525346593750001 0.603755959375 0.9567230953125 0.6026406062499999 0.9602075687500001 0.6059282968749999 0.9656246156249999 0.619426134375 0.9773701499999999 0.626383296875 0.9772893281249999 0.641037509375 0.9701760562499999 0.6559110031250001 0.9709951296875001 0.660891446875 0.9848233343749999 0.66226276875 1 0.77493911875 1
10 0.7780683765624999 0.7449193109375 0.7793856609375001 0.7498633171875 0.7875039265625 0.7591916937500001 0.79387265 0.7333293 0.79487284375 0.718935684375 0.7916435234375 0.697648171875 0.7793257265625 0.652165625 0.7835615499999999 0.6446774546875 0.7622798937499999 0.64244503125 0.7384267687499999 0.6427221359375 0.7244430328125 0.6448683109375001 0.7223511515625 0.6478681984375 0.7118112875 0.6509662265625 0.7001213625 0.65854099375 0.6943773640625001 0.6665426171875 0.6725056875 0.6811787 0.669333159375 0.686670796875 0.6774451109374999 0.7103812406250001 0.6844543328125 0.7088120218749999 0.7038002890625 0.7095791390625 0.7490675859375 0.721947465625 0.765581771875 0.732666096875 0.7780683765624999 0.7449193109375