2 0.2832380578125 0.648908075 0.2861086140625 0.65 0.312477575 0.65 0.3170149265625 0.647512884375 0.321875 0.6401889765625 0.321875 0.6141887406250001 0.31643329531250003 0.603982134375 0.30687030000000004 0.5942070453125 0.29689782343750004 0.588560821875 0.292291853125 0.5875 0.28237917343749996 0.5875 0.27455531093749996 0.589094465625 0.26633552968749996 0.5987058484375 0.263365084375 0.61054561875 0.265690665625 0.6257895437500001 0.27372175 0.6403087515625 0.2832380578125 0.648908075
2 0.2209516390625 0.6719935015625 0.2273022921875 0.6765625 0.2541396125 0.6765625 0.2634523078125 0.670381103125 0.27015470625 0.660571509375 0.2703125 0.6591922234375 0.2703125 0.6319216484375 0.2636729203125 0.6166953234375 0.25621996875 0.6125 0.239747165625 0.6125 0.2271506640625 0.619975209375 0.22150917812499998 0.62674385 0.2140625 0.64288029375 0.2140625 0.6590528265625 0.21593787656250002 0.664874734375 0.2209516390625 0.6719935015625
2 0.1594530328125 0.6489983687499999 0.16996680625 0.6546875 0.206425221875 0.6546875 0.212265628125 0.6531396953125 0.2192426375 0.6482075328125 0.2203125 0.646171303125 0.2203125 0.6176999328125 0.2134518078125 0.6089869375 0.197250296875 0.6046875 0.169934528125 0.6046875 0.16549349062500002 0.6065218546875 0.155101034375 0.6157072640625 0.1506850984375 0.62475401875 0.1504527328125 0.6337037140625 0.1544282890625 0.643152071875 0.1594530328125 0.6489983687499999
2 0.16157955 0.6699982062500001 0.17079539375 0.6791363640625 0.18052673125000002 0.684375 0.20625368281249998 0.684375 0.209259221875 0.6829240249999999 0.215625 0.6761901625 0.215625 0.6574413515625 0.2120852609375 0.65129963125 0.1833780875 0.655468784375 0.17211894375 0.6539753671875 0.1613046484375 0.6489651046875 0.1575429359375 0.6578183625 0.16157955 0.6699982062500001
2 0.10834969531250001 0.6416627015625 0.1103155046875 0.6606980734375 0.116094275 0.66875 0.1530700328125 0.66875 0.155826153125 0.66679295625 0.1578125 0.6631871765625 0.1578125 0.6422273609375 0.1539947015625 0.636424996875 0.1529390625 0.62512014375 0.13841671093750002 0.619495696875 0.1289210140625 0.62031326875 0.1172877765625 0.627143521875 0.10834969531250001 0.6416627015625
2 0.1671875 0.6890625 0.1671875 0.6718481484375001 0.1597251890625 0.66374745 0.14463235624999998 0.6693264015625 0.117475653125 0.6682057859375 0.10917149374999999 0.681186809375 0.108798621875 0.6864277875 0.11104710625 0.6890625 0.1671875 0.6890625
2 0.0762680765625 0.684375 0.11215636250000001 0.684375 0.1140625 0.6816248359375 0.1140625 0.6611891515625 0.11266370625 0.6587689796875 0.10963095781250001 0.643631365625 0.09642371718750001 0.6311653046875 0.0808732359375 0.6265625 0.07534555937500001 0.6265625 0.06664099375 0.6276040828125 0.0572924046875 0.6357313984374999 0.053456323437499995 0.6455547078125 0.0559586484375 0.6625297703124999 0.0655893734375 0.6762962421875 0.0762680765625 0.684375
16 0.306702909375 0.652465434375 0.3096257078125 0.6639361734375 0.31700897499999997 0.666080109375 0.3373490296875 0.6869710484375 0.3388972828125 0.6875 0.363345771875 0.6875 0.3640625 0.686505853125 0.3640625 0.6541625828125001 0.3581518359375 0.6478681296875 0.346435903125 0.6014089593749999 0.3401182859375 0.5957808828125 0.31671825625 0.5859375 0.3122366078125 0.5859375 0.311749803125 0.586025871875 0.3079458296875 0.5964917 0.3208531484375 0.6140862625 0.3233667953125 0.630180165625 0.3178406796875 0.64299110625 0.306702909375 0.652465434375
10 1 0.1314285921875 0.9917757640625 0.122905915625 0.971168446875 0.0890810578125 0.951593528125 0.06879580625000001 0.9266083671875001 0.047427321875 0.912054375 0.0294111375 0.8965150093750001 0.0196650046875 0.8902986984375 0.01875 0.861130909375 0.01875 0.856879271875 0.022724078124999998 0.8455889734375 0.057113228125000005 0.82571074375 0.08517010781249999 0.8142149765625 0.08242611250000001 0.7942346421875 0.0704006515625 0.7838034703125001 0.06704835 0.7659523281249999 0.053806278124999996 0.7620832671875 0.055053670312500004 0.75839679375 0.0610136140625 0.7578125 0.0668285125 0.7578125 0.0724213890625 0.7657591640625 0.13869376718749998 0.7630258718749999 0.150531575 0.7705479468750001 0.2005036859375 0.7701815078124999 0.2341101140625 0.77648859375 0.26583006249999996 0.781485375 0.278710065625 0.80074214375 0.3113798734375 0.8207063796874999 0.330479290625 0.8526510234375 0.3517246578125 0.8751498703125 0.36134767343749996 0.8781369234374999 0.3654211375 0.8790820546875 0.37483598281249997 0.8817831546875 0.3771460875 0.918288228125 0.39064763281250003 0.9994027890625 0.4484375 1 0.4484375 1 0.1314285921875
5 0.802945459375 0.53075496875 0.805320575 0.53125 0.8223947218750001 0.53125 0.825 0.5290299093749999 0.825 0.5252688609375 0.8246390171875 0.523130709375 0.825 0.5224229796875 0.825 0.5042755390625 0.8222218828125 0.4977770625 0.815426496875 0.4906368953125 0.8033539609375 0.4890281265625 0.8001813343749999 0.47759394843749997 0.8022600750000001 0.4715122625 0.8007246546874999 0.466096628125 0.7794052203125 0.44650589687500003 0.7735629187499999 0.44375 0.7634640734375 0.44375 0.763413159375 0.4437544578125 0.7609375 0.44915523281249997 0.7609375 0.4643919171875 0.7634032140625 0.49152089062500004 0.790779728125 0.52491533125 0.802945459375 0.53075496875
11 0.3001016171875 1 0.29922861875 0.974220659375 0.2946229421875 0.9359236984375 0.29475300625 0.9059796562500001 0.3020321 0.838557165625 0.301959728125 0.8112734078124999 0.3121360640625 0.797540340625 0.315002053125 0.7881121234374999 0.3128568625 0.7810093499999999 0.3050772421875 0.770304975 0.3039196859375 0.7643407265625 0.3088014328125 0.756657503125 0.31063929843750004 0.7466228187499999 0.31416902812499997 0.7425895890625 0.322345546875 0.7410194359375 0.346875 0.7306555125 0.346875 0.721875 0.3260591703125 0.721875 0.3055232328125 0.7291505171875 0.2914209 0.7238895171874999 0.2795852203125 0.7241351203125 0.266073621875 0.732287178125 0.26193658750000004 0.7443012718750001 0.262008959375 0.771585028125 0.25577519375 0.78291824375 0.25443114375000003 0.793522190625 0.25823567812500003 0.8141124296875001 0.26460685 0.815090946875 0.266339196875 0.8205603437500001 0.26779610468750004 0.8367080953125001 0.2660797015625 0.8451466078125 0.24075759843750003 0.8038024781249999 0.227918340625 0.7890016484375 0.214099415625 0.780016246875 0.18972383125 0.7756445234375 0.163008590625 0.77378426875 0.1338322328125 0.77603165625 0.11349613437499999 0.7821038734375 0.1049552265625 0.7884625453125 0.10007348125 0.79614576875 0.084860790625 0.86194606875 0.0828125 0.8888634234375001 0.0828125 0.950205090625 0.086906540625 0.9974123500000001 0.0874965015625 1 0.3001016171875 1
1 0.153125 0.6890625 0.153125 0.7798202125 0.154828540625 0.78211859375 0.2073270890625 0.7830180671875 0.22020352812500002 0.7883163609375 0.22520016250000002 0.796875 0.23672880937500002 0.796875 0.23985185312500001 0.7918842515625 0.27494612812499997 0.6890625 0.153125 0.6890625
0 0.7796875 0.8860492499999999 0.824520646875 0.9175385406250001 0.9018512796875001 0.9264937640625 0.9161717656249999 0.932621021875 0.9295375531250001 0.935920315625 0.9675688953125 0.9484375 0.9776877062499999 0.9484375 0.9834780578124999 0.9420475749999999 0.984375 0.9383082609375 0.984375 0.9209295031250001 0.9123529703125 0.8529666625000001 0.8569804171875 0.7987639921875 0.8402731828124999 0.8138464750000001 0.8063813625 0.8496673703125 0.7796875 0.8822787046875 0.7796875 0.8860492499999999
4 1 1 1 0.9479108374999999 0.9508789656250001 0.93881823125 0.9025487828125 0.9208491203125 0.8795701781249999 0.91875 0.8167515078124999 0.91875 0.8160377578125001 0.9242486828124999 0.8073383249999999 0.9305621531250001 0.8020220046875 0.939303884375 0.7962223828124999 0.9606725562499999 0.7884895546875 0.9757277578125001 0.779790121875 0.9854407890625 0.768190878125 0.9961251250000001 0.7650488484375 1 1 1
4 0.7733429921875 0.6890625 0.7578125 0.7144609546875 0.7578125 0.715571790625 0.7919490703125 0.7443937796875 0.8375814500000001 0.7372134 0.8539130359375001 0.73146909375 0.8615984906249998 0.7420003187499999 0.8534326968749999 0.748702009375 0.818367815625 0.759233234375 0.886095871875 0.753967621875 0.9177983671875001 0.748223315625 0.9105932546875 0.7745513796875 0.9125146187500001 0.8027942109375001 0.9163573453125 0.81667628125 0.9120342765625 0.8209845109374999 0.9120342765625 0.825 0.9458379828125001 0.825 0.94661881875 0.807102440625 0.9451777953124999 0.7903482187499999 0.9403743875 0.7673709984375 0.9288462078125 0.7496593921875 0.9268621906250001 0.7457049796875 0.9624700656249999 0.7424790125 0.9734375 0.731549221875 0.9734375 0.7212053843749999 0.9715965421874999 0.7195017906250001 0.969675178125 0.711364028125 0.9480598406249999 0.70992795 0.9374923421875 0.71184271875 0.9322085937499999 0.698918034375 0.9158291421874999 0.6890625 0.7733429921875 0.6890625
8 1 0.8504100093750001 0.977244334375 0.7390625 0.941658259375 0.7390625 0.723740190625 0.7687932125 0.7207048671875 0.7881358374999999 0.6953125 0.817385146875 0.6953125 0.8321691671875 0.7799291671875 0.959375 0.8018752265625 0.959375 0.8154069390625001 0.9350188984375001 0.8239058421875001 0.9199074703125 0.7777689359375 0.8806177640625 0.8572943921875 0.79841160625 0.9890274 0.9205119296875001 0.9890274 0.9350188984375001 0.982956753125 0.9513392359375 0.9914556578125 0.9483169531250001 1 0.946426365625 1 0.8504100093750001
3 0.73125 1 0.73125 0.9836529953125 0.7295992124999999 0.9803625374999999 0.7239450859375001 0.975666628125 0.7145215406250001 0.9646312437500001 0.711694478125 0.962518084375 0.703448875 0.9629876765625 0.6985015140625 0.9615789046875 0.6916694437500001 0.9611093125 0.6756494156249999 0.9651008359375 0.6732935281250001 0.9651008359375 0.6699952875 0.9632224718749999 0.6676394015625 0.9594657453125001 0.6674038125 0.9420908859375 0.6655191031250001 0.9294119328124999 0.6572735015625 0.9026452562499999 0.65303290625 0.8953665984375 0.6497346640625 0.8925490546875 0.64290259375 0.89114028125 0.6325366953125 0.8869139640625001 0.621228440625 0.8840964187499999 0.613454015625 0.8796353046875 0.604501646875 0.8711826703125001 0.6016745828125 0.8653127859375 0.60143899375 0.8608516734375 0.6021457609375 0.8554513781249999 0.6049728234375 0.847468334375 0.611098128125 0.8378417218750001 0.617459021875 0.8319718375 0.6191081421875 0.8291542921874999 0.6261758015625001 0.8253975656250001 0.627824921875 0.8230496125 0.627589334375 0.8204668625 0.6242910921875 0.8167101359375 0.6242910921875 0.8141273859375 0.6259402125 0.80285720625 0.6285316890625 0.7991004796875 0.6299452203125 0.7925262078124999 0.627589334375 0.7890042765625 0.6259402125 0.7833691859374999 0.62311315 0.77796889375 0.620050496875 0.7744469625 0.6153912859374999 0.7734375 0.6118257421875001 0.7734375 0.6066219453125 0.773742575 0.5712836484375 0.7826648 0.54701801875 0.79205661875 0.534531821875 0.7981612984375 0.5260506296875 0.807553115625 0.5215744453125 0.816475340625 0.515213553125 0.8376069265625 0.50060705625 0.9031148468750001 0.49754440468750005 0.9108630968749999 0.494010575 0.9258900015625 0.48081761093750003 0.9679183796874999 0.46874636093750005 1 0.73125 1
10 0.459375 0.6890625 0.459375 0.87176341875 0.46014944687500003 0.871875 0.509455153125 0.871875 0.5133134796875 0.8701802953125 0.5197516203125 0.8416162187499999 0.52714355625 0.8147183796874999 0.5302434015624999 0.8080534296874999 0.5359661921875001 0.8004363421875 0.5383506890625 0.7980560015625 0.5419274328125 0.7963897640625 0.586040609375 0.7809175578125 0.6055934781250001 0.7756808093750001 0.616562159375 0.7737765375000001 0.6215696015625001 0.7742526046875 0.6270539421875 0.777347046875 0.6322998328125 0.7785372171875 0.68642789375 0.7790132859375001 0.7045500625 0.7802034546875001 0.7136111484375001 0.779489353125 0.718618590625 0.7725863671875001 0.726010528125 0.7687778234375 0.7369792109375 0.757114159375 0.7462787437499999 0.7504492093749999 0.7500939390625 0.7399757140625 0.7605857203124999 0.726407778125 0.76964680625 0.711173603125 0.7703125 0.7097822359375 0.7703125 0.6890625 0.459375 0.6890625