18 0.5 0.2241376953125 0.48714045937500006 0.21781398749999997 0.48365045156250003 0.21781398749999997 0.4698911359375 0.223831903125 0.44243725468750006 0.22784384531250002 0.42219649062500003 0.2338617625 0.39985136250000003 0.2303513109375 0.3942828859375 0.22533637812500001 0.38354738125 0.2273423515625 0.3768522609375 0.238375196875 0.37689758906250004 0.25592745 0.3802581015625 0.2719752234375 0.37828971093749997 0.2764886625 0.37689759375 0.29454240625 0.37161401562499996 0.30056032187500004 0.37105069375 0.30858420937500003 0.3824790234375 0.3211215328125 0.3810092046875 0.3256349703125 0.38226535 0.3321543765625 0.396218915625 0.3406797578125 0.39647791718750003 0.3471991671875 0.401023346875 0.347700659375 0.40525797968750005 0.371270828125 0.40733644687500004 0.3762857578125 0.40994586093749996 0.37728874375 0.408883965625 0.3853126296875 0.41028903593750005 0.38882307968749996 0.412756 0.38430964375 0.42108928749999996 0.3787932234375 0.4276225359375 0.38782009375 0.44187395 0.390327559375 0.4542735234375 0.398351446875 0.46201363124999995 0.4015625 0.47266969062499997 0.4015625 0.475284803125 0.3818021796875 0.49103840625000006 0.33716930624999997 0.49182835 0.301061815625 0.49695652187499995 0.26796328125 0.5 0.2621684109375 0.5 0.2241376953125
1 0.42529269375 0.48632951406249997 0.41792002031250003 0.4779541078125 0.41442675937500006 0.466437925 0.4048036671875 0.4570155953125 0.394987496875 0.45492174375000005 0.3862343953125 0.45282789062499995 0.37135145937499997 0.45282789218749997 0.3625 0.44718754218749995 0.3625 0.45108715000000005 0.36977795 0.46643792812499996 0.3755216296875 0.47900103125 0.388762265625 0.5009864734375 0.399945559375 0.5145965078125 0.4067523046875 0.5271596187500001 0.4251285 0.5386757984375 0.4316275328125 0.540625 0.4463847171875 0.540625 0.44870905 0.53134731875 0.45 0.5244034390625 0.45 0.5053744453125 0.4498542109375 0.5051741765625 0.4488599375 0.496798771875 0.4418601171875 0.4915641421875 0.4363650078125 0.48109488437500003 0.43448744375 0.4831887375 0.42529269375 0.48632951406249997
1 0.396799496875 0.509960246875 0.39070621875 0.501664934375 0.38093296875 0.48818504999999995 0.377253 0.48300048125000006 0.3625 0.458037046875 0.3625 0.45892227500000005 0.3718134234375 0.489221965625 0.38321340625 0.50788641875 0.3955864203125 0.5172186453125 0.4017997203125 0.5265508718749999 0.40897320625000005 0.5441784125 0.440566471875 0.5734375 0.44375 0.5734375 0.44375 0.5550845953125 0.44254514843750004 0.5503998953125 0.4309587046875 0.5389938421875 0.4231722609375 0.5338092703124999 0.4077193859375 0.5244770453125 0.396799496875 0.509960246875
18 0.4196783125 0.394112584375 0.41004656562499997 0.3910397109375 0.409511103125 0.37772393125 0.406848875 0.3726024765625 0.401952353125 0.357238115625 0.39941055 0.3531409515625 0.39055511875 0.365432440625 0.3842543828125 0.36440815 0.37268295625 0.36235956874999997 0.3601357796875 0.3685053140625 0.3562558859375 0.37157818593749997 0.3576472109375 0.3746510578125 0.36091155937499997 0.3848939671875 0.359212728125 0.387966840625 0.352056128125 0.39718545625 0.3524174015625 0.40025832812499995 0.35659137812499997 0.409476946875 0.3631329671875 0.4125498171875 0.37015625 0.41971985468749995 0.3709992234375 0.42688989062499993 0.3730464375 0.444302834375 0.3898885484375 0.4473757046875 0.4005503453125 0.45044857812499994 0.40539310000000006 0.45659432187500004 0.406829784375 0.4625 0.4265625 0.4625 0.4265625 0.42507138749999995 0.4263812015625 0.4248413078125 0.4249361109375 0.41254981874999996 0.41724404374999996 0.40845265625 0.423503903125 0.3828453875 0.4196783125 0.394112584375
14 0.5684302062500001 0.4234375 0.5685224515625 0.4232491625 0.6428312734375 0.419877696875 0.6890678734375 0.413134765625 0.778238459375 0.40639183437500004 0.8244750578125 0.4013346359375 0.8890625 0.3950552140625 0.8890625 0.37999489531249997 0.8013567578125 0.387848771875 0.6973244078125 0.3945917046875 0.639528659375 0.4013346359375 0.5635685296874999 0.4080775671875 0.5663042125000001 0.4234375 0.5684302062500001 0.4234375
14 0.695380425 0.5421875 0.7077380953125 0.5421875 0.7077380953125 0.485620659375 0.7059942328125001 0.4091232640625 0.71122581875 0.3173263890625 0.7125 0.262674375 0.7125 0.175 0.6988072875 0.175 0.6955310640625 0.3139265046875 0.6902994796875 0.42952256875000006 0.692043340625 0.414223090625 0.692043340625 0.5400188078125 0.695380425 0.5421875
14 0.9268724531250001 0.5013341484375 0.9268724531250001 0.5078125 0.927809590625 0.5078125 0.9296875 0.5048615 0.9296875 0.49917385625 0.7076176593750001 0.2854525046875 0.70625 0.287845909375 0.70625 0.3025967328125 0.91302043125 0.5078125 0.9245166874999999 0.5078125 0.9268724531250001 0.5013341484375
14 0.8159881531250001 0.284377975 0.96251956875 0.23250095625 0.971875 0.2146715171875 0.971875 0.2090823328125 0.8884306500000001 0.245888575 0.817634571875 0.2693169046875 0.699092303125 0.30947975625 0.7061974765625 0.3203125 0.7187644765625001 0.3203125 0.8159881531250001 0.284377975
14 0.90625 0.3508139078125 0.65348976875 0.1421875 0.649436128125 0.1421875 0.6453125 0.1458274734375 0.6453125 0.1534236296875 0.8906670562500001 0.3640625 0.9061488656249999 0.3640625 0.90625 0.363949515625 0.90625 0.3508139078125
12 0.8700756828125 0.230001640625 0.8582552078125 0.30055761875 0.8700756828125 0.3284518453125 0.88831361875 0.33125 0.9035052125 0.33125 0.9156689453125001 0.31204347656250003 0.9173575859374999 0.31368431406249997 0.9477530937499999 0.257895865625 0.9859375 0.1955620359375 0.9859375 0.178907284375 0.9781486015624999 0.1594456625 0.9511303703125 0.14139645781250001 0.9089143875000001 0.138114784375 0.8717643234375 0.1610864984375 0.8565665703124999 0.19882574375 0.8700756828125 0.230001640625
4 0 0.659375 0 0.8832442171875 0.066878215625 0.9316175140624999 0.067610765625 0.9375 0.06971979687499999 0.9375 0.0995301359375 0.8585040750000001 0.114600253125 0.8143838953125 0.1334378984375 0.7664819859375 0.1535313890625 0.7122771953125 0.1773924078125 0.7299252671875001 0.198741740625 0.7475733375 0.22260275937500001 0.7475733375 0.245207934375 0.765221409375 0.253125 0.749327596875 0.253125 0.7319439390625 0.1759436625 0.659375 0 0.659375
4 0.06875 0.9439609843750001 0.0810463421875 0.942201140625 0.092743628125 0.9526178062499999 0.1109394078125 0.955221975 0.140832475 0.9643365578124999 0.17200596562499998 0.971875 0.1808912078125 0.971875 0.19022102031250002 0.923971975 0.20321800625000003 0.871888640625 0.2162149921875 0.810690725 0.2390625 0.7649118625 0.2390625 0.7567824125 0.217514690625 0.7442844734375 0.19022102031250002 0.7416803078124999 0.15797487968749999 0.709375 0.1477110296875 0.709375 0.13563368125 0.7325657234375 0.11483850312499999 0.787253225 0.09794242187499999 0.840638640625 0.0810463421875 0.892721975 0.06875 0.92791884375 0.06875 0.9439609843750001
4 0.28546468125 0.659375 0.26983465624999997 0.7025969546875 0.25573908749999996 0.7230706171875 0.2352364421875 0.769136353125 0.21345238125 0.8100836749999999 0.20832671875000003 0.8395145625 0.1903869046875 0.9060539593750001 0.18013558125 0.9572381125 0.1703125 0.9887676671874999 0.1703125 1 0.34163174218750003 1 0.35440806875 0.9725933578125 0.3915691140625 0.8958171296874999 0.412071759375 0.8382349578125 0.4325744046875 0.8382349578125 0.4594841265625 0.8535902046875 0.499208003125 0.7486626921874999 0.5 0.74902218125 0.5 0.7273841203125 0.4979265875 0.7230706171875 0.4710168640625 0.703876559375 0.4325744046875 0.68596210625 0.37234788281250003 0.68596210625 0.35120470312499996 0.659375 0.28546468125 0.659375
9 0.5 0.8545563406250001 0.48027763281249997 0.846864459375 0.4574638203125 0.836695809375 0.4419751515625 0.8328125 0.4242271265625 0.8328125 0.41183619218749995 0.836695809375 0.37888290625 0.9180450140625 0.3535342265625 0.96888826875 0.3386973984375 1 0.46418007031249997 1 0.47901019843750003 0.9739725937499999 0.5 0.9268602328125001 0.5 0.8545563406250001
4 0 1 0.1406150796875 1 0.15027281718750002 0.9839037703125 0.130431546875 0.9640625 0.1006696421875 0.9504216265625001 0.0870287703125 0.941741071875 0.043625992187500004 0.9405009921874999 0.0138640875 0.9504216265625001 0 0.9481109468750001 0 1
8 0 0.948195684375 0.0138640875 0.95166170625 0.034945435937500005 0.941741071875 0.059747023437500005 0.9429811515625 0.064707340625 0.9429811515625 0.069667659375 0.92686011875 0.017584325 0.8908978171874999 0 0.8782207453125 0 0.948195684375
8 0.1726498359375 0.659375 0.254439484375 0.735887896875 0.2693204359375 0.7098462296875 0.2904017859375 0.66024305625 0.2905464625 0.659375 0.1726498359375 0.659375
18 0.8265269640625 1 0.8487020765625001 0.9733702953125001 0.8871721234375001 0.9378077453125 0.9109375 0.9110422093749999 0.9109375 0.90146335 0.909958771875 0.8996219359375001 0.9039329296874999 0.89639044375 0.8591137312499999 0.8565800343750001 0.8433314390625 0.846875 0.829911015625 0.846875 0.8297051375000001 0.8472497359375 0.8320093249999999 0.8655673281249999 0.8313678484375 0.9207628937500001 0.8256998875000001 0.963461790625 0.8109375 0.9927032953125 0.8109375 1 0.8265269640625 1
18 0.8137310921875001 0.841927296875 0.8045844578124999 0.83641095625 0.7672408109375001 0.824156503125 0.75935265625 0.825548684375 0.7407193234375 0.8517571687500001 0.737453609375 0.8645574734375 0.73755185625 0.8818573781250001 0.7360292765625001 0.884672753125 0.7283588859375 0.8732932328124999 0.7347105296875001 0.8467056906250001 0.74214365625 0.8316418890625 0.7394524875 0.8280422078124999 0.7335363703125 0.8290863421875001 0.684873 0.8580481765625001 0.6647550671875 0.8733134 0.6567825921875 0.8854164093750001 0.652617965625 0.8932820546875 0.650068596875 0.9044279390625001 0.6519099781250001 0.9117429140625 0.6602967125 0.9214680171874999 0.661734975 0.9293634687499999 0.6583849421875 0.9528746015625 0.67290834375 0.9543860093750001 0.7399715859375 0.9705632015625 0.7598773265625001 0.9792739734375001 0.7710423375 0.987490075 0.7775005875 0.9950088796875001 0.783013584375 0.9945452203125 0.79389499375 0.973270190625 0.8019517875 0.9504563562499999 0.819710259375 0.877543846875 0.82140426875 0.8589089640625 0.8201457890625001 0.8520004421875 0.8137310921875001 0.841927296875
18 0.9570040328125 1 0.9718522499999999 0.97527465 0.963059609375 0.9605278796875 0.9449405562500001 0.9392778390625001 0.9298722328124999 0.9236013421875 0.9236401046874999 0.9201172734374999 0.9201890374999999 0.9207263515624999 0.900656790625 0.942000178125 0.87529831875 0.9648116046874999 0.8462874953125 1 0.9570040328125 1