15 0 0.436175978125 0.05619584062500001 0.4702403484375 0.055395831250000006 0.45304719687499995 0 0.41979131093750005 0 0.436175978125
15 0 0.46483457812499995 0.028381046875 0.47806689531249996 0.055817815625 0.48466101562499997 0 0.453404821875 0 0.46483457812499995
15 0 0.43129829218750004 0.007061068750000001 0.45751944375000003 0.028203684375 0.4692662421875 0 0.3764022828125 0 0.43129829218750004
15 0.0788249984375 0.491371425 0.22984892656250003 0.4992460453125 0.2040664375 0.48712399062499995 0.1582632796875 0.4832078984375 0.07565636875000001 0.4753085515625 0.0722332078125 0.486053834375 0.0788249984375 0.491371425
15 0.059577679687499996 0.40098047187499997 0.058039137500000004 0.40674812656250003 0.060092281250000004 0.4130558578125 0.0614653359375 0.412253546875 0.06142109531249999 0.41297813124999994 0.13997658125 0.472552440625 0.14947266875 0.46167395468750005 0.0667522453125 0.40105230625 0.059577679687499996 0.40098047187499997
15 0 0.40844991249999996 0.23570683125 0.4974690203125 0.24192859531250002 0.49683179375000003 0.2463858703125 0.4895264484375 0.24518035624999998 0.4820516953125 0 0.388240359375 0 0.40844991249999996
15 0 0.3108232921875 0.050353809375 0.43829056718750004 0.052817625 0.44219769218750005 0.054585465624999996 0.44124736249999996 0.0664308640625 0.44071130625 0.0768454046875 0.4762205125 0.083254753125 0.4762205125 0.056781103124999996 0.408478746875 0.0030733125 0.268917290625 0 0.261304059375 0 0.3108232921875
15 0.27098690312499996 0.35473466875000004 0.1295470625 0.4795735234375 0.15180174531249999 0.48366763749999997 0.28025951718750003 0.36774025625 0.2778852234375 0.360055565625 0.2712397046875 0.35420336875 0.27098690312499996 0.35473466875000004
15 0.0745511203125 0.3320037546875 0.0151586625 0.2858267375 0.0110413484375 0.2876960609375 0.0192607578125 0.309091928125 0.1813082265625 0.43518623593749994 0.25620597031250003 0.4943992453125 0.25260044531250003 0.470625840625 0.0745511203125 0.3320037546875
15 0.17229515625 0.3533450171875 0.161389134375 0.3495061046875 0.198508534375 0.3839377125 0.3353135234375 0.44349799531249995 0.4796875 0.5141951921875 0.4796875 0.4894774625 0.342510409375 0.4288226703125 0.17229515625 0.3533450171875
15 0.264072384375 0.33908253125 0.258162659375 0.335307009375 0.2513800484375 0.3340719875 0.2454507234375 0.3372216875 0.2434961859375 0.34097531875 0.26163301875 0.56875 0.2902630640625 0.56875 0.280336859375 0.5016585265625 0.264072384375 0.33908253125
15 0.290284890625 0.47072129062499996 0.301413059375 0.46142115468749995 0.414687346875 0.3535610734375 0.45754879062500003 0.3117683828125 0.45754879062500003 0.3043972734375 0.46686326874999995 0.29303735937500003 0.4787944515625 0.29211030625 0.4796875 0.29126661249999997 0.4796875 0.26676525624999997 0.2792836484375 0.4585779625 0.290284890625 0.47072129062499996
15 0.321058384375 0.232910540625 0.32153175156249997 0.48028275468750004 0.335413378125 0.47887618749999994 0.33445989374999996 0.2867778734375 0.335669146875 0.23473077187500002 0.33044330624999996 0.23304595625000002 0.321058384375 0.232910540625
15 0.3772106703125 0.189885715625 0.2726117625 0.42183363281249997 0.2762688765625 0.44859392031249995 0.30529727812499996 0.387672465625 0.3940192046875 0.19884211093749998 0.38720897656250003 0.18977850000000002 0.3772106703125 0.189885715625
4 0.6604662703125 0.5532986109375 0.6773313484375 0.5337053578125001 0.671875 0.5210565468749999 0.6701388890625 0.519568453125 0.6666666671875 0.519568453125 0.64112103125 0.5242807546875 0.6183035718750001 0.5252728171875 0.6106150796875001 0.5230406750000001 0.6014384921875 0.5148561515625001 0.5954861109375 0.5061755953125 0.590773809375 0.4907986109375 0.58407738125 0.451612103125 0.581597221875 0.44293154687499997 0.57762896875 0.41614583281249995 0.5744047625 0.4094494046875 0.56845238125 0.40796130937499997 0.55282738125 0.417137896875 0.546626984375 0.4186259921875 0.5456349203124999 0.4213541671875 0.54637896875 0.44293154687499997 0.543898809375 0.4464037703125 0.5381944437499999 0.4486359125 0.53447420625 0.4486359125 0.531994046875 0.4466517859375 0.531001984375 0.4285466265625 0.5295138890625 0.426810515625 0.5104166671875 0.429290675 0.5089285718750001 0.43201884843749994 0.5071924609375 0.44268353125 0.5074404765625 0.4533482140625 0.5143849203124999 0.469965278125 0.516369046875 0.4838541671875 0.5386904765625 0.5468501984375 0.540674603125 0.55478670625 0.5460695109375 0.56875 0.6579444234375 0.56875 0.65947420625 0.5632192453125 0.6604662703125 0.5532986109375
15 0.7455575624999999 0 0.7445436515625 0.0359375 0.7445436515625 0.05106646875 0.7452876984375 0.051810515625 0.7668650796875001 0.05106646875 0.7681880453125001 0 0.7455575624999999 0
4 0.813244046875 0.3747271828125 0.8110119046875001 0.395064484375 0.80927579375 0.4000248015625 0.803075396875 0.411185515625 0.796875 0.417633928125 0.7896825390625 0.4216021828125 0.781498015625 0.42408234062499994 0.7676091265625 0.42581845312500005 0.7614087296875 0.4250744046875 0.7408234125 0.4255704359375 0.7142857140625 0.42110615156250003 0.7053571421875 0.42110615156250003 0.7043650796875001 0.4218501984375 0.70262896875 0.42755456406250003 0.702380953125 0.4342509921875 0.703869046875 0.44541170625 0.705605159375 0.4506200390625 0.7078373015625 0.4746775796875 0.7078373015625 0.48484622968749996 0.705853175 0.49451884843749994 0.7016369046875 0.50419146875 0.6964285718750001 0.5111359125 0.674355159375 0.51981646875 0.671626984375 0.5220486109375 0.674355159375 0.5287450390624999 0.6803075390625 0.5369295640625 0.6835317453124999 0.5433779765625 0.687748015625 0.54833829375 0.6939484125 0.54561011875 0.7428075390625 0.5093998015625 0.7728174609375 0.4903025796875 0.783730159375 0.4818700390625 0.8085317453125 0.46525297656250003 0.81200396875 0.4617807546875 0.818204365625 0.45855654687499997 0.8365575390625001 0.44317956406250003 0.8546626984374999 0.42978670625 0.865079365625 0.42408234062499994 0.8978174609374999 0.402008928125 0.9273313484375001 0.379935515625 0.9355158734375 0.37274305625 0.9439484125 0.36753472187499997 0.94717261875 0.363814484375 0.94717261875 0.3593501984375 0.9454365078125001 0.3548859125 0.918402778125 0.3186755953125 0.9102182546875 0.3052827375 0.8891369046875001 0.2755208328125 0.880704365625 0.260887896875 0.865079365625 0.24352678593750002 0.856894840625 0.2283978171875 0.8504464281249999 0.224181546875 0.828373015625 0.220957340625 0.825644840625 0.22294146874999998 0.824652778125 0.22566964218750002 0.82490079375 0.2390625 0.8261408734375 0.241790675 0.830605159375 0.24600694375 0.8328373015625001 0.25171130937499997 0.840773809375 0.264112103125 0.8365575390625001 0.26981646875 0.8236607140625001 0.280233134375 0.8199404765624999 0.2859375 0.813244046875 0.3747271828125
15 0.59052579375 0.1718501984375 0.59424603125 0.17061011875 0.6116071421875 0.1693700390625 0.612103175 0.1661458328125 0.609126984375 0.15498511875 0.6054067453124999 0.1505208328125 0.6016865078125 0.1376240078125 0.599454365625 0.1244791671875 0.599950396875 0.11927083281249999 0.5974702375 0.11579861093749999 0.5922619046875 0.08777281718749999 0.59052579375 0.0865327375 0.5850694437499999 0.0865327375 0.575148809375 0.089012896875 0.5711805562500001 0.09149305625000001 0.5701884921875 0.0937251984375 0.5766369046875 0.1215029765625 0.580605159375 0.1257192453125 0.5798611109375 0.1309275796875 0.580853175 0.141840278125 0.5820932546875001 0.144568453125 0.5868055562500001 0.169866071875 0.588045634375 0.1718501984375 0.59052579375 0.1718501984375
13 0.672619046875 0.09967757968749999 0.67509920625 0.132415675 0.6758432546875001 0.1701140875 0.6800595234375 0.1840029765625 0.6820436515625 0.244766865625 0.684771825 0.27899305625 0.685019840625 0.3107390875 0.6865079359374999 0.332564484375 0.688244046875 0.3447172625 0.6912202375 0.389608134375 0.6946924609375 0.4037450390625 0.6981646828125 0.4109375 0.7013888890625 0.4149057546875 0.7105654765625 0.4213541671875 0.71552579375 0.42333829375 0.7234623015625 0.4253224203125 0.7418154765625 0.42730654687499997 0.771329365625 0.4278025796875 0.7879464281249999 0.42457837343750005 0.7948908734375 0.4220982140625 0.8058035718750001 0.4109375 0.8105158734375 0.40250496093750004 0.812251984375 0.39729662656250003 0.8172123015625001 0.3380208328125 0.822420634375 0.251215278125 0.824652778125 0.2373263890625 0.8261408734375 0.2187251984375 0.8263888890625 0.152008928125 0.830853175 0.1058779765625 0.8335813484375001 0.0912450390625 0.8358134921874999 0.0872767859375 0.84424603125 0.07958829375000001 0.8454861109375 0.07686011875 0.8452380953124999 0.07041170625 0.84424603125 0.0681795640625 0.841269840625 0.06569940468749999 0.825396825 0.059747023437500005 0.8179563484375001 0.057514881250000004 0.797619046875 0.0537946421875 0.7795138890625 0.052306546875000005 0.73487103125 0.05205853125 0.7103174609375 0.054290675 0.65947420625 0.0632192453125 0.653521825 0.0659474203125 0.65029761875 0.0691716265625 0.65029761875 0.07115575468749999 0.6522817453124999 0.0778521828125 0.65575396875 0.0847966265625 0.658730159375 0.08777281718749999 0.6696428578125 0.0934771828125 0.672123015625 0.0967013890625 0.672619046875 0.09967757968749999
13 0.531498015625 0.21525297656250003 0.5349702375 0.2187251984375 0.5376984125 0.2234375 0.5424107140625 0.2442708328125 0.546130953125 0.2745287703125 0.5481150796875001 0.279737103125 0.556795634375 0.28544146875 0.568700396875 0.2973462296875 0.5736607140625 0.3055307546875 0.577380953125 0.31545138906250003 0.5818452375 0.339508928125 0.5823412703125 0.3484375 0.5798611109375 0.36604662656250003 0.5758928578125 0.382663690625 0.5763888890625 0.3908482140625 0.57490079375 0.40225694375 0.578869046875 0.43226686562500005 0.5887896828125 0.48211805625000004 0.59052579375 0.489310515625 0.5927579359374999 0.4930307546875 0.59325396875 0.49898313437499997 0.5952380953125 0.503943453125 0.5982142859375 0.5066716265625 0.6051587296875 0.5178323406249999 0.6081349203124999 0.519568453125 0.611855159375 0.523784721875 0.619295634375 0.526016865625 0.643601190625 0.5242807546875 0.6572420640625001 0.5210565468749999 0.6798115078125 0.5183283734375 0.6959325390625 0.5126240078125 0.700396825 0.5086557546875 0.7046130953125 0.5004712296875 0.7073412703125 0.49278273749999996 0.7083333328125 0.485590278125 0.7075892859375 0.4657490078125 0.70362103125 0.44293154687499997 0.702380953125 0.4191220234375 0.7013888890625 0.413913690625 0.6954365078125 0.40225694375 0.6927083328125 0.3933283734375 0.6892361109375 0.34794146875 0.6852678578125 0.3278521828125 0.685019840625 0.291641865625 0.6830357140625 0.2814732140625 0.681795634375 0.2660962296875 0.6825396828125 0.23955853125 0.6783234125 0.182762896875 0.6760912703125 0.17705853124999998 0.671875 0.1745783734375 0.6515376984375 0.1701140875 0.6386408734375 0.1688740078125 0.624751984375 0.1691220234375 0.5917658734375 0.1723462296875 0.5716765875 0.175818453125 0.5607638890625 0.179042659375 0.547123015625 0.1847470234375 0.53447420625 0.191443453125 0.5260416671875 0.198883928125 0.521329365625 0.20657242031249998 0.5230654765625 0.2130208328125 0.52529761875 0.21475694375 0.531498015625 0.21525297656250003
4 0.746527778125 0.5312251984375 0.7552083328125 0.5337053578125001 0.765625 0.538913690625 0.79092261875 0.5463541671875001 0.8010912703124999 0.5520585312499999 0.8204365078125001 0.56024305625 0.8323412703124999 0.5622271828125001 0.8420138890625 0.56123511875 0.8452380953124999 0.5567708328125 0.8506944437499999 0.554538690625 0.85342261875 0.5523065468749999 0.8578869046875001 0.5441220234374999 0.8611111109375 0.535689484375 0.8603670640625 0.5153521828125001 0.8695436515624999 0.5056795640625 0.872023809375 0.4905505953125 0.878472221875 0.4721974203125 0.8836805562500001 0.46351686562500005 0.889880953125 0.457564484375 0.888144840625 0.4513640875 0.8888888890625 0.44913194375 0.8953373015625001 0.44268353125 0.8975694437499999 0.44169146875000004 0.8995535718750001 0.43797122968749996 0.9042658734375 0.43375496093750004 0.9082341265625 0.4307787703125 0.91220238125 0.429290675 0.9139384921874999 0.42705853125 0.9134424609374999 0.4255704359375 0.909722221875 0.42358630937499997 0.8923611109375 0.4213541671875 0.8856646828124999 0.417633928125 0.8839285718750001 0.413665675 0.88095238125 0.413665675 0.8789682546875 0.4156498015625 0.853670634375 0.42978670625 0.8519345234375001 0.43177083281249995 0.837549603125 0.4409474203125 0.827876984375 0.44937996093750004 0.8167162703124999 0.4568204359375 0.7953869046875 0.473685515625 0.740079365625 0.511383928125 0.7328869046875 0.5180803578125001 0.731646825 0.5213045640625 0.746527778125 0.5312251984375
11 0.828373015625 0.1277033734375 0.8261408734375 0.1544890875 0.8258928578125 0.191443453125 0.828373015625 0.1964037703125 0.8373015875 0.20682043593750002 0.847222221875 0.21450892812500003 0.85342261875 0.2212053578125 0.8663194437499999 0.24327877031249998 0.8816964281249999 0.2626240078125 0.8891369046875001 0.27527281718749996 0.919394840625 0.3171875 0.9283234125 0.3253720234375 0.9352678578125 0.33008432499999996 0.938244046875 0.330332340625 0.9417162703124999 0.3285962296875 0.9486607140625001 0.3290922625 0.950148809375 0.326612103125 0.9568452375 0.301314484375 0.9595734125 0.2951140875 0.9605654765624999 0.2837053578125 0.9672619046875001 0.26981646875 0.9779265875 0.2212053578125 0.978174603125 0.2055803578125 0.9737103171875001 0.188715278125 0.9759424609374999 0.1743303578125 0.9756944437499999 0.16688988124999998 0.9727182546875 0.1587053578125 0.9608134921874999 0.13613591249999998 0.9508928578125 0.12373511875000001 0.9389880953124999 0.10488591249999998 0.9357638890625 0.10215773749999998 0.9255952375 0.097693453125 0.9047619046875001 0.0781001984375 0.8955853171875001 0.076116071875 0.8928571421875 0.0746279765625 0.888144840625 0.0746279765625 0.88095238125 0.076612103125 0.872271825 0.0763640875 0.8643353171875001 0.0778521828125 0.8546626984374999 0.08231646875000001 0.8487103171875001 0.0818204359375 0.8427579359375 0.083060515625 0.8358134921874999 0.0870287703125 0.8320932546875 0.09248511875 0.830605159375 0.09794146875000001 0.830853175 0.11034226250000001 0.828373015625 0.1277033734375
4 0.2508928578125 0.656597221875 0.2521329359375 0.6615575390624999 0.2670138890625 0.6801587296875 0.290575396875 0.6863591265625 0.3054563484375 0.7012400796875 0.3265376984375 0.7235615078125 0.3414186515625 0.7508432546875 0.35381944375 0.7706845234374999 0.3625 0.728521825 0.37862103125 0.7111607140625 0.41210317500000004 0.690079365625 0.4418650796875 0.6751984125 0.47782738125 0.652876984375 0.4796875 0.6518583484375 0.4796875 0.5850648890625 0.4455853171875 0.587152778125 0.4009424609375 0.5896329359375 0.3376984125 0.5759920640625 0.3193802515625 0.56875 0.24696557968750002 0.56875 0.2484126984375 0.6020337296875 0.2508928578125 0.656597221875
12 0.41466836718750005 1 0.43690476250000004 0.9740575390625 0.4542658734375 0.956696428125 0.4796875 0.9312748015625001 0.4796875 0.773975503125 0.4765873015625 0.7756448406249999 0.45674603124999996 0.79052579375 0.4517857140625 0.809126984375 0.438144840625 0.8165674609375 0.422023809375 0.833928571875 0.40714285781250004 0.84756944375 0.3959821421875 0.86493055625 0.3637400796875 0.8922123015625001 0.3352182546875 0.9207341265625001 0.340178571875 0.9418154765625 0.35009920625 0.9864583328125001 0.3520337296875 1 0.41466836718750005 1
10 0.3091765875 0.7024801593750001 0.2831349203125 0.6863591265625 0.2595734125 0.68387896875 0.25585317500000004 0.6665178578125001 0.2459325390625 0.6466765875 0.22981150781249998 0.628075396875 0.2136904765625 0.628075396875 0.1888888890625 0.6417162703125 0.175248015625 0.6615575390624999 0.183928571875 0.6764384921875 0.2012896828125 0.7049603171875 0.2136904765625 0.7074404765625 0.21741071406249998 0.714880953125 0.20997023750000002 0.728521825 0.208730159375 0.7520833328125 0.21989087343749997 0.7830853171875 0.2459325390625 0.809126984375 0.2513437953125 0.82536075 0.2707341265625 0.8302083328125001 0.29305555625 0.8227678578125 0.3178571421875 0.837648809375 0.3240575390625 0.866170634375 0.3352182546875 0.9170138890624999 0.34637896874999996 0.9046130953124999 0.37490079375 0.884771825 0.40218253906249996 0.8512896828125 0.3897817453125 0.8388888890624999 0.37118055625 0.8041666671875 0.3513392859375 0.7644841265625 0.340178571875 0.7533234125 0.3327380953125 0.728521825 0.3091765875 0.7024801593750001
4 0.4108630953125 0.6950396828125001 0.3612599203125 0.7248015875 0.35381944375 0.76944444375 0.3662202375 0.78680555625 0.364980159375 0.79052579375 0.3897817453125 0.78680555625 0.4232638890625 0.7855654765625 0.46170634843749997 0.7855654765625 0.47782738125 0.7756448406249999 0.4796875 0.7745985234375 0.4796875 0.6540252046874999 0.475347221875 0.656597221875 0.4108630953125 0.6950396828125001
1 0.3531965875 1 0.352579365625 0.99637896875 0.33645833281250004 0.9294146828125 0.32529761874999996 0.8636904765625 0.3116567453125 0.8351686515625 0.2670138890625 0.8277281750000001 0.2335317453125 0.8351686515625 0.1826884921875 0.8426091265625001 0.1740079359375 0.850049603125 0.1355654765625 0.8760912703124999 0.134325396875 0.8736111109375001 0.15292658750000002 0.9306547625 0.16904761875000002 0.9914186515625 0.171861175 1 0.3531965875 1
9 0.17327166875 1 0.1554067453125 0.94305555625 0.13680555625 0.8835317453125 0.177728175 0.8760912703124999 0.221130953125 0.8723710312499999 0.2546130953125 0.8723710312499999 0.262053571875 0.8736111109375001 0.2645337296875 0.8525297625 0.25585317500000004 0.8289682546874999 0.24965277812500003 0.8140873015625001 0.22857142812500003 0.793005953125 0.216170634375 0.7669642859375 0.20749007968750002 0.7421626984375 0.21493055625 0.7235615078125 0.21493055625 0.7248015875 0.216170634375 0.7235615078125 0.212450396875 0.722321428125 0.15292658750000002 0.7483630953125 0.10332341249999999 0.7669642859375 0.10952380937499999 0.8264880953124999 0.130605159375 0.9269345234375 0.14488232031249998 1 0.17327166875 1
1 0.54775390625 0.96962890625 0.56240234375 0.97353515625 0.6419921875 0.89296875 0.641015625 0.88466796875 0.6263671875 0.84267578125 0.61708984375 0.83388671875 0.605859375 0.82998046875 0.586328125 0.84072265625 0.5716796875 0.85244140625 0.55654296875 0.871484375 0.54970703125 0.883203125 0.531640625 0.9046875 0.52626953125 0.914453125 0.5248046875 0.928125 0.53359375 0.937890625 0.53603515625 0.96083984375 0.5384765625 0.9642578125 0.54775390625 0.96962890625
1 0.8430881078124999 1 0.84365234375 0.99990234375 0.87001953125 0.9916015625 0.88125 0.9916015625 0.8841796875 0.98916015625 0.88564453125 0.98134765625 0.88173828125 0.95693359375 0.8705078125 0.930078125 0.85830078125 0.91201171875 0.85 0.90859375 0.840234375 0.90859375 0.83388671875 0.910546875 0.83193359375 0.91494140625 0.82314453125 0.92373046875 0.80947265625 0.9310546875 0.7826171875 0.9525390625 0.77236328125 0.9681640625 0.7728515625 0.97890625 0.77822265625 0.98525390625 0.7865234375 0.98037109375 0.78798828125 0.98330078125 0.7943359375 0.984765625 0.812998046875 1 0.8430881078124999 1
9 0.7259765625 0.8998046875 0.73134765625 0.90126953125 0.72744140625 0.875390625 0.72109375 0.85830078125 0.72451171875 0.85390625 0.723046875 0.84951171875 0.7103515625 0.844140625 0.70400390625 0.8470703125 0.70009765625 0.851953125 0.6849609375 0.8529296875 0.67958984375 0.84169921875 0.67470703125 0.83974609375 0.67421875 0.8373046875 0.6625 0.82705078125 0.65517578125 0.8265625 0.64833984375 0.8294921875 0.65419921875 0.83388671875 0.65810546875 0.84072265625 0.668359375 0.8509765625 0.6751953125 0.86220703125 0.6771484375 0.86904296875 0.69521484375 0.86904296875 0.7123046875 0.871484375 0.7142578125 0.8744140625 0.7142578125 0.8880859375 0.7259765625 0.8998046875