12 0.1959099265625 0 0.18515625 0.005712890625 0.17978515625 0.010595703125 0.17880859375 0.037451171875 0.1822265625 0.044775390625 0.191015625 0.054052734375 0.1978515625 0.071142578125 0.21005859375 0.115576171875 0.2154296875 0.143408203125 0.22080078125 0.158056640625 0.23837890625 0.239111328125 0.2408203125 0.243505859375 0.2486328125 0.247900390625 0.259375 0.271337890625 0.261328125 0.283056640625 0.2564453125 0.290869140625 0.25595703125 0.296240234375 0.261328125 0.317236328125 0.26474609375 0.319189453125 0.27744140625 0.319189453125 0.28623046875 0.330908203125 0.287939453125 0.33125 0.291748046875 0.33125 0.2974609375 0.325537109375 0.29892578125 0.313330078125 0.308203125 0.309423828125 0.3140625 0.299958684375 0.3140625 0.2984026234375 0.30771484375 0.288427734375 0.2955078125 0.245458984375 0.280859375 0.092626953125 0.2759765625 0.078955078125 0.26865234375 0.068212890625 0.27060546875 0.056982421875 0.2701171875 0.035498046875 0.259375 0.010595703125 0.251133896875 0 0.1959099265625 0
12 0.0633488578125 0 0.060009765625 0.006201171875 0.059033203125 0.016455078125 0.068310546875 0.046240234375 0.076123046875 0.064306640625 0.096142578125 0.083837890625 0.097607421875 0.100439453125 0.100048828125 0.107763671875 0.159130859375 0.193701171875 0.165478515625 0.206396484375 0.197705078125 0.254736328125 0.199169921875 0.261083984375 0.198193359375 0.267919921875 0.202587890625 0.274267578125 0.212353515625 0.299658203125 0.219189453125 0.305029296875 0.234326171875 0.303076171875 0.24131401874999997 0.3109375 0.2520703125 0.3109375 0.255322265625 0.305517578125 0.255322265625 0.286474609375 0.259375 0.28404296875 0.259375 0.27057756718750003 0.250439453125 0.248876953125 0.246533203125 0.243994140625 0.241650390625 0.242041015625 0.239208984375 0.237158203125 0.233349609375 0.204931640625 0.226025390625 0.181494140625 0.224072265625 0.168310546875 0.197705078125 0.065771484375 0.193310546875 0.055517578125 0.179150390625 0.038916015625 0.175244140625 0.005224609375 0.1725903703125 0 0.0633488578125 0
15 0 0.0340129890625 0.0471755875 0.09869142187499999 0.1546187265625 0.2450364765625 0.21280466874999998 0.325171246875 0.28148969375 0.41775712968749995 0.31848564218750003 0.4640625 0.32056122343750004 0.4640625 0.3237702671875 0.462341509375 0.3276504953125 0.459203690625 0.328125 0.4585661734375 0.328125 0.45522506093750004 0.322021896875 0.44745278125 0.23532429531250001 0.32863731875 0.160385534375 0.2258276171875 0.06839808124999999 0.0996653609375 0 0.006094096875 0 0.0340129890625
15 0 0.059544714062500004 0.025196884375 0.09534779531250001 0.0862240171875 0.17893971718749999 0.16171324375 0.28068279375 0.2141806859375 0.3496566765625 0.26670779218749996 0.41756020312500003 0.31317502343750003 0.47652025781249996 0.317197809375 0.47524985 0.32028113125 0.472508709375 0.3203125 0.4724221296875 0.3203125 0.46663075625 0.2834711546875 0.419721728125 0.2406490984375 0.3621220453125 0.1608057734375 0.252874903125 0.0714742953125 0.1318482078125 0.009444259375 0.0479707421875 0 0.0348993734375 0 0.059544714062500004
15 0.31455421875 0.4796875 0.26486342343749997 0.41457133125 0.2009213328125 0.33189138281249997 0.1340227375 0.24384403125 0.0752760125 0.1658927703125 0.0195135265625 0.0921198984375 0 0.0667245671875 0 0.092716828125 0.053832831250000004 0.1641244875 0.1165957953125 0.245810778125 0.1817603953125 0.33147538593750003 0.2197828 0.38071348125000004 0.2499196046875 0.4213206078125 0.287876096875 0.47097116874999995 0.294703034375 0.4796875 0.31455421875 0.4796875
15 0.2719775984375 0.4796875 0.2726247421875 0.4792839796875 0.27705846093750003 0.476271321875 0.281149425 0.47133380625 0.23990517968749997 0.41962933593749996 0.1757331859375 0.33777706875 0.1021633390625 0.24301903593750002 0.0266832109375 0.145192759375 0 0.11026540625 0 0.13623996875 0.076908471875 0.236127534375 0.132414325 0.3065096859375 0.226796646875 0.42695522343750003 0.2675416765625 0.4796875 0.2719775984375 0.4796875
15 0 0.1100910203125 0.030888960937499998 0.1501642953125 0.0728537375 0.2043608140625 0.116317065625 0.2610998296875 0.22081635 0.39483219687500004 0.270851715625 0.45868386250000004 0.2808511765625 0.47086445 0.27746009531250004 0.47570336874999997 0.27580802968749996 0.4765625 0.2803006 0.4765625 0.282783696875 0.47536858750000005 0.284375 0.47372388125000003 0.284375 0.46931337500000003 0.2729251265625 0.4534067453125 0.2297128984375 0.3955493390625 0.1865259453125 0.339442825 0.13191101562500002 0.2677434453125 0.0883432546875 0.21031235937499998 0.0360383 0.14374025625 0 0.0977640453125 0 0.1100910203125
9 0.2645114859375 0.4796875 0.23158799062500002 0.43815732343749997 0.189337671875 0.384658678125 0.15449488125 0.3401546640625 0.094938625 0.2651743640625 0.0504024578125 0.2072775609375 0 0.1428373625 0 0.16803800625 0.06685050000000001 0.254882621875 0.15679262968750002 0.3685858 0.2272944234375 0.4581451875 0.24380012812500002 0.4796875 0.2645114859375 0.4796875
15 0.22976577968749998 0.4796875 0.2215355265625 0.4691929640625 0.1169049 0.3314401796875 0.045052859375 0.236316640625 0 0.177882640625 0 0.2065960140625 0.05037249218749999 0.2726837578125 0.10070920937500001 0.33860030937499996 0.1509828140625 0.40473059375 0.2075415859375 0.4796875 0.22976577968749998 0.4796875
15 0.24350393124999997 0.4796875 0.1831610765625 0.40374997968750004 0.072126653125 0.2630028453125 0 0.169819775 0 0.1775759296875 0.048176039062499995 0.23978739531249998 0.10159539843750001 0.310476428125 0.15061059999999998 0.375081475 0.21202685781250002 0.45418164218749996 0.2329545140625 0.4796875 0.24350393124999997 0.4796875
15 0 0.2248647484375 0.008710021875 0.236019825 0.0551430796875 0.2896084046875 0.08860779375 0.326961940625 0.100150940625 0.34233724374999996 0.125237709375 0.3703125 0.1253935890625 0.3703125 0.11654328750000001 0.3590806765625 0.0768145625 0.3065778140625 0.022747409375 0.23600157031250002 0 0.20578365468749998 0 0.2248647484375
15 0.2092516828125 0.4796875 0.16367722812500002 0.42211218125 0.0343871359375 0.2663431765625 0.08612144375 0.336469215625 0.11319663906249999 0.37228615781249996 0.1456587140625 0.415500259375 0.1610646109375 0.4320042828125 0.1998627734375 0.476643 0.2026950078125 0.4796875 0.2092516828125 0.4796875
15 0.19789271875 0.4796875 0.116054878125 0.3741763984375 0.007727703125000001 0.23667806093750002 0 0.2268666 0 0.2541671640625 0.06392295625 0.334795703125 0.17903180937500002 0.4796875 0.19789271875 0.4796875
15 0.179298478125 0.4796875 0.16423275937499998 0.46077980468749996 0.0550020875 0.32437752343750004 0 0.25501213906250003 0 0.2713886375 0.0398699078125 0.3211334671875 0.1295691234375 0.434084153125 0.16577195 0.4796875 0.179298478125 0.4796875
15 0.1650764765625 0.4796875 0.10292442187499999 0.40120776718749995 0.0093742734375 0.283526265625 0 0.2719871796875 0 0.29585401718750004 0.082785365625 0.3998719796875 0.149003096875 0.4796875 0.1650764765625 0.4796875
15 0.1171875 0.47703819062499997 0.0042760328124999995 0.32215181406250004 0.10384304687499998 0.4770427078125 0.1131724609375 0.478125 0.1171875 0.478125 0.1171875 0.47703819062499997
15 0.1329085015625 0.4796875 0.0361141484375 0.35076286093750003 0 0.2994623265625 0 0.317749721875 0.11814597812500001 0.4796875 0.1329085015625 0.4796875
15 0.1496379890625 0.4796875 0 0.297147371875 0 0.2987477578125 0.131579540625 0.4796875 0.1496379890625 0.4796875
9 0.638671875 0.35234375 0.64501953125 0.34208984375 0.6455078125 0.330859375 0.6513671875 0.32548828125 0.642578125 0.32255859375 0.6328125 0.32353515625 0.62890625 0.32109375 0.6240234375 0.28447265625 0.60791015625 0.23857421875 0.58837890625 0.1638671875 0.5830078125 0.147265625 0.580078125 0.14580078125 0.57666015625 0.15068359375 0.5712890625 0.17412109375 0.55517578125 0.19658203125 0.4921875 0.2302734375 0.47314453125 0.24345703125 0.46337890625 0.2546875 0.46044921875 0.2615234375 0.458984375 0.2751953125 0.4609375 0.3650390625 0.47265625 0.37822265625 0.50341796875 0.393359375 0.564453125 0.39580078125 0.58447265625 0.4001953125 0.59326171875 0.39970703125 0.5966796875 0.403125 0.59912109375 0.4138671875 0.6064453125 0.42265625 0.62109375 0.43193359375 0.634765625 0.43681640625 0.64208984375 0.4421875 0.64501953125 0.4470703125 0.677868653125 0.4546875 0.6929931640625 0.4546875 0.69775390625 0.45341796875 0.701171875 0.44951171875 0.69970703125 0.44169921875 0.70458984375 0.43583984375 0.71044921875 0.432421875 0.7125 0.42996093750000003 0.7125 0.4259593296875 0.70458984375 0.4236328125 0.689453125 0.40849609375 0.689453125 0.40654296875 0.693359375 0.40263671875 0.71240234375 0.39677734375 0.7125 0.394921875 0.7125 0.38777343750000004 0.7080078125 0.39091796875 0.69140625 0.39482421875 0.677734375 0.3943359375 0.65185546875 0.38212890625 0.64794921875 0.36796875 0.638671875 0.35234375
1 0.604638671875 0.216064453125 0.612939453125 0.232666015625 0.625146484375 0.272216796875 0.638818359375 0.279541015625 0.662255859375 0.287353515625 0.67891845625 0.296875 0.6847981765625001 0.296875 0.687646484375 0.293212890625 0.694970703125 0.289794921875 0.721337890625 0.288818359375 0.720361328125 0.269775390625 0.722314453125 0.263427734375 0.738916015625 0.235107421875 0.773095703125 0.186279296875 0.7734375 0.162353515625 0.7734375 0.1520546109375 0.698876953125 0.129150390625 0.683251953125 0.121337890625 0.669580078125 0.121337890625 0.603662109375 0.195068359375 0.603173828125 0.206787109375 0.604638671875 0.216064453125
9 1 1 1 0.4796875 0.47841211875 0.4796875 0.4788808171875 0.56006944375 0.47788875312499995 0.6044642859375 0.4781367703125 0.66944444375 0.476896690625 0.709126984375 0.477392721875 0.9231646828125001 0.47714470625 0.9501984125 0.47491256249999997 0.990625 0.47499134375 1 1 1