1 0.0384920640625 0.2021825390625 0.037251984375000005 0.193501984375 0.0422123015625 0.34231150781249997 0.0422123015625 0.415476190625 0.0570932546875 0.42415674531249997 0.09305555625 0.44275793593749996 0.16374007968749998 0.4353174609375 0.143898809375 0.026091270312499998 0.0732142859375 0.021130953124999997 0.026091270312499998 0.04717261875 0.0298115078125 0.13025793593749999 0.0384920640625 0.2021825390625
15 0 0.3676149625 0.1873015875 0.262946428125 0.17862103125 0.24806547656250003 0.1699404765625 0.2418650796875 0 0.334147296875 0 0.3676149625
15 0 0.4141803234375 0.2865079359375 0.4452380953125 0.28526785781249997 0.41299603124999995 0 0.38218710312500004 0 0.4141803234375
15 0 0.41937004062499994 0.0025297625000000002 0.4142361109375 0.034771825 0.353472221875 0.1042162703125 0.2108630953125 0.17118055625 0.084375 0.14637896875 0.0732142859375 0.01493055625 0.3261904765625 0 0.3577934875 0 0.41937004062499994
15 0 0.3542508984375 0.0360119046875 0.28154761875 0.1327380953125 0.0893353171875 0.1042162703125 0.07817460312499999 0.0397321421875 0.21210317500000003 0 0.292252496875 0 0.3542508984375
15 0 0 0 0.1243055546875 0.0232866046875 0.2365802546875 0.0236111109375 0.23690476249999998 0.0397321421875 0.20590277812500002 0.006787698437500001 0 0 0
9 0.6108630953125 0.1541666671875 0.5848214281249999 0.146726190625 0.543898809375 0.1392857140625 0.490575396875 0.138045634375 0.41865079375 0.1330853171875 0.42113095312500004 0.1864087296875 0.4236111109375 0.23105158750000002 0.437251984375 0.2918154765625 0.44593253906249997 0.319097221875 0.4310515875 0.3290178578125 0.44593253906249997 0.37862103125 0.44345238125 0.40590277812500003 0.45709325468750006 0.41210317500000004 0.5066964281249999 0.39970238125 0.5674603171875 0.3959821421875 0.6232638890625 0.3873015875 0.671626984375 0.3860615078125 0.71875 0.38482142812500003 0.7509920640625001 0.3860615078125 0.8167162703124999 0.3835813484375 0.8142361109375 0.37986111093749997 0.8043154765624999 0.32529761874999996 0.786954365625 0.26825396874999996 0.7745535718750001 0.22237103125000002 0.7584325390625 0.17276785781249998 0.7175099203124999 0.156646825 0.7571924609375 0.200049603125 0.7460317453124999 0.21989087343749997 0.6964285718750001 0.20625 0.6741071421875 0.2025297625 0.646825396875 0.196329365625 0.62450396875 0.1789682546875 0.6108630953125 0.1541666671875
9 0.825396825 0.43318452343749997 0.8266369046875001 0.4009424609375 0.8291170640625 0.37986111093749997 0.7919146828125 0.38110119062500003 0.7571924609375 0.3885416671875 0.724950396875 0.3897817453125 0.6951884921875 0.3885416671875 0.6418650796875001 0.3860615078125 0.6393849203124999 0.3860615078125 0.6269841265625 0.40218253906249996 0.5947420640625001 0.3959821421875 0.577380953125 0.397222221875 0.57862103125 0.4207837296875 0.6021825390625 0.43690476250000004 0.6207837296875 0.4443452375 0.625545634375 0.45 0.862116403125 0.45 0.85887896875 0.4455853171875 0.825396825 0.43318452343749997
9 0.867783446875 0 0.8675595234375001 0.0078373015625 0.8514384921874999 0.11944444375 0.8613591265625 0.150446428125 0.83407738125 0.22857142812500003 0.8291170640625 0.26825396874999996 0.8353174609374999 0.27569444375 0.83407738125 0.39970238125 0.8365575390625001 0.43194444374999996 0.840277778125 0.43318452343749997 0.8539186515624999 0.4455853171875 0.8589873609374999 0.45 1 0.45 1 0.1475942203125 0.9977678578125 0.043799603124999996 0.9962575265625 0 0.867783446875 0
9 0.85887896875 0.1640873015625 0.8551587296875001 0.134325396875 0.8526785718750001 0.1144841265625 0.8539186515624999 0.0760416671875 0.8179563484375001 0.10456349218750001 0.7881944437499999 0.1392857140625 0.7633928578125 0.1702876984375 0.7609126984375 0.1702876984375 0.7671130953125 0.20997023750000002 0.7832341265625 0.24097222187499998 0.7981150796875001 0.29801587343749997 0.80927579375 0.3674603171875 0.8241567453125 0.37862103125 0.83407738125 0.3625 0.83779761875 0.2806547625 0.8303571421875 0.26825396874999996 0.8303571421875 0.2459325390625 0.85887896875 0.1640873015625
10 0.2822916671875 0.7088541671875 0.2708333328125 0.7166666671875 0.2640625 0.7244791671875 0.2515625 0.728125 0.2515625 0.7875 0.2859375 0.78125 0.2927083328125 0.7770833328125 0.3015625 0.7776041671875 0.31875 0.7743303578125 0.31875 0.670684525 0.2916666671875 0.6822916671875 0.2822916671875 0.7088541671875
11 0.27395833281250004 0.546875 0.2515625 0.5588541671875 0.2515625 0.578125 0.2567708328125 0.5791666671875 0.25729166718749996 0.5828125 0.2515625 0.5890625 0.2515625 0.6182291671875 0.31875 0.631739696875 0.31875 0.5258986921875 0.3005208328125 0.5369791671875 0.27395833281250004 0.546875
3 0.6244791671875001 0.475 0.6161458328125 0.4875 0.6098958328124999 0.5104166671875 0.60625 0.5697916671875001 0.6151041671875 0.5692708328125 0.6223958328125 0.5734375 0.6380208328125 0.5854166671875001 0.6390625 0.5953125 0.6479166671875001 0.5994791671875 0.6557291671875001 0.5828125 0.6651041671875 0.5729166671875 0.68125 0.5494791671875 0.6942708328125 0.5265625 0.6979166671875 0.515625 0.696875 0.5104166671875 0.6854166671875 0.4973958328125 0.6859375 0.49010416718750005 0.6734375 0.46979166718750004 0.6828125 0.4614583328125 0.6869791671875001 0.46197916718750004 0.6880208328124999 0.46875 0.69375 0.46875 0.7005208328125 0.46770833281249996 0.7041666671875 0.4640625 0.7234375 0.4614583328125 0.721875 0.4546875 0.716015625 0.45 0.6981398796875 0.45 0.696875 0.4505208328125 0.695833334375 0.45 0.6531994046875 0.45 0.6364583328125 0.46302083281249995 0.6244791671875001 0.475
9 0.6666666671875 0.6338541671875 0.6703125 0.6338541671875 0.6770833328125 0.6296875 0.6895833328125 0.6385416671875 0.6921875 0.6385416671875 0.6921875 0.6270833328125 0.7020833328125 0.6161458328125 0.7104166671875001 0.6083333328125 0.7395833328125 0.590625 0.7416666671875001 0.5838541671875 0.7411458328125 0.5739583328125 0.7380208328125 0.5739583328125 0.7333333328125 0.5682291671875 0.7182291671875001 0.5572916671875 0.715625 0.5635416671875 0.7098958328125 0.5692708328125 0.709375 0.5744791671875 0.7 0.5723958328125 0.6796875 0.5786458328124999 0.6630208328125 0.58125 0.6536458328125 0.5859375 0.6484375 0.5984375 0.6473958328125 0.609375 0.659375 0.6291666671875 0.6666666671875 0.6338541671875
9 0.8223958328125001 0.6723958328124999 0.8072916671874999 0.6484375 0.8005208328125001 0.6489583328124999 0.7890625 0.6536458328125 0.7770833328125 0.6510416671875 0.765625 0.6447916671875 0.7442708328125 0.6265625 0.7359375 0.6239583328125 0.753125 0.6703125 0.7380208328125 0.6760416671875 0.7260416671875001 0.7203125 0.7197916671875 0.7291666671875 0.7234375 0.7380208328125 0.734375 0.7375 0.7994791671875 0.71875 0.8286458328125 0.715625 0.8369791671875 0.7119791671875 0.8364583328125 0.7041666671875 0.8223958328125001 0.6723958328124999
3 0.8145833328125001 0.8213541671875 0.8192708328125 0.8171875 0.8151041671874999 0.7973958328124999 0.8192708328125 0.7973958328124999 0.8244791671874999 0.8036458328125 0.8333333328125001 0.8026041671874999 0.8447916671875 0.7822916671875 0.8484375 0.7645833328125 0.8479166671874999 0.740625 0.8375 0.7197916671875 0.8328125 0.7135416671875 0.8296875 0.7135416671875 0.8026041671874999 0.7177083328125 0.7744791671875 0.7265625 0.7520833328125 0.746875 0.746875 0.7552083328125 0.7473958328125 0.7713541671875 0.7609375 0.7885416671875001 0.7661458328124999 0.7921875 0.7708333328125 0.8020833328125001 0.7796875 0.8098958328125001 0.8098958328125001 0.8223958328125001 0.8145833328125001 0.8213541671875
9 0.8677083328125 0.6317708328125 0.8671875 0.6260416671875 0.8869791671874999 0.6166666671875001 0.8880208328125001 0.6130208328125 0.8927083328125001 0.6109375 0.8901041671875 0.6067708328125 0.8796875 0.5989583328125 0.8723958328125001 0.5989583328125 0.8078125 0.6192708328125 0.8104166671874999 0.6322916671875001 0.80625 0.6473958328125 0.8140625 0.6479166671875001 0.8244791671874999 0.6421875 0.8369791671875 0.6401041671875001 0.8510416671875 0.6338541671875 0.8546875 0.6348958328125 0.8609375 0.6447916671875 0.8625 0.6338541671875 0.8677083328125 0.6317708328125
9 0.6848958328125 0.49791666718750005 0.7015625 0.51875 0.70625 0.5197916671875 0.7135416671875 0.5177083328125 0.715625 0.5213541671875 0.7197916671875 0.5208333328125 0.725 0.515625 0.7333333328125 0.49791666718750005 0.7375 0.4953125 0.7354166671875 0.49427083281249995 0.7354166671875 0.4817708328125 0.7411458328125 0.45885416718750005 0.7385416671875 0.45520833281249995 0.7354166671875 0.45520833281249995 0.7208333328125 0.4625 0.7046875 0.46510416718750003 0.6989583328125 0.4635416671875 0.6963541671875 0.45989583281249996 0.6911458328125 0.4640625 0.6901041671875 0.4614583328125 0.6822916671875 0.4609375 0.6739583328125 0.4692708328125 0.6744791671875 0.4734375 0.6854166671875 0.490625 0.6848958328125 0.49791666718750005
9 1 0.5869791671875 0.98125 0.5869791671875 0.978125 0.5822916671875 0.9723958328125001 0.5796875 0.971875 0.5760416671875 0.9635416671874999 0.5744791671875 0.9453125 0.5598958328125 0.9354166671874999 0.5572916671875 0.9192708328125001 0.565625 0.9015625 0.5713541671875 0.890625 0.571875 0.8682291671875 0.5677083328125 0.853125 0.5760416671875 0.8614583328125001 0.59375 0.8703125 0.5989583328125 0.8802083328125001 0.6005208328125 0.890625 0.6104166671875 0.8854166671874999 0.6171875 0.8661458328125 0.6265625 0.8614583328125001 0.6411458328124999 0.8572916671874999 0.6395833328125 0.8546875 0.6348958328125 0.85 0.634375 0.8359375 0.6411458328124999 0.8296875 0.6479166671875001 0.8239583328125001 0.6640625 0.8229166671874999 0.6755208328125 0.8276041671875 0.6885416671875 0.8390625 0.7135416671875 0.8505208328125 0.7317708328125 0.8552083328125001 0.7359375 0.8947916671874999 0.7354166671875 0.9057291671875 0.7317708328125 0.9104166671874999 0.7276041671875 0.9166666671874999 0.7151041671875 0.9166666671874999 0.7114583328124999 0.9125 0.70625 0.9307291671875 0.6484375 0.9375 0.6640625 0.9395833328125001 0.6645833328124999 0.9463541671875 0.6588541671875 0.9536458328125 0.6442708328125 0.9614583328125 0.659375 0.9770833328125 0.6703125 0.9848958328125 0.6734375 0.9875 0.6796875 0.9838541671875 0.6895833328125 0.9796875 0.6942708328125 0.9828125 0.6984375 0.9973958328125001 0.6927083328125 1 0.689385775 1 0.5869791671875
3 0.8416666671874999 0.7161458328125 0.8416666671874999 0.7291666671875 0.8463541671874999 0.7385416671875 0.8567708328125001 0.7494791671875001 0.8661458328125 0.753125 0.859375 0.771875 0.859375 0.7828125 0.8739583328125 0.7838541671875 0.8859375 0.7817708328124999 0.9104166671874999 0.7619791671875 0.9317708328125001 0.75625 0.9380208328125 0.75 0.9442708328125 0.7484375 0.953125 0.7390625 0.9546875 0.7255208328125 0.9635416671874999 0.7229166671875 0.9317708328125001 0.646875 0.9296875 0.6463541671875 0.9203125 0.6760416671875 0.915625 0.6989583328125 0.9114583328125001 0.7072916671875 0.9166666671874999 0.7114583328124999 0.9161458328125001 0.715625 0.9083333328125001 0.7291666671875 0.8994791671875 0.7338541671875001 0.890625 0.7354166671875 0.8578125 0.7359375 0.8515625 0.7317708328125 0.8416666671874999 0.7161458328125